4001.49232,0.00120
3999.56389,0.00113
3997.63546,0.00073
3995.70703,0.00027
3993.77860,0.00000
3991.85017,0.00035
3989.92174,0.00103
3987.99331,0.00156
3986.06488,0.00198
3984.13645,0.00212
3982.20802,0.00167
3980.27959,0.00101
3978.35116,0.00094
3976.42273,0.00144
3974.49430,0.00183
3972.56587,0.00190
3970.63744,0.00193
3968.70901,0.00204
3966.78058,0.00206
3964.85215,0.00186
3962.92372,0.00153
3960.99529,0.00118
3959.06686,0.00091
3957.13843,0.00086
3955.21000,0.00117
3953.28157,0.00200
3951.35314,0.00309
3949.42471,0.00356
3947.49628,0.00317
3945.56785,0.00289
3943.63942,0.00291
3941.71099,0.00258
3939.78256,0.00212
3937.85413,0.00189
3935.92570,0.00208
3933.99727,0.00269
3932.06884,0.00278
3930.14041,0.00202
3928.21198,0.00163
3926.28355,0.00215
3924.35512,0.00267
3922.42669,0.00281
3920.49826,0.00321
3918.56982,0.00358
3916.64139,0.00296
3914.71296,0.00190
3912.78453,0.00143
3910.85610,0.00153
3908.92767,0.00201
3906.99924,0.00287
3905.07081,0.00364
3903.14238,0.00382
3901.21395,0.00342
3899.28552,0.00233
3897.35709,0.00150
3895.42866,0.00225
3893.50023,0.00361
3891.57180,0.00330
3889.64337,0.00214
3887.71494,0.00248
3885.78651,0.00354
3883.85808,0.00407
3881.92965,0.00413
3880.00122,0.00320
3878.07279,0.00250
3876.14436,0.00312
3874.21593,0.00373
3872.28750,0.00363
3870.35907,0.00321
3868.43064,0.00304
3866.50221,0.00374
3864.57378,0.00371
3862.64535,0.00211
3860.71692,0.00101
3858.78849,0.00124
3856.86006,0.00221
3854.93163,0.00309
3853.00320,0.00307
3851.07477,0.00280
3849.14634,0.00318
3847.21791,0.00371
3845.28948,0.00379
3843.36105,0.00358
3841.43262,0.00366
3839.50419,0.00356
3837.57576,0.00242
3835.64733,0.00171
3833.71890,0.00207
3831.79047,0.00246
3829.86204,0.00242
3827.93361,0.00183
3826.00518,0.00109
3824.07675,0.00170
3822.14832,0.00310
3820.21989,0.00315
3818.29146,0.00291
3816.36303,0.00272
3814.43460,0.00191
3812.50617,0.00187
3810.57774,0.00299
3808.64931,0.00386
3806.72088,0.00326
3804.79245,0.00243
3802.86402,0.00217
3800.93559,0.00140
3799.00716,0.00154
3797.07873,0.00259
3795.15030,0.00272
3793.22187,0.00251
3791.29344,0.00256
3789.36501,0.00243
3787.43658,0.00222
3785.50815,0.00209
3783.57972,0.00213
3781.65129,0.00262
3779.72286,0.00283
3777.79443,0.00215
3775.86600,0.00156
3773.93757,0.00164
3772.00914,0.00183
3770.08071,0.00152
3768.15228,0.00125
3766.22385,0.00154
3764.29542,0.00203
3762.36699,0.00297
3760.43856,0.00378
3758.51013,0.00331
3756.58170,0.00240
3754.65327,0.00203
3752.72484,0.00179
3750.79641,0.00149
3748.86798,0.00234
3746.93955,0.00470
3745.01112,0.00641
3743.08269,0.00590
3741.15426,0.00497
3739.22583,0.00525
3737.29740,0.00666
3735.36897,0.00789
3733.44054,0.00690
3731.51211,0.00483
3729.58368,0.00434
3727.65525,0.00502
3725.72682,0.00474
3723.79839,0.00327
3721.86996,0.00191
3719.94153,0.00124
3718.01310,0.00140
3716.08467,0.00254
3714.15624,0.00440
3712.22781,0.00524
3710.29938,0.00360
3708.37095,0.00176
3706.44252,0.00160
3704.51409,0.00245
3702.58566,0.00283
3700.65723,0.00241
3698.72880,0.00238
3696.80037,0.00286
3694.87194,0.00297
3692.94351,0.00262
3691.01508,0.00237
3689.08665,0.00245
3687.15822,0.00267
3685.22979,0.00283
3683.30136,0.00296
3681.37293,0.00317
3679.44450,0.00373
3677.51607,0.00451
3675.58764,0.00446
3673.65921,0.00411
3671.73078,0.00452
3669.80235,0.00388
3667.87392,0.00266
3665.94549,0.00290
3664.01706,0.00384
3662.08863,0.00444
3660.16020,0.00494
3658.23177,0.00529
3656.30334,0.00471
3654.37491,0.00410
3652.44648,0.00530
3650.51805,0.00746
3648.58962,0.00783
3646.66119,0.00646
3644.73276,0.00589
3642.80433,0.00638
3640.87590,0.00675
3638.94747,0.00674
3637.01904,0.00684
3635.09061,0.00707
3633.16218,0.00728
3631.23375,0.00753
3629.30532,0.00702
3627.37689,0.00576
3625.44846,0.00584
3623.52003,0.00709
3621.59160,0.00797
3619.66317,0.00751
3617.73474,0.00657
3615.80631,0.00698
3613.87788,0.00829
3611.94945,0.00975
3610.02102,0.01140
3608.09259,0.01191
3606.16416,0.01086
3604.23573,0.01000
3602.30730,0.00998
3600.37887,0.01043
3598.45044,0.01140
3596.52201,0.01211
3594.59358,0.01153
3592.66515,0.01059
3590.73672,0.01098
3588.80829,0.01218
3586.87986,0.01243
3584.95143,0.01198
3583.02300,0.01205
3581.09457,0.01227
3579.16614,0.01209
3577.23771,0.01187
3575.30928,0.01189
3573.38085,0.01213
3571.45242,0.01296
3569.52399,0.01433
3567.59556,0.01505
3565.66713,0.01446
3563.73870,0.01406
3561.81027,0.01452
3559.88184,0.01489
3557.95341,0.01477
3556.02498,0.01484
3554.09655,0.01511
3552.16812,0.01503
3550.23969,0.01520
3548.31126,0.01628
3546.38283,0.01729
3544.45440,0.01720
3542.52597,0.01662
3540.59754,0.01632
3538.66911,0.01637
3536.74068,0.01654
3534.81225,0.01672
3532.88382,0.01723
3530.95539,0.01826
3529.02696,0.01931
3527.09853,0.01996
3525.17010,0.02035
3523.24167,0.02050
3521.31324,0.02043
3519.38481,0.02030
3517.45638,0.02003
3515.52795,0.01968
3513.59952,0.01960
3511.67109,0.01979
3509.74266,0.02003
3507.81423,0.02077
3505.88580,0.02243
3503.95737,0.02396
3502.02894,0.02402
3500.10051,0.02313
3498.17208,0.02246
3496.24365,0.02235
3494.31522,0.02257
3492.38679,0.02272
3490.45836,0.02283
3488.52993,0.02320
3486.60150,0.02361
3484.67307,0.02372
3482.74464,0.02375
3480.81621,0.02405
3478.88778,0.02467
3476.95935,0.02534
3475.03092,0.02559
3473.10249,0.02538
3471.17406,0.02537
3469.24563,0.02594
3467.31720,0.02659
3465.38877,0.02685
3463.46034,0.02695
3461.53191,0.02719
3459.60348,0.02727
3457.67505,0.02702
3455.74662,0.02699
3453.81819,0.02739
3451.88976,0.02779
3449.96133,0.02836
3448.03290,0.02916
3446.10447,0.02943
3444.17604,0.02915
3442.24761,0.02890
3440.31918,0.02899
3438.39075,0.02960
3436.46232,0.03041
3434.53389,0.03080
3432.60546,0.03064
3430.67703,0.03033
3428.74860,0.03021
3426.82017,0.03022
3424.89174,0.03056
3422.96331,0.03139
3421.03488,0.03187
3419.10645,0.03169
3417.17802,0.03217
3415.24959,0.03345
3413.32116,0.03401
3411.39273,0.03349
3409.46430,0.03326
3407.53587,0.03405
3405.60744,0.03512
3403.67901,0.03588
3401.75058,0.03647
3399.82215,0.03661
3397.89372,0.03578
3395.96529,0.03555
3394.03686,0.03643
3392.10843,0.03778
3390.18000,0.03832
3388.25157,0.03802
3386.32314,0.03791
3384.39471,0.03829
3382.46628,0.03894
3380.53785,0.03998
3378.60942,0.04089
3376.68099,0.04100
3374.75256,0.04075
3372.82413,0.04088
3370.89570,0.04150
3368.96727,0.04230
3367.03884,0.04290
3365.11041,0.04330
3363.18198,0.04401
3361.25355,0.04496
3359.32512,0.04564
3357.39669,0.04630
3355.46826,0.04687
3353.53983,0.04691
3351.61140,0.04688
3349.68297,0.04734
3347.75454,0.04815
3345.82611,0.04917
3343.89768,0.05009
3341.96925,0.05049
3340.04082,0.05099
3338.11239,0.05205
3336.18396,0.05288
3334.25553,0.05306
3332.32710,0.05330
3330.39867,0.05419
3328.47024,0.05541
3326.54181,0.05615
3324.61338,0.05615
3322.68495,0.05607
3320.75652,0.05665
3318.82809,0.05767
3316.89966,0.05859
3314.97122,0.05953
3313.04279,0.06030
3311.11436,0.06055
3309.18593,0.06079
3307.25750,0.06170
3305.32907,0.06287
3303.40064,0.06354
3301.47221,0.06362
3299.54378,0.06354
3297.61535,0.06369
3295.68692,0.06430
3293.75849,0.06512
3291.83006,0.06543
3289.90163,0.06494
3287.97320,0.06408
3286.04477,0.06369
3284.11634,0.06432
3282.18791,0.06507
3280.25948,0.06476
3278.33105,0.06379
3276.40262,0.06308
3274.47419,0.06260
3272.54576,0.06203
3270.61733,0.06126
3268.68890,0.06036
3266.76047,0.05955
3264.83204,0.05897
3262.90361,0.05838
3260.97518,0.05761
3259.04675,0.05687
3257.11832,0.05622
3255.18989,0.05540
3253.26146,0.05449
3251.33303,0.05379
3249.40460,0.05336
3247.47617,0.05287
3245.54774,0.05170
3243.61931,0.05002
3241.69088,0.04923
3239.76245,0.04966
3237.83402,0.05001
3235.90559,0.04946
3233.97716,0.04863
3232.04873,0.04810
3230.12030,0.04798
3228.19187,0.04818
3226.26344,0.04825
3224.33501,0.04765
3222.40658,0.04677
3220.47815,0.04624
3218.54972,0.04586
3216.62129,0.04541
3214.69286,0.04498
3212.76443,0.04458
3210.83600,0.04435
3208.90757,0.04417
3206.97914,0.04403
3205.05071,0.04410
3203.12228,0.04412
3201.19385,0.04390
3199.26542,0.04343
3197.33699,0.04272
3195.40856,0.04222
3193.48013,0.04208
3191.55170,0.04181
3189.62327,0.04116
3187.69484,0.04051
3185.76641,0.04013
3183.83798,0.03999
3181.90955,0.03996
3179.98112,0.03985
3178.05269,0.03951
3176.12426,0.03909
3174.19583,0.03884
3172.26740,0.03867
3170.33897,0.03832
3168.41054,0.03782
3166.48211,0.03760
3164.55368,0.03783
3162.62525,0.03794
3160.69682,0.03737
3158.76839,0.03649
3156.83996,0.03592
3154.91153,0.03564
3152.98310,0.03553
3151.05467,0.03560
3149.12624,0.03550
3147.19781,0.03499
3145.26938,0.03427
3143.34095,0.03379
3141.41252,0.03366
3139.48409,0.03340
3137.55566,0.03296
3135.62723,0.03286
3133.69880,0.03316
3131.77037,0.03331
3129.84194,0.03311
3127.91351,0.03286
3125.98508,0.03263
3124.05665,0.03234
3122.12822,0.03215
3120.19979,0.03206
3118.27136,0.03196
3116.34293,0.03174
3114.41450,0.03123
3112.48607,0.03060
3110.55764,0.03027
3108.62921,0.03053
3106.70078,0.03112
3104.77235,0.03141
3102.84392,0.03126
3100.91549,0.03113
3098.98706,0.03139
3097.05863,0.03185
3095.13020,0.03193
3093.20177,0.03167
3091.27334,0.03150
3089.34491,0.03153
3087.41648,0.03172
3085.48805,0.03194
3083.55962,0.03200
3081.63119,0.03195
3079.70276,0.03182
3077.77433,0.03150
3075.84590,0.03122
3073.91747,0.03128
3071.98904,0.03150
3070.06061,0.03158
3068.13218,0.03147
3066.20375,0.03127
3064.27532,0.03105
3062.34689,0.03087
3060.41846,0.03071
3058.49003,0.03060
3056.56160,0.03064
3054.63317,0.03094
3052.70474,0.03141
3050.77631,0.03160
3048.84788,0.03129
3046.91945,0.03098
3044.99102,0.03075
3043.06259,0.03030
3041.13416,0.02966
3039.20573,0.02913
3037.27730,0.02903
3035.34887,0.02947
3033.42044,0.02979
3031.49201,0.02943
3029.56358,0.02878
3027.63515,0.02842
3025.70672,0.02833
3023.77829,0.02812
3021.84986,0.02776
3019.92143,0.02756
3017.99300,0.02771
3016.06457,0.02799
3014.13614,0.02809
3012.20771,0.02775
3010.27928,0.02713
3008.35085,0.02669
3006.42242,0.02643
3004.49399,0.02614
3002.56556,0.02607
3000.63713,0.02629
2998.70870,0.02686
2996.78027,0.02693
2994.85184,0.02726
2992.92341,0.02795
2990.99498,0.02845
2989.06655,0.02868
2987.13812,0.02906
2985.20969,0.02967
2983.28126,0.03040
2981.35283,0.03103
2979.42440,0.03136
2977.49597,0.03163
2975.56754,0.03214
2973.63911,0.03279
2971.71068,0.03353
2969.78225,0.03451
2967.85382,0.03541
2965.92539,0.03579
2963.99696,0.03592
2962.06853,0.03625
2960.14010,0.03675
2958.21167,0.03711
2956.28324,0.03701
2954.35481,0.03654
2952.42638,0.03613
2950.49795,0.03575
2948.56952,0.03521
2946.64109,0.03480
2944.71266,0.03476
2942.78423,0.03502
2940.85580,0.03521
2938.92737,0.03522
2936.99894,0.03525
2935.07051,0.03518
2933.14208,0.03505
2931.21365,0.03528
2929.28522,0.03544
2927.35679,0.03495
2925.42836,0.03431
2923.49993,0.03398
2921.57150,0.03368
2919.64307,0.03314
2917.71464,0.03240
2915.78621,0.03169
2913.85778,0.03109
2911.92935,0.03043
2910.00092,0.02969
2908.07249,0.02891
2906.14406,0.02806
2904.21563,0.02729
2902.28720,0.02690
2900.35877,0.02683
2898.43034,0.02671
2896.50191,0.02654
2894.57348,0.02661
2892.64505,0.02673
2890.71662,0.02648
2888.78819,0.02587
2886.85976,0.02523
2884.93133,0.02498
2883.00290,0.02529
2881.07447,0.02583
2879.14604,0.02609
2877.21761,0.02611
2875.28918,0.02627
2873.36075,0.02654
2871.43232,0.02665
2869.50389,0.02660
2867.57546,0.02633
2865.64703,0.02554
2863.71860,0.02445
2861.79017,0.02391
2859.86174,0.02398
2857.93331,0.02386
2856.00488,0.02330
2854.07645,0.02257
2852.14802,0.02186
2850.21959,0.02146
2848.29116,0.02132
2846.36273,0.02111
2844.43430,0.02078
2842.50587,0.02049
2840.57744,0.02028
2838.64901,0.02005
2836.72058,0.01970
2834.79215,0.01931
2832.86372,0.01911
2830.93529,0.01913
2829.00686,0.01910
2827.07843,0.01905
2825.15000,0.01904
2823.22157,0.01898
2821.29314,0.01888
2819.36471,0.01864
2817.43628,0.01821
2815.50785,0.01790
2813.57942,0.01792
2811.65099,0.01796
2809.72256,0.01781
2807.79413,0.01776
2805.86570,0.01784
2803.93727,0.01778
2802.00884,0.01761
2800.08041,0.01754
2798.15198,0.01749
2796.22355,0.01732
2794.29512,0.01707
2792.36669,0.01701
2790.43826,0.01714
2788.50983,0.01708
2786.58140,0.01686
2784.65297,0.01671
2782.72454,0.01653
2780.79611,0.01638
2778.86768,0.01650
2776.93925,0.01669
2775.01082,0.01662
2773.08239,0.01642
2771.15396,0.01638
2769.22553,0.01638
2767.29710,0.01612
2765.36867,0.01575
2763.44024,0.01542
2761.51181,0.01499
2759.58338,0.01454
2757.65495,0.01456
2755.72652,0.01494
2753.79809,0.01518
2751.86966,0.01517
2749.94123,0.01511
2748.01280,0.01495
2746.08437,0.01469
2744.15594,0.01461
2742.22751,0.01464
2740.29908,0.01458
2738.37065,0.01451
2736.44222,0.01437
2734.51379,0.01414
2732.58536,0.01415
2730.65693,0.01429
2728.72850,0.01414
2726.80007,0.01402
2724.87164,0.01432
2722.94321,0.01455
2721.01478,0.01425
2719.08635,0.01390
2717.15792,0.01387
2715.22949,0.01376
2713.30105,0.01336
2711.37262,0.01317
2709.44419,0.01336
2707.51576,0.01338
2705.58733,0.01303
2703.65890,0.01281
2701.73047,0.01283
2699.80204,0.01282
2697.87361,0.01278
2695.94518,0.01278
2694.01675,0.01287
2692.08832,0.01301
2690.15989,0.01309
2688.23146,0.01304
2686.30303,0.01297
2684.37460,0.01321
2682.44617,0.01358
2680.51774,0.01359
2678.58931,0.01330
2676.66088,0.01314
2674.73245,0.01319
2672.80402,0.01316
2670.87559,0.01295
2668.94716,0.01275
2667.01873,0.01274
2665.09030,0.01289
2663.16187,0.01296
2661.23344,0.01283
2659.30501,0.01262
2657.37658,0.01248
2655.44815,0.01247
2653.51972,0.01256
2651.59129,0.01273
2649.66286,0.01289
2647.73443,0.01284
2645.80600,0.01261
2643.87757,0.01243
2641.94914,0.01243
2640.02071,0.01242
2638.09228,0.01235
2636.16385,0.01235
2634.23542,0.01249
2632.30699,0.01266
2630.37856,0.01265
2628.45013,0.01251
2626.52170,0.01251
2624.59327,0.01259
2622.66484,0.01253
2620.73641,0.01237
2618.80798,0.01217
2616.87955,0.01203
2614.95112,0.01205
2613.02269,0.01213
2611.09426,0.01212
2609.16583,0.01193
2607.23740,0.01168
2605.30897,0.01172
2603.38054,0.01200
2601.45211,0.01215
2599.52368,0.01227
2597.59525,0.01253
2595.66682,0.01258
2593.73839,0.01231
2591.80996,0.01207
2589.88153,0.01199
2587.95310,0.01191
2586.02467,0.01179
2584.09624,0.01173
2582.16781,0.01175
2580.23938,0.01175
2578.31095,0.01176
2576.38252,0.01185
2574.45409,0.01195
2572.52566,0.01186
2570.59723,0.01157
2568.66880,0.01144
2566.74037,0.01153
2564.81194,0.01161
2562.88351,0.01162
2560.95508,0.01149
2559.02665,0.01140
2557.09822,0.01167
2555.16979,0.01189
2553.24136,0.01173
2551.31293,0.01156
2549.38450,0.01161
2547.45607,0.01183
2545.52764,0.01200
2543.59921,0.01187
2541.67078,0.01158
2539.74235,0.01130
2537.81392,0.01109
2535.88549,0.01096
2533.95706,0.01089
2532.02863,0.01098
2530.10020,0.01114
2528.17177,0.01119
2526.24334,0.01117
2524.31491,0.01117
2522.38648,0.01106
2520.45805,0.01083
2518.52962,0.01077
2516.60119,0.01102
2514.67276,0.01123
2512.74433,0.01106
2510.81590,0.01056
2508.88747,0.01027
2506.95904,0.01035
2505.03061,0.01044
2503.10218,0.01042
2501.17375,0.01050
2499.24532,0.01059
2497.31689,0.01053
2495.38846,0.01026
2493.46003,0.01000
2491.53160,0.00997
2489.60317,0.01008
2487.67474,0.01016
2485.74631,0.01012
2483.81788,0.00992
2481.88945,0.00963
2479.96102,0.00956
2478.03259,0.00976
2476.10416,0.00995
2474.17573,0.01003
2472.24730,0.01015
2470.31887,0.01032
2468.39044,0.01039
2466.46201,0.01024
2464.53358,0.00982
2462.60515,0.00939
2460.67672,0.00935
2458.74829,0.00965
2456.81986,0.00986
2454.89143,0.00968
2452.96300,0.00935
2451.03457,0.00930
2449.10614,0.00939
2447.17771,0.00932
2445.24928,0.00914
2443.32085,0.00916
2441.39242,0.00952
2439.46399,0.00992
2437.53556,0.00997
2435.60713,0.00971
2433.67870,0.00942
2431.75027,0.00935
2429.82184,0.00955
2427.89341,0.00966
2425.96498,0.00945
2424.03655,0.00918
2422.10812,0.00915
2420.17969,0.00931
2418.25126,0.00941
2416.32283,0.00938
2414.39440,0.00938
2412.46597,0.00945
2410.53754,0.00951
2408.60911,0.00944
2406.68068,0.00931
2404.75225,0.00928
2402.82382,0.00926
2400.89539,0.00924
2398.96696,0.00922
2397.03853,0.00919
2395.11010,0.00917
2393.18167,0.00915
2391.25324,0.00913
2389.32481,0.00910
2387.39638,0.00908
2385.46795,0.00906
2383.53952,0.00904
2381.61109,0.00901
2379.68266,0.00899
2377.75423,0.00897
2375.82580,0.00895
2373.89737,0.00892
2371.96894,0.00890
2370.04051,0.00888
2368.11208,0.00885
2366.18365,0.00883
2364.25522,0.00881
2362.32679,0.00879
2360.39836,0.00876
2358.46993,0.00874
2356.54150,0.00872
2354.61307,0.00870
2352.68464,0.00867
2350.75621,0.00865
2348.82778,0.00863
2346.89935,0.00861
2344.97092,0.00858
2343.04249,0.00856
2341.11406,0.00854
2339.18563,0.00852
2337.25720,0.00849
2335.32877,0.00847
2333.40034,0.00845
2331.47191,0.00842
2329.54348,0.00840
2327.61505,0.00838
2325.68662,0.00836
2323.75819,0.00833
2321.82976,0.00831
2319.90133,0.00829
2317.97290,0.00827
2316.04447,0.00824
2314.11604,0.00822
2312.18761,0.00820
2310.25918,0.00818
2308.33075,0.00815
2306.40232,0.00813
2304.47389,0.00811
2302.54546,0.00809
2300.61703,0.00806
2298.68860,0.00804
2296.76017,0.00802
2294.83174,0.00799
2292.90331,0.00797
2290.97488,0.00795
2289.04645,0.00793
2287.11802,0.00790
2285.18959,0.00788
2283.26116,0.00786
2281.33273,0.00784
2279.40430,0.00782
2277.47587,0.00784
2275.54744,0.00793
2273.61901,0.00795
2271.69058,0.00782
2269.76215,0.00770
2267.83372,0.00775
2265.90529,0.00787
2263.97686,0.00800
2262.04843,0.00814
2260.12000,0.00817
2258.19157,0.00800
2256.26314,0.00780
2254.33471,0.00776
2252.40628,0.00782
2250.47785,0.00795
2248.54942,0.00838
2246.62099,0.00826
2244.69256,0.00824
2242.76413,0.00816
2240.83570,0.00809
2238.90727,0.00813
2236.97884,0.00821
2235.05041,0.00827
2233.12198,0.00822
2231.19355,0.00800
2229.26512,0.00779
2227.33669,0.00786
2225.40826,0.00782
2223.47983,0.00724
2221.55140,0.00678
2219.62297,0.00693
2217.69454,0.00724
2215.76611,0.00733
2213.83768,0.00729
2211.90925,0.00731
2209.98082,0.00739
2208.05239,0.00740
2206.12396,0.00726
2204.19553,0.00714
2202.26710,0.00712
2200.33867,0.00719
2198.41024,0.00738
2196.48181,0.00752
2194.55338,0.00740
2192.62495,0.00724
2190.69652,0.00741
2188.76809,0.00774
2186.83966,0.00768
2184.91123,0.00735
2182.98280,0.00720
2181.05437,0.00716
2179.12594,0.00710
2177.19751,0.00723
2175.26908,0.00745
2173.34065,0.00756
2171.41222,0.00749
2169.48379,0.00724
2167.55536,0.00697
2165.62693,0.00688
2163.69850,0.00697
2161.77007,0.00707
2159.84164,0.00707
2157.91321,0.00700
2155.98478,0.00686
2154.05635,0.00671
2152.12792,0.00677
2150.19949,0.00694
2148.27106,0.00696
2146.34263,0.00693
2144.41420,0.00703
2142.48577,0.00719
2140.55734,0.00719
2138.62891,0.00701
2136.70048,0.00677
2134.77205,0.00662
2132.84362,0.00660
2130.91519,0.00658
2128.98676,0.00647
2127.05833,0.00637
2125.12990,0.00629
2123.20147,0.00626
2121.27304,0.00637
2119.34461,0.00649
2117.41618,0.00639
2115.48775,0.00618
2113.55932,0.00603
2111.63089,0.00602
2109.70245,0.00614
2107.77402,0.00624
2105.84559,0.00626
2103.91716,0.00609
2101.98873,0.00582
2100.06030,0.00574
2098.13187,0.00582
2096.20344,0.00595
2094.27501,0.00601
2092.34658,0.00606
2090.41815,0.00613
2088.48972,0.00619
2086.56129,0.00612
2084.63286,0.00596
2082.70443,0.00589
2080.77600,0.00606
2078.84757,0.00632
2076.91914,0.00644
2074.99071,0.00638
2073.06228,0.00611
2071.13385,0.00573
2069.20542,0.00560
2067.27699,0.00589
2065.34856,0.00621
2063.42013,0.00621
2061.49170,0.00599
2059.56327,0.00573
2057.63484,0.00550
2055.70641,0.00546
2053.77798,0.00569
2051.84955,0.00593
2049.92112,0.00596
2047.99269,0.00586
2046.06426,0.00574
2044.13583,0.00564
2042.20740,0.00564
2040.27897,0.00564
2038.35054,0.00553
2036.42211,0.00544
2034.49368,0.00544
2032.56525,0.00539
2030.63682,0.00525
2028.70839,0.00517
2026.77996,0.00532
2024.85153,0.00561
2022.92310,0.00578
2020.99467,0.00579
2019.06624,0.00580
2017.13781,0.00570
2015.20938,0.00539
2013.28095,0.00519
2011.35252,0.00513
2009.42409,0.00506
2007.49566,0.00502
2005.56723,0.00503
2003.63880,0.00501
2001.71037,0.00499
1999.78194,0.00492
1997.85351,0.00477
1995.92508,0.00473
1993.99665,0.00487
1992.06822,0.00495
1990.13979,0.00502
1988.21136,0.00516
1986.28293,0.00524
1984.35450,0.00531
1982.42607,0.00537
1980.49764,0.00522
1978.56921,0.00489
1976.64078,0.00459
1974.71235,0.00444
1972.78392,0.00445
1970.85549,0.00470
1968.92706,0.00506
1966.99863,0.00504
1965.07020,0.00462
1963.14177,0.00437
1961.21334,0.00445
1959.28491,0.00466
1957.35648,0.00479
1955.42805,0.00476
1953.49962,0.00467
1951.57119,0.00468
1949.64276,0.00474
1947.71433,0.00483
1945.78590,0.00508
1943.85747,0.00536
1941.92904,0.00534
1940.00061,0.00511
1938.07218,0.00495
1936.14375,0.00482
1934.21532,0.00467
1932.28689,0.00452
1930.35846,0.00441
1928.43003,0.00446
1926.50160,0.00476
1924.57317,0.00512
1922.64474,0.00515
1920.71631,0.00492
1918.78788,0.00476
1916.85945,0.00463
1914.93102,0.00464
1913.00259,0.00488
1911.07416,0.00506
1909.14573,0.00493
1907.21730,0.00464
1905.28887,0.00453
1903.36044,0.00466
1901.43201,0.00473
1899.50358,0.00465
1897.57515,0.00460
1895.64672,0.00460
1893.71829,0.00464
1891.78986,0.00480
1889.86143,0.00496
1887.93300,0.00503
1886.00457,0.00510
1884.07614,0.00507
1882.14771,0.00494
1880.21928,0.00488
1878.29085,0.00490
1876.36242,0.00483
1874.43399,0.00470
1872.50556,0.00486
1870.57713,0.00536
1868.64870,0.00556
1866.72027,0.00527
1864.79184,0.00507
1862.86341,0.00503
1860.93498,0.00487
1859.00655,0.00457
1857.07812,0.00435
1855.14969,0.00432
1853.22126,0.00447
1851.29283,0.00473
1849.36440,0.00512
1847.43597,0.00566
1845.50754,0.00612
1843.57911,0.00599
1841.65068,0.00542
1839.72225,0.00491
1837.79382,0.00456
1835.86539,0.00443
1833.93696,0.00454
1832.00853,0.00469
1830.08010,0.00463
1828.15167,0.00458
1826.22324,0.00479
1824.29481,0.00493
1822.36638,0.00479
1820.43795,0.00457
1818.50952,0.00439
1816.58109,0.00430
1814.65266,0.00444
1812.72423,0.00468
1810.79580,0.00468
1808.86737,0.00446
1806.93894,0.00435
1805.01051,0.00458
1803.08208,0.00508
1801.15365,0.00533
1799.22522,0.00519
1797.29679,0.00525
1795.36836,0.00577
1793.43993,0.00613
1791.51150,0.00578
1789.58307,0.00524
1787.65464,0.00516
1785.72621,0.00521
1783.79778,0.00513
1781.86935,0.00510
1779.94092,0.00512
1778.01249,0.00507
1776.08406,0.00515
1774.15563,0.00544
1772.22720,0.00581
1770.29877,0.00607
1768.37034,0.00604
1766.44191,0.00579
1764.51348,0.00572
1762.58505,0.00577
1760.65662,0.00577
1758.72819,0.00596
1756.79976,0.00618
1754.87133,0.00640
1752.94290,0.00704
1751.01447,0.00806
1749.08604,0.00883
1747.15761,0.00907
1745.22918,0.00894
1743.30075,0.00857
1741.37232,0.00815
1739.44389,0.00790
1737.51546,0.00814
1735.58703,0.00893
1733.65860,0.00980
1731.73017,0.01026
1729.80174,0.01029
1727.87331,0.01009
1725.94488,0.00994
1724.01645,0.00975
1722.08802,0.00962
1720.15959,0.01032
1718.23116,0.01243
1716.30273,0.01475
1714.37430,0.01532
1712.44587,0.01505
1710.51744,0.01526
1708.58901,0.01633
1706.66058,0.01828
1704.73215,0.02084
1702.80372,0.02401
1700.87529,0.02850
1698.94686,0.03402
1697.01843,0.03904
1695.09000,0.04307
1693.16157,0.04665
1691.23314,0.05074
1689.30471,0.05553
1687.37628,0.06060
1685.44785,0.06688
1683.51942,0.07493
1681.59099,0.08154
1679.66256,0.08588
1677.73413,0.08992
1675.80570,0.09511
1673.87727,0.10127
1671.94884,0.10816
1670.02041,0.11659
1668.09198,0.12503
1666.16355,0.13184
1664.23512,0.13949
1662.30669,0.14954
1660.37826,0.15912
1658.44983,0.16620
1656.52140,0.17219
1654.59297,0.17890
1652.66454,0.18529
1650.73611,0.18802
1648.80768,0.18756
1646.87925,0.18418
1644.95082,0.17928
1643.02239,0.17505
1641.09396,0.17113
1639.16553,0.16681
1637.23710,0.16073
1635.30867,0.15211
1633.38024,0.14440
1631.45181,0.13878
1629.52338,0.13301
1627.59495,0.12621
1625.66652,0.11933
1623.73809,0.11211
1621.80966,0.10492
1619.88123,0.09937
1617.95280,0.09399
1616.02437,0.08732
1614.09594,0.08170
1612.16751,0.07772
1610.23908,0.07394
1608.31065,0.07005
1606.38222,0.06686
1604.45379,0.06453
1602.52536,0.06268
1600.59693,0.06119
1598.66850,0.06014
1596.74007,0.05943
1594.81164,0.05877
1592.88321,0.05818
1590.95478,0.05788
1589.02635,0.05801
1587.09792,0.05843
1585.16949,0.05898
1583.24106,0.05968
1581.31263,0.06059
1579.38420,0.06177
1577.45577,0.06320
1575.52734,0.06470
1573.59891,0.06621
1571.67048,0.06818
1569.74205,0.07074
1567.81362,0.07321
1565.88519,0.07531
1563.95676,0.07761
1562.02833,0.08120
1560.09990,0.08833
1558.17147,0.09826
1556.24304,0.10445
1554.31461,0.10811
1552.38618,0.11256
1550.45775,0.11811
1548.52932,0.12340
1546.60089,0.12762
1544.67246,0.13166
1542.74403,0.13607
1540.81560,0.13917
1538.88717,0.13914
1536.95874,0.13800
1535.03031,0.13629
1533.10188,0.13285
1531.17345,0.12899
1529.24502,0.12641
1527.31659,0.12435
1525.38816,0.12219
1523.45973,0.12024
1521.53130,0.11784
1519.60287,0.11481
1517.67444,0.11091
1515.74601,0.10576
1513.81758,0.10098
1511.88915,0.09765
1509.96072,0.09480
1508.03229,0.08921
1506.10385,0.07967
1504.17542,0.07303
1502.24699,0.07018
1500.31856,0.06788
1498.39013,0.06407
1496.46170,0.05886
1494.53327,0.05451
1492.60484,0.05184
1490.67641,0.04919
1488.74798,0.04553
1486.81955,0.04207
1484.89112,0.03969
1482.96269,0.03801
1481.03426,0.03674
1479.10583,0.03623
1477.17740,0.03699
1475.24897,0.03897
1473.32054,0.04118
1471.39211,0.04230
1469.46368,0.04255
1467.53525,0.04265
1465.60682,0.04275
1463.67839,0.04288
1461.74996,0.04339
1459.82153,0.04489
1457.89310,0.04741
1455.96467,0.04903
1454.03624,0.04862
1452.10781,0.04766
1450.17938,0.04707
1448.25095,0.04671
1446.32252,0.04636
1444.39409,0.04603
1442.46566,0.04569
1440.53723,0.04531
1438.60880,0.04492
1436.68037,0.04418
1434.75194,0.04300
1432.82351,0.04188
1430.89508,0.04079
1428.96665,0.03955
1427.03822,0.03860
1425.10979,0.03837
1423.18136,0.03887
1421.25293,0.03998
1419.32450,0.04114
1417.39607,0.04144
1415.46764,0.04121
1413.53921,0.04124
1411.61078,0.04163
1409.68235,0.04223
1407.75392,0.04308
1405.82549,0.04397
1403.89706,0.04472
1401.96863,0.04558
1400.04020,0.04686
1398.11177,0.04834
1396.18334,0.04932
1394.25491,0.04928
1392.32648,0.04859
1390.39805,0.04795
1388.46962,0.04736
1386.54119,0.04624
1384.61276,0.04457
1382.68433,0.04283
1380.75590,0.04118
1378.82747,0.03959
1376.89904,0.03827
1374.97061,0.03723
1373.04218,0.03632
1371.11375,0.03558
1369.18532,0.03481
1367.25689,0.03388
1365.32846,0.03312
1363.40003,0.03258
1361.47160,0.03202
1359.54317,0.03152
1357.61474,0.03122
1355.68631,0.03108
1353.75788,0.03106
1351.82945,0.03113
1349.90102,0.03128
1347.97259,0.03155
1346.04416,0.03200
1344.11573,0.03282
1342.18730,0.03407
1340.25887,0.03535
1338.33044,0.03596
1336.40201,0.03576
1334.47358,0.03529
1332.54515,0.03506
1330.61672,0.03526
1328.68829,0.03583
1326.75986,0.03659
1324.83143,0.03730
1322.90300,0.03796
1320.97457,0.03884
1319.04614,0.03994
1317.11771,0.04088
1315.18928,0.04148
1313.26085,0.04181
1311.33242,0.04204
1309.40399,0.04233
1307.47556,0.04280
1305.54713,0.04333
1303.61870,0.04364
1301.69027,0.04357
1299.76184,0.04341
1297.83341,0.04344
1295.90498,0.04361
1293.97655,0.04390
1292.04812,0.04441
1290.11969,0.04505
1288.19126,0.04553
1286.26283,0.04571
1284.33440,0.04583
1282.40597,0.04616
1280.47754,0.04663
1278.54911,0.04712
1276.62068,0.04772
1274.69225,0.04846
1272.76382,0.04931
1270.83539,0.05027
1268.90696,0.05129
1266.97853,0.05225
1265.05010,0.05322
1263.12167,0.05446
1261.19324,0.05607
1259.26481,0.05775
1257.33638,0.05943
1255.40795,0.06127
1253.47952,0.06326
1251.55109,0.06515
1249.62266,0.06679
1247.69423,0.06819
1245.76580,0.06944
1243.83737,0.07079
1241.90894,0.07242
1239.98051,0.07398
1238.05208,0.07512
1236.12365,0.07610
1234.19522,0.07724
1232.26679,0.07840
1230.33836,0.07914
1228.40993,0.07929
1226.48150,0.07928
1224.55307,0.07948
1222.62464,0.07974
1220.69621,0.07991
1218.76778,0.08014
1216.83935,0.08049
1214.91092,0.08080
1212.98249,0.08108
1211.05406,0.08149
1209.12563,0.08211
1207.19720,0.08273
1205.26877,0.08319
1203.34034,0.08365
1201.41191,0.08434
1199.48348,0.08464
1197.55505,0.08534
1195.62662,0.08635
1193.69819,0.08752
1191.76976,0.08866
1189.84133,0.08947
1187.91290,0.08989
1185.98447,0.09053
1184.05604,0.09188
1182.12761,0.09388
1180.19918,0.09629
1178.27075,0.09870
1176.34232,0.10069
1174.41389,0.10248
1172.48546,0.10450
1170.55703,0.10687
1168.62860,0.10931
1166.70017,0.11129
1164.77174,0.11275
1162.84331,0.11418
1160.91488,0.11587
1158.98645,0.11760
1157.05802,0.11928
1155.12959,0.12115
1153.20116,0.12307
1151.27273,0.12444
1149.34430,0.12520
1147.41587,0.12576
1145.48744,0.12642
1143.55901,0.12717
1141.63058,0.12774
1139.70215,0.12828
1137.77372,0.12936
1135.84529,0.13112
1133.91686,0.13332
1131.98843,0.13598
1130.06000,0.13876
1128.13157,0.14097
1126.20314,0.14302
1124.27471,0.14580
1122.34628,0.14912
1120.41785,0.15268
1118.48942,0.15649
1116.56099,0.16012
1114.63256,0.16355
1112.70413,0.16755
1110.77570,0.17206
1108.84727,0.17623
1106.91884,0.17986
1104.99041,0.18329
1103.06198,0.18667
1101.13355,0.19011
1099.20512,0.19390
1097.27669,0.19828
1095.34826,0.20285
1093.41983,0.20666
1091.49140,0.20973
1089.56297,0.21265
1087.63454,0.21495
1085.70611,0.21591
1083.77768,0.21576
1081.84925,0.21518
1079.92082,0.21492
1077.99239,0.21519
1076.06396,0.21552
1074.13553,0.21556
1072.20710,0.21523
1070.27867,0.21451
1068.35024,0.21351
1066.42181,0.21229
1064.49338,0.21075
1062.56495,0.20903
1060.63652,0.20754
1058.70809,0.20624
1056.77966,0.20413
1054.85123,0.20069
1052.92280,0.19665
1050.99437,0.19271
1049.06594,0.18863
1047.13751,0.18403
1045.20908,0.17915
1043.28065,0.17404
1041.35222,0.16814
1039.42379,0.16135
1037.49536,0.15418
1035.56693,0.14695
1033.63850,0.13973
1031.71007,0.13239
1029.78164,0.12473
1027.85321,0.11701
1025.92478,0.10948
1023.99635,0.10205
1022.06792,0.09508
1020.13949,0.08875
1018.21106,0.08271
1016.28263,0.07721
1014.35420,0.07226
1012.42577,0.06698
1010.49734,0.06135
1008.56891,0.05621
1006.64048,0.05162
1004.71205,0.04720
1002.78362,0.04302
1000.85519,0.03945
998.92676,0.03644
996.99833,0.03368
995.06990,0.03148
993.14147,0.03030
991.21304,0.02993
989.28461,0.02980
987.35618,0.02960
985.42775,0.02941
983.49932,0.02940
981.57089,0.02976
979.64246,0.03069
977.71403,0.03173
975.78560,0.03234
973.85717,0.03258
971.92874,0.03256
970.00031,0.03220
968.07188,0.03146
966.14345,0.03048
964.21502,0.02968
962.28659,0.02932
960.35816,0.02924
958.42973,0.02908
956.50130,0.02863
954.57287,0.02811
952.64444,0.02771
950.71601,0.02738
948.78758,0.02705
946.85915,0.02651
944.93072,0.02583
943.00229,0.02532
941.07386,0.02488
939.14543,0.02441
937.21700,0.02392
935.28857,0.02357
933.36014,0.02343
931.43171,0.02292
929.50328,0.02186
927.57485,0.02090
925.64642,0.02026
923.71799,0.01942
921.78956,0.01824
919.86113,0.01716
917.93270,0.01662
916.00427,0.01651
914.07584,0.01627
912.14741,0.01565
910.21898,0.01489
908.29055,0.01394
906.36212,0.01278
904.43368,0.01185
902.50525,0.01130
900.57682,0.01086
898.64839,0.01037
896.71996,0.00975
894.79153,0.00917
892.86310,0.00863
890.93467,0.00789
889.00624,0.00702
887.07781,0.00633
885.14938,0.00595
883.22095,0.00588
881.29252,0.00596
879.36409,0.00592
877.43566,0.00586
875.50723,0.00606
873.57880,0.00639
871.65037,0.00637
869.72194,0.00595
867.79351,0.00582
865.86508,0.00604
863.93665,0.00634
862.00822,0.00656
860.07979,0.00686
858.15136,0.00706
856.22293,0.00729
854.29450,0.00787
852.36607,0.00885
850.43764,0.00968
848.50921,0.00981
846.58078,0.00954
844.65235,0.00953
842.72392,0.01015
840.79549,0.01140
838.86706,0.01299
836.93863,0.01447
835.01020,0.01545
833.08177,0.01598
831.15334,0.01663
829.22491,0.01782
827.29648,0.01928
825.36805,0.02076
823.43962,0.02218
821.51119,0.02326
819.58276,0.02412
817.65433,0.02506
815.72590,0.02556
813.79747,0.02557
811.86904,0.02602
809.94061,0.02706
808.01218,0.02839
806.08375,0.02983
804.15532,0.03034
802.22689,0.02980
800.29846,0.02980
798.37003,0.03081
796.44160,0.03167
794.51317,0.03162
792.58474,0.03123
790.65631,0.03123
788.72788,0.03102
786.79945,0.02984
784.87102,0.02793
782.94259,0.02552
781.01416,0.02295
779.08573,0.02112
777.15730,0.01981
775.22887,0.01745
773.30044,0.01414
771.37201,0.01177
769.44358,0.01093
767.51515,0.01070
765.58672,0.01033
763.65829,0.00989
761.72986,0.00974
759.80143,0.00988
757.87300,0.01029
755.94457,0.01059
754.01614,0.01041
752.08771,0.01004
750.15928,0.00972
748.23085,0.00960
746.30242,0.00988
744.37399,0.01042
742.44556,0.01030
740.51713,0.00883
738.58870,0.00696
736.66027,0.00603
734.73184,0.00594
732.80341,0.00593
730.87498,0.00590
728.94655,0.00604
727.01812,0.00601
725.08969,0.00602
723.16126,0.00679
721.23283,0.00646
719.30440,0.00606
717.37597,0.00634
715.44754,0.00681
713.51911,0.00692
711.59068,0.00701
709.66225,0.00736
707.73382,0.00793
705.80539,0.00893
703.87696,0.00984
701.94853,0.01001
700.02010,0.00977
698.09167,0.00968
696.16324,0.00981
694.23481,0.00978
692.30638,0.00896
690.37795,0.00695
688.44952,0.00397
686.52109,0.00147
684.59266,0.00093
682.66423,0.00147
680.73580,0.00094
678.80737,0.00000
676.87894,0.00067
674.95051,0.00270
673.02208,0.00561
671.09365,0.01026
669.16522,0.01473
667.23679,0.01511
665.30836,0.01362
663.37993,0.01342
661.45150,0.01381
659.52307,0.01294
657.59464,0.01052
655.66621,0.00787
653.73778,0.00606
651.80935,0.00561
649.88092,0.00640
647.95249,0.00782
646.02406,0.00829
644.09563,0.00733
642.16720,0.00566
640.23877,0.00377
638.31034,0.00227
636.38191,0.00197
634.45348,0.00269
632.52505,0.00343
630.59662,0.00312
628.66819,0.00154
626.73976,0.00000
624.81133,0.00024
622.88290,0.00091
620.95447,0.00264
619.02604,0.00742
617.09761,0.01134
615.16918,0.01100
613.24075,0.00956
611.31232,0.00741
609.38389,0.00426
607.45546,0.00098
605.52703,0.00127
603.59860,0.00012
601.67017,0.00000
599.74174,0.00000
