4001.49232,0.00023
3999.56389,0.00043
3997.63546,0.00038
3995.70703,0.00054
3993.77860,0.00060
3991.85017,0.00025
3989.92174,0.00029
3987.99331,0.00111
3986.06488,0.00177
3984.13645,0.00181
3982.20802,0.00170
3980.27959,0.00173
3978.35116,0.00157
3976.42273,0.00118
3974.49430,0.00116
3972.56587,0.00169
3970.63744,0.00230
3968.70901,0.00265
3966.78058,0.00246
3964.85215,0.00161
3962.92372,0.00088
3960.99529,0.00088
3959.06686,0.00066
3957.13843,0.00000
3955.21000,0.00009
3953.28157,0.00098
3951.35314,0.00179
3949.42471,0.00276
3947.49628,0.00393
3945.56785,0.00344
3943.63942,0.00135
3941.71099,0.00042
3939.78256,0.00077
3937.85413,0.00115
3935.92570,0.00159
3933.99727,0.00195
3932.06884,0.00254
3930.14041,0.00343
3928.21198,0.00338
3926.28355,0.00195
3924.35512,0.00150
3922.42669,0.00240
3920.49826,0.00219
3918.56982,0.00135
3916.64139,0.00133
3914.71296,0.00170
3912.78453,0.00180
3910.85610,0.00252
3908.92767,0.00352
3906.99924,0.00263
3905.07081,0.00071
3903.14238,0.00094
3901.21395,0.00185
3899.28552,0.00215
3897.35709,0.00316
3895.42866,0.00289
3893.50023,0.00092
3891.57180,0.00129
3889.64337,0.00397
3887.71494,0.00340
3885.78651,0.00176
3883.85808,0.00293
3881.92965,0.00312
3880.00122,0.00365
3878.07279,0.00573
3876.14436,0.00507
3874.21593,0.00318
3872.28750,0.00196
3870.35907,0.00130
3868.43064,0.00337
3866.50221,0.00324
3864.57378,0.00053
3862.64535,0.00119
3860.71692,0.00377
3858.78849,0.00492
3856.86006,0.00412
3854.93163,0.00187
3853.00320,0.00109
3851.07477,0.00368
3849.14634,0.00538
3847.21791,0.00538
3845.28948,0.00452
3843.36105,0.00387
3841.43262,0.00325
3839.50419,0.00203
3837.57576,0.00201
3835.64733,0.00248
3833.71890,0.00188
3831.79047,0.00173
3829.86204,0.00224
3827.93361,0.00181
3826.00518,0.00224
3824.07675,0.00303
3822.14832,0.00269
3820.21989,0.00495
3818.29146,0.00552
3816.36303,0.00282
3814.43460,0.00347
3812.50617,0.00510
3810.57774,0.00460
3808.64931,0.00344
3806.72088,0.00446
3804.79245,0.00541
3802.86402,0.00207
3800.93559,0.00076
3799.00716,0.00260
3797.07873,0.00243
3795.15030,0.00306
3793.22187,0.00434
3791.29344,0.00450
3789.36501,0.00412
3787.43658,0.00336
3785.50815,0.00306
3783.57972,0.00381
3781.65129,0.00300
3779.72286,0.00144
3777.79443,0.00236
3775.86600,0.00367
3773.93757,0.00372
3772.00914,0.00324
3770.08071,0.00359
3768.15228,0.00451
3766.22385,0.00429
3764.29542,0.00508
3762.36699,0.00605
3760.43856,0.00524
3758.51013,0.00541
3756.58170,0.00686
3754.65327,0.00589
3752.72484,0.00226
3750.79641,0.00142
3748.86798,0.00472
3746.93955,0.00459
3745.01112,0.00323
3743.08269,0.00639
3741.15426,0.00897
3739.22583,0.00719
3737.29740,0.00316
3735.36897,0.00136
3733.44054,0.00380
3731.51211,0.00695
3729.58368,0.00773
3727.65525,0.00580
3725.72682,0.00439
3723.79839,0.00481
3721.86996,0.00525
3719.94153,0.00562
3718.01310,0.00664
3716.08467,0.00761
3714.15624,0.00654
3712.22781,0.00474
3710.29938,0.00584
3708.37095,0.00761
3706.44252,0.00684
3704.51409,0.00417
3702.58566,0.00235
3700.65723,0.00372
3698.72880,0.00569
3696.80037,0.00613
3694.87194,0.00599
3692.94351,0.00430
3691.01508,0.00130
3689.08665,0.00138
3687.15822,0.00493
3685.22979,0.00661
3683.30136,0.00594
3681.37293,0.00506
3679.44450,0.00422
3677.51607,0.00249
3675.58764,0.00336
3673.65921,0.00779
3671.73078,0.00585
3669.80235,0.00145
3667.87392,0.00307
3665.94549,0.00499
3664.01706,0.00475
3662.08863,0.00478
3660.16020,0.00531
3658.23177,0.00482
3656.30334,0.00522
3654.37491,0.00770
3652.44648,0.00683
3650.51805,0.00241
3648.58962,0.00151
3646.66119,0.00485
3644.73276,0.00743
3642.80433,0.00765
3640.87590,0.00716
3638.94747,0.00695
3637.01904,0.00698
3635.09061,0.00730
3633.16218,0.00767
3631.23375,0.00599
3629.30532,0.00352
3627.37689,0.00596
3625.44846,0.00908
3623.52003,0.00916
3621.59160,0.00697
3619.66317,0.00474
3617.73474,0.00483
3615.80631,0.00490
3613.87788,0.00461
3611.94945,0.00623
3610.02102,0.00740
3608.09259,0.00751
3606.16416,0.00818
3604.23573,0.00753
3602.30730,0.00546
3600.37887,0.00490
3598.45044,0.00643
3596.52201,0.00774
3594.59358,0.00847
3592.66515,0.00916
3590.73672,0.00835
3588.80829,0.00645
3586.87986,0.00674
3584.95143,0.00800
3583.02300,0.00711
3581.09457,0.00547
3579.16614,0.00460
3577.23771,0.00435
3575.30928,0.00498
3573.38085,0.00676
3571.45242,0.00795
3569.52399,0.00662
3567.59556,0.00474
3565.66713,0.00545
3563.73870,0.00618
3561.81027,0.00556
3559.88184,0.00549
3557.95341,0.00623
3556.02498,0.00651
3554.09655,0.00587
3552.16812,0.00553
3550.23969,0.00598
3548.31126,0.00578
3546.38283,0.00521
3544.45440,0.00565
3542.52597,0.00676
3540.59754,0.00749
3538.66911,0.00741
3536.74068,0.00712
3534.81225,0.00708
3532.88382,0.00659
3530.95539,0.00577
3529.02696,0.00588
3527.09853,0.00670
3525.17010,0.00664
3523.24167,0.00626
3521.31324,0.00684
3519.38481,0.00734
3517.45638,0.00715
3515.52795,0.00660
3513.59952,0.00594
3511.67109,0.00584
3509.74266,0.00677
3507.81423,0.00802
3505.88580,0.00829
3503.95737,0.00818
3502.02894,0.00885
3500.10051,0.00892
3498.17208,0.00770
3496.24365,0.00696
3494.31522,0.00763
3492.38679,0.00845
3490.45836,0.00861
3488.52993,0.00899
3486.60150,0.00966
3484.67307,0.00913
3482.74464,0.00789
3480.81621,0.00820
3478.88778,0.00942
3476.95935,0.00971
3475.03092,0.00916
3473.10249,0.00839
3471.17406,0.00778
3469.24563,0.00784
3467.31720,0.00848
3465.38877,0.00902
3463.46034,0.00927
3461.53191,0.00977
3459.60348,0.01004
3457.67505,0.00942
3455.74662,0.00869
3453.81819,0.00846
3451.88976,0.00865
3449.96133,0.00898
3448.03290,0.00933
3446.10447,0.01020
3444.17604,0.01092
3442.24761,0.01098
3440.31918,0.01105
3438.39075,0.01081
3436.46232,0.01035
3434.53389,0.00989
3432.60546,0.00928
3430.67703,0.00901
3428.74860,0.00920
3426.82017,0.00981
3424.89174,0.01075
3422.96331,0.01104
3421.03488,0.01031
3419.10645,0.00953
3417.17802,0.00964
3415.24959,0.01088
3413.32116,0.01189
3411.39273,0.01142
3409.46430,0.01072
3407.53587,0.01116
3405.60744,0.01224
3403.67901,0.01291
3401.75058,0.01304
3399.82215,0.01243
3397.89372,0.01109
3395.96529,0.01116
3394.03686,0.01219
3392.10843,0.01357
3390.18000,0.01471
3388.25157,0.01482
3386.32314,0.01460
3384.39471,0.01478
3382.46628,0.01484
3380.53785,0.01427
3378.60942,0.01367
3376.68099,0.01343
3374.75256,0.01318
3372.82413,0.01271
3370.89570,0.01259
3368.96727,0.01310
3367.03884,0.01375
3365.11041,0.01433
3363.18198,0.01510
3361.25355,0.01590
3359.32512,0.01619
3357.39669,0.01590
3355.46826,0.01569
3353.53983,0.01579
3351.61140,0.01589
3349.68297,0.01596
3347.75454,0.01618
3345.82611,0.01680
3343.89768,0.01740
3341.96925,0.01716
3340.04082,0.01652
3338.11239,0.01643
3336.18396,0.01690
3334.25553,0.01711
3332.32710,0.01670
3330.39867,0.01649
3328.47024,0.01703
3326.54181,0.01764
3324.61338,0.01750
3322.68495,0.01676
3320.75652,0.01622
3318.82809,0.01616
3316.89966,0.01639
3314.97122,0.01676
3313.04279,0.01701
3311.11436,0.01702
3309.18593,0.01715
3307.25750,0.01748
3305.32907,0.01758
3303.40064,0.01782
3301.47221,0.01868
3299.54378,0.01951
3297.61535,0.01962
3295.68692,0.01922
3293.75849,0.01881
3291.83006,0.01866
3289.90163,0.01888
3287.97320,0.01933
3286.04477,0.01980
3284.11634,0.02042
3282.18791,0.02052
3280.25948,0.01973
3278.33105,0.01924
3276.40262,0.01945
3274.47419,0.01969
3272.54576,0.02026
3270.61733,0.02116
3268.68890,0.02130
3266.76047,0.02073
3264.83204,0.02054
3262.90361,0.02087
3260.97518,0.02109
3259.04675,0.02130
3257.11832,0.02155
3255.18989,0.02118
3253.26146,0.02046
3251.33303,0.02039
3249.40460,0.02105
3247.47617,0.02160
3245.54774,0.02146
3243.61931,0.02074
3241.69088,0.01987
3239.76245,0.01968
3237.83402,0.02029
3235.90559,0.02090
3233.97716,0.02143
3232.04873,0.02237
3230.12030,0.02341
3228.19187,0.02396
3226.26344,0.02408
3224.33501,0.02395
3222.40658,0.02393
3220.47815,0.02404
3218.54972,0.02367
3216.62129,0.02292
3214.69286,0.02276
3212.76443,0.02350
3210.83600,0.02400
3208.90757,0.02381
3206.97914,0.02357
3205.05071,0.02355
3203.12228,0.02373
3201.19385,0.02376
3199.26542,0.02337
3197.33699,0.02289
3195.40856,0.02272
3193.48013,0.02294
3191.55170,0.02354
3189.62327,0.02404
3187.69484,0.02401
3185.76641,0.02364
3183.83798,0.02321
3181.90955,0.02282
3179.98112,0.02277
3178.05269,0.02366
3176.12426,0.02499
3174.19583,0.02535
3172.26740,0.02470
3170.33897,0.02410
3168.41054,0.02432
3166.48211,0.02529
3164.55368,0.02626
3162.62525,0.02634
3160.69682,0.02548
3158.76839,0.02463
3156.83996,0.02439
3154.91153,0.02448
3152.98310,0.02478
3151.05467,0.02541
3149.12624,0.02583
3147.19781,0.02557
3145.26938,0.02506
3143.34095,0.02481
3141.41252,0.02475
3139.48409,0.02475
3137.55566,0.02492
3135.62723,0.02515
3133.69880,0.02548
3131.77037,0.02590
3129.84194,0.02578
3127.91351,0.02541
3125.98508,0.02548
3124.05665,0.02566
3122.12822,0.02584
3120.19979,0.02607
3118.27136,0.02599
3116.34293,0.02564
3114.41450,0.02548
3112.48607,0.02542
3110.55764,0.02520
3108.62921,0.02515
3106.70078,0.02530
3104.77235,0.02548
3102.84392,0.02581
3100.91549,0.02639
3098.98706,0.02673
3097.05863,0.02664
3095.13020,0.02688
3093.20177,0.02743
3091.27334,0.02764
3089.34491,0.02738
3087.41648,0.02693
3085.48805,0.02681
3083.55962,0.02713
3081.63119,0.02741
3079.70276,0.02715
3077.77433,0.02671
3075.84590,0.02687
3073.91747,0.02741
3071.98904,0.02765
3070.06061,0.02737
3068.13218,0.02669
3066.20375,0.02607
3064.27532,0.02601
3062.34689,0.02638
3060.41846,0.02669
3058.49003,0.02684
3056.56160,0.02690
3054.63317,0.02695
3052.70474,0.02687
3050.77631,0.02677
3048.84788,0.02699
3046.91945,0.02740
3044.99102,0.02773
3043.06259,0.02807
3041.13416,0.02819
3039.20573,0.02770
3037.27730,0.02723
3035.34887,0.02734
3033.42044,0.02750
3031.49201,0.02766
3029.56358,0.02815
3027.63515,0.02831
3025.70672,0.02781
3023.77829,0.02719
3021.84986,0.02689
3019.92143,0.02708
3017.99300,0.02748
3016.06457,0.02771
3014.13614,0.02782
3012.20771,0.02796
3010.27928,0.02819
3008.35085,0.02853
3006.42242,0.02884
3004.49399,0.02891
3002.56556,0.02877
3000.63713,0.02842
2998.70870,0.02819
2996.78027,0.02733
2994.85184,0.02685
2992.92341,0.02732
2990.99498,0.02777
2989.06655,0.02751
2987.13812,0.02720
2985.20969,0.02740
2983.28126,0.02815
2981.35283,0.02900
2979.42440,0.02925
2977.49597,0.02886
2975.56754,0.02833
2973.63911,0.02824
2971.71068,0.02851
2969.78225,0.02856
2967.85382,0.02853
2965.92539,0.02906
2963.99696,0.02972
2962.06853,0.02943
2960.14010,0.02854
2958.21167,0.02815
2956.28324,0.02838
2954.35481,0.02884
2952.42638,0.02926
2950.49795,0.02962
2948.56952,0.02988
2946.64109,0.02980
2944.71266,0.02959
2942.78423,0.02969
2940.85580,0.03014
2938.92737,0.03047
2936.99894,0.03026
2935.07051,0.02967
2933.14208,0.02932
2931.21365,0.02952
2929.28522,0.02977
2927.35679,0.02969
2925.42836,0.02976
2923.49993,0.03002
2921.57150,0.02996
2919.64307,0.02974
2917.71464,0.02975
2915.78621,0.02985
2913.85778,0.02978
2911.92935,0.02966
2910.00092,0.02960
2908.07249,0.02938
2906.14406,0.02886
2904.21563,0.02835
2902.28720,0.02819
2900.35877,0.02845
2898.43034,0.02875
2896.50191,0.02893
2894.57348,0.02943
2892.64505,0.03020
2890.71662,0.03050
2888.78819,0.03006
2886.85976,0.02930
2884.93133,0.02877
2883.00290,0.02864
2881.07447,0.02888
2879.14604,0.02916
2877.21761,0.02906
2875.28918,0.02895
2873.36075,0.02928
2871.43232,0.02983
2869.50389,0.03019
2867.57546,0.03011
2865.64703,0.02967
2863.71860,0.02950
2861.79017,0.02998
2859.86174,0.03033
2857.93331,0.02973
2856.00488,0.02901
2854.07645,0.02914
2852.14802,0.02963
2850.21959,0.02988
2848.29116,0.02981
2846.36273,0.02943
2844.43430,0.02907
2842.50587,0.02918
2840.57744,0.02957
2838.64901,0.02983
2836.72058,0.02992
2834.79215,0.02995
2832.86372,0.03021
2830.93529,0.03061
2829.00686,0.03058
2827.07843,0.03031
2825.15000,0.03041
2823.22157,0.03068
2821.29314,0.03059
2819.36471,0.03030
2817.43628,0.03015
2815.50785,0.03010
2813.57942,0.02997
2811.65099,0.02975
2809.72256,0.02967
2807.79413,0.02996
2805.86570,0.03023
2803.93727,0.03007
2802.00884,0.02994
2800.08041,0.03023
2798.15198,0.03051
2796.22355,0.03040
2794.29512,0.03023
2792.36669,0.03027
2790.43826,0.03031
2788.50983,0.03030
2786.58140,0.03036
2784.65297,0.03028
2782.72454,0.02995
2780.79611,0.02984
2778.86768,0.02997
2776.93925,0.02975
2775.01082,0.02930
2773.08239,0.02921
2771.15396,0.02948
2769.22553,0.02979
2767.29710,0.02992
2765.36867,0.02989
2763.44024,0.02997
2761.51181,0.03027
2759.58338,0.03050
2757.65495,0.03032
2755.72652,0.02986
2753.79809,0.02977
2751.86966,0.03030
2749.94123,0.03078
2748.01280,0.03069
2746.08437,0.03053
2744.15594,0.03073
2742.22751,0.03100
2740.29908,0.03115
2738.37065,0.03114
2736.44222,0.03081
2734.51379,0.03044
2732.58536,0.03041
2730.65693,0.03082
2728.72850,0.03147
2726.80007,0.03182
2724.87164,0.03164
2722.94321,0.03121
2721.01478,0.03070
2719.08635,0.03058
2717.15792,0.03130
2715.22949,0.03219
2713.30105,0.03261
2711.37262,0.03276
2709.44419,0.03259
2707.51576,0.03179
2705.58733,0.03073
2703.65890,0.03033
2701.73047,0.03068
2699.80204,0.03115
2697.87361,0.03142
2695.94518,0.03131
2694.01675,0.03101
2692.08832,0.03086
2690.15989,0.03089
2688.23146,0.03115
2686.30303,0.03160
2684.37460,0.03216
2682.44617,0.03270
2680.51774,0.03285
2678.58931,0.03254
2676.66088,0.03218
2674.73245,0.03217
2672.80402,0.03255
2670.87559,0.03294
2668.94716,0.03288
2667.01873,0.03239
2665.09030,0.03202
2663.16187,0.03199
2661.23344,0.03210
2659.30501,0.03221
2657.37658,0.03241
2655.44815,0.03258
2653.51972,0.03261
2651.59129,0.03273
2649.66286,0.03287
2647.73443,0.03274
2645.80600,0.03264
2643.87757,0.03267
2641.94914,0.03251
2640.02071,0.03243
2638.09228,0.03278
2636.16385,0.03302
2634.23542,0.03285
2632.30699,0.03283
2630.37856,0.03296
2628.45013,0.03284
2626.52170,0.03275
2624.59327,0.03298
2622.66484,0.03320
2620.73641,0.03298
2618.80798,0.03250
2616.87955,0.03237
2614.95112,0.03279
2613.02269,0.03333
2611.09426,0.03356
2609.16583,0.03338
2607.23740,0.03321
2605.30897,0.03353
2603.38054,0.03394
2601.45211,0.03377
2599.52368,0.03328
2597.59525,0.03321
2595.66682,0.03350
2593.73839,0.03351
2591.80996,0.03331
2589.88153,0.03342
2587.95310,0.03372
2586.02467,0.03372
2584.09624,0.03354
2582.16781,0.03368
2580.23938,0.03416
2578.31095,0.03447
2576.38252,0.03449
2574.45409,0.03459
2572.52566,0.03468
2570.59723,0.03445
2568.66880,0.03405
2566.74037,0.03367
2564.81194,0.03360
2562.88351,0.03392
2560.95508,0.03400
2559.02665,0.03366
2557.09822,0.03363
2555.16979,0.03413
2553.24136,0.03468
2551.31293,0.03492
2549.38450,0.03494
2547.45607,0.03511
2545.52764,0.03529
2543.59921,0.03511
2541.67078,0.03480
2539.74235,0.03463
2537.81392,0.03469
2535.88549,0.03501
2533.95706,0.03528
2532.02863,0.03520
2530.10020,0.03510
2528.17177,0.03509
2526.24334,0.03494
2524.31491,0.03477
2522.38648,0.03485
2520.45805,0.03507
2518.52962,0.03522
2516.60119,0.03542
2514.67276,0.03580
2512.74433,0.03595
2510.81590,0.03570
2508.88747,0.03553
2506.95904,0.03541
2505.03061,0.03529
2503.10218,0.03534
2501.17375,0.03534
2499.24532,0.03534
2497.31689,0.03567
2495.38846,0.03620
2493.46003,0.03653
2491.53160,0.03645
2489.60317,0.03627
2487.67474,0.03633
2485.74631,0.03653
2483.81788,0.03668
2481.88945,0.03673
2479.96102,0.03683
2478.03259,0.03701
2476.10416,0.03684
2474.17573,0.03619
2472.24730,0.03593
2470.31887,0.03658
2468.39044,0.03736
2466.46201,0.03754
2464.53358,0.03724
2462.60515,0.03698
2460.67672,0.03713
2458.74829,0.03740
2456.81986,0.03740
2454.89143,0.03728
2452.96300,0.03734
2451.03457,0.03765
2449.10614,0.03786
2447.17771,0.03774
2445.24928,0.03738
2443.32085,0.03710
2441.39242,0.03730
2439.46399,0.03790
2437.53556,0.03823
2435.60713,0.03812
2433.67870,0.03794
2431.75027,0.03806
2429.82184,0.03853
2427.89341,0.03876
2425.96498,0.03847
2424.03655,0.03825
2422.10812,0.03860
2420.17969,0.03914
2418.25126,0.03940
2416.32283,0.03942
2414.39440,0.03939
2412.46597,0.03945
2410.53754,0.03962
2408.60911,0.03959
2406.68068,0.03926
2404.75225,0.03932
2402.82382,0.03939
2400.89539,0.03945
2398.96696,0.03952
2397.03853,0.03959
2395.11010,0.03965
2393.18167,0.03972
2391.25324,0.03979
2389.32481,0.03985
2387.39638,0.03992
2385.46795,0.03998
2383.53952,0.04005
2381.61109,0.04012
2379.68266,0.04018
2377.75423,0.04025
2375.82580,0.04032
2373.89737,0.04038
2371.96894,0.04045
2370.04051,0.04051
2368.11208,0.04058
2366.18365,0.04065
2364.25522,0.04071
2362.32679,0.04078
2360.39836,0.04084
2358.46993,0.04091
2356.54150,0.04098
2354.61307,0.04104
2352.68464,0.04111
2350.75621,0.04118
2348.82778,0.04124
2346.89935,0.04131
2344.97092,0.04137
2343.04249,0.04144
2341.11406,0.04151
2339.18563,0.04157
2337.25720,0.04164
2335.32877,0.04170
2333.40034,0.04177
2331.47191,0.04184
2329.54348,0.04190
2327.61505,0.04197
2325.68662,0.04204
2323.75819,0.04210
2321.82976,0.04217
2319.90133,0.04223
2317.97290,0.04230
2316.04447,0.04237
2314.11604,0.04243
2312.18761,0.04250
2310.25918,0.04256
2308.33075,0.04263
2306.40232,0.04270
2304.47389,0.04276
2302.54546,0.04283
2300.61703,0.04290
2298.68860,0.04296
2296.76017,0.04303
2294.83174,0.04309
2292.90331,0.04316
2290.97488,0.04323
2289.04645,0.04329
2287.11802,0.04336
2285.18959,0.04343
2283.26116,0.04349
2281.33273,0.04356
2279.40430,0.04370
2277.47587,0.04376
2275.54744,0.04356
2273.61901,0.04346
2271.69058,0.04376
2269.76215,0.04424
2267.83372,0.04447
2265.90529,0.04435
2263.97686,0.04427
2262.04843,0.04456
2260.12000,0.04502
2258.19157,0.04534
2256.26314,0.04559
2254.33471,0.04582
2252.40628,0.04583
2250.47785,0.04557
2248.54942,0.04554
2246.62099,0.04532
2244.69256,0.04518
2242.76413,0.04509
2240.83570,0.04525
2238.90727,0.04549
2236.97884,0.04563
2235.05041,0.04575
2233.12198,0.04578
2231.19355,0.04562
2229.26512,0.04536
2227.33669,0.04532
2225.40826,0.04564
2223.47983,0.04586
2221.55140,0.04570
2219.62297,0.04547
2217.69454,0.04562
2215.76611,0.04624
2213.83768,0.04681
2211.90925,0.04688
2209.98082,0.04656
2208.05239,0.04619
2206.12396,0.04602
2204.19553,0.04616
2202.26710,0.04652
2200.33867,0.04694
2198.41024,0.04731
2196.48181,0.04751
2194.55338,0.04736
2192.62495,0.04703
2190.69652,0.04709
2188.76809,0.04757
2186.83966,0.04787
2184.91123,0.04778
2182.98280,0.04760
2181.05437,0.04744
2179.12594,0.04728
2177.19751,0.04715
2175.26908,0.04702
2173.34065,0.04707
2171.41222,0.04734
2169.48379,0.04739
2167.55536,0.04728
2165.62693,0.04729
2163.69850,0.04731
2161.77007,0.04727
2159.84164,0.04733
2157.91321,0.04757
2155.98478,0.04767
2154.05635,0.04746
2152.12792,0.04729
2150.19949,0.04734
2148.27106,0.04741
2146.34263,0.04748
2144.41420,0.04752
2142.48577,0.04750
2140.55734,0.04768
2138.62891,0.04796
2136.70048,0.04806
2134.77205,0.04819
2132.84362,0.04846
2130.91519,0.04866
2128.98676,0.04864
2127.05833,0.04842
2125.12990,0.04815
2123.20147,0.04806
2121.27304,0.04829
2119.34461,0.04855
2117.41618,0.04855
2115.48775,0.04846
2113.55932,0.04846
2111.63089,0.04847
2109.70245,0.04862
2107.77402,0.04889
2105.84559,0.04904
2103.91716,0.04893
2101.98873,0.04855
2100.06030,0.04834
2098.13187,0.04845
2096.20344,0.04866
2094.27501,0.04878
2092.34658,0.04888
2090.41815,0.04892
2088.48972,0.04889
2086.56129,0.04876
2084.63286,0.04878
2082.70443,0.04914
2080.77600,0.04960
2078.84757,0.04986
2076.91914,0.04976
2074.99071,0.04940
2073.06228,0.04910
2071.13385,0.04909
2069.20542,0.04928
2067.27699,0.04928
2065.34856,0.04932
2063.42013,0.04973
2061.49170,0.04987
2059.56327,0.04968
2057.63484,0.04964
2055.70641,0.04960
2053.77798,0.04955
2051.84955,0.04974
2049.92112,0.05020
2047.99269,0.05064
2046.06426,0.05089
2044.13583,0.05076
2042.20740,0.05022
2040.27897,0.05002
2038.35054,0.05010
2036.42211,0.04995
2034.49368,0.04990
2032.56525,0.05013
2030.63682,0.05040
2028.70839,0.05055
2026.77996,0.05063
2024.85153,0.05094
2022.92310,0.05165
2020.99467,0.05228
2019.06624,0.05202
2017.13781,0.05114
2015.20938,0.05056
2013.28095,0.05018
2011.35252,0.04988
2009.42409,0.04980
2007.49566,0.04978
2005.56723,0.04981
2003.63880,0.04997
2001.71037,0.05029
1999.78194,0.05060
1997.85351,0.05081
1995.92508,0.05072
1993.99665,0.05017
1992.06822,0.05000
1990.13979,0.05047
1988.21136,0.05061
1986.28293,0.05068
1984.35450,0.05110
1982.42607,0.05163
1980.49764,0.05194
1978.56921,0.05187
1976.64078,0.05178
1974.71235,0.05196
1972.78392,0.05245
1970.85549,0.05289
1968.92706,0.05252
1966.99863,0.05176
1965.07020,0.05174
1963.14177,0.05205
1961.21334,0.05233
1959.28491,0.05266
1957.35648,0.05269
1955.42805,0.05244
1953.49962,0.05225
1951.57119,0.05223
1949.64276,0.05244
1947.71433,0.05288
1945.78590,0.05320
1943.85747,0.05296
1941.92904,0.05291
1940.00061,0.05328
1938.07218,0.05327
1936.14375,0.05313
1934.21532,0.05312
1932.28689,0.05317
1930.35846,0.05326
1928.43003,0.05338
1926.50160,0.05338
1924.57317,0.05298
1922.64474,0.05291
1920.71631,0.05317
1918.78788,0.05289
1916.85945,0.05325
1914.93102,0.05414
1913.00259,0.05403
1911.07416,0.05321
1909.14573,0.05297
1907.21730,0.05365
1905.28887,0.05425
1903.36044,0.05435
1901.43201,0.05431
1899.50358,0.05430
1897.57515,0.05434
1895.64672,0.05461
1893.71829,0.05503
1891.78986,0.05457
1889.86143,0.05392
1887.93300,0.05452
1886.00457,0.05492
1884.07614,0.05446
1882.14771,0.05426
1880.21928,0.05445
1878.29085,0.05476
1876.36242,0.05511
1874.43399,0.05550
1872.50556,0.05539
1870.57713,0.05411
1868.64870,0.05334
1866.72027,0.05474
1864.79184,0.05614
1862.86341,0.05605
1860.93498,0.05530
1859.00655,0.05481
1857.07812,0.05484
1855.14969,0.05518
1853.22126,0.05560
1851.29283,0.05596
1849.36440,0.05609
1847.43597,0.05586
1845.50754,0.05524
1843.57911,0.05576
1841.65068,0.05734
1839.72225,0.05732
1837.79382,0.05629
1835.86539,0.05634
1833.93696,0.05684
1832.00853,0.05605
1830.08010,0.05510
1828.15167,0.05578
1826.22324,0.05596
1824.29481,0.05601
1822.36638,0.05699
1820.43795,0.05732
1818.50952,0.05706
1816.58109,0.05718
1814.65266,0.05746
1812.72423,0.05711
1810.79580,0.05678
1808.86737,0.05708
1806.93894,0.05726
1805.01051,0.05715
1803.08208,0.05684
1801.15365,0.05671
1799.22522,0.05750
1797.29679,0.05849
1795.36836,0.05823
1793.43993,0.05664
1791.51150,0.05630
1789.58307,0.05786
1787.65464,0.05828
1785.72621,0.05770
1783.79778,0.05739
1781.86935,0.05690
1779.94092,0.05708
1778.01249,0.05811
1776.08406,0.05770
1774.15563,0.05553
1772.22720,0.05470
1770.29877,0.05671
1768.37034,0.05808
1766.44191,0.05856
1764.51348,0.05830
1762.58505,0.05762
1760.65662,0.05848
1758.72819,0.05931
1756.79976,0.05957
1754.87133,0.06015
1752.94290,0.05911
1751.01447,0.05755
1749.08604,0.05827
1747.15761,0.06017
1745.22918,0.06103
1743.30075,0.06058
1741.37232,0.05972
1739.44389,0.06027
1737.51546,0.06149
1735.58703,0.05935
1733.65860,0.05702
1731.73017,0.05855
1729.80174,0.06003
1727.87331,0.06055
1725.94488,0.06015
1724.01645,0.05969
1722.08802,0.05998
1720.15959,0.05879
1718.23116,0.05644
1716.30273,0.05723
1714.37430,0.05992
1712.44587,0.06124
1710.51744,0.06100
1708.58901,0.05984
1706.66058,0.05909
1704.73215,0.06087
1702.80372,0.06266
1700.87529,0.06193
1698.94686,0.06185
1697.01843,0.06136
1695.09000,0.06162
1693.16157,0.06291
1691.23314,0.06263
1689.30471,0.06265
1687.37628,0.06271
1685.44785,0.06005
1683.51942,0.05968
1681.59099,0.06311
1679.66256,0.06446
1677.73413,0.06318
1675.80570,0.06175
1673.87727,0.06242
1671.94884,0.06192
1670.02041,0.06016
1668.09198,0.06212
1666.16355,0.06397
1664.23512,0.06251
1662.30669,0.06191
1660.37826,0.06424
1658.44983,0.06565
1656.52140,0.06379
1654.59297,0.06012
1652.66454,0.06182
1650.73611,0.06711
1648.80768,0.06588
1646.87925,0.06245
1644.95082,0.06387
1643.02239,0.06491
1641.09396,0.06366
1639.16553,0.06138
1637.23710,0.05851
1635.30867,0.05847
1633.38024,0.06134
1631.45181,0.06162
1629.52338,0.05994
1627.59495,0.05962
1625.66652,0.05993
1623.73809,0.05957
1621.80966,0.06077
1619.88123,0.06090
1617.95280,0.05801
1616.02437,0.05761
1614.09594,0.05999
1612.16751,0.05992
1610.23908,0.05832
1608.31065,0.05793
1606.38222,0.05848
1604.45379,0.05855
1602.52536,0.05855
1600.59693,0.05912
1598.66850,0.05936
1596.74007,0.05895
1594.81164,0.05879
1592.88321,0.05915
1590.95478,0.05943
1589.02635,0.05967
1587.09792,0.05989
1585.16949,0.05988
1583.24106,0.05995
1581.31263,0.06023
1579.38420,0.05940
1577.45577,0.05730
1575.52734,0.05837
1573.59891,0.06163
1571.67048,0.06082
1569.74205,0.05883
1567.81362,0.05998
1565.88519,0.06101
1563.95676,0.06123
1562.02833,0.05982
1560.09990,0.05602
1558.17147,0.05715
1556.24304,0.06133
1554.31461,0.06177
1552.38618,0.06058
1550.45775,0.05981
1548.52932,0.06072
1546.60089,0.06111
1544.67246,0.05931
1542.74403,0.05673
1540.81560,0.05514
1538.88717,0.05967
1536.95874,0.06341
1535.03031,0.06131
1533.10188,0.05938
1531.17345,0.06113
1529.24502,0.06125
1527.31659,0.06018
1525.38816,0.06085
1523.45973,0.06083
1521.53130,0.06075
1519.60287,0.06295
1517.67444,0.06313
1515.74601,0.06280
1513.81758,0.06358
1511.88915,0.06360
1509.96072,0.06168
1508.03229,0.05770
1506.10385,0.05736
1504.17542,0.06078
1502.24699,0.06131
1500.31856,0.05922
1498.39013,0.05751
1496.46170,0.05847
1494.53327,0.06075
1492.60484,0.05987
1490.67641,0.05636
1488.74798,0.05566
1486.81955,0.05760
1484.89112,0.05848
1482.96269,0.05786
1481.03426,0.05786
1479.10583,0.05888
1477.17740,0.05883
1475.24897,0.05682
1473.32054,0.05456
1471.39211,0.05632
1469.46368,0.05948
1467.53525,0.05907
1465.60682,0.05708
1463.67839,0.05823
1461.74996,0.06036
1459.82153,0.05906
1457.89310,0.05673
1455.96467,0.05889
1454.03624,0.06120
1452.10781,0.06067
1450.17938,0.05915
1448.25095,0.05835
1446.32252,0.05893
1444.39409,0.05955
1442.46566,0.05957
1440.53723,0.05937
1438.60880,0.05833
1436.68037,0.05825
1434.75194,0.06057
1432.82351,0.06129
1430.89508,0.06008
1428.96665,0.05976
1427.03822,0.05970
1425.10979,0.05898
1423.18136,0.05932
1421.25293,0.05958
1419.32450,0.05877
1417.39607,0.05947
1415.46764,0.06037
1413.53921,0.05993
1411.61078,0.05938
1409.68235,0.05962
1407.75392,0.05962
1405.82549,0.05904
1403.89706,0.05936
1401.96863,0.05971
1400.04020,0.05878
1398.11177,0.05815
1396.18334,0.05833
1394.25491,0.05950
1392.32648,0.06127
1390.39805,0.06132
1388.46962,0.06000
1386.54119,0.05986
1384.61276,0.06077
1382.68433,0.06095
1380.75590,0.06076
1378.82747,0.06084
1376.89904,0.06046
1374.97061,0.05965
1373.04218,0.06011
1371.11375,0.06092
1369.18532,0.06085
1367.25689,0.06107
1365.32846,0.06097
1363.40003,0.06006
1361.47160,0.06012
1359.54317,0.06070
1357.61474,0.06038
1355.68631,0.05968
1353.75788,0.05943
1351.82945,0.05932
1349.90102,0.05908
1347.97259,0.05913
1346.04416,0.05963
1344.11573,0.06005
1342.18730,0.05942
1340.25887,0.05800
1338.33044,0.05769
1336.40201,0.05821
1334.47358,0.05804
1332.54515,0.05739
1330.61672,0.05697
1328.68829,0.05689
1326.75986,0.05686
1324.83143,0.05670
1322.90300,0.05640
1320.97457,0.05614
1319.04614,0.05636
1317.11771,0.05685
1315.18928,0.05675
1313.26085,0.05631
1311.33242,0.05621
1309.40399,0.05622
1307.47556,0.05619
1305.54713,0.05617
1303.61870,0.05590
1301.69027,0.05546
1299.76184,0.05527
1297.83341,0.05543
1295.90498,0.05572
1293.97655,0.05595
1292.04812,0.05601
1290.11969,0.05580
1288.19126,0.05552
1286.26283,0.05546
1284.33440,0.05545
1282.40597,0.05528
1280.47754,0.05502
1278.54911,0.05481
1276.62068,0.05470
1274.69225,0.05469
1272.76382,0.05480
1270.83539,0.05509
1268.90696,0.05553
1266.97853,0.05576
1265.05010,0.05574
1263.12167,0.05597
1261.19324,0.05639
1259.26481,0.05649
1257.33638,0.05617
1255.40795,0.05589
1253.47952,0.05607
1251.55109,0.05641
1249.62266,0.05663
1247.69423,0.05704
1245.76580,0.05770
1243.83737,0.05840
1241.90894,0.05907
1239.98051,0.05966
1238.05208,0.06023
1236.12365,0.06093
1234.19522,0.06170
1232.26679,0.06247
1230.33836,0.06309
1228.40993,0.06350
1226.48150,0.06415
1224.55307,0.06528
1222.62464,0.06635
1220.69621,0.06709
1218.76778,0.06776
1216.83935,0.06845
1214.91092,0.06907
1212.98249,0.06954
1211.05406,0.07000
1209.12563,0.07072
1207.19720,0.07147
1205.26877,0.07180
1203.34034,0.07173
1201.41191,0.07197
1199.48348,0.07229
1197.55505,0.07303
1195.62662,0.07364
1193.69819,0.07429
1191.76976,0.07517
1189.84133,0.07551
1187.91290,0.07497
1185.98447,0.07456
1184.05604,0.07522
1182.12761,0.07674
1180.19918,0.07808
1178.27075,0.07828
1176.34232,0.07782
1174.41389,0.07810
1172.48546,0.07924
1170.55703,0.08011
1168.62860,0.08059
1166.70017,0.08136
1164.77174,0.08254
1162.84331,0.08375
1160.91488,0.08472
1158.98645,0.08562
1157.05802,0.08665
1155.12959,0.08773
1153.20116,0.08887
1151.27273,0.08980
1149.34430,0.09014
1147.41587,0.09032
1145.48744,0.09122
1143.55901,0.09262
1141.63058,0.09342
1139.70215,0.09313
1137.77372,0.09271
1135.84529,0.09365
1133.91686,0.09567
1131.98843,0.09711
1130.06000,0.09771
1128.13157,0.09836
1126.20314,0.09957
1124.27471,0.10137
1122.34628,0.10301
1120.41785,0.10388
1118.48942,0.10448
1116.56099,0.10544
1114.63256,0.10726
1112.70413,0.11019
1110.77570,0.11321
1108.84727,0.11515
1106.91884,0.11629
1104.99041,0.11745
1103.06198,0.11863
1101.13355,0.11958
1099.20512,0.12052
1097.27669,0.12160
1095.34826,0.12278
1093.41983,0.12388
1091.49140,0.12456
1089.56297,0.12502
1087.63454,0.12561
1085.70611,0.12614
1083.77768,0.12662
1081.84925,0.12710
1079.92082,0.12765
1077.99239,0.12849
1076.06396,0.12919
1074.13553,0.12923
1072.20710,0.12932
1070.27867,0.12997
1068.35024,0.13041
1066.42181,0.12958
1064.49338,0.12743
1062.56495,0.12568
1060.63652,0.12554
1058.70809,0.12560
1056.77966,0.12449
1054.85123,0.12267
1052.92280,0.12051
1050.99437,0.11812
1049.06594,0.11616
1047.13751,0.11447
1045.20908,0.11218
1043.28065,0.10902
1041.35222,0.10589
1039.42379,0.10359
1037.49536,0.10104
1035.56693,0.09745
1033.63850,0.09348
1031.71007,0.08975
1029.78164,0.08657
1027.85321,0.08397
1025.92478,0.08154
1023.99635,0.07900
1022.06792,0.07639
1020.13949,0.07353
1018.21106,0.07063
1016.28263,0.06865
1014.35420,0.06742
1012.42577,0.06601
1010.49734,0.06427
1008.56891,0.06213
1006.64048,0.05990
1004.71205,0.05868
1002.78362,0.05873
1000.85519,0.05905
998.92676,0.05871
996.99833,0.05781
995.06990,0.05714
993.14147,0.05736
991.21304,0.05836
989.28461,0.05922
987.35618,0.05917
985.42775,0.05854
983.49932,0.05822
981.57089,0.05829
979.64246,0.05851
977.71403,0.05894
975.78560,0.05937
973.85717,0.05957
971.92874,0.05920
970.00031,0.05796
968.07188,0.05629
966.14345,0.05484
964.21502,0.05396
962.28659,0.05307
960.35816,0.05155
958.42973,0.05018
956.50130,0.04946
954.57287,0.04871
952.64444,0.04761
950.71601,0.04653
948.78758,0.04559
946.85915,0.04472
944.93072,0.04413
943.00229,0.04346
941.07386,0.04211
939.14543,0.04070
937.21700,0.04041
935.28857,0.04102
933.36014,0.04095
931.43171,0.03966
929.50328,0.03818
927.57485,0.03745
925.64642,0.03781
923.71799,0.03875
921.78956,0.03902
919.86113,0.03822
917.93270,0.03735
916.00427,0.03739
914.07584,0.03802
912.14741,0.03818
910.21898,0.03756
908.29055,0.03657
906.36212,0.03573
904.43368,0.03538
902.50525,0.03529
900.57682,0.03507
898.64839,0.03430
896.71996,0.03283
894.79153,0.03142
892.86310,0.03089
890.93467,0.03093
889.00624,0.03050
887.07781,0.02924
885.14938,0.02774
883.22095,0.02680
881.29252,0.02636
879.36409,0.02567
877.43566,0.02478
875.50723,0.02410
873.57880,0.02345
871.65037,0.02289
869.72194,0.02231
867.79351,0.02152
865.86508,0.02088
863.93665,0.02099
862.00822,0.02175
860.07979,0.02230
858.15136,0.02236
856.22293,0.02276
854.29450,0.02374
852.36607,0.02456
850.43764,0.02453
848.50921,0.02382
846.58078,0.02303
844.65235,0.02265
842.72392,0.02247
840.79549,0.02228
838.86706,0.02276
836.93863,0.02376
835.01020,0.02447
833.08177,0.02556
831.15334,0.02731
829.22491,0.02847
827.29648,0.02859
825.36805,0.02878
823.43962,0.02962
821.51119,0.03010
819.58276,0.02990
817.65433,0.03011
815.72590,0.03052
813.79747,0.03031
811.86904,0.02985
809.94061,0.02935
808.01218,0.02903
806.08375,0.02911
804.15532,0.02867
802.22689,0.02750
800.29846,0.02662
798.37003,0.02652
796.44160,0.02681
794.51317,0.02627
792.58474,0.02454
790.65631,0.02298
788.72788,0.02275
786.79945,0.02316
784.87102,0.02254
782.94259,0.02082
781.01416,0.01918
779.08573,0.01777
777.15730,0.01652
775.22887,0.01581
773.30044,0.01553
771.37201,0.01568
769.44358,0.01644
767.51515,0.01679
765.58672,0.01615
763.65829,0.01572
761.72986,0.01611
759.80143,0.01695
757.87300,0.01787
755.94457,0.01835
754.01614,0.01908
752.08771,0.02060
750.15928,0.02198
748.23085,0.02280
746.30242,0.02277
744.37399,0.02210
742.44556,0.02187
740.51713,0.02171
738.58870,0.02115
736.66027,0.02073
734.73184,0.02010
732.80341,0.01898
730.87498,0.01873
728.94655,0.01963
727.01812,0.01940
725.08969,0.01774
723.16126,0.01780
721.23283,0.01863
719.30440,0.01908
717.37597,0.01853
715.44754,0.01780
713.51911,0.01784
711.59068,0.01823
709.66225,0.01775
707.73382,0.01649
705.80539,0.01585
703.87696,0.01591
701.94853,0.01672
700.02010,0.01781
698.09167,0.01846
696.16324,0.01893
694.23481,0.02057
692.30638,0.02278
690.37795,0.02326
688.44952,0.02182
686.52109,0.02013
684.59266,0.01938
682.66423,0.02031
680.73580,0.02289
678.80737,0.02566
676.87894,0.02692
674.95051,0.02726
673.02208,0.02904
671.09365,0.03183
669.16522,0.03195
667.23679,0.02906
665.30836,0.02845
663.37993,0.03115
661.45150,0.03360
659.52307,0.03206
657.59464,0.02744
655.66621,0.02447
653.73778,0.02471
651.80935,0.02480
649.88092,0.02217
647.95249,0.01959
646.02406,0.02152
644.09563,0.02694
642.16720,0.02974
640.23877,0.02609
638.31034,0.01951
636.38191,0.01619
634.45348,0.01607
632.52505,0.01792
630.59662,0.02057
628.66819,0.02249
626.73976,0.02091
624.81133,0.01658
622.88290,0.01416
620.95447,0.01619
619.02604,0.01835
617.09761,0.01629
615.16918,0.01236
613.24075,0.01268
611.31232,0.01171
609.38389,0.00696
607.45546,0.00286
605.52703,0.00050
603.59860,0.00000
601.67017,-0.00156
599.74174,0.00000
