4001.49232,0.00077
3999.56389,0.00060
3997.63546,0.00033
3995.70703,0.00003
3993.77860,0.00000
3991.85017,0.00048
3989.92174,0.00116
3987.99331,0.00174
3986.06488,0.00212
3984.13645,0.00212
3982.20802,0.00168
3980.27959,0.00121
3978.35116,0.00108
3976.42273,0.00132
3974.49430,0.00169
3972.56587,0.00188
3970.63744,0.00183
3968.70901,0.00165
3966.78058,0.00141
3964.85215,0.00119
3962.92372,0.00118
3960.99529,0.00137
3959.06686,0.00149
3957.13843,0.00144
3955.21000,0.00161
3953.28157,0.00242
3951.35314,0.00346
3949.42471,0.00382
3947.49628,0.00332
3945.56785,0.00267
3943.63942,0.00204
3941.71099,0.00137
3939.78256,0.00106
3937.85413,0.00111
3935.92570,0.00138
3933.99727,0.00182
3932.06884,0.00186
3930.14041,0.00150
3928.21198,0.00176
3926.28355,0.00248
3924.35512,0.00256
3922.42669,0.00213
3920.49826,0.00205
3918.56982,0.00198
3916.64139,0.00144
3914.71296,0.00107
3912.78453,0.00132
3910.85610,0.00195
3908.92767,0.00276
3906.99924,0.00355
3905.07081,0.00382
3903.14238,0.00330
3901.21395,0.00245
3899.28552,0.00188
3897.35709,0.00207
3895.42866,0.00294
3893.50023,0.00348
3891.57180,0.00288
3889.64337,0.00223
3887.71494,0.00254
3885.78651,0.00302
3883.85808,0.00318
3881.92965,0.00295
3880.00122,0.00205
3878.07279,0.00163
3876.14436,0.00248
3874.21593,0.00355
3872.28750,0.00381
3870.35907,0.00323
3868.43064,0.00295
3866.50221,0.00362
3864.57378,0.00369
3862.64535,0.00242
3860.71692,0.00177
3858.78849,0.00284
3856.86006,0.00467
3854.93163,0.00507
3853.00320,0.00248
3851.07477,0.00018
3849.14634,0.00099
3847.21791,0.00314
3845.28948,0.00462
3843.36105,0.00519
3841.43262,0.00550
3839.50419,0.00509
3837.57576,0.00309
3835.64733,0.00134
3833.71890,0.00128
3831.79047,0.00210
3829.86204,0.00281
3827.93361,0.00287
3826.00518,0.00265
3824.07675,0.00300
3822.14832,0.00320
3820.21989,0.00221
3818.29146,0.00122
3816.36303,0.00067
3814.43460,0.00047
3812.50617,0.00135
3810.57774,0.00293
3808.64931,0.00387
3806.72088,0.00360
3804.79245,0.00333
3802.86402,0.00305
3800.93559,0.00154
3799.00716,0.00044
3797.07873,0.00071
3795.15030,0.00128
3793.22187,0.00210
3791.29344,0.00307
3789.36501,0.00356
3787.43658,0.00356
3785.50815,0.00346
3783.57972,0.00353
3781.65129,0.00361
3779.72286,0.00332
3777.79443,0.00295
3775.86600,0.00310
3773.93757,0.00348
3772.00914,0.00338
3770.08071,0.00260
3768.15228,0.00192
3766.22385,0.00196
3764.29542,0.00266
3762.36699,0.00382
3760.43856,0.00450
3758.51013,0.00390
3756.58170,0.00305
3754.65327,0.00276
3752.72484,0.00238
3750.79641,0.00170
3748.86798,0.00202
3746.93955,0.00291
3745.01112,0.00264
3743.08269,0.00215
3741.15426,0.00331
3739.22583,0.00503
3737.29740,0.00549
3735.36897,0.00453
3733.44054,0.00336
3731.51211,0.00267
3729.58368,0.00258
3727.65525,0.00268
3725.72682,0.00234
3723.79839,0.00163
3721.86996,0.00100
3719.94153,0.00091
3718.01310,0.00174
3716.08467,0.00336
3714.15624,0.00511
3712.22781,0.00546
3710.29938,0.00353
3708.37095,0.00164
3706.44252,0.00157
3704.51409,0.00258
3702.58566,0.00325
3700.65723,0.00323
3698.72880,0.00340
3696.80037,0.00398
3694.87194,0.00452
3692.94351,0.00473
3691.01508,0.00423
3689.08665,0.00306
3687.15822,0.00255
3685.22979,0.00305
3683.30136,0.00380
3681.37293,0.00455
3679.44450,0.00533
3677.51607,0.00555
3675.58764,0.00460
3673.65921,0.00367
3671.73078,0.00330
3669.80235,0.00236
3667.87392,0.00196
3665.94549,0.00307
3664.01706,0.00430
3662.08863,0.00487
3660.16020,0.00535
3658.23177,0.00588
3656.30334,0.00588
3654.37491,0.00595
3652.44648,0.00696
3650.51805,0.00737
3648.58962,0.00549
3646.66119,0.00375
3644.73276,0.00407
3642.80433,0.00533
3640.87590,0.00631
3638.94747,0.00672
3637.01904,0.00687
3635.09061,0.00710
3633.16218,0.00787
3631.23375,0.00905
3629.30532,0.00896
3627.37689,0.00726
3625.44846,0.00671
3623.52003,0.00748
3621.59160,0.00795
3619.66317,0.00733
3617.73474,0.00640
3615.80631,0.00645
3613.87788,0.00727
3611.94945,0.00819
3610.02102,0.00883
3608.09259,0.00880
3606.16416,0.00846
3604.23573,0.00863
3602.30730,0.00917
3600.37887,0.00965
3598.45044,0.01021
3596.52201,0.01055
3594.59358,0.01003
3592.66515,0.00928
3590.73672,0.00931
3588.80829,0.00945
3586.87986,0.00854
3584.95143,0.00768
3583.02300,0.00820
3581.09457,0.00920
3579.16614,0.00961
3577.23771,0.00970
3575.30928,0.00996
3573.38085,0.01030
3571.45242,0.01068
3569.52399,0.01103
3567.59556,0.01080
3565.66713,0.00989
3563.73870,0.00962
3561.81027,0.01042
3559.88184,0.01124
3557.95341,0.01132
3556.02498,0.01109
3554.09655,0.01111
3552.16812,0.01134
3550.23969,0.01190
3548.31126,0.01269
3546.38283,0.01274
3544.45440,0.01172
3542.52597,0.01068
3540.59754,0.01022
3538.66911,0.01026
3536.74068,0.01060
3534.81225,0.01114
3532.88382,0.01183
3530.95539,0.01271
3529.02696,0.01348
3527.09853,0.01369
3525.17010,0.01334
3523.24167,0.01293
3521.31324,0.01294
3519.38481,0.01327
3517.45638,0.01339
3515.52795,0.01307
3513.59952,0.01278
3511.67109,0.01286
3509.74266,0.01306
3507.81423,0.01340
3505.88580,0.01413
3503.95737,0.01474
3502.02894,0.01461
3500.10051,0.01406
3498.17208,0.01365
3496.24365,0.01344
3494.31522,0.01331
3492.38679,0.01313
3490.45836,0.01301
3488.52993,0.01324
3486.60150,0.01363
3484.67307,0.01384
3482.74464,0.01416
3480.81621,0.01488
3478.88778,0.01557
3476.95935,0.01575
3475.03092,0.01543
3473.10249,0.01503
3471.17406,0.01499
3469.24563,0.01526
3467.31720,0.01550
3465.38877,0.01549
3463.46034,0.01526
3461.53191,0.01493
3459.60348,0.01454
3457.67505,0.01428
3455.74662,0.01453
3453.81819,0.01501
3451.88976,0.01513
3449.96133,0.01546
3448.03290,0.01644
3446.10447,0.01699
3444.17604,0.01656
3442.24761,0.01600
3440.31918,0.01603
3438.39075,0.01652
3436.46232,0.01684
3434.53389,0.01669
3432.60546,0.01640
3430.67703,0.01637
3428.74860,0.01649
3426.82017,0.01654
3424.89174,0.01655
3422.96331,0.01662
3421.03488,0.01666
3419.10645,0.01674
3417.17802,0.01731
3415.24959,0.01811
3413.32116,0.01821
3411.39273,0.01757
3409.46430,0.01704
3407.53587,0.01710
3405.60744,0.01743
3403.67901,0.01753
3401.75058,0.01725
3399.82215,0.01679
3397.89372,0.01651
3395.96529,0.01647
3394.03686,0.01681
3392.10843,0.01751
3390.18000,0.01788
3388.25157,0.01777
3386.32314,0.01776
3384.39471,0.01805
3382.46628,0.01852
3380.53785,0.01898
3378.60942,0.01909
3376.68099,0.01882
3374.75256,0.01850
3372.82413,0.01839
3370.89570,0.01860
3368.96727,0.01903
3367.03884,0.01920
3365.11041,0.01890
3363.18198,0.01885
3361.25355,0.01908
3359.32512,0.01899
3357.39669,0.01883
3355.46826,0.01901
3353.53983,0.01925
3351.61140,0.01926
3349.68297,0.01901
3347.75454,0.01891
3345.82611,0.01937
3343.89768,0.01987
3341.96925,0.01976
3340.04082,0.01945
3338.11239,0.01934
3336.18396,0.01933
3334.25553,0.01948
3332.32710,0.01973
3330.39867,0.01997
3328.47024,0.02039
3326.54181,0.02086
3324.61338,0.02089
3322.68495,0.02047
3320.75652,0.02019
3318.82809,0.02032
3316.89966,0.02063
3314.97122,0.02078
3313.04279,0.02073
3311.11436,0.02068
3309.18593,0.02074
3307.25750,0.02111
3305.32907,0.02174
3303.40064,0.02211
3301.47221,0.02219
3299.54378,0.02235
3297.61535,0.02241
3295.68692,0.02220
3293.75849,0.02201
3291.83006,0.02197
3289.90163,0.02187
3287.97320,0.02155
3286.04477,0.02136
3284.11634,0.02194
3282.18791,0.02286
3280.25948,0.02324
3278.33105,0.02302
3276.40262,0.02242
3274.47419,0.02179
3272.54576,0.02151
3270.61733,0.02136
3268.68890,0.02092
3266.76047,0.02036
3264.83204,0.02009
3262.90361,0.02006
3260.97518,0.02009
3259.04675,0.02032
3257.11832,0.02061
3255.18989,0.02061
3253.26146,0.02032
3251.33303,0.01998
3249.40460,0.01977
3247.47617,0.01957
3245.54774,0.01900
3243.61931,0.01812
3241.69088,0.01764
3239.76245,0.01795
3237.83402,0.01854
3235.90559,0.01880
3233.97716,0.01885
3232.04873,0.01909
3230.12030,0.01926
3228.19187,0.01914
3226.26344,0.01892
3224.33501,0.01863
3222.40658,0.01836
3220.47815,0.01831
3218.54972,0.01821
3216.62129,0.01798
3214.69286,0.01788
3212.76443,0.01792
3210.83600,0.01798
3208.90757,0.01787
3206.97914,0.01769
3205.05071,0.01771
3203.12228,0.01793
3201.19385,0.01804
3199.26542,0.01768
3197.33699,0.01691
3195.40856,0.01627
3193.48013,0.01600
3191.55170,0.01596
3189.62327,0.01606
3187.69484,0.01614
3185.76641,0.01618
3183.83798,0.01618
3181.90955,0.01615
3179.98112,0.01601
3178.05269,0.01558
3176.12426,0.01516
3174.19583,0.01536
3172.26740,0.01586
3170.33897,0.01587
3168.41054,0.01550
3166.48211,0.01550
3164.55368,0.01602
3162.62525,0.01645
3160.69682,0.01631
3158.76839,0.01577
3156.83996,0.01536
3154.91153,0.01513
3152.98310,0.01491
3151.05467,0.01484
3149.12624,0.01492
3147.19781,0.01475
3145.26938,0.01431
3143.34095,0.01404
3141.41252,0.01393
3139.48409,0.01353
3137.55566,0.01317
3135.62723,0.01349
3133.69880,0.01423
3131.77037,0.01466
3129.84194,0.01455
3127.91351,0.01437
3125.98508,0.01427
3124.05665,0.01399
3122.12822,0.01371
3120.19979,0.01373
3118.27136,0.01374
3116.34293,0.01354
3114.41450,0.01325
3112.48607,0.01282
3110.55764,0.01229
3108.62921,0.01220
3106.70078,0.01277
3104.77235,0.01325
3102.84392,0.01305
3100.91549,0.01279
3098.98706,0.01310
3097.05863,0.01363
3095.13020,0.01380
3093.20177,0.01342
3091.27334,0.01284
3089.34491,0.01258
3087.41648,0.01288
3085.48805,0.01337
3083.55962,0.01351
3081.63119,0.01325
3079.70276,0.01300
3077.77433,0.01288
3075.84590,0.01277
3073.91747,0.01275
3071.98904,0.01280
3070.06061,0.01272
3068.13218,0.01250
3066.20375,0.01228
3064.27532,0.01228
3062.34689,0.01243
3060.41846,0.01239
3058.49003,0.01220
3056.56160,0.01214
3054.63317,0.01217
3052.70474,0.01227
3050.77631,0.01237
3048.84788,0.01239
3046.91945,0.01241
3044.99102,0.01242
3043.06259,0.01220
3041.13416,0.01173
3039.20573,0.01139
3037.27730,0.01153
3035.34887,0.01201
3033.42044,0.01218
3031.49201,0.01185
3029.56358,0.01161
3027.63515,0.01173
3025.70672,0.01177
3023.77829,0.01153
3021.84986,0.01125
3019.92143,0.01113
3017.99300,0.01123
3016.06457,0.01139
3014.13614,0.01146
3012.20771,0.01139
3010.27928,0.01117
3008.35085,0.01101
3006.42242,0.01096
3004.49399,0.01087
3002.56556,0.01091
3000.63713,0.01114
2998.70870,0.01105
2996.78027,0.01066
2994.85184,0.01084
2992.92341,0.01161
2990.99498,0.01198
2989.06655,0.01157
2987.13812,0.01105
2985.20969,0.01103
2983.28126,0.01153
2981.35283,0.01212
2979.42440,0.01227
2977.49597,0.01212
2975.56754,0.01212
2973.63911,0.01222
2971.71068,0.01223
2969.78225,0.01229
2967.85382,0.01256
2965.92539,0.01276
2963.99696,0.01271
2962.06853,0.01262
2960.14010,0.01257
2958.21167,0.01251
2956.28324,0.01243
2954.35481,0.01231
2952.42638,0.01221
2950.49795,0.01221
2948.56952,0.01223
2946.64109,0.01215
2944.71266,0.01209
2942.78423,0.01220
2940.85580,0.01238
2938.92737,0.01240
2936.99894,0.01240
2935.07051,0.01239
2933.14208,0.01231
2931.21365,0.01245
2929.28522,0.01266
2927.35679,0.01247
2925.42836,0.01218
2923.49993,0.01218
2921.57150,0.01201
2919.64307,0.01150
2917.71464,0.01112
2915.78621,0.01103
2913.85778,0.01106
2911.92935,0.01095
2910.00092,0.01069
2908.07249,0.01044
2906.14406,0.01005
2904.21563,0.00943
2902.28720,0.00908
2900.35877,0.00941
2898.43034,0.00992
2896.50191,0.01003
2894.57348,0.00995
2892.64505,0.01007
2890.71662,0.01013
2888.78819,0.00986
2886.85976,0.00948
2884.93133,0.00918
2883.00290,0.00907
2881.07447,0.00928
2879.14604,0.00951
2877.21761,0.00950
2875.28918,0.00943
2873.36075,0.00961
2871.43232,0.01004
2869.50389,0.01038
2867.57546,0.01031
2865.64703,0.00976
2863.71860,0.00908
2861.79017,0.00888
2859.86174,0.00927
2857.93331,0.00953
2856.00488,0.00934
2854.07645,0.00900
2852.14802,0.00861
2850.21959,0.00836
2848.29116,0.00846
2846.36273,0.00860
2844.43430,0.00856
2842.50587,0.00853
2840.57744,0.00855
2838.64901,0.00850
2836.72058,0.00841
2834.79215,0.00823
2832.86372,0.00789
2830.93529,0.00763
2829.00686,0.00761
2827.07843,0.00773
2825.15000,0.00785
2823.22157,0.00783
2821.29314,0.00780
2819.36471,0.00779
2817.43628,0.00757
2815.50785,0.00729
2813.57942,0.00720
2811.65099,0.00720
2809.72256,0.00717
2807.79413,0.00732
2805.86570,0.00764
2803.93727,0.00772
2802.00884,0.00747
2800.08041,0.00721
2798.15198,0.00703
2796.22355,0.00685
2794.29512,0.00683
2792.36669,0.00703
2790.43826,0.00707
2788.50983,0.00682
2786.58140,0.00679
2784.65297,0.00709
2782.72454,0.00730
2780.79611,0.00746
2778.86768,0.00773
2776.93925,0.00765
2775.01082,0.00707
2773.08239,0.00665
2771.15396,0.00682
2769.22553,0.00714
2767.29710,0.00709
2765.36867,0.00676
2763.44024,0.00652
2761.51181,0.00651
2759.58338,0.00662
2757.65495,0.00674
2755.72652,0.00684
2753.79809,0.00689
2751.86966,0.00689
2749.94123,0.00688
2748.01280,0.00681
2746.08437,0.00657
2744.15594,0.00630
2742.22751,0.00626
2740.29908,0.00652
2738.37065,0.00686
2736.44222,0.00681
2734.51379,0.00628
2732.58536,0.00581
2730.65693,0.00578
2728.72850,0.00600
2726.80007,0.00620
2724.87164,0.00636
2722.94321,0.00650
2721.01478,0.00647
2719.08635,0.00633
2717.15792,0.00631
2715.22949,0.00628
2713.30105,0.00621
2711.37262,0.00634
2709.44419,0.00651
2707.51576,0.00642
2705.58733,0.00617
2703.65890,0.00603
2701.73047,0.00581
2699.80204,0.00561
2697.87361,0.00581
2695.94518,0.00610
2694.01675,0.00613
2692.08832,0.00620
2690.15989,0.00639
2688.23146,0.00637
2686.30303,0.00600
2684.37460,0.00582
2682.44617,0.00613
2680.51774,0.00637
2678.58931,0.00625
2676.66088,0.00602
2674.73245,0.00590
2672.80402,0.00586
2670.87559,0.00572
2668.94716,0.00550
2667.01873,0.00546
2665.09030,0.00565
2663.16187,0.00579
2661.23344,0.00581
2659.30501,0.00586
2657.37658,0.00597
2655.44815,0.00605
2653.51972,0.00599
2651.59129,0.00588
2649.66286,0.00591
2647.73443,0.00607
2645.80600,0.00618
2643.87757,0.00615
2641.94914,0.00599
2640.02071,0.00584
2638.09228,0.00567
2636.16385,0.00532
2634.23542,0.00513
2632.30699,0.00538
2630.37856,0.00579
2628.45013,0.00597
2626.52170,0.00586
2624.59327,0.00574
2622.66484,0.00569
2620.73641,0.00559
2618.80798,0.00544
2616.87955,0.00527
2614.95112,0.00513
2613.02269,0.00511
2611.09426,0.00528
2609.16583,0.00541
2607.23740,0.00523
2605.30897,0.00504
2603.38054,0.00509
2601.45211,0.00521
2599.52368,0.00538
2597.59525,0.00581
2595.66682,0.00616
2593.73839,0.00601
2591.80996,0.00557
2589.88153,0.00512
2587.95310,0.00487
2586.02467,0.00505
2584.09624,0.00534
2582.16781,0.00538
2580.23938,0.00528
2578.31095,0.00522
2576.38252,0.00533
2574.45409,0.00557
2572.52566,0.00560
2570.59723,0.00527
2568.66880,0.00500
2566.74037,0.00504
2564.81194,0.00522
2562.88351,0.00533
2560.95508,0.00523
2559.02665,0.00509
2557.09822,0.00522
2555.16979,0.00536
2553.24136,0.00517
2551.31293,0.00488
2549.38450,0.00481
2547.45607,0.00503
2545.52764,0.00525
2543.59921,0.00517
2541.67078,0.00496
2539.74235,0.00478
2537.81392,0.00462
2535.88549,0.00443
2533.95706,0.00431
2532.02863,0.00444
2530.10020,0.00470
2528.17177,0.00493
2526.24334,0.00511
2524.31491,0.00523
2522.38648,0.00526
2520.45805,0.00518
2518.52962,0.00520
2516.60119,0.00537
2514.67276,0.00535
2512.74433,0.00506
2510.81590,0.00474
2508.88747,0.00458
2506.95904,0.00463
2505.03061,0.00473
2503.10218,0.00468
2501.17375,0.00446
2499.24532,0.00435
2497.31689,0.00453
2495.38846,0.00455
2493.46003,0.00430
2491.53160,0.00424
2489.60317,0.00443
2487.67474,0.00455
2485.74631,0.00457
2483.81788,0.00456
2481.88945,0.00439
2479.96102,0.00427
2478.03259,0.00437
2476.10416,0.00435
2474.17573,0.00415
2472.24730,0.00417
2470.31887,0.00440
2468.39044,0.00459
2466.46201,0.00456
2464.53358,0.00438
2462.60515,0.00429
2460.67672,0.00439
2458.74829,0.00444
2456.81986,0.00427
2454.89143,0.00403
2452.96300,0.00405
2451.03457,0.00435
2449.10614,0.00452
2447.17771,0.00442
2445.24928,0.00421
2443.32085,0.00399
2441.39242,0.00411
2439.46399,0.00454
2437.53556,0.00475
2435.60713,0.00462
2433.67870,0.00445
2431.75027,0.00443
2429.82184,0.00458
2427.89341,0.00468
2425.96498,0.00456
2424.03655,0.00436
2422.10812,0.00436
2420.17969,0.00453
2418.25126,0.00463
2416.32283,0.00460
2414.39440,0.00456
2412.46597,0.00454
2410.53754,0.00452
2408.60911,0.00446
2406.68068,0.00442
2404.75225,0.00441
2402.82382,0.00440
2400.89539,0.00440
2398.96696,0.00439
2397.03853,0.00438
2395.11010,0.00438
2393.18167,0.00437
2391.25324,0.00436
2389.32481,0.00436
2387.39638,0.00435
2385.46795,0.00434
2383.53952,0.00433
2381.61109,0.00433
2379.68266,0.00432
2377.75423,0.00431
2375.82580,0.00431
2373.89737,0.00430
2371.96894,0.00429
2370.04051,0.00429
2368.11208,0.00428
2366.18365,0.00427
2364.25522,0.00427
2362.32679,0.00426
2360.39836,0.00425
2358.46993,0.00425
2356.54150,0.00424
2354.61307,0.00423
2352.68464,0.00423
2350.75621,0.00422
2348.82778,0.00421
2346.89935,0.00421
2344.97092,0.00420
2343.04249,0.00419
2341.11406,0.00419
2339.18563,0.00418
2337.25720,0.00417
2335.32877,0.00417
2333.40034,0.00416
2331.47191,0.00415
2329.54348,0.00415
2327.61505,0.00414
2325.68662,0.00413
2323.75819,0.00412
2321.82976,0.00412
2319.90133,0.00411
2317.97290,0.00410
2316.04447,0.00410
2314.11604,0.00409
2312.18761,0.00408
2310.25918,0.00408
2308.33075,0.00407
2306.40232,0.00406
2304.47389,0.00406
2302.54546,0.00405
2300.61703,0.00404
2298.68860,0.00404
2296.76017,0.00403
2294.83174,0.00402
2292.90331,0.00402
2290.97488,0.00401
2289.04645,0.00400
2287.11802,0.00400
2285.18959,0.00399
2283.26116,0.00398
2281.33273,0.00398
2279.40430,0.00394
2277.47587,0.00385
2275.54744,0.00380
2273.61901,0.00386
2271.69058,0.00398
2269.76215,0.00407
2267.83372,0.00402
2265.90529,0.00380
2263.97686,0.00366
2262.04843,0.00386
2260.12000,0.00420
2258.19157,0.00427
2256.26314,0.00413
2254.33471,0.00411
2252.40628,0.00423
2250.47785,0.00429
2248.54942,0.00428
2246.62099,0.00422
2244.69256,0.00417
2242.76413,0.00407
2240.83570,0.00406
2238.90727,0.00429
2236.97884,0.00469
2235.05041,0.00496
2233.12198,0.00477
2231.19355,0.00421
2229.26512,0.00375
2227.33669,0.00382
2225.40826,0.00406
2223.47983,0.00386
2221.55140,0.00350
2219.62297,0.00348
2217.69454,0.00366
2215.76611,0.00370
2213.83768,0.00370
2211.90925,0.00381
2209.98082,0.00392
2208.05239,0.00389
2206.12396,0.00380
2204.19553,0.00378
2202.26710,0.00377
2200.33867,0.00366
2198.41024,0.00360
2196.48181,0.00357
2194.55338,0.00338
2192.62495,0.00327
2190.69652,0.00350
2188.76809,0.00390
2186.83966,0.00399
2184.91123,0.00383
2182.98280,0.00396
2181.05437,0.00419
2179.12594,0.00399
2177.19751,0.00376
2175.26908,0.00388
2173.34065,0.00403
2171.41222,0.00396
2169.48379,0.00376
2167.55536,0.00368
2165.62693,0.00382
2163.69850,0.00399
2161.77007,0.00400
2159.84164,0.00388
2157.91321,0.00377
2155.98478,0.00376
2154.05635,0.00386
2152.12792,0.00402
2150.19949,0.00410
2148.27106,0.00398
2146.34263,0.00386
2144.41420,0.00394
2142.48577,0.00407
2140.55734,0.00421
2138.62891,0.00425
2136.70048,0.00406
2134.77205,0.00387
2132.84362,0.00380
2130.91519,0.00363
2128.98676,0.00337
2127.05833,0.00330
2125.12990,0.00338
2123.20147,0.00343
2121.27304,0.00353
2119.34461,0.00365
2117.41618,0.00358
2115.48775,0.00341
2113.55932,0.00340
2111.63089,0.00348
2109.70245,0.00344
2107.77402,0.00341
2105.84559,0.00356
2103.91716,0.00369
2101.98873,0.00369
2100.06030,0.00362
2098.13187,0.00350
2096.20344,0.00340
2094.27501,0.00347
2092.34658,0.00367
2090.41815,0.00379
2088.48972,0.00377
2086.56129,0.00363
2084.63286,0.00343
2082.70443,0.00339
2080.77600,0.00370
2078.84757,0.00401
2076.91914,0.00389
2074.99071,0.00360
2073.06228,0.00343
2071.13385,0.00328
2069.20542,0.00314
2067.27699,0.00307
2065.34856,0.00310
2063.42013,0.00330
2061.49170,0.00352
2059.56327,0.00364
2057.63484,0.00365
2055.70641,0.00353
2053.77798,0.00333
2051.84955,0.00322
2049.92112,0.00330
2047.99269,0.00344
2046.06426,0.00352
2044.13583,0.00360
2042.20740,0.00366
2040.27897,0.00358
2038.35054,0.00339
2036.42211,0.00327
2034.49368,0.00336
2032.56525,0.00356
2030.63682,0.00358
2028.70839,0.00337
2026.77996,0.00330
2024.85153,0.00356
2022.92310,0.00395
2020.99467,0.00414
2019.06624,0.00399
2017.13781,0.00359
2015.20938,0.00331
2013.28095,0.00338
2011.35252,0.00352
2009.42409,0.00342
2007.49566,0.00321
2005.56723,0.00315
2003.63880,0.00334
2001.71037,0.00362
1999.78194,0.00373
1997.85351,0.00361
1995.92508,0.00341
1993.99665,0.00321
1992.06822,0.00305
1990.13979,0.00306
1988.21136,0.00319
1986.28293,0.00343
1984.35450,0.00380
1982.42607,0.00418
1980.49764,0.00425
1978.56921,0.00392
1976.64078,0.00345
1974.71235,0.00320
1972.78392,0.00327
1970.85549,0.00352
1968.92706,0.00370
1966.99863,0.00354
1965.07020,0.00324
1963.14177,0.00319
1961.21334,0.00337
1959.28491,0.00357
1957.35648,0.00366
1955.42805,0.00361
1953.49962,0.00351
1951.57119,0.00339
1949.64276,0.00329
1947.71433,0.00336
1945.78590,0.00368
1943.85747,0.00397
1941.92904,0.00388
1940.00061,0.00363
1938.07218,0.00347
1936.14375,0.00330
1934.21532,0.00310
1932.28689,0.00300
1930.35846,0.00310
1928.43003,0.00340
1926.50160,0.00376
1924.57317,0.00397
1922.64474,0.00394
1920.71631,0.00384
1918.78788,0.00378
1916.85945,0.00372
1914.93102,0.00378
1913.00259,0.00391
1911.07416,0.00384
1909.14573,0.00359
1907.21730,0.00345
1905.28887,0.00351
1903.36044,0.00367
1901.43201,0.00383
1899.50358,0.00396
1897.57515,0.00399
1895.64672,0.00388
1893.71829,0.00373
1891.78986,0.00372
1889.86143,0.00384
1887.93300,0.00394
1886.00457,0.00396
1884.07614,0.00394
1882.14771,0.00396
1880.21928,0.00400
1878.29085,0.00393
1876.36242,0.00382
1874.43399,0.00390
1872.50556,0.00425
1870.57713,0.00446
1868.64870,0.00402
1866.72027,0.00337
1864.79184,0.00342
1862.86341,0.00394
1860.93498,0.00410
1859.00655,0.00381
1857.07812,0.00365
1855.14969,0.00391
1853.22126,0.00425
1851.29283,0.00444
1849.36440,0.00457
1847.43597,0.00467
1845.50754,0.00452
1843.57911,0.00404
1841.65068,0.00367
1839.72225,0.00359
1837.79382,0.00359
1835.86539,0.00369
1833.93696,0.00398
1832.00853,0.00420
1830.08010,0.00402
1828.15167,0.00356
1826.22324,0.00317
1824.29481,0.00295
1822.36638,0.00302
1820.43795,0.00328
1818.50952,0.00343
1816.58109,0.00347
1814.65266,0.00357
1812.72423,0.00362
1810.79580,0.00336
1808.86737,0.00301
1806.93894,0.00292
1805.01051,0.00315
1803.08208,0.00349
1801.15365,0.00363
1799.22522,0.00362
1797.29679,0.00379
1795.36836,0.00410
1793.43993,0.00395
1791.51150,0.00317
1789.58307,0.00273
1787.65464,0.00297
1785.72621,0.00324
1783.79778,0.00320
1781.86935,0.00309
1779.94092,0.00311
1778.01249,0.00330
1776.08406,0.00359
1774.15563,0.00374
1772.22720,0.00344
1770.29877,0.00287
1768.37034,0.00261
1766.44191,0.00281
1764.51348,0.00328
1762.58505,0.00360
1760.65662,0.00357
1758.72819,0.00343
1756.79976,0.00338
1754.87133,0.00362
1752.94290,0.00416
1751.01447,0.00456
1749.08604,0.00453
1747.15761,0.00450
1745.22918,0.00458
1743.30075,0.00431
1741.37232,0.00370
1739.44389,0.00343
1737.51546,0.00386
1735.58703,0.00425
1733.65860,0.00379
1731.73017,0.00330
1729.80174,0.00352
1727.87331,0.00393
1725.94488,0.00411
1724.01645,0.00410
1722.08802,0.00422
1720.15959,0.00478
1718.23116,0.00546
1716.30273,0.00547
1714.37430,0.00492
1712.44587,0.00475
1710.51744,0.00516
1708.58901,0.00578
1706.66058,0.00626
1704.73215,0.00669
1702.80372,0.00760
1700.87529,0.00896
1698.94686,0.01001
1697.01843,0.01065
1695.09000,0.01169
1693.16157,0.01329
1691.23314,0.01505
1689.30471,0.01674
1687.37628,0.01829
1685.44785,0.01957
1683.51942,0.02044
1681.59099,0.02135
1679.66256,0.02268
1677.73413,0.02422
1675.80570,0.02575
1673.87727,0.02720
1671.94884,0.02878
1670.02041,0.03055
1668.09198,0.03209
1666.16355,0.03345
1664.23512,0.03501
1662.30669,0.03673
1660.37826,0.03825
1658.44983,0.03972
1656.52140,0.04152
1654.59297,0.04313
1652.66454,0.04318
1650.73611,0.04234
1648.80768,0.04169
1646.87925,0.04031
1644.95082,0.03868
1643.02239,0.03804
1641.09396,0.03793
1639.16553,0.03762
1637.23710,0.03648
1635.30867,0.03431
1633.38024,0.03260
1631.45181,0.03182
1629.52338,0.03103
1627.59495,0.02995
1625.66652,0.02893
1623.73809,0.02776
1621.80966,0.02640
1619.88123,0.02546
1617.95280,0.02466
1616.02437,0.02340
1614.09594,0.02220
1612.16751,0.02127
1610.23908,0.02016
1608.31065,0.01890
1606.38222,0.01797
1604.45379,0.01748
1602.52536,0.01707
1600.59693,0.01658
1598.66850,0.01606
1596.74007,0.01566
1594.81164,0.01542
1592.88321,0.01526
1590.95478,0.01505
1589.02635,0.01478
1587.09792,0.01461
1585.16949,0.01471
1583.24106,0.01502
1581.31263,0.01539
1579.38420,0.01566
1577.45577,0.01558
1575.52734,0.01530
1573.59891,0.01548
1571.67048,0.01598
1569.74205,0.01629
1567.81362,0.01654
1565.88519,0.01708
1563.95676,0.01795
1562.02833,0.01935
1560.09990,0.02127
1558.17147,0.02242
1556.24304,0.02201
1554.31461,0.02168
1552.38618,0.02216
1550.45775,0.02317
1548.52932,0.02431
1546.60089,0.02550
1544.67246,0.02680
1542.74403,0.02756
1540.81560,0.02659
1538.88717,0.02486
1536.95874,0.02448
1535.03031,0.02448
1533.10188,0.02363
1531.17345,0.02264
1529.24502,0.02232
1527.31659,0.02234
1525.38816,0.02255
1523.45973,0.02312
1521.53130,0.02332
1519.60287,0.02230
1517.67444,0.02018
1515.74601,0.01792
1513.81758,0.01681
1511.88915,0.01690
1509.96072,0.01725
1508.03229,0.01620
1506.10385,0.01308
1504.17542,0.01115
1502.24699,0.01099
1500.31856,0.01108
1498.39013,0.01046
1496.46170,0.00930
1494.53327,0.00861
1492.60484,0.00845
1490.67641,0.00778
1488.74798,0.00635
1486.81955,0.00538
1484.89112,0.00530
1482.96269,0.00546
1481.03426,0.00546
1479.10583,0.00555
1477.17740,0.00610
1475.24897,0.00676
1473.32054,0.00660
1471.39211,0.00593
1469.46368,0.00600
1467.53525,0.00651
1465.60682,0.00678
1463.67839,0.00694
1461.74996,0.00741
1459.82153,0.00799
1457.89310,0.00798
1455.96467,0.00733
1454.03624,0.00708
1452.10781,0.00732
1450.17938,0.00748
1448.25095,0.00732
1446.32252,0.00705
1444.39409,0.00694
1442.46566,0.00700
1440.53723,0.00717
1438.60880,0.00740
1436.68037,0.00733
1434.75194,0.00700
1432.82351,0.00687
1430.89508,0.00680
1428.96665,0.00638
1427.03822,0.00584
1425.10979,0.00566
1423.18136,0.00604
1421.25293,0.00672
1419.32450,0.00691
1417.39607,0.00633
1415.46764,0.00594
1413.53921,0.00612
1411.61078,0.00649
1409.68235,0.00678
1407.75392,0.00697
1405.82549,0.00693
1403.89706,0.00679
1401.96863,0.00692
1400.04020,0.00743
1398.11177,0.00792
1396.18334,0.00787
1394.25491,0.00735
1392.32648,0.00695
1390.39805,0.00690
1388.46962,0.00686
1386.54119,0.00657
1384.61276,0.00623
1382.68433,0.00599
1380.75590,0.00571
1378.82747,0.00541
1376.89904,0.00521
1374.97061,0.00484
1373.04218,0.00424
1371.11375,0.00394
1369.18532,0.00405
1367.25689,0.00424
1365.32846,0.00431
1363.40003,0.00403
1361.47160,0.00350
1359.54317,0.00327
1357.61474,0.00341
1355.68631,0.00360
1353.75788,0.00365
1351.82945,0.00360
1349.90102,0.00352
1347.97259,0.00349
1346.04416,0.00362
1344.11573,0.00396
1342.18730,0.00430
1340.25887,0.00433
1338.33044,0.00408
1336.40201,0.00394
1334.47358,0.00402
1332.54515,0.00420
1330.61672,0.00439
1328.68829,0.00459
1326.75986,0.00474
1324.83143,0.00472
1322.90300,0.00465
1320.97457,0.00485
1319.04614,0.00525
1317.11771,0.00545
1315.18928,0.00540
1313.26085,0.00540
1311.33242,0.00569
1309.40399,0.00615
1307.47556,0.00657
1305.54713,0.00678
1303.61870,0.00672
1301.69027,0.00649
1299.76184,0.00632
1297.83341,0.00632
1295.90498,0.00654
1293.97655,0.00692
1292.04812,0.00728
1290.11969,0.00751
1288.19126,0.00766
1286.26283,0.00779
1284.33440,0.00801
1282.40597,0.00847
1280.47754,0.00912
1278.54911,0.00969
1276.62068,0.01006
1274.69225,0.01044
1272.76382,0.01106
1270.83539,0.01194
1268.90696,0.01305
1266.97853,0.01425
1265.05010,0.01541
1263.12167,0.01663
1261.19324,0.01818
1259.26481,0.02015
1257.33638,0.02242
1255.40795,0.02478
1253.47952,0.02718
1251.55109,0.02952
1249.62266,0.03164
1247.69423,0.03357
1245.76580,0.03552
1243.83737,0.03773
1241.90894,0.04026
1239.98051,0.04275
1238.05208,0.04489
1236.12365,0.04681
1234.19522,0.04887
1232.26679,0.05130
1230.33836,0.05384
1228.40993,0.05596
1226.48150,0.05765
1224.55307,0.05934
1222.62464,0.06106
1220.69621,0.06271
1218.76778,0.06436
1216.83935,0.06599
1214.91092,0.06750
1212.98249,0.06895
1211.05406,0.07049
1209.12563,0.07205
1207.19720,0.07350
1205.26877,0.07498
1203.34034,0.07652
1201.41191,0.07789
1199.48348,0.07909
1197.55505,0.08070
1195.62662,0.08272
1193.69819,0.08461
1191.76976,0.08631
1189.84133,0.08778
1187.91290,0.08905
1185.98447,0.09069
1184.05604,0.09284
1182.12761,0.09524
1180.19918,0.09770
1178.27075,0.09985
1176.34232,0.10167
1174.41389,0.10365
1172.48546,0.10590
1170.55703,0.10820
1168.62860,0.11068
1166.70017,0.11331
1164.77174,0.11548
1162.84331,0.11721
1160.91488,0.11936
1158.98645,0.12230
1157.05802,0.12563
1155.12959,0.12898
1153.20116,0.13220
1151.27273,0.13532
1149.34430,0.13826
1147.41587,0.14066
1145.48744,0.14251
1143.55901,0.14423
1141.63058,0.14628
1139.70215,0.14877
1137.77372,0.15137
1135.84529,0.15421
1133.91686,0.15772
1131.98843,0.16173
1130.06000,0.16558
1128.13157,0.16912
1126.20314,0.17296
1124.27471,0.17761
1122.34628,0.18264
1120.41785,0.18761
1118.48942,0.19293
1116.56099,0.19889
1114.63256,0.20550
1112.70413,0.21296
1110.77570,0.22090
1108.84727,0.22842
1106.91884,0.23523
1104.99041,0.24189
1103.06198,0.24902
1101.13355,0.25662
1099.20512,0.26494
1097.27669,0.27406
1095.34826,0.28318
1093.41983,0.29156
1091.49140,0.29900
1089.56297,0.30577
1087.63454,0.31176
1085.70611,0.31645
1083.77768,0.31993
1081.84925,0.32279
1079.92082,0.32586
1077.99239,0.32975
1076.06396,0.33334
1074.13553,0.33508
1072.20710,0.33568
1070.27867,0.33635
1068.35024,0.33706
1066.42181,0.33716
1064.49338,0.33567
1062.56495,0.33285
1060.63652,0.32995
1058.70809,0.32677
1056.77966,0.32217
1054.85123,0.31595
1052.92280,0.30868
1050.99437,0.30077
1049.06594,0.29189
1047.13751,0.28160
1045.20908,0.27060
1043.28065,0.25945
1041.35222,0.24783
1039.42379,0.23549
1037.49536,0.22234
1035.56693,0.20860
1033.63850,0.19478
1031.71007,0.18123
1029.78164,0.16817
1027.85321,0.15601
1025.92478,0.14476
1023.99635,0.13395
1022.06792,0.12365
1020.13949,0.11405
1018.21106,0.10491
1016.28263,0.09653
1014.35420,0.08917
1012.42577,0.08237
1010.49734,0.07595
1008.56891,0.07009
1006.64048,0.06479
1004.71205,0.05998
1002.78362,0.05551
1000.85519,0.05136
998.92676,0.04784
996.99833,0.04505
995.06990,0.04292
993.14147,0.04177
991.21304,0.04159
989.28461,0.04182
987.35618,0.04230
985.42775,0.04305
983.49932,0.04382
981.57089,0.04459
979.64246,0.04568
977.71403,0.04684
975.78560,0.04755
973.85717,0.04791
971.92874,0.04818
970.00031,0.04814
968.07188,0.04743
966.14345,0.04645
964.21502,0.04569
962.28659,0.04494
960.35816,0.04404
958.42973,0.04322
956.50130,0.04243
954.57287,0.04156
952.64444,0.04081
950.71601,0.04009
948.78758,0.03915
946.85915,0.03826
944.93072,0.03773
943.00229,0.03741
941.07386,0.03670
939.14543,0.03543
937.21700,0.03429
935.28857,0.03355
933.36014,0.03277
931.43171,0.03148
929.50328,0.02979
927.57485,0.02834
925.64642,0.02728
923.71799,0.02615
921.78956,0.02485
919.86113,0.02361
917.93270,0.02254
916.00427,0.02182
914.07584,0.02143
912.14741,0.02078
910.21898,0.01955
908.29055,0.01806
906.36212,0.01668
904.43368,0.01552
902.50525,0.01448
900.57682,0.01367
898.64839,0.01331
896.71996,0.01302
894.79153,0.01244
892.86310,0.01157
890.93467,0.01034
889.00624,0.00893
887.07781,0.00786
885.14938,0.00737
883.22095,0.00714
881.29252,0.00674
879.36409,0.00620
877.43566,0.00591
875.50723,0.00598
873.57880,0.00586
871.65037,0.00509
869.72194,0.00419
867.79351,0.00388
865.86508,0.00422
863.93665,0.00518
862.00822,0.00628
860.07979,0.00654
858.15136,0.00610
856.22293,0.00626
854.29450,0.00719
852.36607,0.00793
850.43764,0.00805
848.50921,0.00826
846.58078,0.00914
844.65235,0.01014
842.72392,0.01105
840.79549,0.01261
838.86706,0.01479
836.93863,0.01664
835.01020,0.01777
833.08177,0.01874
831.15334,0.02030
829.22491,0.02246
827.29648,0.02464
825.36805,0.02667
823.43962,0.02857
821.51119,0.03019
819.58276,0.03165
817.65433,0.03299
815.72590,0.03382
813.79747,0.03436
811.86904,0.03559
809.94061,0.03741
808.01218,0.03863
806.08375,0.03929
804.15532,0.03994
802.22689,0.04036
800.29846,0.04060
798.37003,0.04112
796.44160,0.04191
794.51317,0.04241
792.58474,0.04195
790.65631,0.04053
788.72788,0.03862
786.79945,0.03663
784.87102,0.03467
782.94259,0.03263
781.01416,0.03048
779.08573,0.02850
777.15730,0.02633
775.22887,0.02290
773.30044,0.01864
771.37201,0.01525
769.44358,0.01336
767.51515,0.01253
765.58672,0.01202
763.65829,0.01134
761.72986,0.01090
759.80143,0.01119
757.87300,0.01157
755.94457,0.01127
754.01614,0.01069
752.08771,0.01024
750.15928,0.00960
748.23085,0.00884
746.30242,0.00850
744.37399,0.00864
742.44556,0.00850
740.51713,0.00788
738.58870,0.00739
736.66027,0.00691
734.73184,0.00642
732.80341,0.00629
730.87498,0.00660
728.94655,0.00725
727.01812,0.00740
725.08969,0.00704
723.16126,0.00722
721.23283,0.00740
719.30440,0.00749
717.37597,0.00761
715.44754,0.00747
713.51911,0.00717
711.59068,0.00715
709.66225,0.00725
707.73382,0.00696
705.80539,0.00655
703.87696,0.00649
701.94853,0.00677
700.02010,0.00722
698.09167,0.00768
696.16324,0.00812
694.23481,0.00876
692.30638,0.00931
690.37795,0.00870
688.44952,0.00661
686.52109,0.00447
684.59266,0.00410
682.66423,0.00546
680.73580,0.00655
678.80737,0.00694
676.87894,0.00824
674.95051,0.01049
673.02208,0.01276
671.09365,0.01498
669.16522,0.01684
667.23679,0.01790
665.30836,0.01900
663.37993,0.02028
661.45150,0.02088
659.52307,0.01949
657.59464,0.01596
655.66621,0.01225
653.73778,0.01063
651.80935,0.01153
649.88092,0.01295
647.95249,0.01264
646.02406,0.01032
644.09563,0.00697
642.16720,0.00430
640.23877,0.00416
638.31034,0.00589
636.38191,0.00830
634.45348,0.00964
632.52505,0.01047
630.59662,0.01144
628.66819,0.01117
626.73976,0.00811
624.81133,0.00415
622.88290,0.00296
620.95447,0.00559
619.02604,0.00820
617.09761,0.00810
615.16918,0.00775
613.24075,0.00759
611.31232,0.00600
609.38389,0.00420
607.45546,0.00061
605.52703,0.00000
603.59860,0.00022
601.67017,0.00062
599.74174,0.00000
