4001.49232,0.00034
3999.56389,0.00077
3997.63546,0.00095
3995.70703,0.00067
3993.77860,0.00021
3991.85017,0.00000
3989.92174,0.00030
3987.99331,0.00101
3986.06488,0.00156
3984.13645,0.00156
3982.20802,0.00119
3980.27959,0.00077
3978.35116,0.00052
3976.42273,0.00068
3974.49430,0.00120
3972.56587,0.00183
3970.63744,0.00221
3968.70901,0.00218
3966.78058,0.00189
3964.85215,0.00160
3962.92372,0.00135
3960.99529,0.00104
3959.06686,0.00079
3957.13843,0.00088
3955.21000,0.00139
3953.28157,0.00233
3951.35314,0.00345
3949.42471,0.00400
3947.49628,0.00364
3945.56785,0.00304
3943.63942,0.00258
3941.71099,0.00219
3939.78256,0.00198
3937.85413,0.00191
3935.92570,0.00209
3933.99727,0.00253
3932.06884,0.00258
3930.14041,0.00224
3928.21198,0.00238
3926.28355,0.00285
3924.35512,0.00294
3922.42669,0.00305
3920.49826,0.00376
3918.56982,0.00432
3916.64139,0.00385
3914.71296,0.00297
3912.78453,0.00268
3910.85610,0.00314
3908.92767,0.00425
3906.99924,0.00560
3905.07081,0.00606
3903.14238,0.00515
3901.21395,0.00394
3899.28552,0.00321
3897.35709,0.00329
3895.42866,0.00439
3893.50023,0.00556
3891.57180,0.00556
3889.64337,0.00488
3887.71494,0.00447
3885.78651,0.00401
3883.85808,0.00381
3881.92965,0.00413
3880.00122,0.00406
3878.07279,0.00434
3876.14436,0.00557
3874.21593,0.00646
3872.28750,0.00620
3870.35907,0.00528
3868.43064,0.00474
3866.50221,0.00510
3864.57378,0.00519
3862.64535,0.00440
3860.71692,0.00409
3858.78849,0.00511
3856.86006,0.00655
3854.93163,0.00607
3853.00320,0.00270
3851.07477,0.00086
3849.14634,0.00242
3847.21791,0.00474
3845.28948,0.00594
3843.36105,0.00615
3841.43262,0.00641
3839.50419,0.00656
3837.57576,0.00540
3835.64733,0.00402
3833.71890,0.00405
3831.79047,0.00486
3829.86204,0.00519
3827.93361,0.00472
3826.00518,0.00428
3824.07675,0.00476
3822.14832,0.00506
3820.21989,0.00435
3818.29146,0.00420
3816.36303,0.00428
3814.43460,0.00384
3812.50617,0.00420
3810.57774,0.00541
3808.64931,0.00606
3806.72088,0.00584
3804.79245,0.00621
3802.86402,0.00661
3800.93559,0.00520
3799.00716,0.00378
3797.07873,0.00378
3795.15030,0.00410
3793.22187,0.00440
3791.29344,0.00468
3789.36501,0.00469
3787.43658,0.00457
3785.50815,0.00456
3783.57972,0.00487
3781.65129,0.00530
3779.72286,0.00506
3777.79443,0.00423
3775.86600,0.00404
3773.93757,0.00464
3772.00914,0.00518
3770.08071,0.00519
3768.15228,0.00493
3766.22385,0.00459
3764.29542,0.00444
3762.36699,0.00494
3760.43856,0.00534
3758.51013,0.00492
3756.58170,0.00464
3754.65327,0.00513
3752.72484,0.00544
3750.79641,0.00506
3748.86798,0.00539
3746.93955,0.00653
3745.01112,0.00646
3743.08269,0.00531
3741.15426,0.00531
3739.22583,0.00622
3737.29740,0.00664
3735.36897,0.00634
3733.44054,0.00572
3731.51211,0.00529
3729.58368,0.00563
3727.65525,0.00639
3725.72682,0.00648
3723.79839,0.00530
3721.86996,0.00355
3719.94153,0.00253
3718.01310,0.00294
3716.08467,0.00444
3714.15624,0.00605
3712.22781,0.00610
3710.29938,0.00424
3708.37095,0.00305
3706.44252,0.00364
3704.51409,0.00476
3702.58566,0.00522
3700.65723,0.00500
3698.72880,0.00495
3696.80037,0.00532
3694.87194,0.00569
3692.94351,0.00561
3691.01508,0.00460
3689.08665,0.00309
3687.15822,0.00274
3685.22979,0.00364
3683.30136,0.00474
3681.37293,0.00567
3679.44450,0.00669
3677.51607,0.00741
3675.58764,0.00686
3673.65921,0.00571
3671.73078,0.00444
3669.80235,0.00216
3667.87392,0.00099
3665.94549,0.00226
3664.01706,0.00404
3662.08863,0.00509
3660.16020,0.00573
3658.23177,0.00591
3656.30334,0.00533
3654.37491,0.00513
3652.44648,0.00597
3650.51805,0.00581
3648.58962,0.00367
3646.66119,0.00271
3644.73276,0.00395
3642.80433,0.00537
3640.87590,0.00566
3638.94747,0.00526
3637.01904,0.00517
3635.09061,0.00572
3633.16218,0.00671
3631.23375,0.00749
3629.30532,0.00651
3627.37689,0.00423
3625.44846,0.00374
3623.52003,0.00492
3621.59160,0.00578
3619.66317,0.00519
3617.73474,0.00388
3615.80631,0.00338
3613.87788,0.00370
3611.94945,0.00458
3610.02102,0.00581
3608.09259,0.00636
3606.16416,0.00603
3604.23573,0.00601
3602.30730,0.00636
3600.37887,0.00638
3598.45044,0.00617
3596.52201,0.00595
3594.59358,0.00530
3592.66515,0.00456
3590.73672,0.00469
3588.80829,0.00530
3586.87986,0.00541
3584.95143,0.00531
3583.02300,0.00566
3581.09457,0.00589
3579.16614,0.00548
3577.23771,0.00483
3575.30928,0.00459
3573.38085,0.00513
3571.45242,0.00636
3569.52399,0.00719
3567.59556,0.00630
3565.66713,0.00450
3563.73870,0.00402
3561.81027,0.00491
3559.88184,0.00599
3557.95341,0.00666
3556.02498,0.00691
3554.09655,0.00644
3552.16812,0.00517
3550.23969,0.00417
3548.31126,0.00416
3546.38283,0.00446
3544.45440,0.00445
3542.52597,0.00430
3540.59754,0.00426
3538.66911,0.00421
3536.74068,0.00413
3534.81225,0.00446
3532.88382,0.00557
3530.95539,0.00701
3529.02696,0.00784
3527.09853,0.00749
3525.17010,0.00634
3523.24167,0.00530
3521.31324,0.00499
3519.38481,0.00521
3517.45638,0.00546
3515.52795,0.00556
3513.59952,0.00566
3511.67109,0.00566
3509.74266,0.00545
3507.81423,0.00546
3505.88580,0.00604
3503.95737,0.00660
3502.02894,0.00650
3500.10051,0.00602
3498.17208,0.00556
3496.24365,0.00520
3494.31522,0.00510
3492.38679,0.00527
3490.45836,0.00550
3488.52993,0.00555
3486.60150,0.00519
3484.67307,0.00445
3482.74464,0.00392
3480.81621,0.00425
3478.88778,0.00537
3476.95935,0.00662
3475.03092,0.00709
3473.10249,0.00651
3471.17406,0.00581
3469.24563,0.00576
3467.31720,0.00590
3465.38877,0.00554
3463.46034,0.00502
3461.53191,0.00501
3459.60348,0.00529
3457.67505,0.00531
3455.74662,0.00531
3453.81819,0.00554
3451.88976,0.00572
3449.96133,0.00606
3448.03290,0.00678
3446.10447,0.00724
3444.17604,0.00706
3442.24761,0.00656
3440.31918,0.00615
3438.39075,0.00626
3436.46232,0.00684
3434.53389,0.00708
3432.60546,0.00660
3430.67703,0.00599
3428.74860,0.00564
3426.82017,0.00538
3424.89174,0.00545
3422.96331,0.00594
3421.03488,0.00611
3419.10645,0.00583
3417.17802,0.00611
3415.24959,0.00702
3413.32116,0.00734
3411.39273,0.00662
3409.46430,0.00577
3407.53587,0.00574
3405.60744,0.00622
3403.67901,0.00656
3401.75058,0.00668
3399.82215,0.00660
3397.89372,0.00634
3395.96529,0.00641
3394.03686,0.00684
3392.10843,0.00709
3390.18000,0.00683
3388.25157,0.00642
3386.32314,0.00626
3384.39471,0.00606
3382.46628,0.00590
3380.53785,0.00634
3378.60942,0.00697
3376.68099,0.00683
3374.75256,0.00602
3372.82413,0.00544
3370.89570,0.00563
3368.96727,0.00630
3367.03884,0.00677
3365.11041,0.00679
3363.18198,0.00660
3361.25355,0.00636
3359.32512,0.00620
3357.39669,0.00632
3355.46826,0.00657
3353.53983,0.00656
3351.61140,0.00623
3349.68297,0.00582
3347.75454,0.00561
3345.82611,0.00591
3343.89768,0.00637
3341.96925,0.00623
3340.04082,0.00580
3338.11239,0.00579
3336.18396,0.00593
3334.25553,0.00595
3332.32710,0.00601
3330.39867,0.00625
3328.47024,0.00672
3326.54181,0.00702
3324.61338,0.00680
3322.68495,0.00644
3320.75652,0.00629
3318.82809,0.00612
3316.89966,0.00585
3314.97122,0.00584
3313.04279,0.00613
3311.11436,0.00612
3309.18593,0.00579
3307.25750,0.00596
3305.32907,0.00677
3303.40064,0.00760
3301.47221,0.00798
3299.54378,0.00790
3297.61535,0.00755
3295.68692,0.00706
3293.75849,0.00679
3291.83006,0.00703
3289.90163,0.00733
3287.97320,0.00714
3286.04477,0.00691
3284.11634,0.00738
3282.18791,0.00810
3280.25948,0.00839
3278.33105,0.00850
3276.40262,0.00829
3274.47419,0.00747
3272.54576,0.00693
3270.61733,0.00718
3268.68890,0.00739
3266.76047,0.00710
3264.83204,0.00688
3262.90361,0.00694
3260.97518,0.00708
3259.04675,0.00748
3257.11832,0.00797
3255.18989,0.00800
3253.26146,0.00763
3251.33303,0.00727
3249.40460,0.00722
3247.47617,0.00735
3245.54774,0.00706
3243.61931,0.00642
3241.69088,0.00624
3239.76245,0.00663
3237.83402,0.00697
3235.90559,0.00694
3233.97716,0.00686
3232.04873,0.00713
3230.12030,0.00757
3228.19187,0.00788
3226.26344,0.00798
3224.33501,0.00774
3222.40658,0.00736
3220.47815,0.00710
3218.54972,0.00687
3216.62129,0.00674
3214.69286,0.00691
3212.76443,0.00720
3210.83600,0.00725
3208.90757,0.00704
3206.97914,0.00707
3205.05071,0.00750
3203.12228,0.00783
3201.19385,0.00780
3199.26542,0.00742
3197.33699,0.00671
3195.40856,0.00607
3193.48013,0.00587
3191.55170,0.00615
3189.62327,0.00678
3187.69484,0.00730
3185.76641,0.00731
3183.83798,0.00706
3181.90955,0.00707
3179.98112,0.00729
3178.05269,0.00718
3176.12426,0.00685
3174.19583,0.00691
3172.26740,0.00728
3170.33897,0.00742
3168.41054,0.00718
3166.48211,0.00696
3164.55368,0.00707
3162.62525,0.00721
3160.69682,0.00709
3158.76839,0.00678
3156.83996,0.00632
3154.91153,0.00597
3152.98310,0.00615
3151.05467,0.00656
3149.12624,0.00673
3147.19781,0.00688
3145.26938,0.00698
3143.34095,0.00675
3141.41252,0.00649
3139.48409,0.00647
3137.55566,0.00659
3135.62723,0.00678
3133.69880,0.00707
3131.77037,0.00726
3129.84194,0.00723
3127.91351,0.00732
3125.98508,0.00757
3124.05665,0.00756
3122.12822,0.00724
3120.19979,0.00676
3118.27136,0.00640
3116.34293,0.00635
3114.41450,0.00628
3112.48607,0.00589
3110.55764,0.00559
3108.62921,0.00596
3106.70078,0.00677
3104.77235,0.00722
3102.84392,0.00691
3100.91549,0.00634
3098.98706,0.00620
3097.05863,0.00643
3095.13020,0.00657
3093.20177,0.00657
3091.27334,0.00657
3089.34491,0.00661
3087.41648,0.00682
3085.48805,0.00711
3083.55962,0.00703
3081.63119,0.00666
3079.70276,0.00632
3077.77433,0.00594
3075.84590,0.00565
3073.91747,0.00579
3071.98904,0.00611
3070.06061,0.00624
3068.13218,0.00621
3066.20375,0.00608
3064.27532,0.00602
3062.34689,0.00619
3060.41846,0.00626
3058.49003,0.00608
3056.56160,0.00604
3054.63317,0.00640
3052.70474,0.00681
3050.77631,0.00678
3048.84788,0.00637
3046.91945,0.00614
3044.99102,0.00626
3043.06259,0.00638
3041.13416,0.00622
3039.20573,0.00587
3037.27730,0.00560
3035.34887,0.00566
3033.42044,0.00604
3031.49201,0.00635
3029.56358,0.00638
3027.63515,0.00631
3025.70672,0.00625
3023.77829,0.00608
3021.84986,0.00596
3019.92143,0.00610
3017.99300,0.00635
3016.06457,0.00650
3014.13614,0.00654
3012.20771,0.00644
3010.27928,0.00624
3008.35085,0.00630
3006.42242,0.00652
3004.49399,0.00636
3002.56556,0.00617
3000.63713,0.00646
2998.70870,0.00664
2996.78027,0.00630
2994.85184,0.00622
2992.92341,0.00677
2990.99498,0.00721
2989.06655,0.00712
2987.13812,0.00690
2985.20969,0.00678
2983.28126,0.00685
2981.35283,0.00707
2979.42440,0.00698
2977.49597,0.00660
2975.56754,0.00641
2973.63911,0.00625
2971.71068,0.00597
2969.78225,0.00609
2967.85382,0.00659
2965.92539,0.00681
2963.99696,0.00668
2962.06853,0.00651
2960.14010,0.00643
2958.21167,0.00654
2956.28324,0.00660
2954.35481,0.00650
2952.42638,0.00654
2950.49795,0.00655
2948.56952,0.00633
2946.64109,0.00613
2944.71266,0.00608
2942.78423,0.00628
2940.85580,0.00649
2938.92737,0.00645
2936.99894,0.00634
2935.07051,0.00630
2933.14208,0.00634
2931.21365,0.00655
2929.28522,0.00664
2927.35679,0.00633
2925.42836,0.00603
2923.49993,0.00614
2921.57150,0.00633
2919.64307,0.00617
2917.71464,0.00591
2915.78621,0.00592
2913.85778,0.00610
2911.92935,0.00608
2910.00092,0.00590
2908.07249,0.00588
2906.14406,0.00584
2904.21563,0.00560
2902.28720,0.00552
2900.35877,0.00581
2898.43034,0.00617
2896.50191,0.00625
2894.57348,0.00623
2892.64505,0.00651
2890.71662,0.00687
2888.78819,0.00683
2886.85976,0.00636
2884.93133,0.00586
2883.00290,0.00567
2881.07447,0.00567
2879.14604,0.00570
2877.21761,0.00580
2875.28918,0.00605
2873.36075,0.00641
2871.43232,0.00662
2869.50389,0.00650
2867.57546,0.00633
2865.64703,0.00626
2863.71860,0.00608
2861.79017,0.00602
2859.86174,0.00631
2857.93331,0.00655
2856.00488,0.00665
2854.07645,0.00676
2852.14802,0.00652
2850.21959,0.00619
2848.29116,0.00637
2846.36273,0.00671
2844.43430,0.00667
2842.50587,0.00646
2840.57744,0.00643
2838.64901,0.00665
2836.72058,0.00678
2834.79215,0.00653
2832.86372,0.00619
2830.93529,0.00609
2829.00686,0.00605
2827.07843,0.00603
2825.15000,0.00625
2823.22157,0.00655
2821.29314,0.00666
2819.36471,0.00652
2817.43628,0.00630
2815.50785,0.00632
2813.57942,0.00650
2811.65099,0.00645
2809.72256,0.00618
2807.79413,0.00600
2805.86570,0.00613
2803.93727,0.00633
2802.00884,0.00633
2800.08041,0.00626
2798.15198,0.00619
2796.22355,0.00614
2794.29512,0.00619
2792.36669,0.00620
2790.43826,0.00599
2788.50983,0.00581
2786.58140,0.00605
2784.65297,0.00650
2782.72454,0.00668
2780.79611,0.00667
2778.86768,0.00688
2776.93925,0.00711
2775.01082,0.00697
2773.08239,0.00674
2771.15396,0.00673
2769.22553,0.00671
2767.29710,0.00657
2765.36867,0.00647
2763.44024,0.00645
2761.51181,0.00629
2759.58338,0.00605
2757.65495,0.00612
2755.72652,0.00641
2753.79809,0.00666
2751.86966,0.00691
2749.94123,0.00709
2748.01280,0.00690
2746.08437,0.00644
2744.15594,0.00616
2742.22751,0.00625
2740.29908,0.00656
2738.37065,0.00674
2736.44222,0.00649
2734.51379,0.00619
2732.58536,0.00629
2730.65693,0.00644
2728.72850,0.00629
2726.80007,0.00625
2724.87164,0.00661
2722.94321,0.00697
2721.01478,0.00686
2719.08635,0.00650
2717.15792,0.00630
2715.22949,0.00614
2713.30105,0.00590
2711.37262,0.00586
2709.44419,0.00604
2707.51576,0.00607
2705.58733,0.00587
2703.65890,0.00571
2701.73047,0.00576
2699.80204,0.00602
2697.87361,0.00635
2695.94518,0.00652
2694.01675,0.00656
2692.08832,0.00664
2690.15989,0.00684
2688.23146,0.00690
2686.30303,0.00657
2684.37460,0.00640
2682.44617,0.00675
2680.51774,0.00705
2678.58931,0.00694
2676.66088,0.00658
2674.73245,0.00626
2672.80402,0.00605
2670.87559,0.00600
2668.94716,0.00619
2667.01873,0.00653
2665.09030,0.00662
2663.16187,0.00638
2661.23344,0.00620
2659.30501,0.00627
2657.37658,0.00639
2655.44815,0.00647
2653.51972,0.00654
2651.59129,0.00663
2649.66286,0.00671
2647.73443,0.00665
2645.80600,0.00645
2643.87757,0.00631
2641.94914,0.00636
2640.02071,0.00654
2638.09228,0.00671
2636.16385,0.00679
2634.23542,0.00685
2632.30699,0.00693
2630.37856,0.00695
2628.45013,0.00688
2626.52170,0.00679
2624.59327,0.00677
2622.66484,0.00682
2620.73641,0.00676
2618.80798,0.00647
2616.87955,0.00627
2614.95112,0.00640
2613.02269,0.00651
2611.09426,0.00629
2609.16583,0.00593
2607.23740,0.00587
2605.30897,0.00616
2603.38054,0.00645
2601.45211,0.00663
2599.52368,0.00685
2597.59525,0.00719
2595.66682,0.00731
2593.73839,0.00693
2591.80996,0.00636
2589.88153,0.00606
2587.95310,0.00603
2586.02467,0.00615
2584.09624,0.00634
2582.16781,0.00647
2580.23938,0.00646
2578.31095,0.00645
2576.38252,0.00656
2574.45409,0.00667
2572.52566,0.00666
2570.59723,0.00650
2568.66880,0.00648
2566.74037,0.00670
2564.81194,0.00688
2562.88351,0.00677
2560.95508,0.00640
2559.02665,0.00609
2557.09822,0.00616
2555.16979,0.00640
2553.24136,0.00644
2551.31293,0.00631
2549.38450,0.00626
2547.45607,0.00647
2545.52764,0.00673
2543.59921,0.00676
2541.67078,0.00654
2539.74235,0.00620
2537.81392,0.00603
2535.88549,0.00616
2533.95706,0.00637
2532.02863,0.00644
2530.10020,0.00632
2528.17177,0.00612
2526.24334,0.00617
2524.31491,0.00637
2522.38648,0.00635
2520.45805,0.00617
2518.52962,0.00610
2516.60119,0.00623
2514.67276,0.00643
2512.74433,0.00641
2510.81590,0.00605
2508.88747,0.00571
2506.95904,0.00565
2505.03061,0.00583
2503.10218,0.00610
2501.17375,0.00618
2499.24532,0.00601
2497.31689,0.00589
2495.38846,0.00583
2493.46003,0.00573
2491.53160,0.00578
2489.60317,0.00602
2487.67474,0.00628
2485.74631,0.00651
2483.81788,0.00662
2481.88945,0.00644
2479.96102,0.00621
2478.03259,0.00618
2476.10416,0.00614
2474.17573,0.00609
2472.24730,0.00634
2470.31887,0.00670
2468.39044,0.00669
2466.46201,0.00640
2464.53358,0.00620
2462.60515,0.00615
2460.67672,0.00619
2458.74829,0.00626
2456.81986,0.00618
2454.89143,0.00593
2452.96300,0.00583
2451.03457,0.00601
2449.10614,0.00617
2447.17771,0.00622
2445.24928,0.00611
2443.32085,0.00589
2441.39242,0.00592
2439.46399,0.00611
2437.53556,0.00610
2435.60713,0.00603
2433.67870,0.00615
2431.75027,0.00652
2429.82184,0.00687
2427.89341,0.00683
2425.96498,0.00650
2424.03655,0.00625
2422.10812,0.00621
2420.17969,0.00633
2418.25126,0.00654
2416.32283,0.00675
2414.39440,0.00681
2412.46597,0.00671
2410.53754,0.00661
2408.60911,0.00645
2406.68068,0.00615
2404.75225,0.00614
2402.82382,0.00613
2400.89539,0.00613
2398.96696,0.00612
2397.03853,0.00611
2395.11010,0.00610
2393.18167,0.00610
2391.25324,0.00609
2389.32481,0.00608
2387.39638,0.00608
2385.46795,0.00607
2383.53952,0.00606
2381.61109,0.00606
2379.68266,0.00605
2377.75423,0.00604
2375.82580,0.00604
2373.89737,0.00603
2371.96894,0.00602
2370.04051,0.00601
2368.11208,0.00601
2366.18365,0.00600
2364.25522,0.00599
2362.32679,0.00599
2360.39836,0.00598
2358.46993,0.00597
2356.54150,0.00597
2354.61307,0.00596
2352.68464,0.00595
2350.75621,0.00595
2348.82778,0.00594
2346.89935,0.00593
2344.97092,0.00593
2343.04249,0.00592
2341.11406,0.00591
2339.18563,0.00590
2337.25720,0.00590
2335.32877,0.00589
2333.40034,0.00588
2331.47191,0.00588
2329.54348,0.00587
2327.61505,0.00586
2325.68662,0.00586
2323.75819,0.00585
2321.82976,0.00584
2319.90133,0.00584
2317.97290,0.00583
2316.04447,0.00582
2314.11604,0.00581
2312.18761,0.00581
2310.25918,0.00580
2308.33075,0.00579
2306.40232,0.00579
2304.47389,0.00578
2302.54546,0.00577
2300.61703,0.00577
2298.68860,0.00576
2296.76017,0.00575
2294.83174,0.00575
2292.90331,0.00574
2290.97488,0.00573
2289.04645,0.00573
2287.11802,0.00572
2285.18959,0.00571
2283.26116,0.00570
2281.33273,0.00570
2279.40430,0.00568
2277.47587,0.00564
2275.54744,0.00570
2273.61901,0.00578
2271.69058,0.00574
2269.76215,0.00563
2267.83372,0.00553
2265.90529,0.00539
2263.97686,0.00537
2262.04843,0.00562
2260.12000,0.00592
2258.19157,0.00604
2256.26314,0.00599
2254.33471,0.00589
2252.40628,0.00588
2250.47785,0.00604
2248.54942,0.00623
2246.62099,0.00608
2244.69256,0.00590
2242.76413,0.00580
2240.83570,0.00578
2238.90727,0.00593
2236.97884,0.00620
2235.05041,0.00633
2233.12198,0.00616
2231.19355,0.00593
2229.26512,0.00587
2227.33669,0.00591
2225.40826,0.00575
2223.47983,0.00534
2221.55140,0.00502
2219.62297,0.00508
2217.69454,0.00538
2215.76611,0.00556
2213.83768,0.00549
2211.90925,0.00540
2209.98082,0.00547
2208.05239,0.00558
2206.12396,0.00545
2204.19553,0.00521
2202.26710,0.00515
2200.33867,0.00532
2198.41024,0.00557
2196.48181,0.00557
2194.55338,0.00523
2192.62495,0.00504
2190.69652,0.00539
2188.76809,0.00588
2186.83966,0.00587
2184.91123,0.00555
2182.98280,0.00542
2181.05437,0.00542
2179.12594,0.00535
2177.19751,0.00538
2175.26908,0.00551
2173.34065,0.00564
2171.41222,0.00573
2169.48379,0.00564
2167.55536,0.00545
2165.62693,0.00535
2163.69850,0.00546
2161.77007,0.00566
2159.84164,0.00576
2157.91321,0.00566
2155.98478,0.00541
2154.05635,0.00524
2152.12792,0.00530
2150.19949,0.00539
2148.27106,0.00526
2146.34263,0.00516
2144.41420,0.00531
2142.48577,0.00553
2140.55734,0.00563
2138.62891,0.00560
2136.70048,0.00547
2134.77205,0.00530
2132.84362,0.00513
2130.91519,0.00499
2128.98676,0.00498
2127.05833,0.00503
2125.12990,0.00493
2123.20147,0.00471
2121.27304,0.00473
2119.34461,0.00496
2117.41618,0.00516
2115.48775,0.00532
2113.55932,0.00537
2111.63089,0.00527
2109.70245,0.00514
2107.77402,0.00512
2105.84559,0.00517
2103.91716,0.00516
2101.98873,0.00500
2100.06030,0.00481
2098.13187,0.00473
2096.20344,0.00483
2094.27501,0.00504
2092.34658,0.00518
2090.41815,0.00529
2088.48972,0.00544
2086.56129,0.00543
2084.63286,0.00523
2082.70443,0.00512
2080.77600,0.00522
2078.84757,0.00532
2076.91914,0.00535
2074.99071,0.00536
2073.06228,0.00525
2071.13385,0.00501
2069.20542,0.00490
2067.27699,0.00496
2065.34856,0.00508
2063.42013,0.00525
2061.49170,0.00537
2059.56327,0.00535
2057.63484,0.00523
2055.70641,0.00513
2053.77798,0.00521
2051.84955,0.00537
2049.92112,0.00538
2047.99269,0.00521
2046.06426,0.00499
2044.13583,0.00480
2042.20740,0.00463
2040.27897,0.00461
2038.35054,0.00472
2036.42211,0.00481
2034.49368,0.00491
2032.56525,0.00503
2030.63682,0.00504
2028.70839,0.00494
2026.77996,0.00495
2024.85153,0.00515
2022.92310,0.00530
2020.99467,0.00532
2019.06624,0.00527
2017.13781,0.00506
2015.20938,0.00475
2013.28095,0.00457
2011.35252,0.00452
2009.42409,0.00454
2007.49566,0.00463
2005.56723,0.00477
2003.63880,0.00498
2001.71037,0.00515
1999.78194,0.00512
1997.85351,0.00500
1995.92508,0.00494
1993.99665,0.00471
1992.06822,0.00422
1990.13979,0.00401
1988.21136,0.00438
1986.28293,0.00492
1984.35450,0.00521
1982.42607,0.00526
1980.49764,0.00513
1978.56921,0.00489
1976.64078,0.00469
1974.71235,0.00459
1972.78392,0.00450
1970.85549,0.00459
1968.92706,0.00485
1966.99863,0.00486
1965.07020,0.00462
1963.14177,0.00460
1961.21334,0.00484
1959.28491,0.00507
1957.35648,0.00512
1955.42805,0.00498
1953.49962,0.00479
1951.57119,0.00463
1949.64276,0.00456
1947.71433,0.00469
1945.78590,0.00490
1943.85747,0.00490
1941.92904,0.00468
1940.00061,0.00469
1938.07218,0.00499
1936.14375,0.00516
1934.21532,0.00500
1932.28689,0.00475
1930.35846,0.00480
1928.43003,0.00519
1926.50160,0.00565
1924.57317,0.00583
1922.64474,0.00562
1920.71631,0.00524
1918.78788,0.00487
1916.85945,0.00464
1914.93102,0.00472
1913.00259,0.00501
1911.07416,0.00520
1909.14573,0.00508
1907.21730,0.00485
1905.28887,0.00486
1903.36044,0.00508
1901.43201,0.00514
1899.50358,0.00495
1897.57515,0.00479
1895.64672,0.00478
1893.71829,0.00484
1891.78986,0.00486
1889.86143,0.00490
1887.93300,0.00507
1886.00457,0.00522
1884.07614,0.00515
1882.14771,0.00508
1880.21928,0.00518
1878.29085,0.00526
1876.36242,0.00517
1874.43399,0.00516
1872.50556,0.00544
1870.57713,0.00568
1868.64870,0.00536
1866.72027,0.00486
1864.79184,0.00491
1862.86341,0.00525
1860.93498,0.00532
1859.00655,0.00507
1857.07812,0.00487
1855.14969,0.00486
1853.22126,0.00497
1851.29283,0.00520
1849.36440,0.00564
1847.43597,0.00622
1845.50754,0.00647
1843.57911,0.00604
1841.65068,0.00552
1839.72225,0.00524
1837.79382,0.00499
1835.86539,0.00486
1833.93696,0.00503
1832.00853,0.00520
1830.08010,0.00499
1828.15167,0.00465
1826.22324,0.00446
1824.29481,0.00438
1822.36638,0.00443
1820.43795,0.00462
1818.50952,0.00473
1816.58109,0.00476
1814.65266,0.00488
1812.72423,0.00503
1810.79580,0.00494
1808.86737,0.00469
1806.93894,0.00464
1805.01051,0.00484
1803.08208,0.00505
1801.15365,0.00498
1799.22522,0.00481
1797.29679,0.00494
1795.36836,0.00524
1793.43993,0.00507
1791.51150,0.00448
1789.58307,0.00438
1787.65464,0.00478
1785.72621,0.00494
1783.79778,0.00468
1781.86935,0.00438
1779.94092,0.00438
1778.01249,0.00473
1776.08406,0.00500
1774.15563,0.00463
1772.22720,0.00390
1770.29877,0.00390
1768.37034,0.00453
1766.44191,0.00508
1764.51348,0.00541
1762.58505,0.00542
1760.65662,0.00507
1758.72819,0.00485
1756.79976,0.00498
1754.87133,0.00540
1752.94290,0.00600
1751.01447,0.00633
1749.08604,0.00609
1747.15761,0.00574
1745.22918,0.00562
1743.30075,0.00544
1741.37232,0.00499
1739.44389,0.00474
1737.51546,0.00518
1735.58703,0.00563
1733.65860,0.00514
1731.73017,0.00455
1729.80174,0.00479
1727.87331,0.00533
1725.94488,0.00552
1724.01645,0.00529
1722.08802,0.00509
1720.15959,0.00530
1718.23116,0.00552
1716.30273,0.00526
1714.37430,0.00500
1712.44587,0.00521
1710.51744,0.00552
1708.58901,0.00553
1706.66058,0.00514
1704.73215,0.00499
1702.80372,0.00580
1700.87529,0.00683
1698.94686,0.00680
1697.01843,0.00610
1695.09000,0.00583
1693.16157,0.00603
1691.23314,0.00629
1689.30471,0.00650
1687.37628,0.00687
1685.44785,0.00686
1683.51942,0.00594
1681.59099,0.00561
1679.66256,0.00651
1677.73413,0.00762
1675.80570,0.00813
1673.87727,0.00800
1671.94884,0.00761
1670.02041,0.00705
1668.09198,0.00674
1666.16355,0.00707
1664.23512,0.00739
1662.30669,0.00734
1660.37826,0.00759
1658.44983,0.00847
1656.52140,0.00958
1654.59297,0.01011
1652.66454,0.00947
1650.73611,0.00902
1648.80768,0.00894
1646.87925,0.00798
1644.95082,0.00702
1643.02239,0.00709
1641.09396,0.00749
1639.16553,0.00760
1637.23710,0.00725
1635.30867,0.00657
1633.38024,0.00640
1631.45181,0.00681
1629.52338,0.00704
1627.59495,0.00680
1625.66652,0.00649
1623.73809,0.00631
1621.80966,0.00634
1619.88123,0.00655
1617.95280,0.00635
1616.02437,0.00552
1614.09594,0.00503
1612.16751,0.00515
1610.23908,0.00527
1608.31065,0.00518
1606.38222,0.00510
1604.45379,0.00512
1602.52536,0.00510
1600.59693,0.00506
1598.66850,0.00501
1596.74007,0.00489
1594.81164,0.00470
1592.88321,0.00460
1590.95478,0.00461
1589.02635,0.00463
1587.09792,0.00459
1585.16949,0.00455
1583.24106,0.00470
1581.31263,0.00517
1579.38420,0.00557
1577.45577,0.00514
1575.52734,0.00426
1573.59891,0.00437
1571.67048,0.00513
1569.74205,0.00539
1567.81362,0.00521
1565.88519,0.00536
1563.95676,0.00608
1562.02833,0.00746
1560.09990,0.00880
1558.17147,0.00834
1556.24304,0.00676
1554.31461,0.00606
1552.38618,0.00614
1550.45775,0.00642
1548.52932,0.00677
1546.60089,0.00717
1544.67246,0.00727
1542.74403,0.00678
1540.81560,0.00597
1538.88717,0.00573
1536.95874,0.00619
1535.03031,0.00645
1533.10188,0.00609
1531.17345,0.00582
1529.24502,0.00589
1527.31659,0.00585
1525.38816,0.00590
1523.45973,0.00648
1521.53130,0.00714
1519.60287,0.00712
1517.67444,0.00623
1515.74601,0.00523
1513.81758,0.00526
1511.88915,0.00612
1509.96072,0.00656
1508.03229,0.00536
1506.10385,0.00322
1504.17542,0.00296
1502.24699,0.00407
1500.31856,0.00481
1498.39013,0.00459
1496.46170,0.00404
1494.53327,0.00404
1492.60484,0.00426
1490.67641,0.00396
1488.74798,0.00324
1486.81955,0.00289
1484.89112,0.00305
1482.96269,0.00332
1481.03426,0.00356
1479.10583,0.00392
1477.17740,0.00437
1475.24897,0.00439
1473.32054,0.00360
1471.39211,0.00305
1469.46368,0.00357
1467.53525,0.00420
1465.60682,0.00415
1463.67839,0.00403
1461.74996,0.00453
1459.82153,0.00504
1457.89310,0.00455
1455.96467,0.00347
1454.03624,0.00319
1452.10781,0.00352
1450.17938,0.00378
1448.25095,0.00378
1446.32252,0.00373
1444.39409,0.00383
1442.46566,0.00394
1440.53723,0.00394
1438.60880,0.00382
1436.68037,0.00366
1434.75194,0.00370
1432.82351,0.00399
1430.89508,0.00417
1428.96665,0.00401
1427.03822,0.00381
1425.10979,0.00377
1423.18136,0.00388
1421.25293,0.00412
1419.32450,0.00412
1417.39607,0.00370
1415.46764,0.00349
1413.53921,0.00371
1411.61078,0.00396
1409.68235,0.00398
1407.75392,0.00382
1405.82549,0.00354
1403.89706,0.00336
1401.96863,0.00354
1400.04020,0.00394
1398.11177,0.00419
1396.18334,0.00408
1394.25491,0.00377
1392.32648,0.00366
1390.39805,0.00373
1388.46962,0.00367
1386.54119,0.00348
1384.61276,0.00343
1382.68433,0.00360
1380.75590,0.00381
1378.82747,0.00396
1376.89904,0.00402
1374.97061,0.00389
1373.04218,0.00370
1371.11375,0.00366
1369.18532,0.00368
1367.25689,0.00372
1365.32846,0.00382
1363.40003,0.00378
1361.47160,0.00357
1359.54317,0.00362
1357.61474,0.00401
1355.68631,0.00436
1353.75788,0.00446
1351.82945,0.00441
1349.90102,0.00438
1347.97259,0.00438
1346.04416,0.00446
1344.11573,0.00461
1342.18730,0.00469
1340.25887,0.00461
1338.33044,0.00456
1336.40201,0.00461
1334.47358,0.00461
1332.54515,0.00459
1330.61672,0.00467
1328.68829,0.00489
1326.75986,0.00518
1324.83143,0.00534
1322.90300,0.00533
1320.97457,0.00542
1319.04614,0.00571
1317.11771,0.00597
1315.18928,0.00600
1313.26085,0.00592
1311.33242,0.00599
1309.40399,0.00624
1307.47556,0.00652
1305.54713,0.00674
1303.61870,0.00691
1301.69027,0.00700
1299.76184,0.00699
1297.83341,0.00694
1295.90498,0.00690
1293.97655,0.00707
1292.04812,0.00753
1290.11969,0.00799
1288.19126,0.00816
1286.26283,0.00803
1284.33440,0.00784
1282.40597,0.00783
1280.47754,0.00812
1278.54911,0.00857
1276.62068,0.00888
1274.69225,0.00901
1272.76382,0.00918
1270.83539,0.00950
1268.90696,0.00986
1266.97853,0.01012
1265.05010,0.01036
1263.12167,0.01077
1261.19324,0.01137
1259.26481,0.01205
1257.33638,0.01282
1255.40795,0.01355
1253.47952,0.01411
1251.55109,0.01450
1249.62266,0.01482
1247.69423,0.01522
1245.76580,0.01570
1243.83737,0.01620
1241.90894,0.01674
1239.98051,0.01729
1238.05208,0.01772
1236.12365,0.01806
1234.19522,0.01845
1232.26679,0.01904
1230.33836,0.01969
1228.40993,0.01996
1226.48150,0.01994
1224.55307,0.02016
1222.62464,0.02052
1220.69621,0.02069
1218.76778,0.02081
1216.83935,0.02111
1214.91092,0.02134
1212.98249,0.02134
1211.05406,0.02149
1209.12563,0.02200
1207.19720,0.02263
1205.26877,0.02321
1203.34034,0.02355
1201.41191,0.02350
1199.48348,0.02345
1197.55505,0.02379
1195.62662,0.02415
1193.69819,0.02426
1191.76976,0.02448
1189.84133,0.02479
1187.91290,0.02482
1185.98447,0.02482
1184.05604,0.02525
1182.12761,0.02598
1180.19918,0.02663
1178.27075,0.02691
1176.34232,0.02681
1174.41389,0.02674
1172.48546,0.02701
1170.55703,0.02757
1168.62860,0.02807
1166.70017,0.02822
1164.77174,0.02831
1162.84331,0.02859
1160.91488,0.02890
1158.98645,0.02931
1157.05802,0.03009
1155.12959,0.03115
1153.20116,0.03198
1151.27273,0.03229
1149.34430,0.03226
1147.41587,0.03217
1145.48744,0.03221
1143.55901,0.03241
1141.63058,0.03278
1139.70215,0.03325
1137.77372,0.03366
1135.84529,0.03421
1133.91686,0.03522
1131.98843,0.03624
1130.06000,0.03678
1128.13157,0.03702
1126.20314,0.03744
1124.27471,0.03824
1122.34628,0.03933
1120.41785,0.04050
1118.48942,0.04135
1116.56099,0.04177
1114.63256,0.04249
1112.70413,0.04408
1110.77570,0.04601
1108.84727,0.04760
1106.91884,0.04896
1104.99041,0.05019
1103.06198,0.05108
1101.13355,0.05176
1099.20512,0.05257
1097.27669,0.05364
1095.34826,0.05487
1093.41983,0.05588
1091.49140,0.05662
1089.56297,0.05755
1087.63454,0.05852
1085.70611,0.05888
1083.77768,0.05861
1081.84925,0.05841
1079.92082,0.05874
1077.99239,0.05911
1076.06396,0.05902
1074.13553,0.05883
1072.20710,0.05884
1070.27867,0.05929
1068.35024,0.06010
1066.42181,0.06014
1064.49338,0.05883
1062.56495,0.05742
1060.63652,0.05693
1058.70809,0.05653
1056.77966,0.05530
1054.85123,0.05380
1052.92280,0.05266
1050.99437,0.05138
1049.06594,0.04943
1047.13751,0.04748
1045.20908,0.04618
1043.28065,0.04483
1041.35222,0.04287
1039.42379,0.04072
1037.49536,0.03849
1035.56693,0.03610
1033.63850,0.03364
1031.71007,0.03106
1029.78164,0.02861
1027.85321,0.02649
1025.92478,0.02441
1023.99635,0.02255
1022.06792,0.02126
1020.13949,0.02002
1018.21106,0.01841
1016.28263,0.01703
1014.35420,0.01607
1012.42577,0.01483
1010.49734,0.01329
1008.56891,0.01196
1006.64048,0.01088
1004.71205,0.01004
1002.78362,0.00953
1000.85519,0.00925
998.92676,0.00900
996.99833,0.00860
995.06990,0.00811
993.14147,0.00805
991.21304,0.00870
989.28461,0.00957
987.35618,0.00990
985.42775,0.00962
983.49932,0.00929
981.57089,0.00923
979.64246,0.00940
977.71403,0.00970
975.78560,0.01020
973.85717,0.01093
971.92874,0.01155
970.00031,0.01164
968.07188,0.01114
966.14345,0.01065
964.21502,0.01066
962.28659,0.01080
960.35816,0.01068
958.42973,0.01063
956.50130,0.01063
954.57287,0.01023
952.64444,0.00982
950.71601,0.01010
948.78758,0.01082
946.85915,0.01117
944.93072,0.01126
943.00229,0.01136
941.07386,0.01107
939.14543,0.01056
937.21700,0.01037
935.28857,0.01031
933.36014,0.00997
931.43171,0.00953
929.50328,0.00946
927.57485,0.00968
925.64642,0.00965
923.71799,0.00930
921.78956,0.00879
919.86113,0.00824
917.93270,0.00781
916.00427,0.00785
914.07584,0.00834
912.14741,0.00866
910.21898,0.00851
908.29055,0.00802
906.36212,0.00727
904.43368,0.00664
902.50525,0.00649
900.57682,0.00675
898.64839,0.00707
896.71996,0.00700
894.79153,0.00680
892.86310,0.00681
890.93467,0.00636
889.00624,0.00541
887.07781,0.00477
885.14938,0.00463
883.22095,0.00463
881.29252,0.00447
879.36409,0.00431
877.43566,0.00452
875.50723,0.00504
873.57880,0.00545
871.65037,0.00552
869.72194,0.00517
867.79351,0.00471
865.86508,0.00456
863.93665,0.00465
862.00822,0.00488
860.07979,0.00507
858.15136,0.00502
856.22293,0.00511
854.29450,0.00560
852.36607,0.00616
850.43764,0.00627
848.50921,0.00610
846.58078,0.00632
844.65235,0.00679
842.72392,0.00709
840.79549,0.00720
838.86706,0.00733
836.93863,0.00748
835.01020,0.00747
833.08177,0.00776
831.15334,0.00869
829.22491,0.00939
827.29648,0.00932
825.36805,0.00929
823.43962,0.01020
821.51119,0.01137
819.58276,0.01165
817.65433,0.01156
815.72590,0.01188
813.79747,0.01215
811.86904,0.01200
809.94061,0.01168
808.01218,0.01193
806.08375,0.01283
804.15532,0.01340
802.22689,0.01365
800.29846,0.01417
798.37003,0.01444
796.44160,0.01408
794.51317,0.01375
792.58474,0.01390
790.65631,0.01420
788.72788,0.01436
786.79945,0.01445
784.87102,0.01415
782.94259,0.01326
781.01416,0.01227
779.08573,0.01146
777.15730,0.01041
775.22887,0.00883
773.30044,0.00744
771.37201,0.00695
769.44358,0.00719
767.51515,0.00766
765.58672,0.00761
763.65829,0.00686
761.72986,0.00636
759.80143,0.00659
757.87300,0.00682
755.94457,0.00657
754.01614,0.00633
752.08771,0.00647
750.15928,0.00643
748.23085,0.00580
746.30242,0.00532
744.37399,0.00576
742.44556,0.00628
740.51713,0.00571
738.58870,0.00476
736.66027,0.00472
734.73184,0.00554
732.80341,0.00648
730.87498,0.00712
728.94655,0.00720
727.01812,0.00651
725.08969,0.00546
723.16126,0.00496
721.23283,0.00435
719.30440,0.00394
717.37597,0.00457
715.44754,0.00595
713.51911,0.00689
711.59068,0.00681
709.66225,0.00616
707.73382,0.00561
705.80539,0.00563
703.87696,0.00610
701.94853,0.00654
700.02010,0.00658
698.09167,0.00630
696.16324,0.00645
694.23481,0.00744
692.30638,0.00848
690.37795,0.00870
688.44952,0.00813
686.52109,0.00717
684.59266,0.00601
682.66423,0.00481
680.73580,0.00370
678.80737,0.00299
676.87894,0.00320
674.95051,0.00512
673.02208,0.00890
671.09365,0.01218
669.16522,0.01196
667.23679,0.00978
665.30836,0.00919
663.37993,0.00886
661.45150,0.00744
659.52307,0.00554
657.59464,0.00465
655.66621,0.00583
653.73778,0.00794
651.80935,0.00927
649.88092,0.01026
647.95249,0.01181
646.02406,0.01278
644.09563,0.01228
642.16720,0.01155
640.23877,0.01144
638.31034,0.01118
636.38191,0.01011
634.45348,0.00899
632.52505,0.00965
630.59662,0.01177
628.66819,0.01179
626.73976,0.00798
624.81133,0.00420
622.88290,0.00303
620.95447,0.00619
619.02604,0.01231
617.09761,0.01596
615.16918,0.01542
613.24075,0.01198
611.31232,0.00664
609.38389,0.00304
607.45546,0.00200
605.52703,0.00216
603.59860,0.00000
601.67017,-0.00127
599.74174,0.00000
