4001.49232,0.00058
3999.56389,-0.00004
3997.63546,-0.00029
3995.70703,-0.00030
3993.77860,-0.00018
3991.85017,-0.00006
3989.92174,0.00005
3987.99331,0.00031
3986.06488,0.00068
3984.13645,0.00087
3982.20802,0.00077
3980.27959,0.00056
3978.35116,0.00058
3976.42273,0.00089
3974.49430,0.00129
3972.56587,0.00157
3970.63744,0.00163
3968.70901,0.00134
3966.78058,0.00074
3964.85215,0.00016
3962.92372,0.00001
3960.99529,0.00023
3959.06686,0.00031
3957.13843,0.00008
3955.21000,0.00000
3953.28157,0.00062
3951.35314,0.00185
3949.42471,0.00285
3947.49628,0.00271
3945.56785,0.00172
3943.63942,0.00117
3941.71099,0.00150
3939.78256,0.00179
3937.85413,0.00145
3935.92570,0.00074
3933.99727,0.00015
3932.06884,0.00017
3930.14041,0.00080
3928.21198,0.00136
3926.28355,0.00155
3924.35512,0.00164
3922.42669,0.00163
3920.49826,0.00164
3918.56982,0.00197
3916.64139,0.00236
3914.71296,0.00238
3912.78453,0.00217
3910.85610,0.00203
3908.92767,0.00192
3906.99924,0.00177
3905.07081,0.00179
3903.14238,0.00221
3901.21395,0.00282
3899.28552,0.00317
3897.35709,0.00279
3895.42866,0.00187
3893.50023,0.00135
3891.57180,0.00155
3889.64337,0.00152
3887.71494,0.00108
3885.78651,0.00144
3883.85808,0.00268
3881.92965,0.00363
3880.00122,0.00405
3878.07279,0.00368
3876.14436,0.00271
3874.21593,0.00195
3872.28750,0.00170
3870.35907,0.00225
3868.43064,0.00349
3866.50221,0.00415
3864.57378,0.00405
3862.64535,0.00358
3860.71692,0.00261
3858.78849,0.00139
3856.86006,0.00072
3854.93163,0.00147
3853.00320,0.00342
3851.07477,0.00433
3849.14634,0.00377
3847.21791,0.00301
3845.28948,0.00250
3843.36105,0.00217
3841.43262,0.00230
3839.50419,0.00311
3837.57576,0.00379
3835.64733,0.00364
3833.71890,0.00333
3831.79047,0.00333
3829.86204,0.00317
3827.93361,0.00256
3826.00518,0.00192
3824.07675,0.00168
3822.14832,0.00225
3820.21989,0.00351
3818.29146,0.00425
3816.36303,0.00467
3814.43460,0.00488
3812.50617,0.00408
3810.57774,0.00272
3808.64931,0.00195
3806.72088,0.00220
3804.79245,0.00276
3802.86402,0.00327
3800.93559,0.00392
3799.00716,0.00405
3797.07873,0.00395
3795.15030,0.00411
3793.22187,0.00413
3791.29344,0.00391
3789.36501,0.00365
3787.43658,0.00352
3785.50815,0.00375
3783.57972,0.00405
3781.65129,0.00414
3779.72286,0.00457
3777.79443,0.00505
3775.86600,0.00447
3773.93757,0.00306
3772.00914,0.00188
3770.08071,0.00181
3768.15228,0.00272
3766.22385,0.00376
3764.29542,0.00447
3762.36699,0.00461
3760.43856,0.00442
3758.51013,0.00425
3756.58170,0.00372
3754.65327,0.00247
3752.72484,0.00148
3750.79641,0.00250
3748.86798,0.00461
3746.93955,0.00565
3745.01112,0.00675
3743.08269,0.00774
3741.15426,0.00664
3739.22583,0.00404
3737.29740,0.00234
3735.36897,0.00314
3733.44054,0.00493
3731.51211,0.00529
3729.58368,0.00470
3727.65525,0.00423
3725.72682,0.00409
3723.79839,0.00393
3721.86996,0.00365
3719.94153,0.00370
3718.01310,0.00401
3716.08467,0.00410
3714.15624,0.00417
3712.22781,0.00505
3710.29938,0.00627
3708.37095,0.00605
3706.44252,0.00464
3704.51409,0.00353
3702.58566,0.00357
3700.65723,0.00435
3698.72880,0.00497
3696.80037,0.00522
3694.87194,0.00483
3692.94351,0.00369
3691.01508,0.00315
3689.08665,0.00462
3687.15822,0.00629
3685.22979,0.00619
3683.30136,0.00513
3681.37293,0.00415
3679.44450,0.00322
3677.51607,0.00263
3675.58764,0.00357
3673.65921,0.00501
3671.73078,0.00493
3669.80235,0.00479
3667.87392,0.00551
3665.94549,0.00586
3664.01706,0.00556
3662.08863,0.00505
3660.16020,0.00464
3658.23177,0.00461
3656.30334,0.00482
3654.37491,0.00443
3652.44648,0.00339
3650.51805,0.00360
3648.58962,0.00618
3646.66119,0.00778
3644.73276,0.00706
3642.80433,0.00620
3640.87590,0.00613
3638.94747,0.00616
3637.01904,0.00602
3635.09061,0.00610
3633.16218,0.00634
3631.23375,0.00658
3629.30532,0.00750
3627.37689,0.00902
3625.44846,0.00959
3623.52003,0.00908
3621.59160,0.00817
3619.66317,0.00733
3617.73474,0.00663
3615.80631,0.00626
3613.87788,0.00705
3611.94945,0.00894
3610.02102,0.01084
3608.09259,0.01213
3606.16416,0.01226
3604.23573,0.01117
3602.30730,0.00996
3600.37887,0.00968
3598.45044,0.01024
3596.52201,0.01076
3594.59358,0.01053
3592.66515,0.00943
3590.73672,0.00810
3588.80829,0.00781
3586.87986,0.00908
3584.95143,0.01029
3583.02300,0.01027
3581.09457,0.00942
3579.16614,0.00865
3577.23771,0.00875
3575.30928,0.00950
3573.38085,0.00998
3571.45242,0.00976
3569.52399,0.00918
3567.59556,0.00929
3565.66713,0.01027
3563.73870,0.01084
3561.81027,0.01113
3559.88184,0.01171
3557.95341,0.01196
3556.02498,0.01154
3554.09655,0.01103
3552.16812,0.01086
3550.23969,0.01083
3548.31126,0.01076
3546.38283,0.01096
3544.45440,0.01134
3542.52597,0.01127
3540.59754,0.01067
3538.66911,0.01021
3536.74068,0.01029
3534.81225,0.01042
3532.88382,0.01021
3530.95539,0.01026
3529.02696,0.01099
3527.09853,0.01159
3525.17010,0.01135
3523.24167,0.01097
3521.31324,0.01113
3519.38481,0.01152
3517.45638,0.01167
3515.52795,0.01149
3513.59952,0.01108
3511.67109,0.01073
3509.74266,0.01076
3507.81423,0.01114
3505.88580,0.01175
3503.95737,0.01254
3502.02894,0.01315
3500.10051,0.01300
3498.17208,0.01207
3496.24365,0.01108
3494.31522,0.01052
3492.38679,0.01035
3490.45836,0.01057
3488.52993,0.01124
3486.60150,0.01179
3484.67307,0.01175
3482.74464,0.01187
3480.81621,0.01278
3478.88778,0.01384
3476.95935,0.01432
3475.03092,0.01410
3473.10249,0.01343
3471.17406,0.01285
3469.24563,0.01265
3467.31720,0.01270
3465.38877,0.01278
3463.46034,0.01296
3461.53191,0.01310
3459.60348,0.01278
3457.67505,0.01233
3455.74662,0.01232
3453.81819,0.01231
3451.88976,0.01214
3449.96133,0.01262
3448.03290,0.01379
3446.10447,0.01444
3444.17604,0.01404
3442.24761,0.01349
3440.31918,0.01357
3438.39075,0.01420
3436.46232,0.01482
3434.53389,0.01504
3432.60546,0.01489
3430.67703,0.01456
3428.74860,0.01400
3426.82017,0.01351
3424.89174,0.01349
3422.96331,0.01378
3421.03488,0.01389
3419.10645,0.01373
3417.17802,0.01381
3415.24959,0.01446
3413.32116,0.01505
3411.39273,0.01476
3409.46430,0.01418
3407.53587,0.01441
3405.60744,0.01511
3403.67901,0.01550
3401.75058,0.01557
3399.82215,0.01542
3397.89372,0.01523
3395.96529,0.01498
3394.03686,0.01513
3392.10843,0.01620
3390.18000,0.01733
3388.25157,0.01749
3386.32314,0.01699
3384.39471,0.01645
3382.46628,0.01625
3380.53785,0.01658
3378.60942,0.01693
3376.68099,0.01681
3374.75256,0.01638
3372.82413,0.01614
3370.89570,0.01641
3368.96727,0.01686
3367.03884,0.01681
3365.11041,0.01636
3363.18198,0.01638
3361.25355,0.01703
3359.32512,0.01755
3357.39669,0.01760
3355.46826,0.01750
3353.53983,0.01737
3351.61140,0.01728
3349.68297,0.01725
3347.75454,0.01729
3345.82611,0.01773
3343.89768,0.01838
3341.96925,0.01854
3340.04082,0.01840
3338.11239,0.01844
3336.18396,0.01860
3334.25553,0.01869
3332.32710,0.01854
3330.39867,0.01838
3328.47024,0.01878
3326.54181,0.01960
3324.61338,0.02001
3322.68495,0.01987
3320.75652,0.01970
3318.82809,0.01961
3316.89966,0.01945
3314.97122,0.01936
3313.04279,0.01929
3311.11436,0.01916
3309.18593,0.01939
3307.25750,0.02001
3305.32907,0.02051
3303.40064,0.02084
3301.47221,0.02132
3299.54378,0.02177
3297.61535,0.02177
3295.68692,0.02156
3293.75849,0.02174
3291.83006,0.02211
3289.90163,0.02202
3287.97320,0.02168
3286.04477,0.02161
3284.11634,0.02192
3282.18791,0.02209
3280.25948,0.02175
3278.33105,0.02131
3276.40262,0.02113
3274.47419,0.02119
3272.54576,0.02145
3270.61733,0.02161
3268.68890,0.02143
3266.76047,0.02113
3264.83204,0.02100
3262.90361,0.02110
3260.97518,0.02116
3259.04675,0.02092
3257.11832,0.02041
3255.18989,0.01998
3253.26146,0.01993
3251.33303,0.01983
3249.40460,0.01937
3247.47617,0.01899
3245.54774,0.01892
3243.61931,0.01866
3241.69088,0.01821
3239.76245,0.01829
3237.83402,0.01891
3235.90559,0.01909
3233.97716,0.01868
3232.04873,0.01852
3230.12030,0.01889
3228.19187,0.01939
3226.26344,0.01974
3224.33501,0.01947
3222.40658,0.01859
3220.47815,0.01806
3218.54972,0.01817
3216.62129,0.01836
3214.69286,0.01837
3212.76443,0.01826
3210.83600,0.01818
3208.90757,0.01819
3206.97914,0.01830
3205.05071,0.01849
3203.12228,0.01856
3201.19385,0.01846
3199.26542,0.01832
3197.33699,0.01790
3195.40856,0.01713
3193.48013,0.01650
3191.55170,0.01648
3189.62327,0.01685
3187.69484,0.01708
3185.76641,0.01695
3183.83798,0.01674
3181.90955,0.01673
3179.98112,0.01686
3178.05269,0.01696
3176.12426,0.01690
3174.19583,0.01668
3172.26740,0.01651
3170.33897,0.01647
3168.41054,0.01657
3166.48211,0.01695
3164.55368,0.01749
3162.62525,0.01772
3160.69682,0.01743
3158.76839,0.01687
3156.83996,0.01636
3154.91153,0.01594
3152.98310,0.01586
3151.05467,0.01628
3149.12624,0.01672
3147.19781,0.01662
3145.26938,0.01607
3143.34095,0.01573
3141.41252,0.01574
3139.48409,0.01546
3137.55566,0.01510
3135.62723,0.01530
3133.69880,0.01587
3131.77037,0.01615
3129.84194,0.01599
3127.91351,0.01592
3125.98508,0.01614
3124.05665,0.01614
3122.12822,0.01584
3120.19979,0.01557
3118.27136,0.01550
3116.34293,0.01555
3114.41450,0.01552
3112.48607,0.01522
3110.55764,0.01468
3108.62921,0.01443
3106.70078,0.01479
3104.77235,0.01507
3102.84392,0.01472
3100.91549,0.01440
3098.98706,0.01468
3097.05863,0.01523
3095.13020,0.01553
3093.20177,0.01551
3091.27334,0.01543
3089.34491,0.01542
3087.41648,0.01540
3085.48805,0.01526
3083.55962,0.01504
3081.63119,0.01492
3079.70276,0.01486
3077.77433,0.01471
3075.84590,0.01475
3073.91747,0.01526
3071.98904,0.01580
3070.06061,0.01575
3068.13218,0.01533
3066.20375,0.01500
3064.27532,0.01485
3062.34689,0.01484
3060.41846,0.01482
3058.49003,0.01473
3056.56160,0.01495
3054.63317,0.01545
3052.70474,0.01572
3050.77631,0.01559
3048.84788,0.01530
3046.91945,0.01518
3044.99102,0.01523
3043.06259,0.01525
3041.13416,0.01514
3039.20573,0.01493
3037.27730,0.01478
3035.34887,0.01473
3033.42044,0.01465
3031.49201,0.01459
3029.56358,0.01475
3027.63515,0.01500
3025.70672,0.01500
3023.77829,0.01474
3021.84986,0.01455
3019.92143,0.01460
3017.99300,0.01475
3016.06457,0.01482
3014.13614,0.01482
3012.20771,0.01472
3010.27928,0.01442
3008.35085,0.01425
3006.42242,0.01449
3004.49399,0.01469
3002.56556,0.01462
3000.63713,0.01458
2998.70870,0.01453
2996.78027,0.01414
2994.85184,0.01382
2992.92341,0.01424
2990.99498,0.01490
2989.06655,0.01505
2987.13812,0.01489
2985.20969,0.01490
2983.28126,0.01520
2981.35283,0.01564
2979.42440,0.01574
2977.49597,0.01543
2975.56754,0.01524
2973.63911,0.01543
2971.71068,0.01583
2969.78225,0.01624
2967.85382,0.01652
2965.92539,0.01665
2963.99696,0.01666
2962.06853,0.01671
2960.14010,0.01703
2958.21167,0.01726
2956.28324,0.01693
2954.35481,0.01638
2952.42638,0.01615
2950.49795,0.01622
2948.56952,0.01643
2946.64109,0.01664
2944.71266,0.01668
2942.78423,0.01659
2940.85580,0.01645
2938.92737,0.01633
2936.99894,0.01638
2935.07051,0.01655
2933.14208,0.01663
2931.21365,0.01674
2929.28522,0.01695
2927.35679,0.01701
2925.42836,0.01692
2923.49993,0.01699
2921.57150,0.01702
2919.64307,0.01663
2917.71464,0.01607
2915.78621,0.01575
2913.85778,0.01570
2911.92935,0.01576
2910.00092,0.01564
2908.07249,0.01533
2906.14406,0.01498
2904.21563,0.01464
2902.28720,0.01442
2900.35877,0.01453
2898.43034,0.01468
2896.50191,0.01473
2894.57348,0.01499
2892.64505,0.01536
2890.71662,0.01536
2888.78819,0.01506
2886.85976,0.01472
2884.93133,0.01430
2883.00290,0.01395
2881.07447,0.01400
2879.14604,0.01437
2877.21761,0.01455
2875.28918,0.01447
2873.36075,0.01454
2871.43232,0.01494
2869.50389,0.01529
2867.57546,0.01523
2865.64703,0.01484
2863.71860,0.01438
2861.79017,0.01436
2859.86174,0.01480
2857.93331,0.01493
2856.00488,0.01447
2854.07645,0.01393
2852.14802,0.01364
2850.21959,0.01375
2848.29116,0.01407
2846.36273,0.01415
2844.43430,0.01396
2842.50587,0.01377
2840.57744,0.01355
2838.64901,0.01318
2836.72058,0.01301
2834.79215,0.01327
2832.86372,0.01354
2830.93529,0.01336
2829.00686,0.01297
2827.07843,0.01292
2825.15000,0.01318
2823.22157,0.01321
2821.29314,0.01314
2819.36471,0.01334
2817.43628,0.01345
2815.50785,0.01327
2813.57942,0.01318
2811.65099,0.01324
2809.72256,0.01331
2807.79413,0.01352
2805.86570,0.01381
2803.93727,0.01365
2802.00884,0.01304
2800.08041,0.01265
2798.15198,0.01271
2796.22355,0.01286
2794.29512,0.01284
2792.36669,0.01271
2790.43826,0.01255
2788.50983,0.01251
2786.58140,0.01277
2784.65297,0.01317
2782.72454,0.01335
2780.79611,0.01338
2778.86768,0.01350
2776.93925,0.01345
2775.01082,0.01310
2773.08239,0.01304
2771.15396,0.01350
2769.22553,0.01377
2767.29710,0.01338
2765.36867,0.01285
2763.44024,0.01260
2761.51181,0.01244
2759.58338,0.01240
2757.65495,0.01261
2755.72652,0.01283
2753.79809,0.01290
2751.86966,0.01299
2749.94123,0.01314
2748.01280,0.01307
2746.08437,0.01278
2744.15594,0.01270
2742.22751,0.01304
2740.29908,0.01342
2738.37065,0.01343
2736.44222,0.01305
2734.51379,0.01266
2732.58536,0.01253
2730.65693,0.01257
2728.72850,0.01252
2726.80007,0.01244
2724.87164,0.01261
2722.94321,0.01288
2721.01478,0.01288
2719.08635,0.01270
2717.15792,0.01263
2715.22949,0.01258
2713.30105,0.01240
2711.37262,0.01240
2709.44419,0.01278
2707.51576,0.01304
2705.58733,0.01273
2703.65890,0.01233
2701.73047,0.01233
2699.80204,0.01258
2697.87361,0.01279
2695.94518,0.01288
2694.01675,0.01291
2692.08832,0.01288
2690.15989,0.01284
2688.23146,0.01288
2686.30303,0.01288
2684.37460,0.01297
2682.44617,0.01323
2680.51774,0.01332
2678.58931,0.01304
2676.66088,0.01269
2674.73245,0.01259
2672.80402,0.01271
2670.87559,0.01275
2668.94716,0.01269
2667.01873,0.01265
2665.09030,0.01269
2663.16187,0.01282
2661.23344,0.01300
2659.30501,0.01308
2657.37658,0.01302
2655.44815,0.01287
2653.51972,0.01269
2651.59129,0.01257
2649.66286,0.01250
2647.73443,0.01256
2645.80600,0.01284
2643.87757,0.01309
2641.94914,0.01310
2640.02071,0.01310
2638.09228,0.01327
2636.16385,0.01336
2634.23542,0.01314
2632.30699,0.01292
2630.37856,0.01295
2628.45013,0.01307
2626.52170,0.01305
2624.59327,0.01301
2622.66484,0.01311
2620.73641,0.01317
2618.80798,0.01294
2616.87955,0.01254
2614.95112,0.01231
2613.02269,0.01236
2611.09426,0.01246
2609.16583,0.01241
2607.23740,0.01236
2605.30897,0.01255
2603.38054,0.01289
2601.45211,0.01316
2599.52368,0.01340
2597.59525,0.01367
2595.66682,0.01378
2593.73839,0.01366
2591.80996,0.01344
2589.88153,0.01326
2587.95310,0.01317
2586.02467,0.01313
2584.09624,0.01313
2582.16781,0.01315
2580.23938,0.01314
2578.31095,0.01317
2576.38252,0.01333
2574.45409,0.01351
2572.52566,0.01354
2570.59723,0.01335
2568.66880,0.01319
2566.74037,0.01320
2564.81194,0.01318
2562.88351,0.01299
2560.95508,0.01276
2559.02665,0.01285
2557.09822,0.01325
2555.16979,0.01341
2553.24136,0.01328
2551.31293,0.01321
2549.38450,0.01328
2547.45607,0.01352
2545.52764,0.01378
2543.59921,0.01376
2541.67078,0.01346
2539.74235,0.01316
2537.81392,0.01296
2535.88549,0.01283
2533.95706,0.01281
2532.02863,0.01293
2530.10020,0.01318
2528.17177,0.01345
2526.24334,0.01346
2524.31491,0.01321
2522.38648,0.01304
2520.45805,0.01306
2518.52962,0.01319
2516.60119,0.01335
2514.67276,0.01343
2512.74433,0.01330
2510.81590,0.01305
2508.88747,0.01287
2506.95904,0.01277
2505.03061,0.01274
2503.10218,0.01293
2501.17375,0.01319
2499.24532,0.01323
2497.31689,0.01319
2495.38846,0.01315
2493.46003,0.01304
2491.53160,0.01297
2489.60317,0.01300
2487.67474,0.01312
2485.74631,0.01331
2483.81788,0.01334
2481.88945,0.01300
2479.96102,0.01268
2478.03259,0.01294
2476.10416,0.01341
2474.17573,0.01355
2472.24730,0.01358
2470.31887,0.01381
2468.39044,0.01396
2466.46201,0.01386
2464.53358,0.01375
2462.60515,0.01365
2460.67672,0.01344
2458.74829,0.01319
2456.81986,0.01306
2454.89143,0.01307
2452.96300,0.01317
2451.03457,0.01335
2449.10614,0.01353
2447.17771,0.01357
2445.24928,0.01343
2443.32085,0.01322
2441.39242,0.01330
2439.46399,0.01368
2437.53556,0.01384
2435.60713,0.01361
2433.67870,0.01333
2431.75027,0.01324
2429.82184,0.01345
2427.89341,0.01363
2425.96498,0.01355
2424.03655,0.01343
2422.10812,0.01348
2420.17969,0.01372
2418.25126,0.01391
2416.32283,0.01401
2414.39440,0.01404
2412.46597,0.01385
2410.53754,0.01355
2408.60911,0.01347
2406.68068,0.01356
2404.75225,0.01356
2402.82382,0.01357
2400.89539,0.01357
2398.96696,0.01358
2397.03853,0.01358
2395.11010,0.01359
2393.18167,0.01359
2391.25324,0.01360
2389.32481,0.01360
2387.39638,0.01361
2385.46795,0.01361
2383.53952,0.01362
2381.61109,0.01362
2379.68266,0.01363
2377.75423,0.01363
2375.82580,0.01364
2373.89737,0.01364
2371.96894,0.01365
2370.04051,0.01366
2368.11208,0.01366
2366.18365,0.01367
2364.25522,0.01367
2362.32679,0.01368
2360.39836,0.01368
2358.46993,0.01369
2356.54150,0.01369
2354.61307,0.01370
2352.68464,0.01370
2350.75621,0.01371
2348.82778,0.01371
2346.89935,0.01372
2344.97092,0.01372
2343.04249,0.01373
2341.11406,0.01373
2339.18563,0.01374
2337.25720,0.01374
2335.32877,0.01375
2333.40034,0.01375
2331.47191,0.01376
2329.54348,0.01376
2327.61505,0.01377
2325.68662,0.01377
2323.75819,0.01378
2321.82976,0.01379
2319.90133,0.01379
2317.97290,0.01380
2316.04447,0.01380
2314.11604,0.01381
2312.18761,0.01381
2310.25918,0.01382
2308.33075,0.01382
2306.40232,0.01383
2304.47389,0.01383
2302.54546,0.01384
2300.61703,0.01384
2298.68860,0.01385
2296.76017,0.01385
2294.83174,0.01386
2292.90331,0.01386
2290.97488,0.01387
2289.04645,0.01387
2287.11802,0.01388
2285.18959,0.01388
2283.26116,0.01389
2281.33273,0.01389
2279.40430,0.01397
2277.47587,0.01416
2275.54744,0.01444
2273.61901,0.01467
2271.69058,0.01463
2269.76215,0.01436
2267.83372,0.01415
2265.90529,0.01414
2263.97686,0.01431
2262.04843,0.01455
2260.12000,0.01470
2258.19157,0.01460
2256.26314,0.01440
2254.33471,0.01437
2252.40628,0.01454
2250.47785,0.01481
2248.54942,0.01507
2246.62099,0.01513
2244.69256,0.01508
2242.76413,0.01498
2240.83570,0.01495
2238.90727,0.01500
2236.97884,0.01506
2235.05041,0.01505
2233.12198,0.01495
2231.19355,0.01478
2229.26512,0.01471
2227.33669,0.01481
2225.40826,0.01471
2223.47983,0.01432
2221.55140,0.01418
2219.62297,0.01448
2217.69454,0.01476
2215.76611,0.01478
2213.83768,0.01469
2211.90925,0.01469
2209.98082,0.01476
2208.05239,0.01476
2206.12396,0.01461
2204.19553,0.01459
2202.26710,0.01480
2200.33867,0.01490
2198.41024,0.01489
2196.48181,0.01501
2194.55338,0.01508
2192.62495,0.01504
2190.69652,0.01513
2188.76809,0.01532
2186.83966,0.01535
2184.91123,0.01524
2182.98280,0.01520
2181.05437,0.01514
2179.12594,0.01511
2177.19751,0.01525
2175.26908,0.01546
2173.34065,0.01557
2171.41222,0.01551
2169.48379,0.01533
2167.55536,0.01517
2165.62693,0.01507
2163.69850,0.01503
2161.77007,0.01519
2159.84164,0.01554
2157.91321,0.01568
2155.98478,0.01541
2154.05635,0.01506
2152.12792,0.01504
2150.19949,0.01522
2148.27106,0.01528
2146.34263,0.01526
2144.41420,0.01540
2142.48577,0.01564
2140.55734,0.01581
2138.62891,0.01580
2136.70048,0.01549
2134.77205,0.01520
2132.84362,0.01518
2130.91519,0.01528
2128.98676,0.01546
2127.05833,0.01575
2125.12990,0.01594
2123.20147,0.01592
2121.27304,0.01589
2119.34461,0.01584
2117.41618,0.01565
2115.48775,0.01540
2113.55932,0.01531
2111.63089,0.01545
2109.70245,0.01563
2107.77402,0.01567
2105.84559,0.01568
2103.91716,0.01557
2101.98873,0.01533
2100.06030,0.01517
2098.13187,0.01518
2096.20344,0.01526
2094.27501,0.01530
2092.34658,0.01536
2090.41815,0.01554
2088.48972,0.01580
2086.56129,0.01593
2084.63286,0.01586
2082.70443,0.01572
2080.77600,0.01580
2078.84757,0.01605
2076.91914,0.01611
2074.99071,0.01585
2073.06228,0.01553
2071.13385,0.01529
2069.20542,0.01520
2067.27699,0.01530
2065.34856,0.01558
2063.42013,0.01587
2061.49170,0.01592
2059.56327,0.01571
2057.63484,0.01548
2055.70641,0.01538
2053.77798,0.01534
2051.84955,0.01538
2049.92112,0.01550
2047.99269,0.01550
2046.06426,0.01539
2044.13583,0.01538
2042.20740,0.01545
2040.27897,0.01543
2038.35054,0.01528
2036.42211,0.01531
2034.49368,0.01563
2032.56525,0.01585
2030.63682,0.01575
2028.70839,0.01564
2026.77996,0.01579
2024.85153,0.01600
2022.92310,0.01604
2020.99467,0.01600
2019.06624,0.01600
2017.13781,0.01595
2015.20938,0.01575
2013.28095,0.01551
2011.35252,0.01531
2009.42409,0.01510
2007.49566,0.01497
2005.56723,0.01506
2003.63880,0.01534
2001.71037,0.01559
1999.78194,0.01560
1997.85351,0.01535
1995.92508,0.01500
1993.99665,0.01478
1992.06822,0.01483
1990.13979,0.01509
1988.21136,0.01544
1986.28293,0.01576
1984.35450,0.01596
1982.42607,0.01600
1980.49764,0.01587
1978.56921,0.01565
1976.64078,0.01546
1974.71235,0.01536
1972.78392,0.01532
1970.85549,0.01539
1968.92706,0.01560
1966.99863,0.01580
1965.07020,0.01576
1963.14177,0.01562
1961.21334,0.01562
1959.28491,0.01568
1957.35648,0.01572
1955.42805,0.01587
1953.49962,0.01610
1951.57119,0.01613
1949.64276,0.01591
1947.71433,0.01572
1945.78590,0.01575
1943.85747,0.01594
1941.92904,0.01611
1940.00061,0.01617
1938.07218,0.01613
1936.14375,0.01609
1934.21532,0.01597
1932.28689,0.01569
1930.35846,0.01548
1928.43003,0.01564
1926.50160,0.01605
1924.57317,0.01640
1922.64474,0.01643
1920.71631,0.01613
1918.78788,0.01581
1916.85945,0.01578
1914.93102,0.01596
1913.00259,0.01604
1911.07416,0.01595
1909.14573,0.01584
1907.21730,0.01581
1905.28887,0.01580
1903.36044,0.01576
1901.43201,0.01568
1899.50358,0.01552
1897.57515,0.01533
1895.64672,0.01530
1893.71829,0.01542
1891.78986,0.01554
1889.86143,0.01574
1887.93300,0.01605
1886.00457,0.01618
1884.07614,0.01610
1882.14771,0.01605
1880.21928,0.01610
1878.29085,0.01609
1876.36242,0.01606
1874.43399,0.01605
1872.50556,0.01604
1870.57713,0.01614
1868.64870,0.01646
1866.72027,0.01670
1864.79184,0.01666
1862.86341,0.01650
1860.93498,0.01637
1859.00655,0.01637
1857.07812,0.01647
1855.14969,0.01654
1853.22126,0.01651
1851.29283,0.01641
1849.36440,0.01627
1847.43597,0.01613
1845.50754,0.01617
1843.57911,0.01651
1841.65068,0.01671
1839.72225,0.01654
1837.79382,0.01631
1835.86539,0.01624
1833.93696,0.01615
1832.00853,0.01609
1830.08010,0.01628
1828.15167,0.01642
1826.22324,0.01632
1824.29481,0.01635
1822.36638,0.01653
1820.43795,0.01653
1818.50952,0.01636
1816.58109,0.01623
1814.65266,0.01621
1812.72423,0.01625
1810.79580,0.01627
1808.86737,0.01623
1806.93894,0.01615
1805.01051,0.01611
1803.08208,0.01624
1801.15365,0.01644
1799.22522,0.01647
1797.29679,0.01629
1795.36836,0.01615
1793.43993,0.01622
1791.51150,0.01646
1789.58307,0.01666
1787.65464,0.01668
1785.72621,0.01656
1783.79778,0.01641
1781.86935,0.01638
1779.94092,0.01651
1778.01249,0.01650
1776.08406,0.01617
1774.15563,0.01595
1772.22720,0.01634
1770.29877,0.01709
1768.37034,0.01748
1766.44191,0.01738
1764.51348,0.01711
1762.58505,0.01704
1760.65662,0.01714
1758.72819,0.01718
1756.79976,0.01717
1754.87133,0.01701
1752.94290,0.01680
1751.01447,0.01700
1749.08604,0.01753
1747.15761,0.01772
1745.22918,0.01739
1743.30075,0.01686
1741.37232,0.01654
1739.44389,0.01668
1737.51546,0.01687
1735.58703,0.01676
1733.65860,0.01672
1731.73017,0.01698
1729.80174,0.01728
1727.87331,0.01743
1725.94488,0.01738
1724.01645,0.01719
1722.08802,0.01681
1720.15959,0.01656
1718.23116,0.01726
1716.30273,0.01865
1714.37430,0.01918
1712.44587,0.01895
1710.51744,0.01866
1708.58901,0.01849
1706.66058,0.01849
1704.73215,0.01873
1702.80372,0.01936
1700.87529,0.02082
1698.94686,0.02297
1697.01843,0.02518
1695.09000,0.02732
1693.16157,0.02872
1691.23314,0.02961
1689.30471,0.03068
1687.37628,0.03189
1685.44785,0.03365
1683.51942,0.03648
1681.59099,0.03883
1679.66256,0.03981
1677.73413,0.04029
1675.80570,0.04120
1673.87727,0.04255
1671.94884,0.04412
1670.02041,0.04655
1668.09198,0.04921
1666.16355,0.05070
1664.23512,0.05195
1662.30669,0.05405
1660.37826,0.05600
1658.44983,0.05694
1656.52140,0.05772
1654.59297,0.05965
1652.66454,0.06223
1650.73611,0.06270
1648.80768,0.06175
1646.87925,0.06095
1644.95082,0.06014
1643.02239,0.05896
1641.09396,0.05752
1639.16553,0.05593
1637.23710,0.05449
1635.30867,0.05335
1633.38024,0.05207
1631.45181,0.05062
1629.52338,0.04945
1627.59495,0.04872
1625.66652,0.04827
1623.73809,0.04804
1621.80966,0.04768
1619.88123,0.04687
1617.95280,0.04603
1616.02437,0.04546
1614.09594,0.04453
1612.16751,0.04290
1610.23908,0.04096
1608.31065,0.03915
1606.38222,0.03768
1604.45379,0.03654
1602.52536,0.03560
1600.59693,0.03477
1598.66850,0.03409
1596.74007,0.03355
1594.81164,0.03308
1592.88321,0.03270
1590.95478,0.03244
1589.02635,0.03225
1587.09792,0.03207
1585.16949,0.03189
1583.24106,0.03169
1581.31263,0.03146
1579.38420,0.03125
1577.45577,0.03144
1575.52734,0.03226
1573.59891,0.03297
1571.67048,0.03338
1569.74205,0.03415
1567.81362,0.03505
1565.88519,0.03550
1563.95676,0.03569
1562.02833,0.03635
1560.09990,0.03880
1558.17147,0.04250
1556.24304,0.04353
1554.31461,0.04288
1552.38618,0.04289
1550.45775,0.04379
1548.52932,0.04465
1546.60089,0.04491
1544.67246,0.04519
1542.74403,0.04659
1540.81560,0.04905
1538.88717,0.05022
1536.95874,0.04950
1535.03031,0.04832
1533.10188,0.04712
1531.17345,0.04584
1529.24502,0.04491
1527.31659,0.04455
1525.38816,0.04435
1523.45973,0.04404
1521.53130,0.04370
1519.60287,0.04299
1517.67444,0.04163
1515.74601,0.03995
1513.81758,0.03852
1511.88915,0.03755
1509.96072,0.03709
1508.03229,0.03663
1506.10385,0.03473
1504.17542,0.03222
1502.24699,0.03050
1500.31856,0.02944
1498.39013,0.02854
1496.46170,0.02762
1494.53327,0.02670
1492.60484,0.02574
1490.67641,0.02491
1488.74798,0.02450
1486.81955,0.02419
1484.89112,0.02351
1482.96269,0.02275
1481.03426,0.02228
1479.10583,0.02205
1477.17740,0.02195
1475.24897,0.02216
1473.32054,0.02296
1471.39211,0.02405
1469.46368,0.02452
1467.53525,0.02433
1465.60682,0.02412
1463.67839,0.02420
1461.74996,0.02416
1459.82153,0.02392
1457.89310,0.02404
1455.96467,0.02471
1454.03624,0.02518
1452.10781,0.02524
1450.17938,0.02521
1448.25095,0.02524
1446.32252,0.02522
1444.39409,0.02498
1442.46566,0.02449
1440.53723,0.02390
1438.60880,0.02361
1436.68037,0.02386
1434.75194,0.02412
1432.82351,0.02390
1430.89508,0.02350
1428.96665,0.02314
1427.03822,0.02281
1425.10979,0.02269
1423.18136,0.02279
1421.25293,0.02292
1419.32450,0.02320
1417.39607,0.02356
1415.46764,0.02374
1413.53921,0.02394
1411.61078,0.02427
1409.68235,0.02449
1407.75392,0.02460
1405.82549,0.02473
1403.89706,0.02480
1401.96863,0.02471
1400.04020,0.02465
1398.11177,0.02481
1396.18334,0.02508
1394.25491,0.02525
1392.32648,0.02505
1390.39805,0.02462
1388.46962,0.02447
1386.54119,0.02456
1384.61276,0.02436
1382.68433,0.02388
1380.75590,0.02332
1378.82747,0.02271
1376.89904,0.02220
1374.97061,0.02190
1373.04218,0.02166
1371.11375,0.02124
1369.18532,0.02062
1367.25689,0.01990
1365.32846,0.01934
1363.40003,0.01926
1361.47160,0.01961
1359.54317,0.01991
1357.61474,0.01998
1355.68631,0.01989
1353.75788,0.01967
1351.82945,0.01942
1349.90102,0.01938
1347.97259,0.01954
1346.04416,0.01969
1344.11573,0.01969
1342.18730,0.01949
1340.25887,0.01931
1338.33044,0.01950
1336.40201,0.01985
1334.47358,0.01998
1332.54515,0.01991
1330.61672,0.01987
1328.68829,0.02002
1326.75986,0.02026
1324.83143,0.02024
1322.90300,0.01997
1320.97457,0.01994
1319.04614,0.02036
1317.11771,0.02081
1315.18928,0.02090
1313.26085,0.02073
1311.33242,0.02064
1309.40399,0.02080
1307.47556,0.02098
1305.54713,0.02097
1303.61870,0.02084
1301.69027,0.02066
1299.76184,0.02034
1297.83341,0.01998
1295.90498,0.01979
1293.97655,0.01980
1292.04812,0.01979
1290.11969,0.01968
1288.19126,0.01957
1286.26283,0.01952
1284.33440,0.01951
1282.40597,0.01960
1280.47754,0.01972
1278.54911,0.01971
1276.62068,0.01958
1274.69225,0.01954
1272.76382,0.01973
1270.83539,0.02010
1268.90696,0.02062
1266.97853,0.02111
1265.05010,0.02134
1263.12167,0.02156
1261.19324,0.02210
1259.26481,0.02266
1257.33638,0.02301
1255.40795,0.02341
1253.47952,0.02403
1251.55109,0.02464
1249.62266,0.02506
1247.69423,0.02541
1245.76580,0.02577
1243.83737,0.02633
1241.90894,0.02733
1239.98051,0.02832
1238.05208,0.02881
1236.12365,0.02907
1234.19522,0.02967
1232.26679,0.03073
1230.33836,0.03178
1228.40993,0.03244
1226.48150,0.03276
1224.55307,0.03313
1222.62464,0.03380
1220.69621,0.03473
1218.76778,0.03582
1216.83935,0.03683
1214.91092,0.03741
1212.98249,0.03761
1211.05406,0.03801
1209.12563,0.03886
1207.19720,0.03978
1205.26877,0.04045
1203.34034,0.04090
1201.41191,0.04142
1199.48348,0.04215
1197.55505,0.04320
1195.62662,0.04449
1193.69819,0.04575
1191.76976,0.04691
1189.84133,0.04797
1187.91290,0.04894
1185.98447,0.05013
1184.05604,0.05184
1182.12761,0.05396
1180.19918,0.05617
1178.27075,0.05815
1176.34232,0.06005
1174.41389,0.06248
1172.48546,0.06557
1170.55703,0.06882
1168.62860,0.07178
1166.70017,0.07426
1164.77174,0.07654
1162.84331,0.07920
1160.91488,0.08273
1158.98645,0.08737
1157.05802,0.09271
1155.12959,0.09783
1153.20116,0.10199
1151.27273,0.10489
1149.34430,0.10672
1147.41587,0.10818
1145.48744,0.10985
1143.55901,0.11144
1141.63058,0.11219
1139.70215,0.11191
1137.77372,0.11125
1135.84529,0.11096
1133.91686,0.11131
1131.98843,0.11224
1130.06000,0.11353
1128.13157,0.11483
1126.20314,0.11592
1124.27471,0.11705
1122.34628,0.11871
1120.41785,0.12099
1118.48942,0.12333
1116.56099,0.12541
1114.63256,0.12759
1112.70413,0.12963
1110.77570,0.13077
1108.84727,0.13091
1106.91884,0.13048
1104.99041,0.13004
1103.06198,0.13043
1101.13355,0.13246
1099.20512,0.13624
1097.27669,0.14107
1095.34826,0.14657
1093.41983,0.15259
1091.49140,0.15830
1089.56297,0.16310
1087.63454,0.16670
1085.70611,0.16827
1083.77768,0.16787
1081.84925,0.16673
1079.92082,0.16513
1077.99239,0.16283
1076.06396,0.16037
1074.13553,0.15754
1072.20710,0.15390
1070.27867,0.15062
1068.35024,0.14853
1066.42181,0.14643
1064.49338,0.14351
1062.56495,0.14066
1060.63652,0.13825
1058.70809,0.13582
1056.77966,0.13310
1054.85123,0.12993
1052.92280,0.12655
1050.99437,0.12323
1049.06594,0.11976
1047.13751,0.11624
1045.20908,0.11291
1043.28065,0.10956
1041.35222,0.10590
1039.42379,0.10186
1037.49536,0.09767
1035.56693,0.09379
1033.63850,0.09048
1031.71007,0.08732
1029.78164,0.08388
1027.85321,0.08041
1025.92478,0.07717
1023.99635,0.07401
1022.06792,0.07118
1020.13949,0.06903
1018.21106,0.06761
1016.28263,0.06741
1014.35420,0.06799
1012.42577,0.06819
1010.49734,0.06837
1008.56891,0.06868
1006.64048,0.06770
1004.71205,0.06516
1002.78362,0.06210
1000.85519,0.05893
998.92676,0.05583
996.99833,0.05332
995.06990,0.05146
993.14147,0.05012
991.21304,0.04949
989.28461,0.04939
987.35618,0.04894
985.42775,0.04782
983.49932,0.04674
981.57089,0.04614
979.64246,0.04579
977.71403,0.04538
975.78560,0.04503
973.85717,0.04484
971.92874,0.04444
970.00031,0.04356
968.07188,0.04226
966.14345,0.04113
964.21502,0.04074
962.28659,0.04063
960.35816,0.04018
958.42973,0.03949
956.50130,0.03900
954.57287,0.03883
952.64444,0.03856
950.71601,0.03797
948.78758,0.03745
946.85915,0.03720
944.93072,0.03700
943.00229,0.03660
941.07386,0.03610
939.14543,0.03573
937.21700,0.03533
935.28857,0.03467
933.36014,0.03415
931.43171,0.03400
929.50328,0.03376
927.57485,0.03333
925.64642,0.03285
923.71799,0.03224
921.78956,0.03174
919.86113,0.03129
917.93270,0.03063
916.00427,0.02999
914.07584,0.02964
912.14741,0.02956
910.21898,0.02956
908.29055,0.02920
906.36212,0.02826
904.43368,0.02725
902.50525,0.02675
900.57682,0.02677
898.64839,0.02702
896.71996,0.02709
894.79153,0.02682
892.86310,0.02631
890.93467,0.02546
889.00624,0.02456
887.07781,0.02409
885.14938,0.02386
883.22095,0.02353
881.29252,0.02324
879.36409,0.02312
877.43566,0.02293
875.50723,0.02279
873.57880,0.02309
871.65037,0.02338
869.72194,0.02299
867.79351,0.02258
865.86508,0.02282
863.93665,0.02312
862.00822,0.02323
860.07979,0.02335
858.15136,0.02332
856.22293,0.02329
854.29450,0.02356
852.36607,0.02408
850.43764,0.02451
848.50921,0.02472
846.58078,0.02500
844.65235,0.02545
842.72392,0.02603
840.79549,0.02673
838.86706,0.02756
836.93863,0.02802
835.01020,0.02763
833.08177,0.02730
831.15334,0.02789
829.22491,0.02849
827.29648,0.02857
825.36805,0.02907
823.43962,0.03002
821.51119,0.03030
819.58276,0.03009
817.65433,0.03043
815.72590,0.03087
813.79747,0.03050
811.86904,0.03000
809.94061,0.03012
808.01218,0.03077
806.08375,0.03182
804.15532,0.03265
802.22689,0.03213
800.29846,0.03091
798.37003,0.03079
796.44160,0.03192
794.51317,0.03290
792.58474,0.03294
790.65631,0.03218
788.72788,0.03143
786.79945,0.03146
784.87102,0.03164
782.94259,0.03121
781.01416,0.03073
779.08573,0.03038
777.15730,0.03001
775.22887,0.02970
773.30044,0.02877
771.37201,0.02746
769.44358,0.02682
767.51515,0.02676
765.58672,0.02685
763.65829,0.02687
761.72986,0.02695
759.80143,0.02765
757.87300,0.02853
755.94457,0.02864
754.01614,0.02819
752.08771,0.02781
750.15928,0.02764
748.23085,0.02765
746.30242,0.02786
744.37399,0.02813
742.44556,0.02802
740.51713,0.02772
738.58870,0.02744
736.66027,0.02644
734.73184,0.02493
732.80341,0.02455
730.87498,0.02609
728.94655,0.02822
727.01812,0.02876
725.08969,0.02725
723.16126,0.02522
721.23283,0.02365
719.30440,0.02350
717.37597,0.02489
715.44754,0.02623
713.51911,0.02658
711.59068,0.02620
709.66225,0.02558
707.73382,0.02500
705.80539,0.02459
703.87696,0.02436
701.94853,0.02446
700.02010,0.02487
698.09167,0.02542
696.16324,0.02636
694.23481,0.02744
692.30638,0.02739
690.37795,0.02589
688.44952,0.02418
686.52109,0.02339
684.59266,0.02359
682.66423,0.02401
680.73580,0.02445
678.80737,0.02582
676.87894,0.02856
674.95051,0.03227
673.02208,0.03568
671.09365,0.03627
669.16522,0.03613
667.23679,0.04298
665.30836,0.05406
663.37993,0.06200
661.45150,0.06768
659.52307,0.07302
657.59464,0.07457
655.66621,0.06901
653.73778,0.05808
651.80935,0.04725
649.88092,0.04103
647.95249,0.03851
646.02406,0.03606
644.09563,0.03323
642.16720,0.03094
640.23877,0.02842
638.31034,0.02563
636.38191,0.02427
634.45348,0.02360
632.52505,0.02567
630.59662,0.02854
628.66819,0.02945
626.73976,0.02739
624.81133,0.02308
622.88290,0.01715
620.95447,0.01586
619.02604,0.02095
617.09761,0.02441
615.16918,0.02085
613.24075,0.01702
611.31232,0.01242
609.38389,0.00551
607.45546,0.00037
605.52703,0.00000
603.59860,-0.00562
601.67017,-0.00588
599.74174,0.00000
