4001.49232,0.00112
3999.56389,0.00117
3997.63546,0.00079
3995.70703,0.00041
3993.77860,0.00017
3991.85017,0.00023
3989.92174,0.00057
3987.99331,0.00109
3986.06488,0.00164
3984.13645,0.00187
3982.20802,0.00154
3980.27959,0.00098
3978.35116,0.00080
3976.42273,0.00113
3974.49430,0.00149
3972.56587,0.00161
3970.63744,0.00164
3968.70901,0.00174
3966.78058,0.00180
3964.85215,0.00166
3962.92372,0.00122
3960.99529,0.00055
3959.06686,0.00006
3957.13843,0.00000
3955.21000,0.00037
3953.28157,0.00125
3951.35314,0.00238
3949.42471,0.00289
3947.49628,0.00250
3945.56785,0.00211
3943.63942,0.00190
3941.71099,0.00148
3939.78256,0.00120
3937.85413,0.00110
3935.92570,0.00111
3933.99727,0.00136
3932.06884,0.00134
3930.14041,0.00092
3928.21198,0.00108
3926.28355,0.00176
3924.35512,0.00177
3922.42669,0.00129
3920.49826,0.00150
3918.56982,0.00195
3916.64139,0.00154
3914.71296,0.00091
3912.78453,0.00095
3910.85610,0.00120
3908.92767,0.00151
3906.99924,0.00228
3905.07081,0.00305
3903.14238,0.00319
3901.21395,0.00292
3899.28552,0.00191
3897.35709,0.00087
3895.42866,0.00137
3893.50023,0.00254
3891.57180,0.00202
3889.64337,0.00075
3887.71494,0.00103
3885.78651,0.00176
3883.85808,0.00219
3881.92965,0.00289
3880.00122,0.00242
3878.07279,0.00168
3876.14436,0.00224
3874.21593,0.00248
3872.28750,0.00172
3870.35907,0.00090
3868.43064,0.00088
3866.50221,0.00226
3864.57378,0.00276
3862.64535,0.00116
3860.71692,0.00007
3858.78849,0.00077
3856.86006,0.00253
3854.93163,0.00367
3853.00320,0.00221
3851.07477,0.00035
3849.14634,0.00076
3847.21791,0.00235
3845.28948,0.00326
3843.36105,0.00303
3841.43262,0.00292
3839.50419,0.00324
3837.57576,0.00261
3835.64733,0.00196
3833.71890,0.00219
3831.79047,0.00212
3829.86204,0.00146
3827.93361,0.00065
3826.00518,0.00010
3824.07675,0.00095
3822.14832,0.00219
3820.21989,0.00165
3818.29146,0.00139
3816.36303,0.00159
3814.43460,0.00081
3812.50617,0.00071
3810.57774,0.00182
3808.64931,0.00239
3806.72088,0.00137
3804.79245,0.00095
3802.86402,0.00179
3800.93559,0.00117
3799.00716,0.00055
3797.07873,0.00121
3795.15030,0.00160
3793.22187,0.00205
3791.29344,0.00258
3789.36501,0.00246
3787.43658,0.00210
3785.50815,0.00194
3783.57972,0.00210
3781.65129,0.00272
3779.72286,0.00282
3777.79443,0.00188
3775.86600,0.00131
3773.93757,0.00159
3772.00914,0.00187
3770.08071,0.00141
3768.15228,0.00097
3766.22385,0.00119
3764.29542,0.00142
3762.36699,0.00197
3760.43856,0.00243
3758.51013,0.00165
3756.58170,0.00097
3754.65327,0.00151
3752.72484,0.00182
3750.79641,0.00060
3748.86798,0.00020
3746.93955,0.00234
3745.01112,0.00384
3743.08269,0.00305
3741.15426,0.00270
3739.22583,0.00374
3737.29740,0.00470
3735.36897,0.00445
3733.44054,0.00314
3731.51211,0.00211
3729.58368,0.00240
3727.65525,0.00314
3725.72682,0.00272
3723.79839,0.00145
3721.86996,0.00052
3719.94153,0.00018
3718.01310,0.00045
3716.08467,0.00155
3714.15624,0.00327
3712.22781,0.00381
3710.29938,0.00197
3708.37095,0.00042
3706.44252,0.00071
3704.51409,0.00191
3702.58566,0.00259
3700.65723,0.00241
3698.72880,0.00241
3696.80037,0.00253
3694.87194,0.00227
3692.94351,0.00199
3691.01508,0.00183
3689.08665,0.00157
3687.15822,0.00172
3685.22979,0.00235
3683.30136,0.00292
3681.37293,0.00316
3679.44450,0.00332
3677.51607,0.00342
3675.58764,0.00259
3673.65921,0.00184
3671.73078,0.00247
3669.80235,0.00206
3667.87392,0.00101
3665.94549,0.00154
3664.01706,0.00256
3662.08863,0.00301
3660.16020,0.00350
3658.23177,0.00385
3656.30334,0.00296
3654.37491,0.00228
3652.44648,0.00395
3650.51805,0.00569
3648.58962,0.00433
3646.66119,0.00252
3644.73276,0.00286
3642.80433,0.00400
3640.87590,0.00433
3638.94747,0.00397
3637.01904,0.00375
3635.09061,0.00380
3633.16218,0.00418
3631.23375,0.00507
3629.30532,0.00499
3627.37689,0.00324
3625.44846,0.00277
3623.52003,0.00396
3621.59160,0.00479
3619.66317,0.00372
3617.73474,0.00177
3615.80631,0.00144
3613.87788,0.00225
3611.94945,0.00336
3610.02102,0.00478
3608.09259,0.00526
3606.16416,0.00465
3604.23573,0.00453
3602.30730,0.00477
3600.37887,0.00460
3598.45044,0.00477
3596.52201,0.00546
3594.59358,0.00528
3592.66515,0.00435
3590.73672,0.00452
3588.80829,0.00554
3586.87986,0.00556
3584.95143,0.00515
3583.02300,0.00549
3581.09457,0.00574
3579.16614,0.00529
3577.23771,0.00479
3575.30928,0.00464
3573.38085,0.00468
3571.45242,0.00521
3569.52399,0.00608
3567.59556,0.00577
3565.66713,0.00418
3563.73870,0.00384
3561.81027,0.00499
3559.88184,0.00588
3557.95341,0.00590
3556.02498,0.00579
3554.09655,0.00584
3552.16812,0.00557
3550.23969,0.00538
3548.31126,0.00592
3546.38283,0.00645
3544.45440,0.00634
3542.52597,0.00605
3540.59754,0.00583
3538.66911,0.00562
3536.74068,0.00547
3534.81225,0.00555
3532.88382,0.00611
3530.95539,0.00704
3529.02696,0.00767
3527.09853,0.00765
3525.17010,0.00727
3523.24167,0.00685
3521.31324,0.00676
3519.38481,0.00711
3517.45638,0.00727
3515.52795,0.00701
3513.59952,0.00677
3511.67109,0.00669
3509.74266,0.00668
3507.81423,0.00716
3505.88580,0.00830
3503.95737,0.00910
3502.02894,0.00883
3500.10051,0.00825
3498.17208,0.00805
3496.24365,0.00797
3494.31522,0.00781
3492.38679,0.00770
3490.45836,0.00771
3488.52993,0.00784
3486.60150,0.00802
3484.67307,0.00819
3482.74464,0.00832
3480.81621,0.00846
3478.88778,0.00875
3476.95935,0.00910
3475.03092,0.00913
3473.10249,0.00890
3471.17406,0.00890
3469.24563,0.00913
3467.31720,0.00917
3465.38877,0.00898
3463.46034,0.00894
3461.53191,0.00904
3459.60348,0.00898
3457.67505,0.00882
3455.74662,0.00890
3453.81819,0.00903
3451.88976,0.00897
3449.96133,0.00919
3448.03290,0.00965
3446.10447,0.00982
3444.17604,0.00994
3442.24761,0.00999
3440.31918,0.00997
3438.39075,0.01048
3436.46232,0.01116
3434.53389,0.01122
3432.60546,0.01085
3430.67703,0.01068
3428.74860,0.01058
3426.82017,0.01023
3424.89174,0.01014
3422.96331,0.01047
3421.03488,0.01043
3419.10645,0.01009
3417.17802,0.01049
3415.24959,0.01156
3413.32116,0.01209
3411.39273,0.01158
3409.46430,0.01088
3407.53587,0.01087
3405.60744,0.01129
3403.67901,0.01156
3401.75058,0.01184
3399.82215,0.01206
3397.89372,0.01145
3395.96529,0.01129
3394.03686,0.01193
3392.10843,0.01284
3390.18000,0.01318
3388.25157,0.01285
3386.32314,0.01234
3384.39471,0.01193
3382.46628,0.01186
3380.53785,0.01229
3378.60942,0.01277
3376.68099,0.01279
3374.75256,0.01247
3372.82413,0.01219
3370.89570,0.01228
3368.96727,0.01286
3367.03884,0.01335
3365.11041,0.01327
3363.18198,0.01318
3361.25355,0.01349
3359.32512,0.01379
3357.39669,0.01392
3355.46826,0.01390
3353.53983,0.01371
3351.61140,0.01358
3349.68297,0.01348
3347.75454,0.01333
3345.82611,0.01355
3343.89768,0.01405
3341.96925,0.01408
3340.04082,0.01391
3338.11239,0.01402
3336.18396,0.01405
3334.25553,0.01378
3332.32710,0.01364
3330.39867,0.01395
3328.47024,0.01460
3326.54181,0.01507
3324.61338,0.01497
3322.68495,0.01464
3320.75652,0.01462
3318.82809,0.01483
3316.89966,0.01498
3314.97122,0.01516
3313.04279,0.01533
3311.11436,0.01535
3309.18593,0.01547
3307.25750,0.01599
3305.32907,0.01661
3303.40064,0.01690
3301.47221,0.01694
3299.54378,0.01700
3297.61535,0.01699
3295.68692,0.01696
3293.75849,0.01716
3291.83006,0.01724
3289.90163,0.01678
3287.97320,0.01611
3286.04477,0.01599
3284.11634,0.01669
3282.18791,0.01737
3280.25948,0.01727
3278.33105,0.01677
3276.40262,0.01644
3274.47419,0.01637
3272.54576,0.01651
3270.61733,0.01646
3268.68890,0.01599
3266.76047,0.01563
3264.83204,0.01571
3262.90361,0.01585
3260.97518,0.01584
3259.04675,0.01595
3257.11832,0.01619
3255.18989,0.01605
3253.26146,0.01554
3251.33303,0.01531
3249.40460,0.01556
3247.47617,0.01586
3245.54774,0.01553
3243.61931,0.01464
3241.69088,0.01412
3239.76245,0.01438
3237.83402,0.01486
3235.90559,0.01493
3233.97716,0.01475
3232.04873,0.01485
3230.12030,0.01518
3228.19187,0.01544
3226.26344,0.01531
3224.33501,0.01471
3222.40658,0.01435
3220.47815,0.01462
3218.54972,0.01487
3216.62129,0.01483
3214.69286,0.01481
3212.76443,0.01486
3210.83600,0.01483
3208.90757,0.01456
3206.97914,0.01428
3205.05071,0.01435
3203.12228,0.01457
3201.19385,0.01464
3199.26542,0.01437
3197.33699,0.01380
3195.40856,0.01336
3193.48013,0.01331
3191.55170,0.01349
3189.62327,0.01373
3187.69484,0.01376
3185.76641,0.01358
3183.83798,0.01353
3181.90955,0.01368
3179.98112,0.01378
3178.05269,0.01366
3176.12426,0.01347
3174.19583,0.01349
3172.26740,0.01363
3170.33897,0.01355
3168.41054,0.01332
3166.48211,0.01353
3164.55368,0.01419
3162.62525,0.01442
3160.69682,0.01390
3158.76839,0.01334
3156.83996,0.01309
3154.91153,0.01288
3152.98310,0.01286
3151.05467,0.01323
3149.12624,0.01361
3147.19781,0.01356
3145.26938,0.01310
3143.34095,0.01268
3141.41252,0.01259
3139.48409,0.01263
3137.55566,0.01267
3135.62723,0.01291
3133.69880,0.01330
3131.77037,0.01342
3129.84194,0.01324
3127.91351,0.01306
3125.98508,0.01289
3124.05665,0.01270
3122.12822,0.01271
3120.19979,0.01286
3118.27136,0.01306
3116.34293,0.01320
3114.41450,0.01302
3112.48607,0.01250
3110.55764,0.01212
3108.62921,0.01233
3106.70078,0.01287
3104.77235,0.01309
3102.84392,0.01278
3100.91549,0.01245
3098.98706,0.01255
3097.05863,0.01278
3095.13020,0.01278
3093.20177,0.01279
3091.27334,0.01300
3089.34491,0.01317
3087.41648,0.01327
3085.48805,0.01328
3083.55962,0.01302
3081.63119,0.01260
3079.70276,0.01231
3077.77433,0.01219
3075.84590,0.01223
3073.91747,0.01230
3071.98904,0.01233
3070.06061,0.01234
3068.13218,0.01229
3066.20375,0.01217
3064.27532,0.01207
3062.34689,0.01202
3060.41846,0.01187
3058.49003,0.01175
3056.56160,0.01189
3054.63317,0.01221
3052.70474,0.01251
3050.77631,0.01264
3048.84788,0.01255
3046.91945,0.01250
3044.99102,0.01264
3043.06259,0.01278
3041.13416,0.01269
3039.20573,0.01238
3037.27730,0.01227
3035.34887,0.01257
3033.42044,0.01280
3031.49201,0.01253
3029.56358,0.01205
3027.63515,0.01190
3025.70672,0.01198
3023.77829,0.01201
3021.84986,0.01213
3019.92143,0.01239
3017.99300,0.01256
3016.06457,0.01262
3014.13614,0.01274
3012.20771,0.01271
3010.27928,0.01235
3008.35085,0.01211
3006.42242,0.01219
3004.49399,0.01224
3002.56556,0.01218
3000.63713,0.01217
2998.70870,0.01243
2996.78027,0.01207
2994.85184,0.01196
2992.92341,0.01239
2990.99498,0.01271
2989.06655,0.01261
2987.13812,0.01247
2985.20969,0.01255
2983.28126,0.01290
2981.35283,0.01341
2979.42440,0.01365
2977.49597,0.01351
2975.56754,0.01329
2973.63911,0.01322
2971.71068,0.01336
2969.78225,0.01364
2967.85382,0.01373
2965.92539,0.01351
2963.99696,0.01333
2962.06853,0.01335
2960.14010,0.01349
2958.21167,0.01370
2956.28324,0.01380
2954.35481,0.01385
2952.42638,0.01399
2950.49795,0.01409
2948.56952,0.01399
2946.64109,0.01385
2944.71266,0.01381
2942.78423,0.01383
2940.85580,0.01385
2938.92737,0.01384
2936.99894,0.01378
2935.07051,0.01366
2933.14208,0.01362
2931.21365,0.01395
2929.28522,0.01430
2927.35679,0.01417
2925.42836,0.01396
2923.49993,0.01407
2921.57150,0.01416
2919.64307,0.01390
2917.71464,0.01370
2915.78621,0.01391
2913.85778,0.01429
2911.92935,0.01444
2910.00092,0.01417
2908.07249,0.01370
2906.14406,0.01328
2904.21563,0.01310
2902.28720,0.01318
2900.35877,0.01336
2898.43034,0.01342
2896.50191,0.01344
2894.57348,0.01353
2892.64505,0.01358
2890.71662,0.01347
2888.78819,0.01322
2886.85976,0.01298
2884.93133,0.01286
2883.00290,0.01294
2881.07447,0.01311
2879.14604,0.01310
2877.21761,0.01293
2875.28918,0.01308
2873.36075,0.01358
2871.43232,0.01386
2869.50389,0.01370
2867.57546,0.01343
2865.64703,0.01315
2863.71860,0.01295
2861.79017,0.01321
2859.86174,0.01366
2857.93331,0.01367
2856.00488,0.01343
2854.07645,0.01326
2852.14802,0.01299
2850.21959,0.01284
2848.29116,0.01302
2846.36273,0.01320
2844.43430,0.01324
2842.50587,0.01326
2840.57744,0.01322
2838.64901,0.01320
2836.72058,0.01330
2834.79215,0.01326
2832.86372,0.01297
2830.93529,0.01278
2829.00686,0.01282
2827.07843,0.01296
2825.15000,0.01305
2823.22157,0.01305
2821.29314,0.01302
2819.36471,0.01302
2817.43628,0.01289
2815.50785,0.01269
2813.57942,0.01263
2811.65099,0.01270
2809.72256,0.01280
2807.79413,0.01291
2805.86570,0.01294
2803.93727,0.01283
2802.00884,0.01276
2800.08041,0.01282
2798.15198,0.01294
2796.22355,0.01301
2794.29512,0.01296
2792.36669,0.01284
2790.43826,0.01281
2788.50983,0.01292
2786.58140,0.01304
2784.65297,0.01302
2782.72454,0.01290
2780.79611,0.01298
2778.86768,0.01340
2776.93925,0.01376
2775.01082,0.01359
2773.08239,0.01317
2771.15396,0.01310
2769.22553,0.01328
2767.29710,0.01319
2765.36867,0.01295
2763.44024,0.01289
2761.51181,0.01278
2759.58338,0.01248
2757.65495,0.01241
2755.72652,0.01270
2753.79809,0.01304
2751.86966,0.01323
2749.94123,0.01332
2748.01280,0.01317
2746.08437,0.01289
2744.15594,0.01286
2742.22751,0.01300
2740.29908,0.01306
2738.37065,0.01306
2736.44222,0.01295
2734.51379,0.01275
2732.58536,0.01271
2730.65693,0.01287
2728.72850,0.01303
2726.80007,0.01319
2724.87164,0.01340
2722.94321,0.01344
2721.01478,0.01319
2719.08635,0.01299
2717.15792,0.01310
2715.22949,0.01317
2713.30105,0.01303
2711.37262,0.01298
2709.44419,0.01307
2707.51576,0.01295
2705.58733,0.01263
2703.65890,0.01238
2701.73047,0.01222
2699.80204,0.01226
2697.87361,0.01267
2695.94518,0.01303
2694.01675,0.01313
2692.08832,0.01326
2690.15989,0.01341
2688.23146,0.01338
2686.30303,0.01318
2684.37460,0.01325
2682.44617,0.01368
2680.51774,0.01392
2678.58931,0.01378
2676.66088,0.01350
2674.73245,0.01337
2672.80402,0.01340
2670.87559,0.01333
2668.94716,0.01309
2667.01873,0.01295
2665.09030,0.01296
2663.16187,0.01299
2661.23344,0.01308
2659.30501,0.01319
2657.37658,0.01320
2655.44815,0.01319
2653.51972,0.01320
2651.59129,0.01323
2649.66286,0.01327
2647.73443,0.01328
2645.80600,0.01330
2643.87757,0.01332
2641.94914,0.01324
2640.02071,0.01321
2638.09228,0.01336
2636.16385,0.01338
2634.23542,0.01327
2632.30699,0.01324
2630.37856,0.01324
2628.45013,0.01327
2626.52170,0.01340
2624.59327,0.01353
2622.66484,0.01354
2620.73641,0.01344
2618.80798,0.01321
2616.87955,0.01301
2614.95112,0.01308
2613.02269,0.01324
2611.09426,0.01324
2609.16583,0.01310
2607.23740,0.01299
2605.30897,0.01306
2603.38054,0.01324
2601.45211,0.01323
2599.52368,0.01325
2597.59525,0.01363
2595.66682,0.01397
2593.73839,0.01376
2591.80996,0.01332
2589.88153,0.01314
2587.95310,0.01321
2586.02467,0.01331
2584.09624,0.01341
2582.16781,0.01344
2580.23938,0.01330
2578.31095,0.01318
2576.38252,0.01324
2574.45409,0.01339
2572.52566,0.01342
2570.59723,0.01325
2568.66880,0.01304
2566.74037,0.01301
2564.81194,0.01311
2562.88351,0.01322
2560.95508,0.01313
2559.02665,0.01305
2557.09822,0.01325
2555.16979,0.01339
2553.24136,0.01324
2551.31293,0.01312
2549.38450,0.01322
2547.45607,0.01342
2545.52764,0.01349
2543.59921,0.01333
2541.67078,0.01306
2539.74235,0.01279
2537.81392,0.01262
2535.88549,0.01258
2533.95706,0.01262
2532.02863,0.01275
2530.10020,0.01289
2528.17177,0.01300
2526.24334,0.01307
2524.31491,0.01308
2522.38648,0.01300
2520.45805,0.01286
2518.52962,0.01281
2516.60119,0.01293
2514.67276,0.01308
2512.74433,0.01302
2510.81590,0.01274
2508.88747,0.01252
2506.95904,0.01248
2505.03061,0.01242
2503.10218,0.01237
2501.17375,0.01243
2499.24532,0.01251
2497.31689,0.01255
2495.38846,0.01250
2493.46003,0.01240
2491.53160,0.01238
2489.60317,0.01240
2487.67474,0.01242
2485.74631,0.01240
2483.81788,0.01229
2481.88945,0.01210
2479.96102,0.01205
2478.03259,0.01222
2476.10416,0.01230
2474.17573,0.01226
2472.24730,0.01239
2470.31887,0.01266
2468.39044,0.01276
2466.46201,0.01264
2464.53358,0.01248
2462.60515,0.01233
2460.67672,0.01225
2458.74829,0.01226
2456.81986,0.01217
2454.89143,0.01191
2452.96300,0.01177
2451.03457,0.01190
2449.10614,0.01206
2447.17771,0.01203
2445.24928,0.01181
2443.32085,0.01162
2441.39242,0.01174
2439.46399,0.01201
2437.53556,0.01209
2435.60713,0.01200
2433.67870,0.01191
2431.75027,0.01196
2429.82184,0.01209
2427.89341,0.01203
2425.96498,0.01176
2424.03655,0.01161
2422.10812,0.01178
2420.17969,0.01208
2418.25126,0.01223
2416.32283,0.01218
2414.39440,0.01203
2412.46597,0.01189
2410.53754,0.01184
2408.60911,0.01176
2406.68068,0.01160
2404.75225,0.01156
2402.82382,0.01153
2400.89539,0.01149
2398.96696,0.01145
2397.03853,0.01142
2395.11010,0.01138
2393.18167,0.01135
2391.25324,0.01131
2389.32481,0.01128
2387.39638,0.01124
2385.46795,0.01120
2383.53952,0.01117
2381.61109,0.01113
2379.68266,0.01110
2377.75423,0.01106
2375.82580,0.01103
2373.89737,0.01099
2371.96894,0.01096
2370.04051,0.01092
2368.11208,0.01088
2366.18365,0.01085
2364.25522,0.01081
2362.32679,0.01078
2360.39836,0.01074
2358.46993,0.01071
2356.54150,0.01067
2354.61307,0.01063
2352.68464,0.01060
2350.75621,0.01056
2348.82778,0.01053
2346.89935,0.01049
2344.97092,0.01046
2343.04249,0.01042
2341.11406,0.01039
2339.18563,0.01035
2337.25720,0.01031
2335.32877,0.01028
2333.40034,0.01024
2331.47191,0.01021
2329.54348,0.01017
2327.61505,0.01014
2325.68662,0.01010
2323.75819,0.01006
2321.82976,0.01003
2319.90133,0.00999
2317.97290,0.00996
2316.04447,0.00992
2314.11604,0.00989
2312.18761,0.00985
2310.25918,0.00981
2308.33075,0.00978
2306.40232,0.00974
2304.47389,0.00971
2302.54546,0.00967
2300.61703,0.00964
2298.68860,0.00960
2296.76017,0.00957
2294.83174,0.00953
2292.90331,0.00949
2290.97488,0.00946
2289.04645,0.00942
2287.11802,0.00939
2285.18959,0.00935
2283.26116,0.00932
2281.33273,0.00928
2279.40430,0.00921
2277.47587,0.00919
2275.54744,0.00925
2273.61901,0.00931
2271.69058,0.00927
2269.76215,0.00913
2267.83372,0.00902
2265.90529,0.00902
2263.97686,0.00916
2262.04843,0.00938
2260.12000,0.00952
2258.19157,0.00946
2256.26314,0.00939
2254.33471,0.00944
2252.40628,0.00944
2250.47785,0.00927
2248.54942,0.00932
2246.62099,0.00908
2244.69256,0.00902
2242.76413,0.00904
2240.83570,0.00904
2238.90727,0.00906
2236.97884,0.00916
2235.05041,0.00923
2233.12198,0.00914
2231.19355,0.00889
2229.26512,0.00862
2227.33669,0.00847
2225.40826,0.00837
2223.47983,0.00816
2221.55140,0.00798
2219.62297,0.00804
2217.69454,0.00821
2215.76611,0.00822
2213.83768,0.00806
2211.90925,0.00797
2209.98082,0.00798
2208.05239,0.00797
2206.12396,0.00791
2204.19553,0.00787
2202.26710,0.00787
2200.33867,0.00787
2198.41024,0.00798
2196.48181,0.00800
2194.55338,0.00766
2192.62495,0.00733
2190.69652,0.00753
2188.76809,0.00793
2186.83966,0.00799
2184.91123,0.00784
2182.98280,0.00781
2181.05437,0.00770
2179.12594,0.00747
2177.19751,0.00739
2175.26908,0.00744
2173.34065,0.00754
2171.41222,0.00758
2169.48379,0.00739
2167.55536,0.00718
2165.62693,0.00718
2163.69850,0.00732
2161.77007,0.00745
2159.84164,0.00742
2157.91321,0.00722
2155.98478,0.00701
2154.05635,0.00699
2152.12792,0.00704
2150.19949,0.00689
2148.27106,0.00661
2146.34263,0.00653
2144.41420,0.00670
2142.48577,0.00691
2140.55734,0.00709
2138.62891,0.00711
2136.70048,0.00683
2134.77205,0.00649
2132.84362,0.00639
2130.91519,0.00641
2128.98676,0.00636
2127.05833,0.00631
2125.12990,0.00622
2123.20147,0.00609
2121.27304,0.00610
2119.34461,0.00618
2117.41618,0.00607
2115.48775,0.00586
2113.55932,0.00572
2111.63089,0.00570
2109.70245,0.00577
2107.77402,0.00588
2105.84559,0.00596
2103.91716,0.00588
2101.98873,0.00572
2100.06030,0.00567
2098.13187,0.00567
2096.20344,0.00568
2094.27501,0.00565
2092.34658,0.00568
2090.41815,0.00576
2088.48972,0.00580
2086.56129,0.00574
2084.63286,0.00561
2082.70443,0.00555
2080.77600,0.00570
2078.84757,0.00598
2076.91914,0.00611
2074.99071,0.00599
2073.06228,0.00572
2071.13385,0.00544
2069.20542,0.00529
2067.27699,0.00539
2065.34856,0.00559
2063.42013,0.00569
2061.49170,0.00565
2059.56327,0.00548
2057.63484,0.00527
2055.70641,0.00511
2053.77798,0.00505
2051.84955,0.00512
2049.92112,0.00523
2047.99269,0.00526
2046.06426,0.00526
2044.13583,0.00531
2042.20740,0.00534
2040.27897,0.00524
2038.35054,0.00505
2036.42211,0.00492
2034.49368,0.00497
2032.56525,0.00509
2030.63682,0.00508
2028.70839,0.00501
2026.77996,0.00509
2024.85153,0.00531
2022.92310,0.00542
2020.99467,0.00545
2019.06624,0.00547
2017.13781,0.00535
2015.20938,0.00518
2013.28095,0.00519
2011.35252,0.00520
2009.42409,0.00506
2007.49566,0.00495
2005.56723,0.00497
2003.63880,0.00508
2001.71037,0.00520
1999.78194,0.00516
1997.85351,0.00490
1995.92508,0.00466
1993.99665,0.00458
1992.06822,0.00453
1990.13979,0.00455
1988.21136,0.00473
1986.28293,0.00492
1984.35450,0.00510
1982.42607,0.00526
1980.49764,0.00522
1978.56921,0.00493
1976.64078,0.00464
1974.71235,0.00457
1972.78392,0.00464
1970.85549,0.00474
1968.92706,0.00480
1966.99863,0.00461
1965.07020,0.00437
1963.14177,0.00439
1961.21334,0.00452
1959.28491,0.00456
1957.35648,0.00459
1955.42805,0.00466
1953.49962,0.00476
1951.57119,0.00477
1949.64276,0.00467
1947.71433,0.00461
1945.78590,0.00471
1943.85747,0.00479
1941.92904,0.00466
1940.00061,0.00459
1938.07218,0.00472
1936.14375,0.00481
1934.21532,0.00471
1932.28689,0.00450
1930.35846,0.00437
1928.43003,0.00444
1926.50160,0.00470
1924.57317,0.00488
1922.64474,0.00473
1920.71631,0.00451
1918.78788,0.00442
1916.85945,0.00437
1914.93102,0.00451
1913.00259,0.00471
1911.07416,0.00459
1909.14573,0.00424
1907.21730,0.00403
1905.28887,0.00412
1903.36044,0.00432
1901.43201,0.00436
1899.50358,0.00420
1897.57515,0.00399
1895.64672,0.00385
1893.71829,0.00379
1891.78986,0.00385
1889.86143,0.00391
1887.93300,0.00396
1886.00457,0.00410
1884.07614,0.00415
1882.14771,0.00414
1880.21928,0.00422
1878.29085,0.00428
1876.36242,0.00414
1874.43399,0.00392
1872.50556,0.00383
1870.57713,0.00382
1868.64870,0.00367
1866.72027,0.00365
1864.79184,0.00402
1862.86341,0.00431
1860.93498,0.00417
1859.00655,0.00380
1857.07812,0.00364
1855.14969,0.00376
1853.22126,0.00386
1851.29283,0.00385
1849.36440,0.00388
1847.43597,0.00411
1845.50754,0.00437
1843.57911,0.00426
1841.65068,0.00392
1839.72225,0.00361
1837.79382,0.00325
1835.86539,0.00295
1833.93696,0.00294
1832.00853,0.00298
1830.08010,0.00273
1828.15167,0.00255
1826.22324,0.00274
1824.29481,0.00289
1822.36638,0.00291
1820.43795,0.00292
1818.50952,0.00283
1816.58109,0.00267
1814.65266,0.00259
1812.72423,0.00253
1810.79580,0.00239
1808.86737,0.00228
1806.93894,0.00228
1805.01051,0.00238
1803.08208,0.00260
1801.15365,0.00264
1799.22522,0.00244
1797.29679,0.00234
1795.36836,0.00241
1793.43993,0.00231
1791.51150,0.00202
1789.58307,0.00214
1787.65464,0.00260
1785.72621,0.00279
1783.79778,0.00262
1781.86935,0.00240
1779.94092,0.00219
1778.01249,0.00204
1776.08406,0.00195
1774.15563,0.00176
1772.22720,0.00167
1770.29877,0.00209
1768.37034,0.00256
1766.44191,0.00257
1764.51348,0.00239
1762.58505,0.00211
1760.65662,0.00185
1758.72819,0.00194
1756.79976,0.00204
1754.87133,0.00199
1752.94290,0.00204
1751.01447,0.00207
1749.08604,0.00207
1747.15761,0.00231
1745.22918,0.00250
1743.30075,0.00230
1741.37232,0.00190
1739.44389,0.00170
1737.51546,0.00207
1735.58703,0.00264
1733.65860,0.00272
1731.73017,0.00284
1729.80174,0.00330
1727.87331,0.00359
1725.94488,0.00345
1724.01645,0.00289
1722.08802,0.00226
1720.15959,0.00215
1718.23116,0.00279
1716.30273,0.00385
1714.37430,0.00442
1712.44587,0.00434
1710.51744,0.00401
1708.58901,0.00368
1706.66058,0.00333
1704.73215,0.00329
1702.80372,0.00415
1700.87529,0.00556
1698.94686,0.00672
1697.01843,0.00767
1695.09000,0.00841
1693.16157,0.00900
1691.23314,0.00955
1689.30471,0.01003
1687.37628,0.01077
1685.44785,0.01193
1683.51942,0.01311
1681.59099,0.01409
1679.66256,0.01485
1677.73413,0.01545
1675.80570,0.01592
1673.87727,0.01649
1671.94884,0.01759
1670.02041,0.01889
1668.09198,0.01987
1666.16355,0.02082
1664.23512,0.02191
1662.30669,0.02295
1660.37826,0.02383
1658.44983,0.02447
1656.52140,0.02506
1654.59297,0.02575
1652.66454,0.02617
1650.73611,0.02656
1648.80768,0.02690
1646.87925,0.02629
1644.95082,0.02536
1643.02239,0.02481
1641.09396,0.02405
1639.16553,0.02300
1637.23710,0.02208
1635.30867,0.02146
1633.38024,0.02116
1631.45181,0.02082
1629.52338,0.01997
1627.59495,0.01880
1625.66652,0.01793
1623.73809,0.01709
1621.80966,0.01609
1619.88123,0.01556
1617.95280,0.01524
1616.02437,0.01453
1614.09594,0.01378
1612.16751,0.01318
1610.23908,0.01247
1608.31065,0.01178
1606.38222,0.01140
1604.45379,0.01126
1602.52536,0.01114
1600.59693,0.01102
1598.66850,0.01089
1596.74007,0.01059
1594.81164,0.01014
1592.88321,0.00988
1590.95478,0.00998
1589.02635,0.01021
1587.09792,0.01031
1585.16949,0.01029
1583.24106,0.01025
1581.31263,0.01024
1579.38420,0.01028
1577.45577,0.01029
1575.52734,0.01037
1573.59891,0.01093
1571.67048,0.01168
1569.74205,0.01206
1567.81362,0.01224
1565.88519,0.01250
1563.95676,0.01271
1562.02833,0.01329
1560.09990,0.01460
1558.17147,0.01579
1556.24304,0.01606
1554.31461,0.01611
1552.38618,0.01646
1550.45775,0.01681
1548.52932,0.01689
1546.60089,0.01682
1544.67246,0.01662
1542.74403,0.01666
1540.81560,0.01731
1538.88717,0.01769
1536.95874,0.01776
1535.03031,0.01748
1533.10188,0.01636
1531.17345,0.01517
1529.24502,0.01457
1527.31659,0.01415
1525.38816,0.01407
1523.45973,0.01470
1521.53130,0.01539
1519.60287,0.01553
1517.67444,0.01473
1515.74601,0.01324
1513.81758,0.01213
1511.88915,0.01154
1509.96072,0.01122
1508.03229,0.01088
1506.10385,0.00986
1504.17542,0.00888
1502.24699,0.00842
1500.31856,0.00797
1498.39013,0.00730
1496.46170,0.00669
1494.53327,0.00642
1492.60484,0.00628
1490.67641,0.00586
1488.74798,0.00549
1486.81955,0.00555
1484.89112,0.00560
1482.96269,0.00534
1481.03426,0.00495
1479.10583,0.00469
1477.17740,0.00467
1475.24897,0.00482
1473.32054,0.00509
1471.39211,0.00537
1469.46368,0.00570
1467.53525,0.00589
1465.60682,0.00566
1463.67839,0.00535
1461.74996,0.00545
1459.82153,0.00575
1457.89310,0.00590
1455.96467,0.00601
1454.03624,0.00626
1452.10781,0.00646
1450.17938,0.00653
1448.25095,0.00651
1446.32252,0.00644
1444.39409,0.00630
1442.46566,0.00601
1440.53723,0.00565
1438.60880,0.00551
1436.68037,0.00561
1434.75194,0.00582
1432.82351,0.00607
1430.89508,0.00614
1428.96665,0.00591
1427.03822,0.00562
1425.10979,0.00545
1423.18136,0.00556
1421.25293,0.00620
1419.32450,0.00694
1417.39607,0.00704
1415.46764,0.00686
1413.53921,0.00689
1411.61078,0.00698
1409.68235,0.00701
1407.75392,0.00704
1405.82549,0.00696
1403.89706,0.00680
1401.96863,0.00690
1400.04020,0.00724
1398.11177,0.00756
1396.18334,0.00761
1394.25491,0.00731
1392.32648,0.00696
1390.39805,0.00676
1388.46962,0.00644
1386.54119,0.00588
1384.61276,0.00540
1382.68433,0.00516
1380.75590,0.00490
1378.82747,0.00452
1376.89904,0.00413
1374.97061,0.00381
1373.04218,0.00371
1371.11375,0.00384
1369.18532,0.00381
1367.25689,0.00354
1365.32846,0.00347
1363.40003,0.00357
1361.47160,0.00359
1359.54317,0.00360
1357.61474,0.00364
1355.68631,0.00368
1353.75788,0.00375
1351.82945,0.00377
1349.90102,0.00374
1347.97259,0.00377
1346.04416,0.00394
1344.11573,0.00412
1342.18730,0.00420
1340.25887,0.00427
1338.33044,0.00458
1336.40201,0.00507
1334.47358,0.00538
1332.54515,0.00542
1330.61672,0.00543
1328.68829,0.00559
1326.75986,0.00587
1324.83143,0.00607
1322.90300,0.00610
1320.97457,0.00622
1319.04614,0.00655
1317.11771,0.00692
1315.18928,0.00713
1313.26085,0.00716
1311.33242,0.00719
1309.40399,0.00736
1307.47556,0.00763
1305.54713,0.00792
1303.61870,0.00813
1301.69027,0.00822
1299.76184,0.00827
1297.83341,0.00843
1295.90498,0.00870
1293.97655,0.00911
1292.04812,0.00966
1290.11969,0.01023
1288.19126,0.01069
1286.26283,0.01102
1284.33440,0.01138
1282.40597,0.01186
1280.47754,0.01234
1278.54911,0.01273
1276.62068,0.01317
1274.69225,0.01386
1272.76382,0.01481
1270.83539,0.01586
1268.90696,0.01685
1266.97853,0.01778
1265.05010,0.01875
1263.12167,0.01998
1261.19324,0.02152
1259.26481,0.02318
1257.33638,0.02491
1255.40795,0.02675
1253.47952,0.02855
1251.55109,0.03008
1249.62266,0.03138
1247.69423,0.03274
1245.76580,0.03413
1243.83737,0.03556
1241.90894,0.03719
1239.98051,0.03870
1238.05208,0.03989
1236.12365,0.04104
1234.19522,0.04234
1232.26679,0.04388
1230.33836,0.04537
1228.40993,0.04630
1226.48150,0.04687
1224.55307,0.04766
1222.62464,0.04862
1220.69621,0.04945
1218.76778,0.05025
1216.83935,0.05114
1214.91092,0.05181
1212.98249,0.05207
1211.05406,0.05243
1209.12563,0.05332
1207.19720,0.05432
1205.26877,0.05499
1203.34034,0.05548
1201.41191,0.05619
1199.48348,0.05674
1197.55505,0.05776
1195.62662,0.05873
1193.69819,0.05941
1191.76976,0.06001
1189.84133,0.06055
1187.91290,0.06092
1185.98447,0.06131
1184.05604,0.06211
1182.12761,0.06345
1180.19918,0.06505
1178.27075,0.06615
1176.34232,0.06652
1174.41389,0.06696
1172.48546,0.06794
1170.55703,0.06920
1168.62860,0.07054
1166.70017,0.07167
1164.77174,0.07242
1162.84331,0.07317
1160.91488,0.07421
1158.98645,0.07537
1157.05802,0.07637
1155.12959,0.07735
1153.20116,0.07852
1151.27273,0.07973
1149.34430,0.08069
1147.41587,0.08131
1145.48744,0.08185
1143.55901,0.08267
1141.63058,0.08393
1139.70215,0.08539
1137.77372,0.08682
1135.84529,0.08834
1133.91686,0.09008
1131.98843,0.09208
1130.06000,0.09426
1128.13157,0.09635
1126.20314,0.09836
1124.27471,0.10056
1122.34628,0.10306
1120.41785,0.10588
1118.48942,0.10875
1116.56099,0.11148
1114.63256,0.11464
1112.70413,0.11871
1110.77570,0.12316
1108.84727,0.12752
1106.91884,0.13194
1104.99041,0.13621
1103.06198,0.14008
1101.13355,0.14387
1099.20512,0.14790
1097.27669,0.15211
1095.34826,0.15623
1093.41983,0.15990
1091.49140,0.16311
1089.56297,0.16627
1087.63454,0.16936
1085.70611,0.17189
1083.77768,0.17346
1081.84925,0.17441
1079.92082,0.17538
1077.99239,0.17652
1076.06396,0.17778
1074.13553,0.17893
1072.20710,0.17960
1070.27867,0.18005
1068.35024,0.18039
1066.42181,0.17987
1064.49338,0.17806
1062.56495,0.17572
1060.63652,0.17358
1058.70809,0.17148
1056.77966,0.16899
1054.85123,0.16585
1052.92280,0.16202
1050.99437,0.15752
1049.06594,0.15254
1047.13751,0.14765
1045.20908,0.14294
1043.28065,0.13758
1041.35222,0.13134
1039.42379,0.12483
1037.49536,0.11840
1035.56693,0.11198
1033.63850,0.10546
1031.71007,0.09883
1029.78164,0.09226
1027.85321,0.08626
1025.92478,0.08076
1023.99635,0.07540
1022.06792,0.07041
1020.13949,0.06582
1018.21106,0.06134
1016.28263,0.05731
1014.35420,0.05368
1012.42577,0.04988
1010.49734,0.04614
1008.56891,0.04312
1006.64048,0.04067
1004.71205,0.03836
1002.78362,0.03617
1000.85519,0.03404
998.92676,0.03185
996.99833,0.02974
995.06990,0.02799
993.14147,0.02674
991.21304,0.02602
989.28461,0.02563
987.35618,0.02518
985.42775,0.02461
983.49932,0.02428
981.57089,0.02431
979.64246,0.02460
977.71403,0.02513
975.78560,0.02573
973.85717,0.02607
971.92874,0.02587
970.00031,0.02514
968.07188,0.02429
966.14345,0.02356
964.21502,0.02287
962.28659,0.02222
960.35816,0.02179
958.42973,0.02161
956.50130,0.02141
954.57287,0.02096
952.64444,0.02034
950.71601,0.01993
948.78758,0.01980
946.85915,0.01958
944.93072,0.01921
943.00229,0.01885
941.07386,0.01830
939.14543,0.01751
937.21700,0.01694
935.28857,0.01662
933.36014,0.01627
931.43171,0.01564
929.50328,0.01475
927.57485,0.01409
925.64642,0.01374
923.71799,0.01313
921.78956,0.01213
919.86113,0.01094
917.93270,0.00980
916.00427,0.00921
914.07584,0.00929
912.14741,0.00929
910.21898,0.00885
908.29055,0.00809
906.36212,0.00715
904.43368,0.00639
902.50525,0.00592
900.57682,0.00556
898.64839,0.00533
896.71996,0.00518
894.79153,0.00493
892.86310,0.00448
890.93467,0.00387
889.00624,0.00328
887.07781,0.00281
885.14938,0.00244
883.22095,0.00234
881.29252,0.00251
879.36409,0.00273
877.43566,0.00291
875.50723,0.00323
873.57880,0.00355
871.65037,0.00350
869.72194,0.00313
867.79351,0.00302
865.86508,0.00342
863.93665,0.00394
862.00822,0.00436
860.07979,0.00449
858.15136,0.00452
856.22293,0.00494
854.29450,0.00554
852.36607,0.00592
850.43764,0.00596
848.50921,0.00567
846.58078,0.00539
844.65235,0.00551
842.72392,0.00596
840.79549,0.00664
838.86706,0.00765
836.93863,0.00864
835.01020,0.00912
833.08177,0.00946
831.15334,0.01026
829.22491,0.01136
827.29648,0.01237
825.36805,0.01360
823.43962,0.01508
821.51119,0.01609
819.58276,0.01644
817.65433,0.01669
815.72590,0.01721
813.79747,0.01815
811.86904,0.01934
809.94061,0.02043
808.01218,0.02145
806.08375,0.02254
804.15532,0.02321
802.22689,0.02336
800.29846,0.02376
798.37003,0.02485
796.44160,0.02608
794.51317,0.02687
792.58474,0.02700
790.65631,0.02660
788.72788,0.02604
786.79945,0.02533
784.87102,0.02415
782.94259,0.02239
781.01416,0.02047
779.08573,0.01889
777.15730,0.01753
775.22887,0.01566
773.30044,0.01339
771.37201,0.01178
769.44358,0.01110
767.51515,0.01052
765.58672,0.00933
763.65829,0.00789
761.72986,0.00702
759.80143,0.00694
757.87300,0.00708
755.94457,0.00675
754.01614,0.00611
752.08771,0.00553
750.15928,0.00515
748.23085,0.00512
746.30242,0.00525
744.37399,0.00531
742.44556,0.00522
740.51713,0.00477
738.58870,0.00415
736.66027,0.00367
734.73184,0.00371
732.80341,0.00443
730.87498,0.00570
728.94655,0.00714
727.01812,0.00744
725.08969,0.00635
723.16126,0.00610
721.23283,0.00622
719.30440,0.00687
717.37597,0.00783
715.44754,0.00869
713.51911,0.00917
711.59068,0.00927
709.66225,0.00908
707.73382,0.00865
705.80539,0.00861
703.87696,0.00922
701.94853,0.01001
700.02010,0.01042
698.09167,0.01011
696.16324,0.00951
694.23481,0.00947
692.30638,0.00976
690.37795,0.00947
688.44952,0.00839
686.52109,0.00713
684.59266,0.00630
682.66423,0.00550
680.73580,0.00397
678.80737,0.00250
676.87894,0.00240
674.95051,0.00347
673.02208,0.00523
671.09365,0.00862
669.16522,0.01173
667.23679,0.01022
665.30836,0.00706
663.37993,0.00596
661.45150,0.00607
659.52307,0.00564
657.59464,0.00422
655.66621,0.00275
653.73778,0.00252
651.80935,0.00339
649.88092,0.00457
647.95249,0.00467
646.02406,0.00349
644.09563,0.00203
642.16720,0.00084
640.23877,0.00000
638.31034,0.00006
636.38191,0.00099
634.45348,0.00150
632.52505,0.00141
630.59662,0.00214
628.66819,0.00385
626.73976,0.00456
624.81133,0.00326
622.88290,0.00284
620.95447,0.00589
619.02604,0.01028
617.09761,0.01155
615.16918,0.01023
613.24075,0.00956
611.31232,0.00790
609.38389,0.00466
607.45546,0.00366
605.52703,0.00384
603.59860,0.00202
601.67017,0.00000
599.74174,0.00000
