4001.49232,0.00007
3999.56389,0.00013
3997.63546,0.00001
3995.70703,0.00000
3993.77860,0.00038
3991.85017,0.00091
3989.92174,0.00127
3987.99331,0.00149
3986.06488,0.00159
3984.13645,0.00165
3982.20802,0.00164
3980.27959,0.00154
3978.35116,0.00126
3976.42273,0.00099
3974.49430,0.00103
3972.56587,0.00141
3970.63744,0.00181
3968.70901,0.00194
3966.78058,0.00175
3964.85215,0.00136
3962.92372,0.00104
3960.99529,0.00095
3959.06686,0.00082
3957.13843,0.00060
3955.21000,0.00071
3953.28157,0.00139
3951.35314,0.00248
3949.42471,0.00366
3947.49628,0.00453
3945.56785,0.00414
3943.63942,0.00260
3941.71099,0.00179
3939.78256,0.00219
3937.85413,0.00281
3935.92570,0.00317
3933.99727,0.00287
3932.06884,0.00247
3930.14041,0.00285
3928.21198,0.00326
3926.28355,0.00255
3924.35512,0.00230
3922.42669,0.00367
3920.49826,0.00457
3918.56982,0.00409
3916.64139,0.00321
3914.71296,0.00276
3912.78453,0.00256
3910.85610,0.00290
3908.92767,0.00390
3906.99924,0.00438
3905.07081,0.00440
3903.14238,0.00523
3901.21395,0.00520
3899.28552,0.00398
3897.35709,0.00438
3895.42866,0.00536
3893.50023,0.00450
3891.57180,0.00325
3889.64337,0.00397
3887.71494,0.00412
3885.78651,0.00325
3883.85808,0.00381
3881.92965,0.00408
3880.00122,0.00443
3878.07279,0.00621
3876.14436,0.00671
3874.21593,0.00588
3872.28750,0.00459
3870.35907,0.00317
3868.43064,0.00469
3866.50221,0.00577
3864.57378,0.00403
3862.64535,0.00369
3860.71692,0.00531
3858.78849,0.00624
3856.86006,0.00507
3854.93163,0.00214
3853.00320,0.00099
3851.07477,0.00374
3849.14634,0.00595
3847.21791,0.00659
3845.28948,0.00630
3843.36105,0.00606
3841.43262,0.00574
3839.50419,0.00427
3837.57576,0.00347
3835.64733,0.00454
3833.71890,0.00552
3831.79047,0.00564
3829.86204,0.00533
3827.93361,0.00411
3826.00518,0.00366
3824.07675,0.00416
3822.14832,0.00355
3820.21989,0.00457
3818.29146,0.00570
3816.36303,0.00427
3814.43460,0.00444
3812.50617,0.00602
3810.57774,0.00645
3808.64931,0.00511
3806.72088,0.00417
3804.79245,0.00472
3802.86402,0.00331
3800.93559,0.00231
3799.00716,0.00374
3797.07873,0.00406
3795.15030,0.00441
3793.22187,0.00525
3791.29344,0.00551
3789.36501,0.00530
3787.43658,0.00464
3785.50815,0.00415
3783.57972,0.00491
3781.65129,0.00506
3779.72286,0.00397
3777.79443,0.00414
3775.86600,0.00498
3773.93757,0.00512
3772.00914,0.00437
3770.08071,0.00387
3768.15228,0.00453
3766.22385,0.00473
3764.29542,0.00523
3762.36699,0.00589
3760.43856,0.00522
3758.51013,0.00502
3756.58170,0.00611
3754.65327,0.00583
3752.72484,0.00336
3750.79641,0.00301
3748.86798,0.00719
3746.93955,0.00935
3745.01112,0.00852
3743.08269,0.00932
3741.15426,0.01056
3739.22583,0.00988
3737.29740,0.00783
3735.36897,0.00659
3733.44054,0.00688
3731.51211,0.00755
3729.58368,0.00833
3727.65525,0.00788
3725.72682,0.00661
3723.79839,0.00537
3721.86996,0.00437
3719.94153,0.00424
3718.01310,0.00527
3716.08467,0.00681
3714.15624,0.00657
3712.22781,0.00420
3710.29938,0.00327
3708.37095,0.00486
3706.44252,0.00622
3704.51409,0.00572
3702.58566,0.00433
3700.65723,0.00476
3698.72880,0.00631
3696.80037,0.00691
3694.87194,0.00699
3692.94351,0.00590
3691.01508,0.00327
3689.08665,0.00242
3687.15822,0.00497
3685.22979,0.00698
3683.30136,0.00724
3681.37293,0.00705
3679.44450,0.00684
3677.51607,0.00564
3675.58764,0.00521
3673.65921,0.00818
3671.73078,0.00784
3669.80235,0.00462
3667.87392,0.00532
3665.94549,0.00710
3664.01706,0.00742
3662.08863,0.00746
3660.16020,0.00773
3658.23177,0.00720
3656.30334,0.00684
3654.37491,0.00817
3652.44648,0.00725
3650.51805,0.00304
3648.58962,0.00175
3646.66119,0.00488
3644.73276,0.00756
3642.80433,0.00814
3640.87590,0.00808
3638.94747,0.00834
3637.01904,0.00890
3635.09061,0.00965
3633.16218,0.01067
3631.23375,0.01017
3629.30532,0.00756
3627.37689,0.00773
3625.44846,0.00989
3623.52003,0.01055
3621.59160,0.00901
3619.66317,0.00716
3617.73474,0.00781
3615.80631,0.00903
3613.87788,0.00929
3611.94945,0.01049
3610.02102,0.01138
3608.09259,0.01108
3606.16416,0.01154
3604.23573,0.01207
3602.30730,0.01159
3600.37887,0.01121
3598.45044,0.01163
3596.52201,0.01176
3594.59358,0.01177
3592.66515,0.01248
3590.73672,0.01239
3588.80829,0.01050
3586.87986,0.00951
3584.95143,0.01087
3583.02300,0.01203
3581.09457,0.01188
3579.16614,0.01110
3577.23771,0.01057
3575.30928,0.01082
3573.38085,0.01189
3571.45242,0.01298
3569.52399,0.01268
3567.59556,0.01135
3565.66713,0.01135
3563.73870,0.01215
3561.81027,0.01257
3559.88184,0.01308
3557.95341,0.01357
3556.02498,0.01319
3554.09655,0.01186
3552.16812,0.01115
3550.23969,0.01203
3548.31126,0.01293
3546.38283,0.01271
3544.45440,0.01226
3542.52597,0.01256
3540.59754,0.01314
3538.66911,0.01291
3536.74068,0.01239
3534.81225,0.01275
3532.88382,0.01339
3530.95539,0.01364
3529.02696,0.01413
3527.09853,0.01496
3525.17010,0.01510
3523.24167,0.01479
3521.31324,0.01504
3519.38481,0.01527
3517.45638,0.01504
3515.52795,0.01476
3513.59952,0.01453
3511.67109,0.01424
3509.74266,0.01435
3507.81423,0.01548
3505.88580,0.01651
3503.95737,0.01655
3502.02894,0.01656
3500.10051,0.01658
3498.17208,0.01585
3496.24365,0.01521
3494.31522,0.01565
3492.38679,0.01638
3490.45836,0.01647
3488.52993,0.01632
3486.60150,0.01647
3484.67307,0.01657
3482.74464,0.01648
3480.81621,0.01699
3478.88778,0.01788
3476.95935,0.01819
3475.03092,0.01803
3473.10249,0.01778
3471.17406,0.01749
3469.24563,0.01716
3467.31720,0.01680
3465.38877,0.01655
3463.46034,0.01663
3461.53191,0.01703
3459.60348,0.01726
3457.67505,0.01723
3455.74662,0.01757
3453.81819,0.01809
3451.88976,0.01828
3449.96133,0.01816
3448.03290,0.01803
3446.10447,0.01853
3444.17604,0.01903
3442.24761,0.01874
3440.31918,0.01865
3438.39075,0.01895
3436.46232,0.01922
3434.53389,0.01953
3432.60546,0.01984
3430.67703,0.01985
3428.74860,0.01947
3426.82017,0.01913
3424.89174,0.01916
3422.96331,0.01894
3421.03488,0.01823
3419.10645,0.01804
3417.17802,0.01861
3415.24959,0.01930
3413.32116,0.01972
3411.39273,0.01962
3409.46430,0.01919
3407.53587,0.01905
3405.60744,0.01944
3403.67901,0.02000
3401.75058,0.02039
3399.82215,0.02066
3397.89372,0.02071
3395.96529,0.02068
3394.03686,0.02025
3392.10843,0.02020
3390.18000,0.02087
3388.25157,0.02095
3386.32314,0.02022
3384.39471,0.01983
3382.46628,0.02045
3380.53785,0.02136
3378.60942,0.02161
3376.68099,0.02108
3374.75256,0.02037
3372.82413,0.01996
3370.89570,0.01990
3368.96727,0.01989
3367.03884,0.01981
3365.11041,0.02001
3363.18198,0.02064
3361.25355,0.02146
3359.32512,0.02223
3357.39669,0.02256
3355.46826,0.02234
3353.53983,0.02170
3351.61140,0.02109
3349.68297,0.02102
3347.75454,0.02138
3345.82611,0.02158
3343.89768,0.02134
3341.96925,0.02083
3340.04082,0.02056
3338.11239,0.02081
3336.18396,0.02127
3334.25553,0.02138
3332.32710,0.02099
3330.39867,0.02087
3328.47024,0.02152
3326.54181,0.02204
3324.61338,0.02169
3322.68495,0.02100
3320.75652,0.02057
3318.82809,0.02059
3316.89966,0.02097
3314.97122,0.02139
3313.04279,0.02152
3311.11436,0.02119
3309.18593,0.02075
3307.25750,0.02103
3305.32907,0.02199
3303.40064,0.02293
3301.47221,0.02336
3299.54378,0.02320
3297.61535,0.02281
3295.68692,0.02258
3293.75849,0.02267
3291.83006,0.02282
3289.90163,0.02255
3287.97320,0.02178
3286.04477,0.02132
3284.11634,0.02195
3282.18791,0.02296
3280.25948,0.02310
3278.33105,0.02263
3276.40262,0.02242
3274.47419,0.02252
3272.54576,0.02267
3270.61733,0.02262
3268.68890,0.02219
3266.76047,0.02177
3264.83204,0.02172
3262.90361,0.02172
3260.97518,0.02139
3259.04675,0.02093
3257.11832,0.02071
3255.18989,0.02056
3253.26146,0.02024
3251.33303,0.01983
3249.40460,0.01961
3247.47617,0.01954
3245.54774,0.01916
3243.61931,0.01851
3241.69088,0.01804
3239.76245,0.01825
3237.83402,0.01903
3235.90559,0.01944
3233.97716,0.01920
3232.04873,0.01899
3230.12030,0.01937
3228.19187,0.01999
3226.26344,0.02024
3224.33501,0.01991
3222.40658,0.01957
3220.47815,0.01961
3218.54972,0.01953
3216.62129,0.01894
3214.69286,0.01844
3212.76443,0.01871
3210.83600,0.01912
3208.90757,0.01898
3206.97914,0.01855
3205.05071,0.01835
3203.12228,0.01843
3201.19385,0.01842
3199.26542,0.01801
3197.33699,0.01746
3195.40856,0.01705
3193.48013,0.01675
3191.55170,0.01669
3189.62327,0.01701
3187.69484,0.01741
3185.76641,0.01750
3183.83798,0.01723
3181.90955,0.01698
3179.98112,0.01695
3178.05269,0.01704
3176.12426,0.01710
3174.19583,0.01710
3172.26740,0.01717
3170.33897,0.01705
3168.41054,0.01658
3166.48211,0.01638
3164.55368,0.01672
3162.62525,0.01686
3160.69682,0.01631
3158.76839,0.01564
3156.83996,0.01534
3154.91153,0.01525
3152.98310,0.01526
3151.05467,0.01544
3149.12624,0.01575
3147.19781,0.01589
3145.26938,0.01548
3143.34095,0.01488
3141.41252,0.01474
3139.48409,0.01490
3137.55566,0.01510
3135.62723,0.01538
3133.69880,0.01561
3131.77037,0.01564
3129.84194,0.01547
3127.91351,0.01535
3125.98508,0.01531
3124.05665,0.01504
3122.12822,0.01466
3120.19979,0.01435
3118.27136,0.01410
3116.34293,0.01395
3114.41450,0.01383
3112.48607,0.01347
3110.55764,0.01301
3108.62921,0.01312
3106.70078,0.01378
3104.77235,0.01407
3102.84392,0.01359
3100.91549,0.01317
3098.98706,0.01336
3097.05863,0.01370
3095.13020,0.01397
3093.20177,0.01405
3091.27334,0.01384
3089.34491,0.01363
3087.41648,0.01356
3085.48805,0.01352
3083.55962,0.01353
3081.63119,0.01370
3079.70276,0.01384
3077.77433,0.01360
3075.84590,0.01320
3073.91747,0.01292
3071.98904,0.01272
3070.06061,0.01251
3068.13218,0.01232
3066.20375,0.01224
3064.27532,0.01242
3062.34689,0.01263
3060.41846,0.01243
3058.49003,0.01216
3056.56160,0.01249
3054.63317,0.01317
3052.70474,0.01349
3050.77631,0.01328
3048.84788,0.01288
3046.91945,0.01272
3044.99102,0.01287
3043.06259,0.01286
3041.13416,0.01247
3039.20573,0.01200
3037.27730,0.01177
3035.34887,0.01173
3033.42044,0.01159
3031.49201,0.01149
3029.56358,0.01183
3027.63515,0.01223
3025.70672,0.01217
3023.77829,0.01186
3021.84986,0.01173
3019.92143,0.01179
3017.99300,0.01184
3016.06457,0.01177
3014.13614,0.01151
3012.20771,0.01111
3010.27928,0.01091
3008.35085,0.01125
3006.42242,0.01171
3004.49399,0.01170
3002.56556,0.01145
3000.63713,0.01157
2998.70870,0.01174
2996.78027,0.01139
2994.85184,0.01111
2992.92341,0.01134
2990.99498,0.01153
2989.06655,0.01159
2987.13812,0.01174
2985.20969,0.01187
2983.28126,0.01204
2981.35283,0.01235
2979.42440,0.01249
2977.49597,0.01215
2975.56754,0.01170
2973.63911,0.01162
2971.71068,0.01176
2969.78225,0.01187
2967.85382,0.01205
2965.92539,0.01221
2963.99696,0.01215
2962.06853,0.01206
2960.14010,0.01211
2958.21167,0.01210
2956.28324,0.01195
2954.35481,0.01182
2952.42638,0.01179
2950.49795,0.01168
2948.56952,0.01143
2946.64109,0.01136
2944.71266,0.01150
2942.78423,0.01162
2940.85580,0.01161
2938.92737,0.01149
2936.99894,0.01136
2935.07051,0.01126
2933.14208,0.01134
2931.21365,0.01162
2929.28522,0.01156
2927.35679,0.01112
2925.42836,0.01079
2923.49993,0.01081
2921.57150,0.01098
2919.64307,0.01084
2917.71464,0.01042
2915.78621,0.01037
2913.85778,0.01087
2911.92935,0.01130
2910.00092,0.01121
2908.07249,0.01075
2906.14406,0.01031
2904.21563,0.01017
2902.28720,0.01022
2900.35877,0.01043
2898.43034,0.01067
2896.50191,0.01065
2894.57348,0.01056
2892.64505,0.01061
2890.71662,0.01052
2888.78819,0.01019
2886.85976,0.00986
2884.93133,0.00971
2883.00290,0.00988
2881.07447,0.01013
2879.14604,0.00999
2877.21761,0.00957
2875.28918,0.00949
2873.36075,0.00993
2871.43232,0.01039
2869.50389,0.01053
2867.57546,0.01047
2865.64703,0.01032
2863.71860,0.01016
2861.79017,0.01027
2859.86174,0.01052
2857.93331,0.01033
2856.00488,0.00993
2854.07645,0.00981
2852.14802,0.00969
2850.21959,0.00955
2848.29116,0.00964
2846.36273,0.00963
2844.43430,0.00931
2842.50587,0.00918
2840.57744,0.00946
2838.64901,0.00988
2836.72058,0.01001
2834.79215,0.00970
2832.86372,0.00938
2830.93529,0.00943
2829.00686,0.00963
2827.07843,0.00972
2825.15000,0.00966
2823.22157,0.00936
2821.29314,0.00903
2819.36471,0.00897
2817.43628,0.00898
2815.50785,0.00894
2813.57942,0.00907
2811.65099,0.00923
2809.72256,0.00911
2807.79413,0.00890
2805.86570,0.00892
2803.93727,0.00908
2802.00884,0.00917
2800.08041,0.00914
2798.15198,0.00903
2796.22355,0.00882
2794.29512,0.00870
2792.36669,0.00886
2790.43826,0.00901
2788.50983,0.00891
2786.58140,0.00880
2784.65297,0.00880
2782.72454,0.00885
2780.79611,0.00924
2778.86768,0.00999
2776.93925,0.01030
2775.01082,0.00979
2773.08239,0.00918
2771.15396,0.00909
2769.22553,0.00912
2767.29710,0.00888
2765.36867,0.00868
2763.44024,0.00867
2761.51181,0.00866
2759.58338,0.00877
2757.65495,0.00904
2755.72652,0.00901
2753.79809,0.00866
2751.86966,0.00842
2749.94123,0.00856
2748.01280,0.00880
2746.08437,0.00882
2744.15594,0.00871
2742.22751,0.00867
2740.29908,0.00870
2738.37065,0.00884
2736.44222,0.00879
2734.51379,0.00844
2732.58536,0.00826
2730.65693,0.00844
2728.72850,0.00877
2726.80007,0.00908
2724.87164,0.00930
2722.94321,0.00936
2721.01478,0.00911
2719.08635,0.00872
2717.15792,0.00859
2715.22949,0.00866
2713.30105,0.00874
2711.37262,0.00898
2709.44419,0.00926
2707.51576,0.00912
2705.58733,0.00857
2703.65890,0.00813
2701.73047,0.00802
2699.80204,0.00826
2697.87361,0.00865
2695.94518,0.00875
2694.01675,0.00857
2692.08832,0.00850
2690.15989,0.00852
2688.23146,0.00839
2686.30303,0.00821
2684.37460,0.00836
2682.44617,0.00883
2680.51774,0.00918
2678.58931,0.00925
2676.66088,0.00914
2674.73245,0.00895
2672.80402,0.00879
2670.87559,0.00867
2668.94716,0.00855
2667.01873,0.00846
2665.09030,0.00845
2663.16187,0.00850
2661.23344,0.00856
2659.30501,0.00850
2657.37658,0.00836
2655.44815,0.00828
2653.51972,0.00817
2651.59129,0.00801
2649.66286,0.00804
2647.73443,0.00820
2645.80600,0.00837
2643.87757,0.00851
2641.94914,0.00849
2640.02071,0.00835
2638.09228,0.00825
2636.16385,0.00815
2634.23542,0.00816
2632.30699,0.00837
2630.37856,0.00844
2628.45013,0.00821
2626.52170,0.00810
2624.59327,0.00816
2622.66484,0.00812
2620.73641,0.00808
2618.80798,0.00808
2616.87955,0.00798
2614.95112,0.00780
2613.02269,0.00774
2611.09426,0.00784
2609.16583,0.00776
2607.23740,0.00760
2605.30897,0.00784
2603.38054,0.00826
2601.45211,0.00828
2599.52368,0.00811
2597.59525,0.00838
2595.66682,0.00878
2593.73839,0.00868
2591.80996,0.00826
2589.88153,0.00794
2587.95310,0.00782
2586.02467,0.00788
2584.09624,0.00802
2582.16781,0.00819
2580.23938,0.00829
2578.31095,0.00827
2576.38252,0.00823
2574.45409,0.00828
2572.52566,0.00840
2570.59723,0.00836
2568.66880,0.00816
2566.74037,0.00807
2564.81194,0.00817
2562.88351,0.00827
2560.95508,0.00805
2559.02665,0.00781
2557.09822,0.00797
2555.16979,0.00820
2553.24136,0.00822
2551.31293,0.00823
2549.38450,0.00837
2547.45607,0.00859
2545.52764,0.00874
2543.59921,0.00876
2541.67078,0.00859
2539.74235,0.00824
2537.81392,0.00793
2535.88549,0.00773
2533.95706,0.00764
2532.02863,0.00772
2530.10020,0.00790
2528.17177,0.00810
2526.24334,0.00834
2524.31491,0.00847
2522.38648,0.00833
2520.45805,0.00799
2518.52962,0.00783
2516.60119,0.00794
2514.67276,0.00808
2512.74433,0.00804
2510.81590,0.00783
2508.88747,0.00772
2506.95904,0.00780
2505.03061,0.00777
2503.10218,0.00765
2501.17375,0.00765
2499.24532,0.00767
2497.31689,0.00766
2495.38846,0.00761
2493.46003,0.00757
2491.53160,0.00770
2489.60317,0.00794
2487.67474,0.00809
2485.74631,0.00808
2483.81788,0.00784
2481.88945,0.00752
2479.96102,0.00735
2478.03259,0.00736
2476.10416,0.00744
2474.17573,0.00755
2472.24730,0.00790
2470.31887,0.00835
2468.39044,0.00845
2466.46201,0.00822
2464.53358,0.00792
2462.60515,0.00767
2460.67672,0.00768
2458.74829,0.00792
2456.81986,0.00807
2454.89143,0.00798
2452.96300,0.00783
2451.03457,0.00785
2449.10614,0.00799
2447.17771,0.00802
2445.24928,0.00797
2443.32085,0.00791
2441.39242,0.00800
2439.46399,0.00827
2437.53556,0.00834
2435.60713,0.00809
2433.67870,0.00800
2431.75027,0.00829
2429.82184,0.00854
2427.89341,0.00846
2425.96498,0.00813
2424.03655,0.00800
2422.10812,0.00824
2420.17969,0.00847
2418.25126,0.00846
2416.32283,0.00838
2414.39440,0.00829
2412.46597,0.00819
2410.53754,0.00824
2408.60911,0.00841
2406.68068,0.00855
2404.75225,0.00855
2402.82382,0.00855
2400.89539,0.00855
2398.96696,0.00855
2397.03853,0.00855
2395.11010,0.00855
2393.18167,0.00855
2391.25324,0.00855
2389.32481,0.00855
2387.39638,0.00855
2385.46795,0.00855
2383.53952,0.00855
2381.61109,0.00855
2379.68266,0.00855
2377.75423,0.00855
2375.82580,0.00855
2373.89737,0.00855
2371.96894,0.00855
2370.04051,0.00855
2368.11208,0.00855
2366.18365,0.00855
2364.25522,0.00855
2362.32679,0.00855
2360.39836,0.00855
2358.46993,0.00855
2356.54150,0.00855
2354.61307,0.00855
2352.68464,0.00855
2350.75621,0.00855
2348.82778,0.00855
2346.89935,0.00855
2344.97092,0.00855
2343.04249,0.00855
2341.11406,0.00855
2339.18563,0.00855
2337.25720,0.00855
2335.32877,0.00855
2333.40034,0.00855
2331.47191,0.00854
2329.54348,0.00854
2327.61505,0.00854
2325.68662,0.00854
2323.75819,0.00854
2321.82976,0.00854
2319.90133,0.00854
2317.97290,0.00854
2316.04447,0.00854
2314.11604,0.00854
2312.18761,0.00854
2310.25918,0.00854
2308.33075,0.00854
2306.40232,0.00854
2304.47389,0.00854
2302.54546,0.00854
2300.61703,0.00854
2298.68860,0.00854
2296.76017,0.00854
2294.83174,0.00854
2292.90331,0.00854
2290.97488,0.00854
2289.04645,0.00854
2287.11802,0.00854
2285.18959,0.00854
2283.26116,0.00854
2281.33273,0.00854
2279.40430,0.00858
2277.47587,0.00852
2275.54744,0.00854
2273.61901,0.00854
2271.69058,0.00839
2269.76215,0.00821
2267.83372,0.00824
2265.90529,0.00841
2263.97686,0.00854
2262.04843,0.00862
2260.12000,0.00870
2258.19157,0.00881
2256.26314,0.00896
2254.33471,0.00906
2252.40628,0.00904
2250.47785,0.00902
2248.54942,0.00918
2246.62099,0.00917
2244.69256,0.00911
2242.76413,0.00890
2240.83570,0.00877
2238.90727,0.00894
2236.97884,0.00918
2235.05041,0.00926
2233.12198,0.00914
2231.19355,0.00881
2229.26512,0.00859
2227.33669,0.00873
2225.40826,0.00887
2223.47983,0.00853
2221.55140,0.00807
2219.62297,0.00799
2217.69454,0.00823
2215.76611,0.00851
2213.83768,0.00868
2211.90925,0.00880
2209.98082,0.00888
2208.05239,0.00890
2206.12396,0.00885
2204.19553,0.00875
2202.26710,0.00861
2200.33867,0.00858
2198.41024,0.00871
2196.48181,0.00871
2194.55338,0.00842
2192.62495,0.00822
2190.69652,0.00849
2188.76809,0.00900
2186.83966,0.00915
2184.91123,0.00899
2182.98280,0.00896
2181.05437,0.00883
2179.12594,0.00844
2177.19751,0.00831
2175.26908,0.00857
2173.34065,0.00890
2171.41222,0.00907
2169.48379,0.00897
2167.55536,0.00881
2165.62693,0.00880
2163.69850,0.00888
2161.77007,0.00905
2159.84164,0.00918
2157.91321,0.00898
2155.98478,0.00873
2154.05635,0.00870
2152.12792,0.00875
2150.19949,0.00870
2148.27106,0.00850
2146.34263,0.00827
2144.41420,0.00835
2142.48577,0.00869
2140.55734,0.00897
2138.62891,0.00899
2136.70048,0.00883
2134.77205,0.00874
2132.84362,0.00879
2130.91519,0.00882
2128.98676,0.00878
2127.05833,0.00876
2125.12990,0.00868
2123.20147,0.00859
2121.27304,0.00880
2119.34461,0.00917
2117.41618,0.00928
2115.48775,0.00899
2113.55932,0.00865
2111.63089,0.00861
2109.70245,0.00877
2107.77402,0.00889
2105.84559,0.00897
2103.91716,0.00887
2101.98873,0.00865
2100.06030,0.00866
2098.13187,0.00878
2096.20344,0.00881
2094.27501,0.00885
2092.34658,0.00887
2090.41815,0.00881
2088.48972,0.00883
2086.56129,0.00889
2084.63286,0.00898
2082.70443,0.00904
2080.77600,0.00902
2078.84757,0.00894
2076.91914,0.00885
2074.99071,0.00885
2073.06228,0.00888
2071.13385,0.00881
2069.20542,0.00882
2067.27699,0.00893
2065.34856,0.00907
2063.42013,0.00937
2061.49170,0.00947
2059.56327,0.00919
2057.63484,0.00893
2055.70641,0.00887
2053.77798,0.00899
2051.84955,0.00910
2049.92112,0.00909
2047.99269,0.00899
2046.06426,0.00892
2044.13583,0.00895
2042.20740,0.00895
2040.27897,0.00894
2038.35054,0.00888
2036.42211,0.00879
2034.49368,0.00893
2032.56525,0.00912
2030.63682,0.00914
2028.70839,0.00904
2026.77996,0.00901
2024.85153,0.00917
2022.92310,0.00938
2020.99467,0.00947
2019.06624,0.00919
2017.13781,0.00891
2015.20938,0.00913
2013.28095,0.00935
2011.35252,0.00920
2009.42409,0.00890
2007.49566,0.00874
2005.56723,0.00885
2003.63880,0.00911
2001.71037,0.00920
1999.78194,0.00902
1997.85351,0.00900
1995.92508,0.00927
1993.99665,0.00910
1992.06822,0.00882
1990.13979,0.00914
1988.21136,0.00942
1986.28293,0.00962
1984.35450,0.00989
1982.42607,0.01001
1980.49764,0.00988
1978.56921,0.00949
1976.64078,0.00919
1974.71235,0.00919
1972.78392,0.00940
1970.85549,0.00966
1968.92706,0.00944
1966.99863,0.00895
1965.07020,0.00909
1963.14177,0.00943
1961.21334,0.00957
1959.28491,0.00965
1957.35648,0.00951
1955.42805,0.00934
1953.49962,0.00945
1951.57119,0.00963
1949.64276,0.00971
1947.71433,0.00978
1945.78590,0.00982
1943.85747,0.00951
1941.92904,0.00936
1940.00061,0.00980
1938.07218,0.00999
1936.14375,0.00986
1934.21532,0.00976
1932.28689,0.00973
1930.35846,0.00973
1928.43003,0.00990
1926.50160,0.01015
1924.57317,0.00998
1922.64474,0.00987
1920.71631,0.01002
1918.78788,0.00951
1916.85945,0.00943
1914.93102,0.01021
1913.00259,0.01051
1911.07416,0.01000
1909.14573,0.00948
1907.21730,0.00955
1905.28887,0.00981
1903.36044,0.01002
1901.43201,0.01032
1899.50358,0.01055
1897.57515,0.01039
1895.64672,0.01011
1893.71829,0.01032
1891.78986,0.01029
1889.86143,0.00983
1887.93300,0.01013
1886.00457,0.01056
1884.07614,0.01044
1882.14771,0.01033
1880.21928,0.01032
1878.29085,0.01041
1876.36242,0.01068
1874.43399,0.01113
1872.50556,0.01124
1870.57713,0.01006
1868.64870,0.00877
1866.72027,0.00952
1864.79184,0.01089
1862.86341,0.01122
1860.93498,0.01083
1859.00655,0.01047
1857.07812,0.01043
1855.14969,0.01063
1853.22126,0.01087
1851.29283,0.01110
1849.36440,0.01132
1847.43597,0.01146
1845.50754,0.01080
1843.57911,0.01038
1841.65068,0.01132
1839.72225,0.01155
1837.79382,0.01078
1835.86539,0.01080
1833.93696,0.01146
1832.00853,0.01098
1830.08010,0.00997
1828.15167,0.01056
1826.22324,0.01075
1824.29481,0.01031
1822.36638,0.01071
1820.43795,0.01104
1818.50952,0.01097
1816.58109,0.01106
1814.65266,0.01121
1812.72423,0.01067
1810.79580,0.00996
1808.86737,0.01012
1806.93894,0.01077
1805.01051,0.01129
1803.08208,0.01114
1801.15365,0.01055
1799.22522,0.01076
1797.29679,0.01168
1795.36836,0.01169
1793.43993,0.01008
1791.51150,0.00930
1789.58307,0.01092
1787.65464,0.01193
1785.72621,0.01157
1783.79778,0.01116
1781.86935,0.01065
1779.94092,0.01067
1778.01249,0.01177
1776.08406,0.01210
1774.15563,0.01035
1772.22720,0.00871
1770.29877,0.00988
1768.37034,0.01143
1766.44191,0.01231
1764.51348,0.01222
1762.58505,0.01104
1760.65662,0.01103
1758.72819,0.01150
1756.79976,0.01167
1754.87133,0.01259
1752.94290,0.01233
1751.01447,0.01047
1749.08604,0.00966
1747.15761,0.01088
1745.22918,0.01213
1743.30075,0.01207
1741.37232,0.01119
1739.44389,0.01134
1737.51546,0.01279
1735.58703,0.01185
1733.65860,0.01017
1731.73017,0.01134
1729.80174,0.01257
1727.87331,0.01332
1725.94488,0.01338
1724.01645,0.01298
1722.08802,0.01328
1720.15959,0.01270
1718.23116,0.01076
1716.30273,0.01101
1714.37430,0.01321
1712.44587,0.01456
1710.51744,0.01461
1708.58901,0.01376
1706.66058,0.01285
1704.73215,0.01415
1702.80372,0.01615
1700.87529,0.01588
1698.94686,0.01600
1697.01843,0.01639
1695.09000,0.01797
1693.16157,0.02080
1691.23314,0.02173
1689.30471,0.02216
1687.37628,0.02291
1685.44785,0.02157
1683.51942,0.02178
1681.59099,0.02558
1679.66256,0.02820
1677.73413,0.02876
1675.80570,0.02866
1673.87727,0.02998
1671.94884,0.03032
1670.02041,0.02922
1668.09198,0.03157
1666.16355,0.03478
1664.23512,0.03488
1662.30669,0.03489
1660.37826,0.03771
1658.44983,0.04043
1656.52140,0.04037
1654.59297,0.03763
1652.66454,0.03837
1650.73611,0.04310
1648.80768,0.04210
1646.87925,0.03756
1644.95082,0.03794
1643.02239,0.03958
1641.09396,0.03911
1639.16553,0.03665
1637.23710,0.03234
1635.30867,0.03042
1633.38024,0.03304
1631.45181,0.03417
1629.52338,0.03245
1627.59495,0.03091
1625.66652,0.02996
1623.73809,0.02841
1621.80966,0.02864
1619.88123,0.02893
1617.95280,0.02608
1616.02437,0.02407
1614.09594,0.02510
1612.16751,0.02499
1610.23908,0.02331
1608.31065,0.02217
1606.38222,0.02209
1604.45379,0.02192
1602.52536,0.02149
1600.59693,0.02143
1598.66850,0.02138
1596.74007,0.02089
1594.81164,0.02048
1592.88321,0.02047
1590.95478,0.02039
1589.02635,0.02027
1587.09792,0.02033
1585.16949,0.02045
1583.24106,0.02086
1581.31263,0.02173
1579.38420,0.02160
1577.45577,0.01929
1575.52734,0.01885
1573.59891,0.02167
1571.67048,0.02180
1569.74205,0.02015
1567.81362,0.02121
1565.88519,0.02298
1563.95676,0.02449
1562.02833,0.02479
1560.09990,0.02243
1558.17147,0.02335
1556.24304,0.02704
1554.31461,0.02801
1552.38618,0.02795
1550.45775,0.02808
1548.52932,0.02939
1546.60089,0.03030
1544.67246,0.02909
1542.74403,0.02665
1540.81560,0.02400
1538.88717,0.02655
1536.95874,0.03037
1535.03031,0.02915
1533.10188,0.02658
1531.17345,0.02751
1529.24502,0.02797
1527.31659,0.02688
1525.38816,0.02658
1523.45973,0.02587
1521.53130,0.02525
1519.60287,0.02651
1517.67444,0.02540
1515.74601,0.02376
1513.81758,0.02412
1511.88915,0.02429
1509.96072,0.02216
1508.03229,0.01717
1506.10385,0.01541
1504.17542,0.01863
1502.24699,0.01981
1500.31856,0.01782
1498.39013,0.01516
1496.46170,0.01471
1494.53327,0.01668
1492.60484,0.01654
1490.67641,0.01308
1488.74798,0.01123
1486.81955,0.01259
1484.89112,0.01384
1482.96269,0.01341
1481.03426,0.01277
1479.10583,0.01304
1477.17740,0.01301
1475.24897,0.01177
1473.32054,0.01014
1471.39211,0.01155
1469.46368,0.01441
1467.53525,0.01431
1465.60682,0.01239
1463.67839,0.01316
1461.74996,0.01526
1459.82153,0.01386
1457.89310,0.01029
1455.96467,0.01137
1454.03624,0.01441
1452.10781,0.01504
1450.17938,0.01386
1448.25095,0.01256
1446.32252,0.01257
1444.39409,0.01326
1442.46566,0.01369
1440.53723,0.01389
1438.60880,0.01282
1436.68037,0.01159
1434.75194,0.01277
1432.82351,0.01362
1430.89508,0.01266
1428.96665,0.01215
1427.03822,0.01224
1425.10979,0.01185
1423.18136,0.01213
1421.25293,0.01237
1419.32450,0.01161
1417.39607,0.01229
1415.46764,0.01357
1413.53921,0.01361
1411.61078,0.01314
1409.68235,0.01323
1407.75392,0.01323
1405.82549,0.01264
1403.89706,0.01298
1401.96863,0.01386
1400.04020,0.01368
1398.11177,0.01338
1396.18334,0.01311
1394.25491,0.01305
1392.32648,0.01398
1390.39805,0.01412
1388.46962,0.01291
1386.54119,0.01235
1384.61276,0.01290
1382.68433,0.01300
1380.75590,0.01262
1378.82747,0.01233
1376.89904,0.01178
1374.97061,0.01093
1373.04218,0.01119
1371.11375,0.01173
1369.18532,0.01118
1367.25689,0.01094
1365.32846,0.01093
1363.40003,0.01029
1361.47160,0.01027
1359.54317,0.01093
1357.61474,0.01100
1355.68631,0.01060
1353.75788,0.01043
1351.82945,0.01040
1349.90102,0.01025
1347.97259,0.01036
1346.04416,0.01088
1344.11573,0.01151
1342.18730,0.01139
1340.25887,0.01043
1338.33044,0.01032
1336.40201,0.01109
1334.47358,0.01131
1332.54515,0.01091
1330.61672,0.01060
1328.68829,0.01068
1326.75986,0.01095
1324.83143,0.01107
1322.90300,0.01085
1320.97457,0.01041
1319.04614,0.01034
1317.11771,0.01095
1315.18928,0.01145
1313.26085,0.01142
1311.33242,0.01141
1309.40399,0.01149
1307.47556,0.01159
1305.54713,0.01177
1303.61870,0.01179
1301.69027,0.01168
1299.76184,0.01158
1297.83341,0.01146
1295.90498,0.01130
1293.97655,0.01128
1292.04812,0.01150
1290.11969,0.01182
1288.19126,0.01207
1286.26283,0.01223
1284.33440,0.01223
1282.40597,0.01227
1280.47754,0.01259
1278.54911,0.01310
1276.62068,0.01351
1274.69225,0.01378
1272.76382,0.01407
1270.83539,0.01474
1268.90696,0.01570
1266.97853,0.01637
1265.05010,0.01667
1263.12167,0.01709
1261.19324,0.01799
1259.26481,0.01944
1257.33638,0.02094
1255.40795,0.02217
1253.47952,0.02344
1251.55109,0.02474
1249.62266,0.02585
1247.69423,0.02688
1245.76580,0.02807
1243.83737,0.02945
1241.90894,0.03084
1239.98051,0.03205
1238.05208,0.03325
1236.12365,0.03462
1234.19522,0.03611
1232.26679,0.03766
1230.33836,0.03912
1228.40993,0.04011
1226.48150,0.04076
1224.55307,0.04152
1222.62464,0.04248
1220.69621,0.04347
1218.76778,0.04458
1216.83935,0.04585
1214.91092,0.04689
1212.98249,0.04739
1211.05406,0.04787
1209.12563,0.04876
1207.19720,0.04962
1205.26877,0.05020
1203.34034,0.05082
1201.41191,0.05165
1199.48348,0.05260
1197.55505,0.05367
1195.62662,0.05487
1193.69819,0.05608
1191.76976,0.05723
1189.84133,0.05812
1187.91290,0.05867
1185.98447,0.05932
1184.05604,0.06031
1182.12761,0.06156
1180.19918,0.06306
1178.27075,0.06440
1176.34232,0.06532
1174.41389,0.06641
1172.48546,0.06792
1170.55703,0.06947
1168.62860,0.07072
1166.70017,0.07150
1164.77174,0.07225
1162.84331,0.07359
1160.91488,0.07544
1158.98645,0.07712
1157.05802,0.07842
1155.12959,0.07968
1153.20116,0.08089
1151.27273,0.08178
1149.34430,0.08268
1147.41587,0.08386
1145.48744,0.08496
1143.55901,0.08576
1141.63058,0.08653
1139.70215,0.08739
1137.77372,0.08847
1135.84529,0.09006
1133.91686,0.09194
1131.98843,0.09351
1130.06000,0.09486
1128.13157,0.09638
1126.20314,0.09824
1124.27471,0.10080
1122.34628,0.10395
1120.41785,0.10691
1118.48942,0.10950
1116.56099,0.11225
1114.63256,0.11569
1112.70413,0.11983
1110.77570,0.12413
1108.84727,0.12850
1106.91884,0.13264
1104.99041,0.13578
1103.06198,0.13852
1101.13355,0.14190
1099.20512,0.14580
1097.27669,0.14972
1095.34826,0.15323
1093.41983,0.15607
1091.49140,0.15867
1089.56297,0.16163
1087.63454,0.16471
1085.70611,0.16713
1083.77768,0.16848
1081.84925,0.16930
1079.92082,0.17003
1077.99239,0.17047
1076.06396,0.17084
1074.13553,0.17118
1072.20710,0.17136
1070.27867,0.17179
1068.35024,0.17233
1066.42181,0.17226
1064.49338,0.17151
1062.56495,0.17075
1060.63652,0.16994
1058.70809,0.16826
1056.77966,0.16583
1054.85123,0.16332
1052.92280,0.16065
1050.99437,0.15733
1049.06594,0.15366
1047.13751,0.15033
1045.20908,0.14707
1043.28065,0.14302
1041.35222,0.13792
1039.42379,0.13218
1037.49536,0.12606
1035.56693,0.11960
1033.63850,0.11315
1031.71007,0.10697
1029.78164,0.10095
1027.85321,0.09507
1025.92478,0.08948
1023.99635,0.08389
1022.06792,0.07832
1020.13949,0.07325
1018.21106,0.06878
1016.28263,0.06503
1014.35420,0.06151
1012.42577,0.05756
1010.49734,0.05374
1008.56891,0.05059
1006.64048,0.04772
1004.71205,0.04510
1002.78362,0.04285
1000.85519,0.04060
998.92676,0.03827
996.99833,0.03650
995.06990,0.03548
993.14147,0.03486
991.21304,0.03478
989.28461,0.03510
987.35618,0.03513
985.42775,0.03484
983.49932,0.03478
981.57089,0.03507
979.64246,0.03556
977.71403,0.03604
975.78560,0.03629
973.85717,0.03644
971.92874,0.03659
970.00031,0.03625
968.07188,0.03517
966.14345,0.03410
964.21502,0.03380
962.28659,0.03401
960.35816,0.03409
958.42973,0.03392
956.50130,0.03347
954.57287,0.03276
952.64444,0.03214
950.71601,0.03192
948.78758,0.03212
946.85915,0.03231
944.93072,0.03203
943.00229,0.03143
941.07386,0.03080
939.14543,0.03028
937.21700,0.02978
935.28857,0.02929
933.36014,0.02887
931.43171,0.02815
929.50328,0.02695
927.57485,0.02577
925.64642,0.02488
923.71799,0.02433
921.78956,0.02391
919.86113,0.02315
917.93270,0.02228
916.00427,0.02209
914.07584,0.02240
912.14741,0.02238
910.21898,0.02169
908.29055,0.02041
906.36212,0.01917
904.43368,0.01865
902.50525,0.01864
900.57682,0.01837
898.64839,0.01758
896.71996,0.01683
894.79153,0.01657
892.86310,0.01650
890.93467,0.01600
889.00624,0.01512
887.07781,0.01423
885.14938,0.01360
883.22095,0.01345
881.29252,0.01350
879.36409,0.01334
877.43566,0.01298
875.50723,0.01258
873.57880,0.01249
871.65037,0.01262
869.72194,0.01240
867.79351,0.01206
865.86508,0.01210
863.93665,0.01236
862.00822,0.01235
860.07979,0.01195
858.15136,0.01150
856.22293,0.01169
854.29450,0.01249
852.36607,0.01322
850.43764,0.01347
848.50921,0.01365
846.58078,0.01403
844.65235,0.01422
842.72392,0.01460
840.79549,0.01562
838.86706,0.01685
836.93863,0.01777
835.01020,0.01842
833.08177,0.01927
831.15334,0.02049
829.22491,0.02201
827.29648,0.02368
825.36805,0.02514
823.43962,0.02629
821.51119,0.02705
819.58276,0.02748
817.65433,0.02784
815.72590,0.02818
813.79747,0.02892
811.86904,0.03005
809.94061,0.03078
808.01218,0.03115
806.08375,0.03162
804.15532,0.03172
802.22689,0.03131
800.29846,0.03123
798.37003,0.03201
796.44160,0.03329
794.51317,0.03423
792.58474,0.03425
790.65631,0.03360
788.72788,0.03293
786.79945,0.03209
784.87102,0.03071
782.94259,0.02896
781.01416,0.02702
779.08573,0.02498
777.15730,0.02274
775.22887,0.02029
773.30044,0.01816
771.37201,0.01681
769.44358,0.01639
767.51515,0.01619
765.58672,0.01538
763.65829,0.01447
761.72986,0.01456
759.80143,0.01558
757.87300,0.01617
755.94457,0.01543
754.01614,0.01432
752.08771,0.01387
750.15928,0.01379
748.23085,0.01416
746.30242,0.01527
744.37399,0.01624
742.44556,0.01620
740.51713,0.01541
738.58870,0.01441
736.66027,0.01306
734.73184,0.01175
732.80341,0.01178
730.87498,0.01344
728.94655,0.01514
727.01812,0.01493
725.08969,0.01332
723.16126,0.01300
721.23283,0.01336
719.30440,0.01340
717.37597,0.01289
715.44754,0.01263
713.51911,0.01299
711.59068,0.01380
709.66225,0.01381
707.73382,0.01305
705.80539,0.01319
703.87696,0.01448
701.94853,0.01530
700.02010,0.01496
698.09167,0.01409
696.16324,0.01350
694.23481,0.01362
692.30638,0.01394
690.37795,0.01369
688.44952,0.01263
686.52109,0.01108
684.59266,0.01020
682.66423,0.01080
680.73580,0.01174
678.80737,0.01218
676.87894,0.01330
674.95051,0.01541
673.02208,0.01815
671.09365,0.02267
669.16522,0.02714
667.23679,0.02570
665.30836,0.02105
663.37993,0.01947
661.45150,0.02046
659.52307,0.02005
657.59464,0.01733
655.66621,0.01487
653.73778,0.01363
651.80935,0.01286
649.88092,0.01135
647.95249,0.01196
646.02406,0.01286
644.09563,0.01260
642.16720,0.01186
640.23877,0.01085
638.31034,0.00924
636.38191,0.00827
634.45348,0.00850
632.52505,0.00827
630.59662,0.00658
628.66819,0.00443
626.73976,0.00357
624.81133,0.00409
622.88290,0.00389
620.95447,0.00515
619.02604,0.00962
617.09761,0.01299
615.16918,0.01355
613.24075,0.01456
611.31232,0.01323
609.38389,0.00717
607.45546,0.00226
605.52703,0.00052
603.59860,0.00000
601.67017,-0.00170
599.74174,0.00000
