4001.49232,0.00190
3999.56389,0.00174
3997.63546,0.00115
3995.70703,0.00073
3993.77860,0.00023
3991.85017,0.00000
3989.92174,0.00067
3987.99331,0.00170
3986.06488,0.00213
3984.13645,0.00210
3982.20802,0.00228
3980.27959,0.00250
3978.35116,0.00222
3976.42273,0.00162
3974.49430,0.00148
3972.56587,0.00218
3970.63744,0.00328
3968.70901,0.00400
3966.78058,0.00384
3964.85215,0.00299
3962.92372,0.00214
3960.99529,0.00156
3959.06686,0.00098
3957.13843,0.00056
3955.21000,0.00063
3953.28157,0.00110
3951.35314,0.00195
3949.42471,0.00311
3947.49628,0.00370
3945.56785,0.00301
3943.63942,0.00205
3941.71099,0.00200
3939.78256,0.00237
3937.85413,0.00270
3935.92570,0.00310
3933.99727,0.00346
3932.06884,0.00362
3930.14041,0.00372
3928.21198,0.00384
3926.28355,0.00413
3924.35512,0.00464
3922.42669,0.00455
3920.49826,0.00335
3918.56982,0.00193
3916.64139,0.00135
3914.71296,0.00185
3912.78453,0.00281
3910.85610,0.00379
3908.92767,0.00450
3906.99924,0.00487
3905.07081,0.00554
3903.14238,0.00634
3901.21395,0.00593
3899.28552,0.00516
3897.35709,0.00486
3895.42866,0.00407
3893.50023,0.00306
3891.57180,0.00331
3889.64337,0.00386
3887.71494,0.00340
3885.78651,0.00366
3883.85808,0.00481
3881.92965,0.00504
3880.00122,0.00531
3878.07279,0.00547
3876.14436,0.00472
3874.21593,0.00409
3872.28750,0.00351
3870.35907,0.00337
3868.43064,0.00449
3866.50221,0.00479
3864.57378,0.00432
3862.64535,0.00434
3860.71692,0.00407
3858.78849,0.00321
3856.86006,0.00201
3854.93163,0.00087
3853.00320,0.00156
3851.07477,0.00392
3849.14634,0.00517
3847.21791,0.00510
3845.28948,0.00472
3843.36105,0.00468
3841.43262,0.00478
3839.50419,0.00454
3837.57576,0.00427
3835.64733,0.00414
3833.71890,0.00411
3831.79047,0.00457
3829.86204,0.00506
3827.93361,0.00495
3826.00518,0.00432
3824.07675,0.00313
3822.14832,0.00305
3820.21989,0.00563
3818.29146,0.00689
3816.36303,0.00635
3814.43460,0.00645
3812.50617,0.00617
3810.57774,0.00497
3808.64931,0.00427
3806.72088,0.00501
3804.79245,0.00510
3802.86402,0.00384
3800.93559,0.00377
3799.00716,0.00401
3797.07873,0.00375
3795.15030,0.00421
3793.22187,0.00453
3791.29344,0.00418
3789.36501,0.00366
3787.43658,0.00337
3785.50815,0.00412
3783.57972,0.00544
3781.65129,0.00547
3779.72286,0.00480
3777.79443,0.00487
3775.86600,0.00488
3773.93757,0.00427
3772.00914,0.00354
3770.08071,0.00345
3768.15228,0.00357
3766.22385,0.00338
3764.29542,0.00367
3762.36699,0.00400
3760.43856,0.00409
3758.51013,0.00472
3756.58170,0.00466
3754.65327,0.00272
3752.72484,0.00118
3750.79641,0.00354
3748.86798,0.00681
3746.93955,0.00644
3745.01112,0.00616
3743.08269,0.00787
3741.15426,0.00833
3739.22583,0.00700
3737.29740,0.00616
3735.36897,0.00699
3733.44054,0.00753
3731.51211,0.00650
3729.58368,0.00493
3727.65525,0.00400
3725.72682,0.00424
3723.79839,0.00455
3721.86996,0.00405
3719.94153,0.00380
3718.01310,0.00422
3716.08467,0.00460
3714.15624,0.00465
3712.22781,0.00481
3710.29938,0.00523
3708.37095,0.00515
3706.44252,0.00444
3704.51409,0.00362
3702.58566,0.00387
3700.65723,0.00519
3698.72880,0.00576
3696.80037,0.00546
3694.87194,0.00505
3692.94351,0.00449
3691.01508,0.00464
3689.08665,0.00618
3687.15822,0.00692
3685.22979,0.00623
3683.30136,0.00563
3681.37293,0.00602
3679.44450,0.00709
3677.51607,0.00796
3675.58764,0.00849
3673.65921,0.00757
3671.73078,0.00446
3669.80235,0.00289
3667.87392,0.00416
3665.94549,0.00516
3664.01706,0.00546
3662.08863,0.00601
3660.16020,0.00651
3658.23177,0.00651
3656.30334,0.00660
3654.37491,0.00634
3652.44648,0.00469
3650.51805,0.00385
3648.58962,0.00641
3646.66119,0.00906
3644.73276,0.00968
3642.80433,0.00958
3640.87590,0.00932
3638.94747,0.00866
3637.01904,0.00805
3635.09061,0.00812
3633.16218,0.00853
3631.23375,0.00854
3629.30532,0.00884
3627.37689,0.00974
3625.44846,0.00936
3623.52003,0.00779
3621.59160,0.00617
3619.66317,0.00553
3617.73474,0.00596
3615.80631,0.00615
3613.87788,0.00625
3611.94945,0.00665
3610.02102,0.00695
3608.09259,0.00730
3606.16416,0.00728
3604.23573,0.00643
3602.30730,0.00575
3600.37887,0.00599
3598.45044,0.00660
3596.52201,0.00736
3594.59358,0.00875
3592.66515,0.00974
3590.73672,0.00896
3588.80829,0.00789
3586.87986,0.00843
3584.95143,0.00902
3583.02300,0.00864
3581.09457,0.00814
3579.16614,0.00764
3577.23771,0.00712
3575.30928,0.00716
3573.38085,0.00779
3571.45242,0.00802
3569.52399,0.00761
3567.59556,0.00797
3565.66713,0.00917
3563.73870,0.00903
3561.81027,0.00814
3559.88184,0.00824
3557.95341,0.00898
3556.02498,0.00928
3554.09655,0.00916
3552.16812,0.00918
3550.23969,0.00925
3548.31126,0.00917
3546.38283,0.00932
3544.45440,0.00960
3542.52597,0.00931
3540.59754,0.00821
3538.66911,0.00700
3536.74068,0.00689
3534.81225,0.00791
3532.88382,0.00891
3530.95539,0.00956
3529.02696,0.01031
3527.09853,0.01071
3525.17010,0.01016
3523.24167,0.00955
3521.31324,0.00971
3519.38481,0.01011
3517.45638,0.01035
3515.52795,0.01035
3513.59952,0.00999
3511.67109,0.00941
3509.74266,0.00945
3507.81423,0.01064
3505.88580,0.01212
3503.95737,0.01311
3502.02894,0.01349
3500.10051,0.01287
3498.17208,0.01139
3496.24365,0.01029
3494.31522,0.01038
3492.38679,0.01108
3490.45836,0.01165
3488.52993,0.01207
3486.60150,0.01226
3484.67307,0.01200
3482.74464,0.01182
3480.81621,0.01246
3478.88778,0.01348
3476.95935,0.01413
3475.03092,0.01403
3473.10249,0.01309
3471.17406,0.01200
3469.24563,0.01170
3467.31720,0.01220
3465.38877,0.01277
3463.46034,0.01301
3461.53191,0.01301
3459.60348,0.01272
3457.67505,0.01237
3455.74662,0.01246
3453.81819,0.01288
3451.88976,0.01320
3449.96133,0.01349
3448.03290,0.01426
3446.10447,0.01533
3444.17604,0.01581
3442.24761,0.01582
3440.31918,0.01574
3438.39075,0.01538
3436.46232,0.01484
3434.53389,0.01416
3432.60546,0.01381
3430.67703,0.01431
3428.74860,0.01494
3426.82017,0.01516
3424.89174,0.01543
3422.96331,0.01561
3421.03488,0.01528
3419.10645,0.01499
3417.17802,0.01558
3415.24959,0.01694
3413.32116,0.01782
3411.39273,0.01725
3409.46430,0.01635
3407.53587,0.01641
3405.60744,0.01674
3403.67901,0.01670
3401.75058,0.01714
3399.82215,0.01794
3397.89372,0.01791
3395.96529,0.01810
3394.03686,0.01882
3392.10843,0.01983
3390.18000,0.02029
3388.25157,0.01972
3386.32314,0.01880
3384.39471,0.01824
3382.46628,0.01815
3380.53785,0.01834
3378.60942,0.01863
3376.68099,0.01890
3374.75256,0.01888
3372.82413,0.01840
3370.89570,0.01816
3368.96727,0.01901
3367.03884,0.02043
3365.11041,0.02125
3363.18198,0.02139
3361.25355,0.02149
3359.32512,0.02182
3357.39669,0.02205
3355.46826,0.02182
3353.53983,0.02125
3351.61140,0.02070
3349.68297,0.02052
3347.75454,0.02102
3345.82611,0.02195
3343.89768,0.02234
3341.96925,0.02168
3340.04082,0.02095
3338.11239,0.02116
3336.18396,0.02183
3334.25553,0.02202
3332.32710,0.02183
3330.39867,0.02227
3328.47024,0.02359
3326.54181,0.02477
3324.61338,0.02491
3322.68495,0.02441
3320.75652,0.02403
3318.82809,0.02388
3316.89966,0.02402
3314.97122,0.02422
3313.04279,0.02391
3311.11436,0.02333
3309.18593,0.02347
3307.25750,0.02438
3305.32907,0.02496
3303.40064,0.02501
3301.47221,0.02534
3299.54378,0.02612
3297.61535,0.02667
3295.68692,0.02671
3293.75849,0.02652
3291.83006,0.02647
3289.90163,0.02673
3287.97320,0.02706
3286.04477,0.02713
3284.11634,0.02711
3282.18791,0.02700
3280.25948,0.02660
3278.33105,0.02633
3276.40262,0.02664
3274.47419,0.02726
3272.54576,0.02759
3270.61733,0.02729
3268.68890,0.02685
3266.76047,0.02678
3264.83204,0.02682
3262.90361,0.02674
3260.97518,0.02677
3259.04675,0.02688
3257.11832,0.02671
3255.18989,0.02625
3253.26146,0.02603
3251.33303,0.02635
3249.40460,0.02677
3247.47617,0.02671
3245.54774,0.02628
3243.61931,0.02579
3241.69088,0.02553
3239.76245,0.02583
3237.83402,0.02639
3235.90559,0.02674
3233.97716,0.02689
3232.04873,0.02713
3230.12030,0.02762
3228.19187,0.02813
3226.26344,0.02826
3224.33501,0.02799
3222.40658,0.02775
3220.47815,0.02765
3218.54972,0.02746
3216.62129,0.02727
3214.69286,0.02718
3212.76443,0.02704
3210.83600,0.02675
3208.90757,0.02653
3206.97914,0.02656
3205.05071,0.02682
3203.12228,0.02692
3201.19385,0.02647
3199.26542,0.02572
3197.33699,0.02532
3195.40856,0.02553
3193.48013,0.02601
3191.55170,0.02651
3189.62327,0.02699
3187.69484,0.02723
3185.76641,0.02704
3183.83798,0.02666
3181.90955,0.02643
3179.98112,0.02627
3178.05269,0.02599
3176.12426,0.02584
3174.19583,0.02599
3172.26740,0.02621
3170.33897,0.02623
3168.41054,0.02627
3166.48211,0.02684
3164.55368,0.02763
3162.62525,0.02757
3160.69682,0.02667
3158.76839,0.02614
3156.83996,0.02632
3154.91153,0.02654
3152.98310,0.02649
3151.05467,0.02642
3149.12624,0.02649
3147.19781,0.02643
3145.26938,0.02608
3143.34095,0.02614
3141.41252,0.02692
3139.48409,0.02747
3137.55566,0.02740
3135.62723,0.02734
3133.69880,0.02744
3131.77037,0.02716
3129.84194,0.02643
3127.91351,0.02602
3125.98508,0.02611
3124.05665,0.02632
3122.12822,0.02652
3120.19979,0.02650
3118.27136,0.02629
3116.34293,0.02635
3114.41450,0.02651
3112.48607,0.02622
3110.55764,0.02555
3108.62921,0.02516
3106.70078,0.02541
3104.77235,0.02579
3102.84392,0.02576
3100.91549,0.02571
3098.98706,0.02616
3097.05863,0.02691
3095.13020,0.02738
3093.20177,0.02741
3091.27334,0.02724
3089.34491,0.02708
3087.41648,0.02694
3085.48805,0.02689
3083.55962,0.02698
3081.63119,0.02693
3079.70276,0.02649
3077.77433,0.02589
3075.84590,0.02560
3073.91747,0.02590
3071.98904,0.02639
3070.06061,0.02632
3068.13218,0.02583
3066.20375,0.02576
3064.27532,0.02638
3062.34689,0.02691
3060.41846,0.02645
3058.49003,0.02565
3056.56160,0.02577
3054.63317,0.02663
3052.70474,0.02716
3050.77631,0.02694
3048.84788,0.02627
3046.91945,0.02590
3044.99102,0.02622
3043.06259,0.02663
3041.13416,0.02647
3039.20573,0.02605
3037.27730,0.02604
3035.34887,0.02639
3033.42044,0.02662
3031.49201,0.02659
3029.56358,0.02624
3027.63515,0.02578
3025.70672,0.02591
3023.77829,0.02649
3021.84986,0.02666
3019.92143,0.02634
3017.99300,0.02618
3016.06457,0.02645
3014.13614,0.02673
3012.20771,0.02666
3010.27928,0.02656
3008.35085,0.02664
3006.42242,0.02641
3004.49399,0.02578
3002.56556,0.02542
3000.63713,0.02571
2998.70870,0.02679
2996.78027,0.02709
2994.85184,0.02667
2992.92341,0.02648
2990.99498,0.02666
2989.06655,0.02658
2987.13812,0.02638
2985.20969,0.02656
2983.28126,0.02726
2981.35283,0.02786
2979.42440,0.02781
2977.49597,0.02745
2975.56754,0.02720
2973.63911,0.02711
2971.71068,0.02733
2969.78225,0.02774
2967.85382,0.02813
2965.92539,0.02863
2963.99696,0.02912
2962.06853,0.02917
2960.14010,0.02868
2958.21167,0.02808
2956.28324,0.02778
2954.35481,0.02797
2952.42638,0.02841
2950.49795,0.02848
2948.56952,0.02799
2946.64109,0.02759
2944.71266,0.02795
2942.78423,0.02859
2940.85580,0.02876
2938.92737,0.02869
2936.99894,0.02880
2935.07051,0.02876
2933.14208,0.02852
2931.21365,0.02846
2929.28522,0.02844
2927.35679,0.02837
2925.42836,0.02870
2923.49993,0.02905
2921.57150,0.02876
2919.64307,0.02836
2917.71464,0.02839
2915.78621,0.02825
2913.85778,0.02782
2911.92935,0.02767
2910.00092,0.02762
2908.07249,0.02738
2906.14406,0.02718
2904.21563,0.02720
2902.28720,0.02738
2900.35877,0.02748
2898.43034,0.02744
2896.50191,0.02742
2894.57348,0.02750
2892.64505,0.02749
2890.71662,0.02714
2888.78819,0.02662
2886.85976,0.02611
2884.93133,0.02554
2883.00290,0.02526
2881.07447,0.02569
2879.14604,0.02630
2877.21761,0.02636
2875.28918,0.02630
2873.36075,0.02671
2871.43232,0.02712
2869.50389,0.02712
2867.57546,0.02701
2865.64703,0.02683
2863.71860,0.02662
2861.79017,0.02696
2859.86174,0.02757
2857.93331,0.02733
2856.00488,0.02670
2854.07645,0.02668
2852.14802,0.02689
2850.21959,0.02691
2848.29116,0.02680
2846.36273,0.02628
2844.43430,0.02554
2842.50587,0.02547
2840.57744,0.02625
2838.64901,0.02698
2836.72058,0.02697
2834.79215,0.02628
2832.86372,0.02554
2830.93529,0.02540
2829.00686,0.02557
2827.07843,0.02560
2825.15000,0.02550
2823.22157,0.02553
2821.29314,0.02591
2819.36471,0.02620
2817.43628,0.02590
2815.50785,0.02549
2813.57942,0.02534
2811.65099,0.02520
2809.72256,0.02529
2807.79413,0.02571
2805.86570,0.02589
2803.93727,0.02557
2802.00884,0.02510
2800.08041,0.02488
2798.15198,0.02519
2796.22355,0.02575
2794.29512,0.02600
2792.36669,0.02567
2790.43826,0.02500
2788.50983,0.02471
2786.58140,0.02498
2784.65297,0.02521
2782.72454,0.02509
2780.79611,0.02510
2778.86768,0.02557
2776.93925,0.02598
2775.01082,0.02580
2773.08239,0.02530
2771.15396,0.02508
2769.22553,0.02541
2767.29710,0.02580
2765.36867,0.02579
2763.44024,0.02558
2761.51181,0.02531
2759.58338,0.02501
2757.65495,0.02500
2755.72652,0.02531
2753.79809,0.02565
2751.86966,0.02595
2749.94123,0.02618
2748.01280,0.02627
2746.08437,0.02624
2744.15594,0.02598
2742.22751,0.02549
2740.29908,0.02526
2738.37065,0.02555
2736.44222,0.02593
2734.51379,0.02597
2732.58536,0.02599
2730.65693,0.02620
2728.72850,0.02642
2726.80007,0.02651
2724.87164,0.02647
2722.94321,0.02627
2721.01478,0.02605
2719.08635,0.02586
2717.15792,0.02576
2715.22949,0.02580
2713.30105,0.02573
2711.37262,0.02556
2709.44419,0.02549
2707.51576,0.02538
2705.58733,0.02498
2703.65890,0.02446
2701.73047,0.02442
2699.80204,0.02505
2697.87361,0.02579
2695.94518,0.02614
2694.01675,0.02616
2692.08832,0.02591
2690.15989,0.02553
2688.23146,0.02528
2686.30303,0.02526
2684.37460,0.02574
2682.44617,0.02657
2680.51774,0.02700
2678.58931,0.02683
2676.66088,0.02641
2674.73245,0.02605
2672.80402,0.02583
2670.87559,0.02566
2668.94716,0.02564
2667.01873,0.02593
2665.09030,0.02626
2663.16187,0.02639
2661.23344,0.02650
2659.30501,0.02647
2657.37658,0.02623
2655.44815,0.02611
2653.51972,0.02621
2651.59129,0.02625
2649.66286,0.02620
2647.73443,0.02627
2645.80600,0.02634
2643.87757,0.02618
2641.94914,0.02606
2640.02071,0.02622
2638.09228,0.02627
2636.16385,0.02601
2634.23542,0.02593
2632.30699,0.02611
2630.37856,0.02622
2628.45013,0.02615
2626.52170,0.02607
2624.59327,0.02630
2622.66484,0.02667
2620.73641,0.02665
2618.80798,0.02631
2616.87955,0.02610
2614.95112,0.02622
2613.02269,0.02645
2611.09426,0.02649
2609.16583,0.02625
2607.23740,0.02599
2605.30897,0.02617
2603.38054,0.02670
2601.45211,0.02701
2599.52368,0.02722
2597.59525,0.02761
2595.66682,0.02779
2593.73839,0.02747
2591.80996,0.02688
2589.88153,0.02645
2587.95310,0.02638
2586.02467,0.02651
2584.09624,0.02669
2582.16781,0.02682
2580.23938,0.02695
2578.31095,0.02725
2576.38252,0.02753
2574.45409,0.02735
2572.52566,0.02670
2570.59723,0.02613
2568.66880,0.02611
2566.74037,0.02652
2564.81194,0.02699
2562.88351,0.02726
2560.95508,0.02713
2559.02665,0.02703
2557.09822,0.02736
2555.16979,0.02763
2553.24136,0.02759
2551.31293,0.02755
2549.38450,0.02749
2547.45607,0.02730
2545.52764,0.02717
2543.59921,0.02718
2541.67078,0.02712
2539.74235,0.02690
2537.81392,0.02660
2535.88549,0.02628
2533.95706,0.02624
2532.02863,0.02667
2530.10020,0.02712
2528.17177,0.02724
2526.24334,0.02719
2524.31491,0.02714
2522.38648,0.02712
2520.45805,0.02718
2518.52962,0.02746
2516.60119,0.02799
2514.67276,0.02828
2512.74433,0.02813
2510.81590,0.02795
2508.88747,0.02808
2506.95904,0.02843
2505.03061,0.02865
2503.10218,0.02852
2501.17375,0.02828
2499.24532,0.02827
2497.31689,0.02839
2495.38846,0.02839
2493.46003,0.02824
2491.53160,0.02812
2489.60317,0.02822
2487.67474,0.02842
2485.74631,0.02845
2483.81788,0.02834
2481.88945,0.02822
2479.96102,0.02828
2478.03259,0.02859
2476.10416,0.02900
2474.17573,0.02923
2472.24730,0.02935
2470.31887,0.02954
2468.39044,0.02973
2466.46201,0.02959
2464.53358,0.02901
2462.60515,0.02846
2460.67672,0.02847
2458.74829,0.02877
2456.81986,0.02882
2454.89143,0.02858
2452.96300,0.02840
2451.03457,0.02859
2449.10614,0.02895
2447.17771,0.02914
2445.24928,0.02909
2443.32085,0.02906
2441.39242,0.02938
2439.46399,0.02988
2437.53556,0.03002
2435.60713,0.02983
2433.67870,0.02960
2431.75027,0.02950
2429.82184,0.02968
2427.89341,0.02987
2425.96498,0.02961
2424.03655,0.02920
2422.10812,0.02930
2420.17969,0.02979
2418.25126,0.03000
2416.32283,0.03009
2414.39440,0.03044
2412.46597,0.03075
2410.53754,0.03081
2408.60911,0.03075
2406.68068,0.03066
2404.75225,0.03069
2402.82382,0.03073
2400.89539,0.03077
2398.96696,0.03081
2397.03853,0.03085
2395.11010,0.03088
2393.18167,0.03092
2391.25324,0.03096
2389.32481,0.03100
2387.39638,0.03103
2385.46795,0.03107
2383.53952,0.03111
2381.61109,0.03115
2379.68266,0.03119
2377.75423,0.03122
2375.82580,0.03126
2373.89737,0.03130
2371.96894,0.03134
2370.04051,0.03138
2368.11208,0.03141
2366.18365,0.03145
2364.25522,0.03149
2362.32679,0.03153
2360.39836,0.03156
2358.46993,0.03160
2356.54150,0.03164
2354.61307,0.03168
2352.68464,0.03172
2350.75621,0.03175
2348.82778,0.03179
2346.89935,0.03183
2344.97092,0.03187
2343.04249,0.03191
2341.11406,0.03194
2339.18563,0.03198
2337.25720,0.03202
2335.32877,0.03206
2333.40034,0.03210
2331.47191,0.03213
2329.54348,0.03217
2327.61505,0.03221
2325.68662,0.03225
2323.75819,0.03228
2321.82976,0.03232
2319.90133,0.03236
2317.97290,0.03240
2316.04447,0.03244
2314.11604,0.03247
2312.18761,0.03251
2310.25918,0.03255
2308.33075,0.03259
2306.40232,0.03263
2304.47389,0.03266
2302.54546,0.03270
2300.61703,0.03274
2298.68860,0.03278
2296.76017,0.03281
2294.83174,0.03285
2292.90331,0.03289
2290.97488,0.03293
2289.04645,0.03297
2287.11802,0.03300
2285.18959,0.03304
2283.26116,0.03308
2281.33273,0.03312
2279.40430,0.03325
2277.47587,0.03335
2275.54744,0.03347
2273.61901,0.03347
2271.69058,0.03325
2269.76215,0.03312
2267.83372,0.03333
2265.90529,0.03376
2263.97686,0.03421
2262.04843,0.03453
2260.12000,0.03452
2258.19157,0.03427
2256.26314,0.03411
2254.33471,0.03412
2252.40628,0.03408
2250.47785,0.03403
2248.54942,0.03432
2246.62099,0.03415
2244.69256,0.03398
2242.76413,0.03396
2240.83570,0.03406
2238.90727,0.03410
2236.97884,0.03422
2235.05041,0.03453
2233.12198,0.03462
2231.19355,0.03424
2229.26512,0.03391
2227.33669,0.03402
2225.40826,0.03405
2223.47983,0.03371
2221.55140,0.03351
2219.62297,0.03374
2217.69454,0.03430
2215.76611,0.03483
2213.83768,0.03490
2211.90925,0.03471
2209.98082,0.03459
2208.05239,0.03448
2206.12396,0.03434
2204.19553,0.03437
2202.26710,0.03446
2200.33867,0.03449
2198.41024,0.03467
2196.48181,0.03493
2194.55338,0.03496
2192.62495,0.03488
2190.69652,0.03489
2188.76809,0.03499
2186.83966,0.03516
2184.91123,0.03532
2182.98280,0.03529
2181.05437,0.03499
2179.12594,0.03479
2177.19751,0.03496
2175.26908,0.03512
2173.34065,0.03514
2171.41222,0.03526
2169.48379,0.03536
2167.55536,0.03550
2165.62693,0.03575
2163.69850,0.03577
2161.77007,0.03557
2159.84164,0.03553
2157.91321,0.03544
2155.98478,0.03512
2154.05635,0.03508
2152.12792,0.03532
2150.19949,0.03543
2148.27106,0.03545
2146.34263,0.03554
2144.41420,0.03554
2142.48577,0.03547
2140.55734,0.03560
2138.62891,0.03575
2136.70048,0.03566
2134.77205,0.03566
2132.84362,0.03592
2130.91519,0.03610
2128.98676,0.03603
2127.05833,0.03579
2125.12990,0.03561
2123.20147,0.03574
2121.27304,0.03599
2119.34461,0.03604
2117.41618,0.03586
2115.48775,0.03572
2113.55932,0.03572
2111.63089,0.03555
2109.70245,0.03522
2107.77402,0.03525
2105.84559,0.03573
2103.91716,0.03600
2101.98873,0.03581
2100.06030,0.03564
2098.13187,0.03554
2096.20344,0.03555
2094.27501,0.03574
2092.34658,0.03601
2090.41815,0.03615
2088.48972,0.03614
2086.56129,0.03607
2084.63286,0.03610
2082.70443,0.03623
2080.77600,0.03634
2078.84757,0.03624
2076.91914,0.03595
2074.99071,0.03587
2073.06228,0.03603
2071.13385,0.03606
2069.20542,0.03597
2067.27699,0.03597
2065.34856,0.03619
2063.42013,0.03656
2061.49170,0.03678
2059.56327,0.03685
2057.63484,0.03685
2055.70641,0.03676
2053.77798,0.03690
2051.84955,0.03729
2049.92112,0.03752
2047.99269,0.03750
2046.06426,0.03745
2044.13583,0.03740
2042.20740,0.03736
2040.27897,0.03731
2038.35054,0.03708
2036.42211,0.03685
2034.49368,0.03697
2032.56525,0.03729
2030.63682,0.03747
2028.70839,0.03743
2026.77996,0.03724
2024.85153,0.03706
2022.92310,0.03704
2020.99467,0.03714
2019.06624,0.03728
2017.13781,0.03738
2015.20938,0.03732
2013.28095,0.03713
2011.35252,0.03692
2009.42409,0.03684
2007.49566,0.03692
2005.56723,0.03693
2003.63880,0.03689
2001.71037,0.03699
1999.78194,0.03714
1997.85351,0.03719
1995.92508,0.03711
1993.99665,0.03691
1992.06822,0.03688
1990.13979,0.03700
1988.21136,0.03711
1986.28293,0.03733
1984.35450,0.03773
1982.42607,0.03813
1980.49764,0.03817
1978.56921,0.03774
1976.64078,0.03742
1974.71235,0.03752
1972.78392,0.03770
1970.85549,0.03770
1968.92706,0.03778
1966.99863,0.03799
1965.07020,0.03800
1963.14177,0.03780
1961.21334,0.03774
1959.28491,0.03788
1957.35648,0.03804
1955.42805,0.03830
1953.49962,0.03869
1951.57119,0.03879
1949.64276,0.03856
1947.71433,0.03840
1945.78590,0.03844
1943.85747,0.03855
1941.92904,0.03863
1940.00061,0.03853
1938.07218,0.03836
1936.14375,0.03833
1934.21532,0.03833
1932.28689,0.03825
1930.35846,0.03819
1928.43003,0.03828
1926.50160,0.03848
1924.57317,0.03869
1922.64474,0.03882
1920.71631,0.03860
1918.78788,0.03831
1916.85945,0.03854
1914.93102,0.03896
1913.00259,0.03899
1911.07416,0.03870
1909.14573,0.03855
1907.21730,0.03882
1905.28887,0.03926
1903.36044,0.03961
1901.43201,0.03967
1899.50358,0.03938
1897.57515,0.03912
1895.64672,0.03942
1893.71829,0.03996
1891.78986,0.04012
1889.86143,0.04028
1887.93300,0.04065
1886.00457,0.04063
1884.07614,0.04023
1882.14771,0.03989
1880.21928,0.03984
1878.29085,0.03998
1876.36242,0.04011
1874.43399,0.04011
1872.50556,0.03978
1870.57713,0.03931
1868.64870,0.03933
1866.72027,0.03974
1864.79184,0.03999
1862.86341,0.04015
1860.93498,0.04032
1859.00655,0.04034
1857.07812,0.04020
1855.14969,0.04011
1853.22126,0.04025
1851.29283,0.04056
1849.36440,0.04085
1847.43597,0.04100
1845.50754,0.04104
1843.57911,0.04103
1841.65068,0.04073
1839.72225,0.04025
1837.79382,0.04019
1835.86539,0.04055
1833.93696,0.04069
1832.00853,0.04042
1830.08010,0.04029
1828.15167,0.04025
1826.22324,0.04000
1824.29481,0.04018
1822.36638,0.04074
1820.43795,0.04101
1818.50952,0.04103
1816.58109,0.04093
1814.65266,0.04064
1812.72423,0.04037
1810.79580,0.04050
1808.86737,0.04079
1806.93894,0.04084
1805.01051,0.04075
1803.08208,0.04069
1801.15365,0.04064
1799.22522,0.04059
1797.29679,0.04049
1795.36836,0.04022
1793.43993,0.04004
1791.51150,0.04054
1789.58307,0.04111
1787.65464,0.04098
1785.72621,0.04062
1783.79778,0.04038
1781.86935,0.04030
1779.94092,0.04070
1778.01249,0.04116
1776.08406,0.04095
1774.15563,0.04045
1772.22720,0.04076
1770.29877,0.04178
1768.37034,0.04241
1766.44191,0.04219
1764.51348,0.04146
1762.58505,0.04125
1760.65662,0.04173
1758.72819,0.04189
1756.79976,0.04187
1754.87133,0.04192
1752.94290,0.04177
1751.01447,0.04178
1749.08604,0.04215
1747.15761,0.04252
1745.22918,0.04254
1743.30075,0.04211
1741.37232,0.04180
1739.44389,0.04210
1737.51546,0.04205
1735.58703,0.04132
1733.65860,0.04139
1731.73017,0.04236
1729.80174,0.04309
1727.87331,0.04328
1725.94488,0.04290
1724.01645,0.04246
1722.08802,0.04194
1720.15959,0.04110
1718.23116,0.04110
1716.30273,0.04261
1714.37430,0.04359
1712.44587,0.04351
1710.51744,0.04309
1708.58901,0.04275
1706.66058,0.04303
1704.73215,0.04396
1702.80372,0.04485
1700.87529,0.04631
1698.94686,0.04830
1697.01843,0.04936
1695.09000,0.05000
1693.16157,0.05019
1691.23314,0.05017
1689.30471,0.05060
1687.37628,0.05095
1685.44785,0.05156
1683.51942,0.05378
1681.59099,0.05590
1679.66256,0.05667
1677.73413,0.05687
1675.80570,0.05744
1673.87727,0.05816
1671.94884,0.05842
1670.02041,0.05926
1668.09198,0.06078
1666.16355,0.06139
1664.23512,0.06196
1662.30669,0.06367
1660.37826,0.06513
1658.44983,0.06509
1656.52140,0.06452
1654.59297,0.06553
1652.66454,0.06834
1650.73611,0.06828
1648.80768,0.06528
1646.87925,0.06347
1644.95082,0.06393
1643.02239,0.06410
1641.09396,0.06319
1639.16553,0.06155
1637.23710,0.06001
1635.30867,0.05963
1633.38024,0.05933
1631.45181,0.05811
1629.52338,0.05677
1627.59495,0.05588
1625.66652,0.05497
1623.73809,0.05404
1621.80966,0.05325
1619.88123,0.05199
1617.95280,0.05090
1616.02437,0.05104
1614.09594,0.05113
1612.16751,0.05029
1610.23908,0.04931
1608.31065,0.04878
1606.38222,0.04852
1604.45379,0.04830
1602.52536,0.04838
1600.59693,0.04869
1598.66850,0.04873
1596.74007,0.04852
1594.81164,0.04849
1592.88321,0.04869
1590.95478,0.04885
1589.02635,0.04879
1587.09792,0.04846
1585.16949,0.04821
1583.24106,0.04855
1581.31263,0.04929
1579.38420,0.04966
1577.45577,0.04991
1575.52734,0.05041
1573.59891,0.04990
1571.67048,0.04883
1569.74205,0.04914
1567.81362,0.05020
1565.88519,0.05025
1563.95676,0.04973
1562.02833,0.04952
1560.09990,0.05060
1558.17147,0.05265
1556.24304,0.05292
1554.31461,0.05266
1552.38618,0.05316
1550.45775,0.05400
1548.52932,0.05438
1546.60089,0.05389
1544.67246,0.05327
1542.74403,0.05331
1540.81560,0.05430
1538.88717,0.05574
1536.95874,0.05526
1535.03031,0.05376
1533.10188,0.05321
1531.17345,0.05328
1529.24502,0.05310
1527.31659,0.05338
1525.38816,0.05406
1523.45973,0.05409
1521.53130,0.05393
1519.60287,0.05386
1517.67444,0.05361
1515.74601,0.05333
1513.81758,0.05261
1511.88915,0.05115
1509.96072,0.04916
1508.03229,0.04768
1506.10385,0.04784
1504.17542,0.04781
1502.24699,0.04676
1500.31856,0.04545
1498.39013,0.04460
1496.46170,0.04444
1494.53327,0.04410
1492.60484,0.04291
1490.67641,0.04196
1488.74798,0.04230
1486.81955,0.04274
1484.89112,0.04239
1482.96269,0.04204
1481.03426,0.04221
1479.10583,0.04241
1477.17740,0.04235
1475.24897,0.04243
1473.32054,0.04301
1471.39211,0.04387
1469.46368,0.04396
1467.53525,0.04326
1465.60682,0.04295
1463.67839,0.04337
1461.74996,0.04333
1459.82153,0.04290
1457.89310,0.04386
1455.96467,0.04582
1454.03624,0.04611
1452.10781,0.04533
1450.17938,0.04474
1448.25095,0.04467
1446.32252,0.04483
1444.39409,0.04479
1442.46566,0.04467
1440.53723,0.04451
1438.60880,0.04442
1436.68037,0.04465
1434.75194,0.04462
1432.82351,0.04397
1430.89508,0.04367
1428.96665,0.04388
1427.03822,0.04379
1425.10979,0.04363
1423.18136,0.04386
1421.25293,0.04400
1419.32450,0.04407
1417.39607,0.04417
1415.46764,0.04399
1413.53921,0.04393
1411.61078,0.04428
1409.68235,0.04451
1407.75392,0.04419
1405.82549,0.04377
1403.89706,0.04364
1401.96863,0.04349
1400.04020,0.04354
1398.11177,0.04410
1396.18334,0.04466
1394.25491,0.04503
1392.32648,0.04511
1390.39805,0.04469
1388.46962,0.04433
1386.54119,0.04448
1384.61276,0.04464
1382.68433,0.04453
1380.75590,0.04432
1378.82747,0.04403
1376.89904,0.04377
1374.97061,0.04384
1373.04218,0.04404
1371.11375,0.04398
1369.18532,0.04400
1367.25689,0.04409
1365.32846,0.04375
1363.40003,0.04325
1361.47160,0.04302
1359.54317,0.04278
1357.61474,0.04247
1355.68631,0.04228
1353.75788,0.04219
1351.82945,0.04197
1349.90102,0.04168
1347.97259,0.04153
1346.04416,0.04152
1344.11573,0.04147
1342.18730,0.04127
1340.25887,0.04107
1338.33044,0.04101
1336.40201,0.04089
1334.47358,0.04053
1332.54515,0.04010
1330.61672,0.03981
1328.68829,0.03970
1326.75986,0.03969
1324.83143,0.03958
1322.90300,0.03926
1320.97457,0.03895
1319.04614,0.03885
1317.11771,0.03880
1315.18928,0.03873
1313.26085,0.03884
1311.33242,0.03917
1309.40399,0.03952
1307.47556,0.03972
1305.54713,0.03961
1303.61870,0.03937
1301.69027,0.03921
1299.76184,0.03911
1297.83341,0.03887
1295.90498,0.03839
1293.97655,0.03802
1292.04812,0.03821
1290.11969,0.03882
1288.19126,0.03929
1286.26283,0.03946
1284.33440,0.03952
1282.40597,0.03965
1280.47754,0.03971
1278.54911,0.03964
1276.62068,0.03961
1274.69225,0.03967
1272.76382,0.03982
1270.83539,0.04017
1268.90696,0.04067
1266.97853,0.04114
1265.05010,0.04172
1263.12167,0.04263
1261.19324,0.04374
1259.26481,0.04490
1257.33638,0.04598
1255.40795,0.04697
1253.47952,0.04815
1251.55109,0.04962
1249.62266,0.05112
1247.69423,0.05255
1245.76580,0.05399
1243.83737,0.05568
1241.90894,0.05764
1239.98051,0.05942
1238.05208,0.06072
1236.12365,0.06189
1234.19522,0.06367
1232.26679,0.06644
1230.33836,0.06946
1228.40993,0.07170
1226.48150,0.07314
1224.55307,0.07435
1222.62464,0.07553
1220.69621,0.07670
1218.76778,0.07807
1216.83935,0.07975
1214.91092,0.08146
1212.98249,0.08281
1211.05406,0.08405
1209.12563,0.08551
1207.19720,0.08674
1205.26877,0.08744
1203.34034,0.08814
1201.41191,0.08924
1199.48348,0.09014
1197.55505,0.09147
1195.62662,0.09277
1193.69819,0.09386
1191.76976,0.09487
1189.84133,0.09577
1187.91290,0.09647
1185.98447,0.09702
1184.05604,0.09794
1182.12761,0.09936
1180.19918,0.10082
1178.27075,0.10191
1176.34232,0.10272
1174.41389,0.10373
1172.48546,0.10523
1170.55703,0.10704
1168.62860,0.10880
1166.70017,0.11007
1164.77174,0.11084
1162.84331,0.11166
1160.91488,0.11303
1158.98645,0.11492
1157.05802,0.11694
1155.12959,0.11879
1153.20116,0.12040
1151.27273,0.12198
1149.34430,0.12365
1147.41587,0.12517
1145.48744,0.12691
1143.55901,0.12929
1141.63058,0.13189
1139.70215,0.13407
1137.77372,0.13564
1135.84529,0.13711
1133.91686,0.13936
1131.98843,0.14251
1130.06000,0.14552
1128.13157,0.14751
1126.20314,0.14943
1124.27471,0.15261
1122.34628,0.15659
1120.41785,0.16048
1118.48942,0.16414
1116.56099,0.16817
1114.63256,0.17329
1112.70413,0.17845
1110.77570,0.18218
1108.84727,0.18569
1106.91884,0.19047
1104.99041,0.19565
1103.06198,0.20005
1101.13355,0.20395
1099.20512,0.20790
1097.27669,0.21207
1095.34826,0.21652
1093.41983,0.22033
1091.49140,0.22325
1089.56297,0.22669
1087.63454,0.23069
1085.70611,0.23387
1083.77768,0.23576
1081.84925,0.23680
1079.92082,0.23750
1077.99239,0.23826
1076.06396,0.23955
1074.13553,0.24109
1072.20710,0.24185
1070.27867,0.24193
1068.35024,0.24242
1066.42181,0.24305
1064.49338,0.24244
1062.56495,0.24046
1060.63652,0.23813
1058.70809,0.23591
1056.77966,0.23376
1054.85123,0.23166
1052.92280,0.22854
1050.99437,0.22325
1049.06594,0.21680
1047.13751,0.21041
1045.20908,0.20410
1043.28065,0.19755
1041.35222,0.19062
1039.42379,0.18399
1037.49536,0.17756
1035.56693,0.17014
1033.63850,0.16201
1031.71007,0.15395
1029.78164,0.14595
1027.85321,0.13819
1025.92478,0.13086
1023.99635,0.12398
1022.06792,0.11762
1020.13949,0.11127
1018.21106,0.10512
1016.28263,0.10031
1014.35420,0.09613
1012.42577,0.09119
1010.49734,0.08616
1008.56891,0.08208
1006.64048,0.07893
1004.71205,0.07650
1002.78362,0.07419
1000.85519,0.07164
998.92676,0.06939
996.99833,0.06775
995.06990,0.06656
993.14147,0.06628
991.21304,0.06695
989.28461,0.06752
987.35618,0.06736
985.42775,0.06679
983.49932,0.06663
981.57089,0.06709
979.64246,0.06754
977.71403,0.06780
975.78560,0.06807
973.85717,0.06808
971.92874,0.06740
970.00031,0.06598
968.07188,0.06429
966.14345,0.06281
964.21502,0.06144
962.28659,0.06001
960.35816,0.05893
958.42973,0.05839
956.50130,0.05758
954.57287,0.05597
952.64444,0.05415
950.71601,0.05272
948.78758,0.05138
946.85915,0.04977
944.93072,0.04822
943.00229,0.04675
941.07386,0.04501
939.14543,0.04354
937.21700,0.04276
935.28857,0.04229
933.36014,0.04173
931.43171,0.04088
929.50328,0.04004
927.57485,0.03960
925.64642,0.03899
923.71799,0.03780
921.78956,0.03650
919.86113,0.03570
917.93270,0.03543
916.00427,0.03535
914.07584,0.03509
912.14741,0.03433
910.21898,0.03293
908.29055,0.03136
906.36212,0.03036
904.43368,0.02986
902.50525,0.02936
900.57682,0.02888
898.64839,0.02833
896.71996,0.02715
894.79153,0.02522
892.86310,0.02300
890.93467,0.02090
889.00624,0.01931
887.07781,0.01828
885.14938,0.01733
883.22095,0.01621
881.29252,0.01512
879.36409,0.01452
877.43566,0.01485
875.50723,0.01540
873.57880,0.01530
871.65037,0.01454
869.72194,0.01315
867.79351,0.01157
865.86508,0.01065
863.93665,0.01046
862.00822,0.01041
860.07979,0.01038
858.15136,0.01104
856.22293,0.01236
854.29450,0.01351
852.36607,0.01393
850.43764,0.01360
848.50921,0.01327
846.58078,0.01334
844.65235,0.01393
842.72392,0.01521
840.79549,0.01643
838.86706,0.01702
836.93863,0.01741
835.01020,0.01828
833.08177,0.01999
831.15334,0.02207
829.22491,0.02331
827.29648,0.02339
825.36805,0.02394
823.43962,0.02579
821.51119,0.02731
819.58276,0.02775
817.65433,0.02814
815.72590,0.02885
813.79747,0.02921
811.86904,0.02948
809.94061,0.03001
808.01218,0.02997
806.08375,0.02951
804.15532,0.02962
802.22689,0.02996
800.29846,0.02982
798.37003,0.02969
796.44160,0.03038
794.51317,0.03101
792.58474,0.03024
790.65631,0.02864
788.72788,0.02743
786.79945,0.02675
784.87102,0.02543
782.94259,0.02238
781.01416,0.01886
779.08573,0.01684
777.15730,0.01615
775.22887,0.01581
773.30044,0.01529
771.37201,0.01405
769.44358,0.01225
767.51515,0.01080
765.58672,0.01014
763.65829,0.01055
761.72986,0.01201
759.80143,0.01371
757.87300,0.01525
755.94457,0.01628
754.01614,0.01631
752.08771,0.01559
750.15928,0.01487
748.23085,0.01449
746.30242,0.01487
744.37399,0.01638
742.44556,0.01769
740.51713,0.01721
738.58870,0.01565
736.66027,0.01428
734.73184,0.01326
732.80341,0.01332
730.87498,0.01500
728.94655,0.01649
727.01812,0.01639
725.08969,0.01601
723.16126,0.01641
721.23283,0.01545
719.30440,0.01305
717.37597,0.01095
715.44754,0.01029
713.51911,0.01003
711.59068,0.00986
709.66225,0.00998
707.73382,0.01059
705.80539,0.01153
703.87696,0.01225
701.94853,0.01269
700.02010,0.01331
698.09167,0.01394
696.16324,0.01393
694.23481,0.01338
692.30638,0.01297
690.37795,0.01303
688.44952,0.01359
686.52109,0.01452
684.59266,0.01518
682.66423,0.01435
680.73580,0.01239
678.80737,0.01226
676.87894,0.01464
674.95051,0.01649
673.02208,0.01717
671.09365,0.02091
669.16522,0.02815
667.23679,0.03013
665.30836,0.02601
663.37993,0.02273
661.45150,0.02115
659.52307,0.01969
657.59464,0.01895
655.66621,0.01928
653.73778,0.01832
651.80935,0.01518
649.88092,0.01242
647.95249,0.01110
646.02406,0.01050
644.09563,0.01000
642.16720,0.01133
640.23877,0.01288
638.31034,0.01341
636.38191,0.01312
634.45348,0.01175
632.52505,0.00931
630.59662,0.00657
628.66819,0.00348
626.73976,0.00040
624.81133,0.00000
622.88290,0.00229
620.95447,0.00673
619.02604,0.01153
617.09761,0.01248
615.16918,0.01008
613.24075,0.00794
611.31232,0.00704
609.38389,0.00622
607.45546,0.00515
605.52703,0.00284
603.59860,0.00000
601.67017,-0.00242
599.74174,0.00000
