4001.49232,0.00331
3999.56389,0.00309
3997.63546,0.00316
3995.70703,0.00293
3993.77860,0.00305
3991.85017,0.00391
3989.92174,0.00485
3987.99331,0.00539
3986.06488,0.00537
3984.13645,0.00476
3982.20802,0.00401
3980.27959,0.00366
3978.35116,0.00365
3976.42273,0.00380
3974.49430,0.00385
3972.56587,0.00359
3970.63744,0.00320
3968.70901,0.00287
3966.78058,0.00271
3964.85215,0.00312
3962.92372,0.00396
3960.99529,0.00416
3959.06686,0.00312
3957.13843,0.00133
3955.21000,0.00000
3953.28157,0.00023
3951.35314,0.00192
3949.42471,0.00382
3947.49628,0.00477
3945.56785,0.00458
3943.63942,0.00373
3941.71099,0.00304
3939.78256,0.00321
3937.85413,0.00401
3935.92570,0.00468
3933.99727,0.00455
3932.06884,0.00335
3930.14041,0.00212
3928.21198,0.00226
3926.28355,0.00313
3924.35512,0.00330
3922.42669,0.00291
3920.49826,0.00287
3918.56982,0.00323
3916.64139,0.00362
3914.71296,0.00376
3912.78453,0.00352
3910.85610,0.00334
3908.92767,0.00420
3906.99924,0.00617
3905.07081,0.00774
3903.14238,0.00737
3901.21395,0.00566
3899.28552,0.00447
3897.35709,0.00457
3895.42866,0.00588
3893.50023,0.00741
3891.57180,0.00775
3889.64337,0.00704
3887.71494,0.00617
3885.78651,0.00421
3883.85808,0.00142
3881.92965,0.00000
3880.00122,0.00055
3878.07279,0.00261
3876.14436,0.00443
3874.21593,0.00432
3872.28750,0.00297
3870.35907,0.00215
3868.43064,0.00294
3866.50221,0.00450
3864.57378,0.00417
3862.64535,0.00239
3860.71692,0.00251
3858.78849,0.00503
3856.86006,0.00826
3854.93163,0.00926
3853.00320,0.00548
3851.07477,0.00142
3849.14634,0.00196
3847.21791,0.00453
3845.28948,0.00589
3843.36105,0.00529
3841.43262,0.00380
3839.50419,0.00234
3837.57576,0.00109
3835.64733,0.00064
3833.71890,0.00081
3831.79047,0.00120
3829.86204,0.00240
3827.93361,0.00389
3826.00518,0.00455
3824.07675,0.00479
3822.14832,0.00457
3820.21989,0.00339
3818.29146,0.00269
3816.36303,0.00208
3814.43460,0.00108
3812.50617,0.00151
3810.57774,0.00306
3808.64931,0.00404
3806.72088,0.00463
3804.79245,0.00613
3802.86402,0.00694
3800.93559,0.00469
3799.00716,0.00202
3797.07873,0.00126
3795.15030,0.00149
3793.22187,0.00220
3791.29344,0.00277
3789.36501,0.00268
3787.43658,0.00253
3785.50815,0.00244
3783.57972,0.00205
3781.65129,0.00147
3779.72286,0.00061
3777.79443,0.00000
3775.86600,0.00064
3773.93757,0.00191
3772.00914,0.00252
3770.08071,0.00212
3768.15228,0.00145
3766.22385,0.00125
3764.29542,0.00180
3762.36699,0.00283
3760.43856,0.00291
3758.51013,0.00166
3756.58170,0.00113
3754.65327,0.00233
3752.72484,0.00382
3750.79641,0.00451
3748.86798,0.00498
3746.93955,0.00511
3745.01112,0.00432
3743.08269,0.00378
3741.15426,0.00527
3739.22583,0.00807
3737.29740,0.00941
3735.36897,0.00692
3733.44054,0.00268
3731.51211,0.00131
3729.58368,0.00277
3727.65525,0.00435
3725.72682,0.00484
3723.79839,0.00469
3721.86996,0.00345
3719.94153,0.00124
3718.01310,0.00004
3716.08467,0.00068
3714.15624,0.00223
3712.22781,0.00301
3710.29938,0.00189
3708.37095,0.00044
3706.44252,0.00082
3704.51409,0.00207
3702.58566,0.00210
3700.65723,0.00080
3698.72880,0.00000
3696.80037,0.00046
3694.87194,0.00218
3692.94351,0.00437
3691.01508,0.00476
3689.08665,0.00228
3687.15822,0.00023
3685.22979,0.00089
3683.30136,0.00256
3681.37293,0.00397
3679.44450,0.00547
3677.51607,0.00670
3675.58764,0.00574
3673.65921,0.00308
3671.73078,0.00155
3669.80235,0.00056
3667.87392,0.00000
3665.94549,0.00086
3664.01706,0.00231
3662.08863,0.00312
3660.16020,0.00324
3658.23177,0.00271
3656.30334,0.00169
3654.37491,0.00191
3652.44648,0.00353
3650.51805,0.00350
3648.58962,0.00126
3646.66119,0.00084
3644.73276,0.00257
3642.80433,0.00360
3640.87590,0.00320
3638.94747,0.00263
3637.01904,0.00256
3635.09061,0.00263
3633.16218,0.00325
3631.23375,0.00468
3629.30532,0.00477
3627.37689,0.00232
3625.44846,0.00089
3623.52003,0.00171
3621.59160,0.00281
3619.66317,0.00260
3617.73474,0.00164
3615.80631,0.00163
3613.87788,0.00261
3611.94945,0.00376
3610.02102,0.00435
3608.09259,0.00353
3606.16416,0.00229
3604.23573,0.00290
3602.30730,0.00499
3600.37887,0.00630
3598.45044,0.00616
3596.52201,0.00549
3594.59358,0.00466
3592.66515,0.00439
3590.73672,0.00561
3588.80829,0.00729
3586.87986,0.00790
3584.95143,0.00771
3583.02300,0.00734
3581.09457,0.00663
3579.16614,0.00587
3577.23771,0.00552
3575.30928,0.00520
3573.38085,0.00525
3571.45242,0.00636
3569.52399,0.00715
3567.59556,0.00597
3565.66713,0.00467
3563.73870,0.00559
3561.81027,0.00727
3559.88184,0.00807
3557.95341,0.00798
3556.02498,0.00744
3554.09655,0.00669
3552.16812,0.00605
3550.23969,0.00627
3548.31126,0.00764
3546.38283,0.00892
3544.45440,0.00859
3542.52597,0.00738
3540.59754,0.00734
3538.66911,0.00858
3536.74068,0.00963
3534.81225,0.00973
3532.88382,0.00950
3530.95539,0.00933
3529.02696,0.00911
3527.09853,0.00924
3525.17010,0.00999
3523.24167,0.01028
3521.31324,0.00948
3519.38481,0.00878
3517.45638,0.00899
3515.52795,0.00959
3513.59952,0.01009
3511.67109,0.01045
3509.74266,0.01064
3507.81423,0.01079
3505.88580,0.01090
3503.95737,0.01057
3502.02894,0.00978
3500.10051,0.00948
3498.17208,0.01018
3496.24365,0.01094
3494.31522,0.01117
3492.38679,0.01163
3490.45836,0.01258
3488.52993,0.01332
3486.60150,0.01368
3484.67307,0.01389
3482.74464,0.01386
3480.81621,0.01394
3478.88778,0.01451
3476.95935,0.01498
3475.03092,0.01472
3473.10249,0.01384
3471.17406,0.01295
3469.24563,0.01291
3467.31720,0.01396
3465.38877,0.01519
3463.46034,0.01564
3461.53191,0.01512
3459.60348,0.01408
3457.67505,0.01346
3455.74662,0.01412
3453.81819,0.01566
3451.88976,0.01682
3449.96133,0.01690
3448.03290,0.01611
3446.10447,0.01544
3444.17604,0.01569
3442.24761,0.01657
3440.31918,0.01727
3438.39075,0.01739
3436.46232,0.01681
3434.53389,0.01576
3432.60546,0.01545
3430.67703,0.01632
3428.74860,0.01714
3426.82017,0.01730
3424.89174,0.01727
3422.96331,0.01740
3421.03488,0.01742
3419.10645,0.01723
3417.17802,0.01750
3415.24959,0.01835
3413.32116,0.01893
3411.39273,0.01880
3409.46430,0.01881
3407.53587,0.01918
3405.60744,0.01934
3403.67901,0.02028
3401.75058,0.02228
3399.82215,0.02370
3397.89372,0.02391
3395.96529,0.02388
3394.03686,0.02330
3392.10843,0.02178
3390.18000,0.02040
3388.25157,0.02020
3386.32314,0.02097
3384.39471,0.02176
3382.46628,0.02214
3380.53785,0.02241
3378.60942,0.02256
3376.68099,0.02242
3374.75256,0.02210
3372.82413,0.02222
3370.89570,0.02285
3368.96727,0.02306
3367.03884,0.02294
3365.11041,0.02357
3363.18198,0.02476
3361.25355,0.02552
3359.32512,0.02602
3357.39669,0.02689
3355.46826,0.02759
3353.53983,0.02740
3351.61140,0.02713
3349.68297,0.02771
3347.75454,0.02863
3345.82611,0.02896
3343.89768,0.02864
3341.96925,0.02848
3340.04082,0.02896
3338.11239,0.02943
3336.18396,0.02947
3334.25553,0.02965
3332.32710,0.03034
3330.39867,0.03105
3328.47024,0.03135
3326.54181,0.03133
3324.61338,0.03107
3322.68495,0.03103
3320.75652,0.03172
3318.82809,0.03273
3316.89966,0.03346
3314.97122,0.03423
3313.04279,0.03545
3311.11436,0.03657
3309.18593,0.03686
3307.25750,0.03660
3305.32907,0.03642
3303.40064,0.03629
3301.47221,0.03636
3299.54378,0.03706
3297.61535,0.03810
3295.68692,0.03901
3293.75849,0.03977
3291.83006,0.04003
3289.90163,0.03979
3287.97320,0.03987
3286.04477,0.04017
3284.11634,0.03971
3282.18791,0.03862
3280.25948,0.03824
3278.33105,0.03897
3276.40262,0.03964
3274.47419,0.03943
3272.54576,0.03884
3270.61733,0.03825
3268.68890,0.03705
3266.76047,0.03526
3264.83204,0.03412
3262.90361,0.03423
3260.97518,0.03489
3259.04675,0.03508
3257.11832,0.03459
3255.18989,0.03393
3253.26146,0.03336
3251.33303,0.03278
3249.40460,0.03221
3247.47617,0.03161
3245.54774,0.03078
3243.61931,0.03006
3241.69088,0.02956
3239.76245,0.02872
3237.83402,0.02771
3235.90559,0.02704
3233.97716,0.02620
3232.04873,0.02503
3230.12030,0.02475
3228.19187,0.02586
3226.26344,0.02690
3224.33501,0.02656
3222.40658,0.02537
3220.47815,0.02426
3218.54972,0.02344
3216.62129,0.02294
3214.69286,0.02305
3212.76443,0.02390
3210.83600,0.02438
3208.90757,0.02364
3206.97914,0.02269
3205.05071,0.02203
3203.12228,0.02121
3201.19385,0.02067
3199.26542,0.02060
3197.33699,0.02029
3195.40856,0.01964
3193.48013,0.01902
3191.55170,0.01825
3189.62327,0.01750
3187.69484,0.01740
3185.76641,0.01814
3183.83798,0.01920
3181.90955,0.01940
3179.98112,0.01825
3178.05269,0.01657
3176.12426,0.01552
3174.19583,0.01540
3172.26740,0.01536
3170.33897,0.01503
3168.41054,0.01466
3166.48211,0.01412
3164.55368,0.01361
3162.62525,0.01364
3160.69682,0.01372
3158.76839,0.01335
3156.83996,0.01297
3154.91153,0.01279
3152.98310,0.01264
3151.05467,0.01257
3149.12624,0.01250
3147.19781,0.01201
3145.26938,0.01098
3143.34095,0.00992
3141.41252,0.00943
3139.48409,0.00955
3137.55566,0.00978
3135.62723,0.00979
3133.69880,0.00956
3131.77037,0.00906
3129.84194,0.00844
3127.91351,0.00794
3125.98508,0.00761
3124.05665,0.00733
3122.12822,0.00704
3120.19979,0.00671
3118.27136,0.00637
3116.34293,0.00619
3114.41450,0.00605
3112.48607,0.00589
3110.55764,0.00615
3108.62921,0.00670
3106.70078,0.00693
3104.77235,0.00704
3102.84392,0.00739
3100.91549,0.00765
3098.98706,0.00774
3097.05863,0.00758
3095.13020,0.00695
3093.20177,0.00620
3091.27334,0.00568
3089.34491,0.00551
3087.41648,0.00588
3085.48805,0.00652
3083.55962,0.00680
3081.63119,0.00671
3079.70276,0.00684
3077.77433,0.00716
3075.84590,0.00703
3073.91747,0.00658
3071.98904,0.00622
3070.06061,0.00611
3068.13218,0.00638
3066.20375,0.00643
3064.27532,0.00568
3062.34689,0.00512
3060.41846,0.00571
3058.49003,0.00681
3056.56160,0.00731
3054.63317,0.00715
3052.70474,0.00682
3050.77631,0.00643
3048.84788,0.00621
3046.91945,0.00602
3044.99102,0.00555
3043.06259,0.00526
3041.13416,0.00557
3039.20573,0.00570
3037.27730,0.00492
3035.34887,0.00410
3033.42044,0.00404
3031.49201,0.00427
3029.56358,0.00419
3027.63515,0.00378
3025.70672,0.00353
3023.77829,0.00372
3021.84986,0.00405
3019.92143,0.00407
3017.99300,0.00364
3016.06457,0.00317
3014.13614,0.00313
3012.20771,0.00331
3010.27928,0.00341
3008.35085,0.00335
3006.42242,0.00301
3004.49399,0.00262
3002.56556,0.00257
3000.63713,0.00293
2998.70870,0.00342
2996.78027,0.00374
2994.85184,0.00375
2992.92341,0.00361
2990.99498,0.00374
2989.06655,0.00424
2987.13812,0.00478
2985.20969,0.00550
2983.28126,0.00626
2981.35283,0.00635
2979.42440,0.00610
2977.49597,0.00670
2975.56754,0.00809
2973.63911,0.00910
2971.71068,0.00942
2969.78225,0.00942
2967.85382,0.00933
2965.92539,0.00980
2963.99696,0.01077
2962.06853,0.01130
2960.14010,0.01139
2958.21167,0.01146
2956.28324,0.01124
2954.35481,0.01066
2952.42638,0.01038
2950.49795,0.01052
2948.56952,0.01037
2946.64109,0.00973
2944.71266,0.00938
2942.78423,0.00970
2940.85580,0.01032
2938.92737,0.01119
2936.99894,0.01235
2935.07051,0.01297
2933.14208,0.01241
2931.21365,0.01160
2929.28522,0.01196
2927.35679,0.01329
2925.42836,0.01403
2923.49993,0.01399
2921.57150,0.01395
2919.64307,0.01345
2917.71464,0.01219
2915.78621,0.01090
2913.85778,0.00975
2911.92935,0.00875
2910.00092,0.00846
2908.07249,0.00854
2906.14406,0.00811
2904.21563,0.00733
2902.28720,0.00648
2900.35877,0.00558
2898.43034,0.00525
2896.50191,0.00556
2894.57348,0.00561
2892.64505,0.00504
2890.71662,0.00466
2888.78819,0.00525
2886.85976,0.00640
2884.93133,0.00704
2883.00290,0.00704
2881.07447,0.00724
2879.14604,0.00770
2877.21761,0.00766
2875.28918,0.00715
2873.36075,0.00655
2871.43232,0.00590
2869.50389,0.00547
2867.57546,0.00556
2865.64703,0.00587
2863.71860,0.00586
2861.79017,0.00551
2859.86174,0.00497
2857.93331,0.00426
2856.00488,0.00357
2854.07645,0.00334
2852.14802,0.00364
2850.21959,0.00391
2848.29116,0.00379
2846.36273,0.00329
2844.43430,0.00256
2842.50587,0.00188
2840.57744,0.00157
2838.64901,0.00173
2836.72058,0.00196
2834.79215,0.00197
2832.86372,0.00188
2830.93529,0.00181
2829.00686,0.00201
2827.07843,0.00232
2825.15000,0.00213
2823.22157,0.00155
2821.29314,0.00129
2819.36471,0.00140
2817.43628,0.00162
2815.50785,0.00179
2813.57942,0.00174
2811.65099,0.00159
2809.72256,0.00160
2807.79413,0.00166
2805.86570,0.00152
2803.93727,0.00138
2802.00884,0.00170
2800.08041,0.00226
2798.15198,0.00223
2796.22355,0.00142
2794.29512,0.00047
2792.36669,0.00005
2790.43826,0.00035
2788.50983,0.00097
2786.58140,0.00118
2784.65297,0.00087
2782.72454,0.00063
2780.79611,0.00061
2778.86768,0.00042
2776.93925,0.00000
2775.01082,0.00002
2773.08239,0.00072
2771.15396,0.00121
2769.22553,0.00100
2767.29710,0.00079
2765.36867,0.00105
2763.44024,0.00123
2761.51181,0.00103
2759.58338,0.00076
2757.65495,0.00049
2755.72652,0.00026
2753.79809,0.00033
2751.86966,0.00043
2749.94123,0.00043
2748.01280,0.00084
2746.08437,0.00133
2744.15594,0.00118
2742.22751,0.00085
2740.29908,0.00104
2738.37065,0.00127
2736.44222,0.00100
2734.51379,0.00058
2732.58536,0.00032
2730.65693,0.00012
2728.72850,0.00008
2726.80007,0.00041
2724.87164,0.00074
2722.94321,0.00066
2721.01478,0.00028
2719.08635,0.00000
2717.15792,0.00006
2715.22949,0.00036
2713.30105,0.00071
2711.37262,0.00124
2709.44419,0.00198
2707.51576,0.00238
2705.58733,0.00189
2703.65890,0.00078
2701.73047,0.00011
2699.80204,0.00053
2697.87361,0.00129
2695.94518,0.00141
2694.01675,0.00118
2692.08832,0.00125
2690.15989,0.00149
2688.23146,0.00156
2686.30303,0.00164
2684.37460,0.00165
2682.44617,0.00131
2680.51774,0.00093
2678.58931,0.00096
2676.66088,0.00183
2674.73245,0.00313
2672.80402,0.00356
2670.87559,0.00284
2668.94716,0.00182
2667.01873,0.00130
2665.09030,0.00143
2663.16187,0.00170
2661.23344,0.00158
2659.30501,0.00115
2657.37658,0.00091
2655.44815,0.00110
2653.51972,0.00130
2651.59129,0.00127
2649.66286,0.00145
2647.73443,0.00166
2645.80600,0.00128
2643.87757,0.00082
2641.94914,0.00082
2640.02071,0.00101
2638.09228,0.00139
2636.16385,0.00188
2634.23542,0.00185
2632.30699,0.00114
2630.37856,0.00045
2628.45013,0.00008
2626.52170,0.00000
2624.59327,0.00027
2622.66484,0.00085
2620.73641,0.00140
2618.80798,0.00158
2616.87955,0.00148
2614.95112,0.00164
2613.02269,0.00227
2611.09426,0.00269
2609.16583,0.00239
2607.23740,0.00202
2605.30897,0.00192
2603.38054,0.00167
2601.45211,0.00141
2599.52368,0.00148
2597.59525,0.00175
2595.66682,0.00209
2593.73839,0.00226
2591.80996,0.00198
2589.88153,0.00138
2587.95310,0.00074
2586.02467,0.00044
2584.09624,0.00072
2582.16781,0.00134
2580.23938,0.00182
2578.31095,0.00166
2576.38252,0.00098
2574.45409,0.00064
2572.52566,0.00096
2570.59723,0.00121
2568.66880,0.00088
2566.74037,0.00051
2564.81194,0.00058
2562.88351,0.00076
2560.95508,0.00081
2559.02665,0.00076
2557.09822,0.00076
2555.16979,0.00106
2553.24136,0.00141
2551.31293,0.00149
2549.38450,0.00134
2547.45607,0.00102
2545.52764,0.00093
2543.59921,0.00132
2541.67078,0.00188
2539.74235,0.00223
2537.81392,0.00195
2535.88549,0.00114
2533.95706,0.00060
2532.02863,0.00069
2530.10020,0.00105
2528.17177,0.00127
2526.24334,0.00110
2524.31491,0.00044
2522.38648,0.00000
2520.45805,0.00058
2518.52962,0.00152
2516.60119,0.00167
2514.67276,0.00125
2512.74433,0.00108
2510.81590,0.00111
2508.88747,0.00106
2506.95904,0.00102
2505.03061,0.00110
2503.10218,0.00124
2501.17375,0.00127
2499.24532,0.00123
2497.31689,0.00138
2495.38846,0.00169
2493.46003,0.00170
2491.53160,0.00136
2489.60317,0.00119
2487.67474,0.00128
2485.74631,0.00120
2483.81788,0.00083
2481.88945,0.00036
2479.96102,0.00012
2478.03259,0.00034
2476.10416,0.00068
2474.17573,0.00068
2472.24730,0.00071
2470.31887,0.00090
2468.39044,0.00084
2466.46201,0.00077
2464.53358,0.00077
2462.60515,0.00051
2460.67672,0.00037
2458.74829,0.00050
2456.81986,0.00037
2454.89143,0.00026
2452.96300,0.00061
2451.03457,0.00096
2449.10614,0.00084
2447.17771,0.00041
2445.24928,0.00010
2443.32085,0.00015
2441.39242,0.00026
2439.46399,0.00009
2437.53556,0.00000
2435.60713,0.00025
2433.67870,0.00036
2431.75027,0.00034
2429.82184,0.00033
2427.89341,0.00032
2425.96498,0.00031
2424.03655,0.00030
2422.10812,0.00030
2420.17969,0.00029
2418.25126,0.00028
2416.32283,0.00027
2414.39440,0.00027
2412.46597,0.00026
2410.53754,0.00025
2408.60911,0.00025
2406.68068,0.00024
2404.75225,0.00024
2402.82382,0.00024
2400.89539,0.00023
2398.96696,0.00023
2397.03853,0.00023
2395.11010,0.00023
2393.18167,0.00023
2391.25324,0.00023
2389.32481,0.00023
2387.39638,0.00023
2385.46795,0.00023
2383.53952,0.00023
2381.61109,0.00023
2379.68266,0.00023
2377.75423,0.00023
2375.82580,0.00024
2373.89737,0.00024
2371.96894,0.00025
2370.04051,0.00025
2368.11208,0.00026
2366.18365,0.00026
2364.25522,0.00027
2362.32679,0.00028
2360.39836,0.00028
2358.46993,0.00029
2356.54150,0.00030
2354.61307,0.00031
2352.68464,0.00032
2350.75621,0.00033
2348.82778,0.00034
2346.89935,0.00035
2344.97092,0.00036
2343.04249,0.00037
2341.11406,0.00038
2339.18563,0.00040
2337.25720,0.00041
2335.32877,0.00042
2333.40034,0.00044
2331.47191,0.00045
2329.54348,0.00047
2327.61505,0.00048
2325.68662,0.00050
2323.75819,0.00052
2321.82976,0.00054
2319.90133,0.00055
2317.97290,0.00057
2316.04447,0.00059
2314.11604,0.00061
2312.18761,0.00063
2310.25918,0.00065
2308.33075,0.00067
2306.40232,0.00069
2304.47389,0.00071
2302.54546,0.00074
2300.61703,0.00076
2298.68860,0.00078
2296.76017,0.00081
2294.83174,0.00083
2292.90331,0.00086
2290.97488,0.00088
2289.04645,0.00091
2287.11802,0.00093
2285.18959,0.00096
2283.26116,0.00099
2281.33273,0.00102
2279.40430,0.00104
2277.47587,0.00107
2275.54744,0.00110
2273.61901,0.00113
2271.69058,0.00116
2269.76215,0.00119
2267.83372,0.00123
2265.90529,0.00126
2263.97686,0.00129
2262.04843,0.00086
2260.12000,0.00039
2258.19157,0.00005
2256.26314,0.00000
2254.33471,0.00026
2252.40628,0.00066
2250.47785,0.00102
2248.54942,0.00138
2246.62099,0.00123
2244.69256,0.00119
2242.76413,0.00129
2240.83570,0.00139
2238.90727,0.00126
2236.97884,0.00096
2235.05041,0.00088
2233.12198,0.00093
2231.19355,0.00085
2229.26512,0.00092
2227.33669,0.00116
2225.40826,0.00143
2223.47983,0.00166
2221.55140,0.00159
2219.62297,0.00127
2217.69454,0.00115
2215.76611,0.00120
2213.83768,0.00122
2211.90925,0.00151
2209.98082,0.00199
2208.05239,0.00216
2206.12396,0.00179
2204.19553,0.00104
2202.26710,0.00040
2200.33867,0.00037
2198.41024,0.00059
2196.48181,0.00066
2194.55338,0.00084
2192.62495,0.00100
2190.69652,0.00074
2188.76809,0.00033
2186.83966,0.00025
2184.91123,0.00044
2182.98280,0.00071
2181.05437,0.00095
2179.12594,0.00078
2177.19751,0.00019
2175.26908,0.00000
2173.34065,0.00032
2171.41222,0.00061
2169.48379,0.00082
2167.55536,0.00099
2165.62693,0.00087
2163.69850,0.00061
2161.77007,0.00074
2159.84164,0.00118
2157.91321,0.00136
2155.98478,0.00127
2154.05635,0.00124
2152.12792,0.00137
2150.19949,0.00149
2148.27106,0.00125
2146.34263,0.00077
2144.41420,0.00068
2142.48577,0.00112
2140.55734,0.00143
2138.62891,0.00125
2136.70048,0.00103
2134.77205,0.00112
2132.84362,0.00117
2130.91519,0.00101
2128.98676,0.00094
2127.05833,0.00101
2125.12990,0.00107
2123.20147,0.00108
2121.27304,0.00093
2119.34461,0.00075
2117.41618,0.00100
2115.48775,0.00143
2113.55932,0.00153
2111.63089,0.00152
2109.70245,0.00152
2107.77402,0.00108
2105.84559,0.00043
2103.91716,0.00042
2101.98873,0.00095
2100.06030,0.00120
2098.13187,0.00087
2096.20344,0.00050
2094.27501,0.00050
2092.34658,0.00062
2090.41815,0.00070
2088.48972,0.00070
2086.56129,0.00062
2084.63286,0.00077
2082.70443,0.00109
2080.77600,0.00105
2078.84757,0.00066
2076.91914,0.00026
2074.99071,0.00000
2073.06228,-0.00000
2071.13385,0.00049
2069.20542,0.00142
2067.27699,0.00219
2065.34856,0.00200
2063.42013,0.00112
2061.49170,0.00074
2059.56327,0.00093
2057.63484,0.00100
2055.70641,0.00094
2053.77798,0.00093
2051.84955,0.00069
2049.92112,0.00025
2047.99269,0.00026
2046.06426,0.00070
2044.13583,0.00091
2042.20740,0.00083
2040.27897,0.00081
2038.35054,0.00072
2036.42211,0.00053
2034.49368,0.00061
2032.56525,0.00079
2030.63682,0.00057
2028.70839,0.00016
2026.77996,0.00000
2024.85153,0.00003
2022.92310,0.00000
2020.99467,0.00008
2019.06624,0.00056
2017.13781,0.00121
2015.20938,0.00160
2013.28095,0.00157
2011.35252,0.00140
2009.42409,0.00153
2007.49566,0.00182
2005.56723,0.00179
2003.63880,0.00148
2001.71037,0.00126
1999.78194,0.00131
1997.85351,0.00153
1995.92508,0.00165
1993.99665,0.00161
1992.06822,0.00149
1990.13979,0.00133
1988.21136,0.00128
1986.28293,0.00147
1984.35450,0.00170
1982.42607,0.00178
1980.49764,0.00169
1978.56921,0.00138
1976.64078,0.00107
1974.71235,0.00094
1972.78392,0.00098
1970.85549,0.00115
1968.92706,0.00108
1966.99863,0.00057
1965.07020,0.00032
1963.14177,0.00056
1961.21334,0.00081
1959.28491,0.00093
1957.35648,0.00101
1955.42805,0.00092
1953.49962,0.00064
1951.57119,0.00061
1949.64276,0.00099
1947.71433,0.00151
1945.78590,0.00169
1943.85747,0.00107
1941.92904,0.00012
1940.00061,0.00000
1938.07218,0.00056
1936.14375,0.00076
1934.21532,0.00043
1932.28689,0.00021
1930.35846,0.00041
1928.43003,0.00080
1926.50160,0.00118
1924.57317,0.00134
1922.64474,0.00114
1920.71631,0.00092
1918.78788,0.00089
1916.85945,0.00088
1914.93102,0.00100
1913.00259,0.00133
1911.07416,0.00150
1909.14573,0.00133
1907.21730,0.00121
1905.28887,0.00138
1903.36044,0.00151
1901.43201,0.00141
1899.50358,0.00128
1897.57515,0.00119
1895.64672,0.00106
1893.71829,0.00115
1891.78986,0.00146
1889.86143,0.00140
1887.93300,0.00092
1886.00457,0.00061
1884.07614,0.00062
1882.14771,0.00077
1880.21928,0.00091
1878.29085,0.00080
1876.36242,0.00039
1874.43399,0.00007
1872.50556,0.00017
1870.57713,0.00036
1868.64870,0.00023
1866.72027,0.00015
1864.79184,0.00041
1862.86341,0.00072
1860.93498,0.00089
1859.00655,0.00095
1857.07812,0.00083
1855.14969,0.00054
1853.22126,0.00039
1851.29283,0.00078
1849.36440,0.00175
1847.43597,0.00283
1845.50754,0.00316
1843.57911,0.00237
1841.65068,0.00150
1839.72225,0.00136
1837.79382,0.00166
1835.86539,0.00204
1833.93696,0.00236
1832.00853,0.00238
1830.08010,0.00186
1828.15167,0.00143
1826.22324,0.00152
1824.29481,0.00156
1822.36638,0.00148
1820.43795,0.00174
1818.50952,0.00220
1816.58109,0.00241
1814.65266,0.00209
1812.72423,0.00132
1810.79580,0.00061
1808.86737,0.00064
1806.93894,0.00125
1805.01051,0.00200
1803.08208,0.00211
1801.15365,0.00127
1799.22522,0.00053
1797.29679,0.00094
1795.36836,0.00183
1793.43993,0.00180
1791.51150,0.00076
1789.58307,0.00031
1787.65464,0.00104
1785.72621,0.00188
1783.79778,0.00187
1781.86935,0.00127
1779.94092,0.00083
1778.01249,0.00087
1776.08406,0.00116
1774.15563,0.00110
1772.22720,0.00042
1770.29877,0.00000
1768.37034,0.00030
1766.44191,0.00089
1764.51348,0.00154
1762.58505,0.00190
1760.65662,0.00158
1758.72819,0.00097
1756.79976,0.00087
1754.87133,0.00165
1752.94290,0.00262
1751.01447,0.00256
1749.08604,0.00131
1747.15761,0.00051
1745.22918,0.00100
1743.30075,0.00177
1741.37232,0.00184
1739.44389,0.00163
1737.51546,0.00204
1735.58703,0.00239
1733.65860,0.00145
1731.73017,0.00021
1729.80174,0.00000
1727.87331,0.00062
1725.94488,0.00167
1724.01645,0.00258
1722.08802,0.00306
1720.15959,0.00336
1718.23116,0.00364
1716.30273,0.00381
1714.37430,0.00399
1712.44587,0.00452
1710.51744,0.00522
1708.58901,0.00607
1706.66058,0.00759
1704.73215,0.00985
1702.80372,0.01182
1700.87529,0.01351
1698.94686,0.01656
1697.01843,0.02144
1695.09000,0.02653
1693.16157,0.03066
1691.23314,0.03436
1689.30471,0.03837
1687.37628,0.04256
1685.44785,0.04687
1683.51942,0.05176
1681.59099,0.05642
1679.66256,0.06034
1677.73413,0.06392
1675.80570,0.06788
1673.87727,0.07229
1671.94884,0.07656
1670.02041,0.08157
1668.09198,0.08795
1666.16355,0.09418
1664.23512,0.10033
1662.30669,0.10726
1660.37826,0.11400
1658.44983,0.11927
1656.52140,0.12329
1654.59297,0.12747
1652.66454,0.13310
1650.73611,0.13792
1648.80768,0.13983
1646.87925,0.13974
1644.95082,0.13961
1643.02239,0.13985
1641.09396,0.13968
1639.16553,0.13855
1637.23710,0.13569
1635.30867,0.13077
1633.38024,0.12617
1631.45181,0.12292
1629.52338,0.11917
1627.59495,0.11387
1625.66652,0.10766
1623.73809,0.10071
1621.80966,0.09378
1619.88123,0.08831
1617.95280,0.08272
1616.02437,0.07585
1614.09594,0.07025
1612.16751,0.06638
1610.23908,0.06244
1608.31065,0.05816
1606.38222,0.05458
1604.45379,0.05212
1602.52536,0.05030
1600.59693,0.04861
1598.66850,0.04700
1596.74007,0.04554
1594.81164,0.04434
1592.88321,0.04353
1590.95478,0.04294
1589.02635,0.04242
1587.09792,0.04222
1585.16949,0.04256
1583.24106,0.04357
1581.31263,0.04503
1579.38420,0.04619
1577.45577,0.04667
1575.52734,0.04750
1573.59891,0.04945
1571.67048,0.05176
1569.74205,0.05413
1567.81362,0.05684
1565.88519,0.05971
1563.95676,0.06223
1562.02833,0.06396
1560.09990,0.06638
1558.17147,0.07216
1556.24304,0.07939
1554.31461,0.08504
1552.38618,0.08930
1550.45775,0.09335
1548.52932,0.09741
1546.60089,0.10032
1544.67246,0.10130
1542.74403,0.10088
1540.81560,0.10105
1538.88717,0.10349
1536.95874,0.10580
1535.03031,0.10595
1533.10188,0.10425
1531.17345,0.10242
1529.24502,0.10073
1527.31659,0.09829
1525.38816,0.09548
1523.45973,0.09307
1521.53130,0.09084
1519.60287,0.08900
1517.67444,0.08684
1515.74601,0.08359
1513.81758,0.08025
1511.88915,0.07719
1509.96072,0.07335
1508.03229,0.06710
1506.10385,0.05954
1504.17542,0.05548
1502.24699,0.05398
1500.31856,0.05162
1498.39013,0.04685
1496.46170,0.04094
1494.53327,0.03661
1492.60484,0.03364
1490.67641,0.02962
1488.74798,0.02442
1486.81955,0.02086
1484.89112,0.01964
1482.96269,0.01927
1481.03426,0.01889
1479.10583,0.01879
1477.17740,0.01929
1475.24897,0.01987
1473.32054,0.02014
1471.39211,0.02073
1469.46368,0.02195
1467.53525,0.02325
1465.60682,0.02410
1463.67839,0.02467
1461.74996,0.02549
1459.82153,0.02654
1457.89310,0.02713
1455.96467,0.02707
1454.03624,0.02728
1452.10781,0.02805
1450.17938,0.02842
1448.25095,0.02766
1446.32252,0.02630
1444.39409,0.02541
1442.46566,0.02509
1440.53723,0.02478
1438.60880,0.02393
1436.68037,0.02227
1434.75194,0.02066
1432.82351,0.01973
1430.89508,0.01873
1428.96665,0.01763
1427.03822,0.01744
1425.10979,0.01798
1423.18136,0.01827
1421.25293,0.01826
1419.32450,0.01845
1417.39607,0.01906
1415.46764,0.01988
1413.53921,0.02051
1411.61078,0.02105
1409.68235,0.02193
1407.75392,0.02308
1405.82549,0.02410
1403.89706,0.02487
1401.96863,0.02571
1400.04020,0.02692
1398.11177,0.02803
1396.18334,0.02792
1394.25491,0.02662
1392.32648,0.02568
1390.39805,0.02549
1388.46962,0.02483
1386.54119,0.02316
1384.61276,0.02149
1382.68433,0.02024
1380.75590,0.01891
1378.82747,0.01742
1376.89904,0.01599
1374.97061,0.01468
1373.04218,0.01355
1371.11375,0.01242
1369.18532,0.01107
1367.25689,0.00991
1365.32846,0.00916
1363.40003,0.00835
1361.47160,0.00755
1359.54317,0.00731
1357.61474,0.00739
1355.68631,0.00719
1353.75788,0.00676
1351.82945,0.00659
1349.90102,0.00669
1347.97259,0.00679
1346.04416,0.00696
1344.11573,0.00737
1342.18730,0.00762
1340.25887,0.00734
1338.33044,0.00701
1336.40201,0.00742
1334.47358,0.00846
1332.54515,0.00942
1330.61672,0.00985
1328.68829,0.00994
1326.75986,0.01013
1324.83143,0.01070
1322.90300,0.01154
1320.97457,0.01229
1319.04614,0.01281
1317.11771,0.01321
1315.18928,0.01358
1313.26085,0.01394
1311.33242,0.01431
1309.40399,0.01466
1307.47556,0.01495
1305.54713,0.01512
1303.61870,0.01513
1301.69027,0.01498
1299.76184,0.01492
1297.83341,0.01505
1295.90498,0.01516
1293.97655,0.01493
1292.04812,0.01450
1290.11969,0.01434
1288.19126,0.01444
1286.26283,0.01456
1284.33440,0.01475
1282.40597,0.01489
1280.47754,0.01466
1278.54911,0.01435
1276.62068,0.01449
1274.69225,0.01506
1272.76382,0.01573
1270.83539,0.01631
1268.90696,0.01684
1266.97853,0.01739
1265.05010,0.01806
1263.12167,0.01899
1261.19324,0.02018
1259.26481,0.02141
1257.33638,0.02238
1255.40795,0.02334
1253.47952,0.02446
1251.55109,0.02534
1249.62266,0.02601
1247.69423,0.02711
1245.76580,0.02878
1243.83737,0.03032
1241.90894,0.03135
1239.98051,0.03233
1238.05208,0.03336
1236.12365,0.03373
1234.19522,0.03332
1232.26679,0.03316
1230.33836,0.03360
1228.40993,0.03385
1226.48150,0.03365
1224.55307,0.03350
1222.62464,0.03327
1220.69621,0.03259
1218.76778,0.03182
1216.83935,0.03123
1214.91092,0.03092
1212.98249,0.03089
1211.05406,0.03061
1209.12563,0.02994
1207.19720,0.02928
1205.26877,0.02906
1203.34034,0.02913
1201.41191,0.02897
1199.48348,0.02876
1197.55505,0.02891
1195.62662,0.02930
1193.69819,0.02987
1191.76976,0.03071
1189.84133,0.03155
1187.91290,0.03209
1185.98447,0.03249
1184.05604,0.03317
1182.12761,0.03436
1180.19918,0.03591
1178.27075,0.03765
1176.34232,0.03935
1174.41389,0.04063
1172.48546,0.04172
1170.55703,0.04260
1168.62860,0.04308
1166.70017,0.04398
1164.77174,0.04526
1162.84331,0.04605
1160.91488,0.04720
1158.98645,0.04936
1157.05802,0.05099
1155.12959,0.05127
1153.20116,0.05102
1151.27273,0.05095
1149.34430,0.05138
1147.41587,0.05202
1145.48744,0.05220
1143.55901,0.05178
1141.63058,0.05122
1139.70215,0.05106
1137.77372,0.05166
1135.84529,0.05282
1133.91686,0.05385
1131.98843,0.05424
1130.06000,0.05422
1128.13157,0.05484
1126.20314,0.05676
1124.27471,0.05903
1122.34628,0.06077
1120.41785,0.06219
1118.48942,0.06350
1116.56099,0.06472
1114.63256,0.06570
1112.70413,0.06636
1110.77570,0.06683
1108.84727,0.06702
1106.91884,0.06720
1104.99041,0.06841
1103.06198,0.07120
1101.13355,0.07423
1099.20512,0.07636
1097.27669,0.07808
1095.34826,0.07943
1093.41983,0.08015
1091.49140,0.08124
1089.56297,0.08290
1087.63454,0.08402
1085.70611,0.08471
1083.77768,0.08560
1081.84925,0.08637
1079.92082,0.08685
1077.99239,0.08699
1076.06396,0.08647
1074.13553,0.08565
1072.20710,0.08494
1070.27867,0.08394
1068.35024,0.08282
1066.42181,0.08235
1064.49338,0.08205
1062.56495,0.08086
1060.63652,0.07910
1058.70809,0.07793
1056.77966,0.07786
1054.85123,0.07847
1052.92280,0.07886
1050.99437,0.07832
1049.06594,0.07698
1047.13751,0.07532
1045.20908,0.07370
1043.28065,0.07242
1041.35222,0.07119
1039.42379,0.06916
1037.49536,0.06650
1035.56693,0.06413
1033.63850,0.06191
1031.71007,0.05944
1029.78164,0.05699
1027.85321,0.05479
1025.92478,0.05275
1023.99635,0.05008
1022.06792,0.04634
1020.13949,0.04256
1018.21106,0.03992
1016.28263,0.03855
1014.35420,0.03773
1012.42577,0.03594
1010.49734,0.03256
1008.56891,0.02905
1006.64048,0.02656
1004.71205,0.02478
1002.78362,0.02307
1000.85519,0.02130
998.92676,0.01962
996.99833,0.01816
995.06990,0.01715
993.14147,0.01672
991.21304,0.01604
989.28461,0.01422
987.35618,0.01230
985.42775,0.01176
983.49932,0.01227
981.57089,0.01275
979.64246,0.01267
977.71403,0.01251
975.78560,0.01272
973.85717,0.01258
971.92874,0.01201
970.00031,0.01175
968.07188,0.01132
966.14345,0.01005
964.21502,0.00888
962.28659,0.00912
960.35816,0.01040
958.42973,0.01118
956.50130,0.01082
954.57287,0.00971
952.64444,0.00877
950.71601,0.00888
948.78758,0.00955
946.85915,0.00953
944.93072,0.00899
943.00229,0.00891
941.07386,0.00947
939.14543,0.01059
937.21700,0.01204
935.28857,0.01286
933.36014,0.01274
931.43171,0.01211
929.50328,0.01126
927.57485,0.01047
925.64642,0.00998
923.71799,0.00968
921.78956,0.00890
919.86113,0.00744
917.93270,0.00613
916.00427,0.00570
914.07584,0.00582
912.14741,0.00559
910.21898,0.00481
908.29055,0.00375
906.36212,0.00269
904.43368,0.00249
902.50525,0.00342
900.57682,0.00420
898.64839,0.00363
896.71996,0.00243
894.79153,0.00210
892.86310,0.00225
890.93467,0.00149
889.00624,0.00078
887.07781,0.00122
885.14938,0.00216
883.22095,0.00264
881.29252,0.00279
879.36409,0.00251
877.43566,0.00183
875.50723,0.00144
873.57880,0.00151
871.65037,0.00203
869.72194,0.00293
867.79351,0.00329
865.86508,0.00225
863.93665,0.00065
862.00822,0.00000
860.07979,0.00079
858.15136,0.00212
856.22293,0.00268
854.29450,0.00279
852.36607,0.00315
850.43764,0.00372
848.50921,0.00442
846.58078,0.00444
844.65235,0.00355
842.72392,0.00350
840.79549,0.00460
838.86706,0.00502
836.93863,0.00464
835.01020,0.00478
833.08177,0.00555
831.15334,0.00663
829.22491,0.00818
827.29648,0.00956
825.36805,0.00967
823.43962,0.00864
821.51119,0.00759
819.58276,0.00741
817.65433,0.00787
815.72590,0.00801
813.79747,0.00822
811.86904,0.00932
809.94061,0.01023
808.01218,0.01008
806.08375,0.00895
804.15532,0.00760
802.22689,0.00822
800.29846,0.01067
798.37003,0.01204
796.44160,0.01184
794.51317,0.01150
792.58474,0.01123
790.65631,0.01123
788.72788,0.01197
786.79945,0.01298
784.87102,0.01414
782.94259,0.01557
781.01416,0.01665
779.08573,0.01679
777.15730,0.01563
775.22887,0.01420
773.30044,0.01378
771.37201,0.01373
769.44358,0.01316
767.51515,0.01225
765.58672,0.01161
763.65829,0.01152
761.72986,0.01146
759.80143,0.01068
757.87300,0.00969
755.94457,0.00980
754.01614,0.01077
752.08771,0.01133
750.15928,0.01117
748.23085,0.01070
746.30242,0.01029
744.37399,0.00942
742.44556,0.00778
740.51713,0.00722
738.58870,0.00830
736.66027,0.00931
734.73184,0.00979
732.80341,0.00944
730.87498,0.00880
728.94655,0.00958
727.01812,0.01062
725.08969,0.01083
723.16126,0.01233
721.23283,0.01362
719.30440,0.01385
717.37597,0.01295
715.44754,0.01176
713.51911,0.01147
711.59068,0.01272
709.66225,0.01530
707.73382,0.01795
705.80539,0.01924
703.87696,0.01948
701.94853,0.02000
700.02010,0.02052
698.09167,0.01964
696.16324,0.01753
694.23481,0.01590
692.30638,0.01623
690.37795,0.01850
688.44952,0.02049
686.52109,0.02029
684.59266,0.01877
682.66423,0.01719
680.73580,0.01551
678.80737,0.01505
676.87894,0.01702
674.95051,0.01843
673.02208,0.01775
671.09365,0.01920
669.16522,0.02352
667.23679,0.02363
665.30836,0.01939
663.37993,0.01666
661.45150,0.01631
659.52307,0.01691
657.59464,0.01659
655.66621,0.01262
653.73778,0.00709
651.80935,0.00520
649.88092,0.00495
647.95249,0.00215
646.02406,0.00040
644.09563,0.00308
642.16720,0.00720
640.23877,0.01132
638.31034,0.01685
636.38191,0.02155
634.45348,0.02159
632.52505,0.01844
630.59662,0.01667
628.66819,0.01765
626.73976,0.01858
624.81133,0.01586
622.88290,0.01406
620.95447,0.01889
619.02604,0.02359
617.09761,0.02095
615.16918,0.01625
613.24075,0.01594
611.31232,0.02009
609.38389,0.02513
607.45546,0.02610
605.52703,0.02178
603.59860,0.01240
601.67017,0.00203
599.74174,0.00000
