4001.49232,0.00612
3999.56389,0.00756
3997.63546,0.00742
3995.70703,0.00629
3993.77860,0.00552
3991.85017,0.00546
3989.92174,0.00608
3987.99331,0.00662
3986.06488,0.00618
3984.13645,0.00553
3982.20802,0.00615
3980.27959,0.00791
3978.35116,0.00881
3976.42273,0.00769
3974.49430,0.00574
3972.56587,0.00422
3970.63744,0.00332
3968.70901,0.00359
3966.78058,0.00537
3964.85215,0.00782
3962.92372,0.00942
3960.99529,0.00885
3959.06686,0.00619
3957.13843,0.00297
3955.21000,0.00068
3953.28157,0.00000
3951.35314,0.00132
3949.42471,0.00457
3947.49628,0.00744
3945.56785,0.00723
3943.63942,0.00533
3941.71099,0.00460
3939.78256,0.00481
3937.85413,0.00485
3935.92570,0.00467
3933.99727,0.00449
3932.06884,0.00474
3930.14041,0.00512
3928.21198,0.00409
3926.28355,0.00178
3924.35512,0.00086
3922.42669,0.00211
3920.49826,0.00289
3918.56982,0.00239
3916.64139,0.00272
3914.71296,0.00416
3912.78453,0.00434
3910.85610,0.00296
3908.92767,0.00254
3906.99924,0.00464
3905.07081,0.00737
3903.14238,0.00699
3901.21395,0.00398
3899.28552,0.00303
3897.35709,0.00467
3895.42866,0.00629
3893.50023,0.00687
3891.57180,0.00677
3889.64337,0.00627
3887.71494,0.00547
3885.78651,0.00426
3883.85808,0.00248
3881.92965,0.00178
3880.00122,0.00394
3878.07279,0.00588
3876.14436,0.00437
3874.21593,0.00110
3872.28750,0.00000
3870.35907,0.00369
3868.43064,0.00984
3866.50221,0.01282
3864.57378,0.01219
3862.64535,0.01078
3860.71692,0.00959
3858.78849,0.00846
3856.86006,0.00797
3854.93163,0.00876
3853.00320,0.00934
3851.07477,0.00830
3849.14634,0.00748
3847.21791,0.00694
3845.28948,0.00537
3843.36105,0.00289
3841.43262,0.00098
3839.50419,0.00086
3837.57576,0.00238
3835.64733,0.00292
3833.71890,0.00174
3831.79047,0.00144
3829.86204,0.00300
3827.93361,0.00437
3826.00518,0.00397
3824.07675,0.00244
3822.14832,0.00205
3820.21989,0.00493
3818.29146,0.00858
3816.36303,0.00986
3814.43460,0.00844
3812.50617,0.00573
3810.57774,0.00346
3808.64931,0.00287
3806.72088,0.00427
3804.79245,0.00540
3802.86402,0.00473
3800.93559,0.00391
3799.00716,0.00326
3797.07873,0.00240
3795.15030,0.00190
3793.22187,0.00120
3791.29344,0.00059
3789.36501,0.00139
3787.43658,0.00346
3785.50815,0.00494
3783.57972,0.00443
3781.65129,0.00275
3779.72286,0.00233
3777.79443,0.00372
3775.86600,0.00452
3773.93757,0.00392
3772.00914,0.00354
3770.08071,0.00465
3768.15228,0.00600
3766.22385,0.00619
3764.29542,0.00585
3762.36699,0.00548
3760.43856,0.00584
3758.51013,0.00727
3756.58170,0.00695
3754.65327,0.00420
3752.72484,0.00435
3750.79641,0.01190
3748.86798,0.01976
3746.93955,0.02026
3745.01112,0.01663
3743.08269,0.01210
3741.15426,0.00837
3739.22583,0.00632
3737.29740,0.00628
3735.36897,0.00853
3733.44054,0.01020
3731.51211,0.00874
3729.58368,0.00639
3727.65525,0.00560
3725.72682,0.00674
3723.79839,0.00790
3721.86996,0.00633
3719.94153,0.00286
3718.01310,0.00069
3716.08467,0.00079
3714.15624,0.00238
3712.22781,0.00443
3710.29938,0.00499
3708.37095,0.00352
3706.44252,0.00288
3704.51409,0.00351
3702.58566,0.00342
3700.65723,0.00174
3698.72880,0.00000
3696.80037,0.00013
3694.87194,0.00233
3692.94351,0.00480
3691.01508,0.00565
3689.08665,0.00555
3687.15822,0.00616
3685.22979,0.00623
3683.30136,0.00492
3681.37293,0.00346
3679.44450,0.00299
3677.51607,0.00258
3675.58764,0.00169
3673.65921,0.00154
3671.73078,0.00232
3669.80235,0.00388
3667.87392,0.00492
3665.94549,0.00410
3664.01706,0.00308
3662.08863,0.00335
3660.16020,0.00427
3658.23177,0.00450
3656.30334,0.00445
3654.37491,0.00417
3652.44648,0.00210
3650.51805,0.00000
3648.58962,0.00250
3646.66119,0.00708
3644.73276,0.00862
3642.80433,0.00676
3640.87590,0.00384
3638.94747,0.00251
3637.01904,0.00310
3635.09061,0.00383
3633.16218,0.00339
3631.23375,0.00214
3629.30532,0.00256
3627.37689,0.00621
3625.44846,0.00905
3623.52003,0.00977
3621.59160,0.01099
3619.66317,0.01389
3617.73474,0.01529
3615.80631,0.01253
3613.87788,0.00930
3611.94945,0.00940
3610.02102,0.01152
3608.09259,0.01349
3606.16416,0.01482
3604.23573,0.01508
3602.30730,0.01369
3600.37887,0.01102
3598.45044,0.00909
3596.52201,0.00909
3594.59358,0.01002
3592.66515,0.01023
3590.73672,0.00912
3588.80829,0.00765
3586.87986,0.00715
3584.95143,0.00751
3583.02300,0.00752
3581.09457,0.00614
3579.16614,0.00386
3577.23771,0.00236
3575.30928,0.00194
3573.38085,0.00235
3571.45242,0.00339
3569.52399,0.00425
3567.59556,0.00497
3565.66713,0.00643
3563.73870,0.00783
3561.81027,0.00894
3559.88184,0.01023
3557.95341,0.01098
3556.02498,0.01065
3554.09655,0.00993
3552.16812,0.00917
3550.23969,0.00814
3548.31126,0.00699
3546.38283,0.00599
3544.45440,0.00515
3542.52597,0.00448
3540.59754,0.00391
3538.66911,0.00333
3536.74068,0.00302
3534.81225,0.00310
3532.88382,0.00355
3530.95539,0.00482
3529.02696,0.00680
3527.09853,0.00814
3525.17010,0.00747
3523.24167,0.00499
3521.31324,0.00237
3519.38481,0.00075
3517.45638,-0.00008
3515.52795,0.00000
3513.59952,0.00120
3511.67109,0.00296
3509.74266,0.00403
3507.81423,0.00385
3505.88580,0.00290
3503.95737,0.00246
3502.02894,0.00281
3500.10051,0.00311
3498.17208,0.00362
3496.24365,0.00479
3494.31522,0.00569
3492.38679,0.00532
3490.45836,0.00416
3488.52993,0.00329
3486.60150,0.00289
3484.67307,0.00274
3482.74464,0.00294
3480.81621,0.00308
3478.88778,0.00273
3476.95935,0.00248
3475.03092,0.00269
3473.10249,0.00208
3471.17406,0.00032
3469.24563,-0.00041
3467.31720,0.00107
3465.38877,0.00310
3463.46034,0.00405
3461.53191,0.00411
3459.60348,0.00363
3457.67505,0.00270
3455.74662,0.00170
3453.81819,0.00072
3451.88976,0.00014
3449.96133,0.00092
3448.03290,0.00305
3446.10447,0.00472
3444.17604,0.00478
3442.24761,0.00469
3440.31918,0.00519
3438.39075,0.00528
3436.46232,0.00465
3434.53389,0.00368
3432.60546,0.00345
3430.67703,0.00437
3428.74860,0.00458
3426.82017,0.00326
3424.89174,0.00210
3422.96331,0.00223
3421.03488,0.00267
3419.10645,0.00178
3417.17802,0.00053
3415.24959,0.00106
3413.32116,0.00268
3411.39273,0.00333
3409.46430,0.00336
3407.53587,0.00360
3405.60744,0.00319
3403.67901,0.00205
3401.75058,0.00155
3399.82215,0.00305
3397.89372,0.00421
3395.96529,0.00399
3394.03686,0.00170
3392.10843,0.00000
3390.18000,0.00017
3388.25157,0.00094
3386.32314,0.00208
3384.39471,0.00391
3382.46628,0.00558
3380.53785,0.00625
3378.60942,0.00568
3376.68099,0.00412
3374.75256,0.00279
3372.82413,0.00263
3370.89570,0.00320
3368.96727,0.00395
3367.03884,0.00470
3365.11041,0.00450
3363.18198,0.00338
3361.25355,0.00261
3359.32512,0.00227
3357.39669,0.00220
3355.46826,0.00255
3353.53983,0.00261
3351.61140,0.00204
3349.68297,0.00159
3347.75454,0.00172
3345.82611,0.00159
3343.89768,0.00056
3341.96925,0.00000
3340.04082,0.00124
3338.11239,0.00288
3336.18396,0.00303
3334.25553,0.00242
3332.32710,0.00244
3330.39867,0.00308
3328.47024,0.00383
3326.54181,0.00398
3324.61338,0.00317
3322.68495,0.00205
3320.75652,0.00137
3318.82809,0.00116
3316.89966,0.00134
3314.97122,0.00222
3313.04279,0.00371
3311.11436,0.00481
3309.18593,0.00522
3307.25750,0.00570
3305.32907,0.00615
3303.40064,0.00555
3301.47221,0.00364
3299.54378,0.00133
3297.61535,0.00000
3295.68692,0.00046
3293.75849,0.00194
3291.83006,0.00273
3289.90163,0.00294
3287.97320,0.00396
3286.04477,0.00521
3284.11634,0.00501
3282.18791,0.00410
3280.25948,0.00425
3278.33105,0.00528
3276.40262,0.00572
3274.47419,0.00459
3272.54576,0.00329
3270.61733,0.00334
3268.68890,0.00334
3266.76047,0.00296
3264.83204,0.00414
3262.90361,0.00618
3260.97518,0.00661
3259.04675,0.00533
3257.11832,0.00449
3255.18989,0.00526
3253.26146,0.00672
3251.33303,0.00774
3249.40460,0.00771
3247.47617,0.00649
3245.54774,0.00526
3243.61931,0.00499
3241.69088,0.00477
3239.76245,0.00412
3237.83402,0.00426
3235.90559,0.00441
3233.97716,0.00228
3232.04873,0.00000
3230.12030,0.00154
3228.19187,0.00541
3226.26344,0.00672
3224.33501,0.00497
3222.40658,0.00356
3220.47815,0.00385
3218.54972,0.00442
3216.62129,0.00408
3214.69286,0.00357
3212.76443,0.00409
3210.83600,0.00456
3208.90757,0.00396
3206.97914,0.00368
3205.05071,0.00465
3203.12228,0.00581
3201.19385,0.00630
3199.26542,0.00600
3197.33699,0.00444
3195.40856,0.00220
3193.48013,0.00069
3191.55170,0.00022
3189.62327,0.00037
3187.69484,0.00083
3185.76641,0.00168
3183.83798,0.00282
3181.90955,0.00354
3179.98112,0.00355
3178.05269,0.00295
3176.12426,0.00198
3174.19583,0.00180
3172.26740,0.00292
3170.33897,0.00381
3168.41054,0.00353
3166.48211,0.00336
3164.55368,0.00389
3162.62525,0.00407
3160.69682,0.00380
3158.76839,0.00391
3156.83996,0.00378
3154.91153,0.00250
3152.98310,0.00116
3151.05467,0.00116
3149.12624,0.00206
3147.19781,0.00271
3145.26938,0.00289
3143.34095,0.00275
3141.41252,0.00204
3139.48409,0.00117
3137.55566,0.00108
3135.62723,0.00169
3133.69880,0.00200
3131.77037,0.00142
3129.84194,0.00051
3127.91351,0.00045
3125.98508,0.00171
3124.05665,0.00349
3122.12822,0.00441
3120.19979,0.00376
3118.27136,0.00230
3116.34293,0.00141
3114.41450,0.00113
3112.48607,0.00070
3110.55764,0.00037
3108.62921,0.00077
3106.70078,0.00173
3104.77235,0.00257
3102.84392,0.00261
3100.91549,0.00239
3098.98706,0.00303
3097.05863,0.00350
3095.13020,0.00227
3093.20177,0.00045
3091.27334,-0.00019
3089.34491,0.00012
3087.41648,0.00052
3085.48805,0.00111
3083.55962,0.00191
3081.63119,0.00216
3079.70276,0.00178
3077.77433,0.00138
3075.84590,0.00102
3073.91747,0.00050
3071.98904,0.00010
3070.06061,0.00038
3068.13218,0.00109
3066.20375,0.00111
3064.27532,0.00047
3062.34689,0.00000
3060.41846,0.00042
3058.49003,0.00194
3056.56160,0.00315
3054.63317,0.00297
3052.70474,0.00210
3050.77631,0.00171
3048.84788,0.00227
3046.91945,0.00298
3044.99102,0.00306
3043.06259,0.00288
3041.13416,0.00290
3039.20573,0.00294
3037.27730,0.00285
3035.34887,0.00284
3033.42044,0.00286
3031.49201,0.00224
3029.56358,0.00110
3027.63515,0.00098
3025.70672,0.00222
3023.77829,0.00298
3021.84986,0.00253
3019.92143,0.00210
3017.99300,0.00206
3016.06457,0.00186
3014.13614,0.00163
3012.20771,0.00161
3010.27928,0.00169
3008.35085,0.00170
3006.42242,0.00173
3004.49399,0.00189
3002.56556,0.00226
3000.63713,0.00270
2998.70870,0.00346
2996.78027,0.00369
2994.85184,0.00365
2992.92341,0.00287
2990.99498,0.00236
2989.06655,0.00333
2987.13812,0.00474
2985.20969,0.00504
2983.28126,0.00405
2981.35283,0.00245
2979.42440,0.00135
2977.49597,0.00204
2975.56754,0.00381
2973.63911,0.00422
2971.71068,0.00320
2969.78225,0.00256
2967.85382,0.00287
2965.92539,0.00376
2963.99696,0.00447
2962.06853,0.00429
2960.14010,0.00352
2958.21167,0.00240
2956.28324,0.00095
2954.35481,0.00018
2952.42638,0.00086
2950.49795,0.00237
2948.56952,0.00353
2946.64109,0.00313
2944.71266,0.00142
2942.78423,0.00018
2940.85580,0.00000
2938.92737,0.00054
2936.99894,0.00167
2935.07051,0.00213
2933.14208,0.00149
2931.21365,0.00115
2929.28522,0.00216
2927.35679,0.00415
2925.42836,0.00534
2923.49993,0.00459
2921.57150,0.00310
2919.64307,0.00212
2917.71464,0.00209
2915.78621,0.00246
2913.85778,0.00230
2911.92935,0.00240
2910.00092,0.00326
2908.07249,0.00382
2906.14406,0.00376
2904.21563,0.00339
2902.28720,0.00261
2900.35877,0.00152
2898.43034,0.00098
2896.50191,0.00114
2894.57348,0.00104
2892.64505,0.00079
2890.71662,0.00155
2888.78819,0.00276
2886.85976,0.00334
2884.93133,0.00361
2883.00290,0.00357
2881.07447,0.00300
2879.14604,0.00216
2877.21761,0.00118
2875.28918,0.00047
2873.36075,0.00048
2871.43232,0.00114
2869.50389,0.00215
2867.57546,0.00276
2865.64703,0.00217
2863.71860,0.00089
2861.79017,0.00010
2859.86174,0.00000
2857.93331,0.00020
2856.00488,0.00032
2854.07645,0.00010
2852.14802,0.00031
2850.21959,0.00149
2848.29116,0.00280
2846.36273,0.00303
2844.43430,0.00216
2842.50587,0.00119
2840.57744,0.00064
2838.64901,0.00045
2836.72058,0.00094
2834.79215,0.00194
2832.86372,0.00249
2830.93529,0.00213
2829.00686,0.00140
2827.07843,0.00131
2825.15000,0.00187
2823.22157,0.00197
2821.29314,0.00165
2819.36471,0.00124
2817.43628,0.00055
2815.50785,0.00052
2813.57942,0.00177
2811.65099,0.00331
2809.72256,0.00429
2807.79413,0.00462
2805.86570,0.00386
2803.93727,0.00236
2802.00884,0.00192
2800.08041,0.00305
2798.15198,0.00438
2796.22355,0.00469
2794.29512,0.00356
2792.36669,0.00192
2790.43826,0.00138
2788.50983,0.00199
2786.58140,0.00222
2784.65297,0.00158
2782.72454,0.00102
2780.79611,0.00079
2778.86768,0.00036
2776.93925,0.00000
2775.01082,0.00039
2773.08239,0.00139
2771.15396,0.00173
2769.22553,0.00119
2767.29710,0.00161
2765.36867,0.00315
2763.44024,0.00349
2761.51181,0.00229
2759.58338,0.00129
2757.65495,0.00113
2755.72652,0.00137
2753.79809,0.00150
2751.86966,0.00164
2749.94123,0.00211
2748.01280,0.00235
2746.08437,0.00223
2744.15594,0.00203
2742.22751,0.00155
2740.29908,0.00120
2738.37065,0.00145
2736.44222,0.00191
2734.51379,0.00209
2732.58536,0.00147
2730.65693,0.00033
2728.72850,0.00004
2726.80007,0.00097
2724.87164,0.00213
2722.94321,0.00272
2721.01478,0.00258
2719.08635,0.00206
2717.15792,0.00204
2715.22949,0.00299
2713.30105,0.00382
2711.37262,0.00351
2709.44419,0.00283
2707.51576,0.00266
2705.58733,0.00270
2703.65890,0.00255
2701.73047,0.00257
2699.80204,0.00283
2697.87361,0.00221
2695.94518,0.00067
2694.01675,0.00000
2692.08832,0.00066
2690.15989,0.00158
2688.23146,0.00211
2686.30303,0.00226
2684.37460,0.00183
2682.44617,0.00108
2680.51774,0.00058
2678.58931,0.00075
2676.66088,0.00191
2674.73245,0.00349
2672.80402,0.00417
2670.87559,0.00363
2668.94716,0.00258
2667.01873,0.00215
2665.09030,0.00253
2663.16187,0.00246
2661.23344,0.00182
2659.30501,0.00158
2657.37658,0.00160
2655.44815,0.00163
2653.51972,0.00168
2651.59129,0.00140
2649.66286,0.00121
2647.73443,0.00149
2645.80600,0.00160
2643.87757,0.00180
2641.94914,0.00285
2640.02071,0.00415
2638.09228,0.00454
2636.16385,0.00396
2634.23542,0.00304
2632.30699,0.00203
2630.37856,0.00090
2628.45013,0.00000
2626.52170,0.00002
2624.59327,0.00100
2622.66484,0.00197
2620.73641,0.00251
2618.80798,0.00279
2616.87955,0.00264
2614.95112,0.00222
2613.02269,0.00232
2611.09426,0.00276
2609.16583,0.00246
2607.23740,0.00144
2605.30897,0.00074
2603.38054,0.00092
2601.45211,0.00156
2599.52368,0.00196
2597.59525,0.00211
2595.66682,0.00218
2593.73839,0.00214
2591.80996,0.00213
2589.88153,0.00212
2587.95310,0.00206
2586.02467,0.00185
2584.09624,0.00129
2582.16781,0.00087
2580.23938,0.00063
2578.31095,0.00010
2576.38252,-0.00012
2574.45409,0.00053
2572.52566,0.00145
2570.59723,0.00202
2568.66880,0.00190
2566.74037,0.00099
2564.81194,0.00029
2562.88351,0.00056
2560.95508,0.00094
2559.02665,0.00092
2557.09822,0.00100
2555.16979,0.00093
2553.24136,0.00031
2551.31293,0.00002
2549.38450,0.00062
2547.45607,0.00113
2545.52764,0.00109
2543.59921,0.00091
2541.67078,0.00071
2539.74235,0.00073
2537.81392,0.00086
2535.88549,0.00061
2533.95706,0.00032
2532.02863,0.00043
2530.10020,0.00066
2528.17177,0.00067
2526.24334,0.00060
2524.31491,0.00098
2522.38648,0.00177
2520.45805,0.00217
2518.52962,0.00203
2516.60119,0.00187
2514.67276,0.00159
2512.74433,0.00107
2510.81590,0.00078
2508.88747,0.00054
2506.95904,0.00010
2505.03061,0.00000
2503.10218,0.00050
2501.17375,0.00089
2499.24532,0.00055
2497.31689,0.00032
2495.38846,0.00089
2493.46003,0.00132
2491.53160,0.00104
2489.60317,0.00050
2487.67474,0.00005
2485.74631,-0.00004
2483.81788,0.00001
2481.88945,-0.00002
2479.96102,0.00017
2478.03259,0.00059
2476.10416,0.00084
2474.17573,0.00081
2472.24730,0.00089
2470.31887,0.00127
2468.39044,0.00139
2466.46201,0.00113
2464.53358,0.00110
2462.60515,0.00111
2460.67672,0.00061
2458.74829,0.00002
2456.81986,0.00000
2454.89143,0.00035
2452.96300,0.00107
2451.03457,0.00178
2449.10614,0.00153
2447.17771,0.00085
2445.24928,0.00097
2443.32085,0.00157
2441.39242,0.00169
2439.46399,0.00105
2437.53556,0.00034
2435.60713,0.00029
2433.67870,0.00047
2431.75027,0.00043
2429.82184,0.00039
2427.89341,0.00035
2425.96498,0.00032
2424.03655,0.00029
2422.10812,0.00025
2420.17969,0.00022
2418.25126,0.00019
2416.32283,0.00017
2414.39440,0.00014
2412.46597,0.00012
2410.53754,0.00009
2408.60911,0.00007
2406.68068,0.00005
2404.75225,0.00003
2402.82382,0.00002
2400.89539,0.00000
2398.96696,-0.00004
2397.03853,-0.00009
2395.11010,-0.00013
2393.18167,-0.00017
2391.25324,-0.00020
2389.32481,-0.00024
2387.39638,-0.00027
2385.46795,-0.00031
2383.53952,-0.00034
2381.61109,-0.00037
2379.68266,-0.00040
2377.75423,-0.00043
2375.82580,-0.00045
2373.89737,-0.00048
2371.96894,-0.00050
2370.04051,-0.00052
2368.11208,-0.00054
2366.18365,-0.00056
2364.25522,-0.00057
2362.32679,-0.00059
2360.39836,-0.00060
2358.46993,-0.00061
2356.54150,-0.00063
2354.61307,-0.00063
2352.68464,-0.00064
2350.75621,-0.00065
2348.82778,-0.00065
2346.89935,-0.00066
2344.97092,-0.00066
2343.04249,-0.00066
2341.11406,-0.00066
2339.18563,-0.00065
2337.25720,-0.00065
2335.32877,-0.00064
2333.40034,-0.00064
2331.47191,-0.00063
2329.54348,-0.00062
2327.61505,-0.00060
2325.68662,-0.00059
2323.75819,-0.00057
2321.82976,-0.00056
2319.90133,-0.00054
2317.97290,-0.00052
2316.04447,-0.00050
2314.11604,-0.00048
2312.18761,-0.00045
2310.25918,-0.00043
2308.33075,-0.00040
2306.40232,-0.00037
2304.47389,-0.00034
2302.54546,-0.00031
2300.61703,-0.00028
2298.68860,-0.00024
2296.76017,-0.00021
2294.83174,-0.00017
2292.90331,-0.00013
2290.97488,-0.00009
2289.04645,-0.00005
2287.11802,-0.00000
2285.18959,0.00004
2283.26116,0.00009
2281.33273,0.00014
2279.40430,0.00019
2277.47587,0.00024
2275.54744,0.00029
2273.61901,0.00035
2271.69058,0.00040
2269.76215,0.00046
2267.83372,0.00052
2265.90529,0.00058
2263.97686,0.00064
2262.04843,0.00011
2260.12000,0.00000
2258.19157,0.00051
2256.26314,0.00134
2254.33471,0.00183
2252.40628,0.00157
2250.47785,0.00127
2248.54942,0.00197
2246.62099,0.00201
2244.69256,0.00172
2242.76413,0.00120
2240.83570,0.00038
2238.90727,-0.00002
2236.97884,0.00072
2235.05041,0.00182
2233.12198,0.00216
2231.19355,0.00181
2229.26512,0.00117
2227.33669,0.00048
2225.40826,0.00023
2223.47983,0.00044
2221.55140,0.00080
2219.62297,0.00146
2217.69454,0.00226
2215.76611,0.00279
2213.83768,0.00300
2211.90925,0.00287
2209.98082,0.00254
2208.05239,0.00234
2206.12396,0.00218
2204.19553,0.00152
2202.26710,0.00088
2200.33867,0.00129
2198.41024,0.00221
2196.48181,0.00251
2194.55338,0.00208
2192.62495,0.00126
2190.69652,0.00068
2188.76809,0.00086
2186.83966,0.00135
2184.91123,0.00129
2182.98280,0.00079
2181.05437,0.00053
2179.12594,0.00087
2177.19751,0.00123
2175.26908,0.00080
2173.34065,0.00000
2171.41222,-0.00001
2169.48379,0.00106
2167.55536,0.00185
2165.62693,0.00150
2163.69850,0.00104
2161.77007,0.00137
2159.84164,0.00227
2157.91321,0.00310
2155.98478,0.00318
2154.05635,0.00247
2152.12792,0.00187
2150.19949,0.00190
2148.27106,0.00223
2146.34263,0.00233
2144.41420,0.00218
2142.48577,0.00233
2140.55734,0.00271
2138.62891,0.00244
2136.70048,0.00156
2134.77205,0.00143
2132.84362,0.00231
2130.91519,0.00291
2128.98676,0.00278
2127.05833,0.00257
2125.12990,0.00276
2123.20147,0.00296
2121.27304,0.00264
2119.34461,0.00234
2117.41618,0.00254
2115.48775,0.00259
2113.55932,0.00213
2111.63089,0.00171
2109.70245,0.00138
2107.77402,0.00081
2105.84559,0.00071
2103.91716,0.00156
2101.98873,0.00245
2100.06030,0.00271
2098.13187,0.00244
2096.20344,0.00152
2094.27501,0.00045
2092.34658,0.00014
2090.41815,0.00075
2088.48972,0.00143
2086.56129,0.00168
2084.63286,0.00163
2082.70443,0.00130
2080.77600,0.00079
2078.84757,0.00055
2076.91914,0.00090
2074.99071,0.00146
2073.06228,0.00135
2071.13385,0.00070
2069.20542,0.00063
2067.27699,0.00127
2065.34856,0.00177
2063.42013,0.00166
2061.49170,0.00129
2059.56327,0.00095
2057.63484,0.00080
2055.70641,0.00103
2053.77798,0.00140
2051.84955,0.00168
2049.92112,0.00166
2047.99269,0.00115
2046.06426,0.00071
2044.13583,0.00103
2042.20740,0.00151
2040.27897,0.00138
2038.35054,0.00116
2036.42211,0.00140
2034.49368,0.00147
2032.56525,0.00072
2030.63682,0.00000
2028.70839,0.00035
2026.77996,0.00132
2024.85153,0.00154
2022.92310,0.00101
2020.99467,0.00086
2019.06624,0.00177
2017.13781,0.00304
2015.20938,0.00356
2013.28095,0.00345
2011.35252,0.00312
2009.42409,0.00296
2007.49566,0.00297
2005.56723,0.00226
2003.63880,0.00105
2001.71037,0.00096
1999.78194,0.00203
1997.85351,0.00251
1995.92508,0.00192
1993.99665,0.00165
1992.06822,0.00231
1990.13979,0.00242
1988.21136,0.00147
1986.28293,0.00080
1984.35450,0.00092
1982.42607,0.00130
1980.49764,0.00138
1978.56921,0.00092
1976.64078,0.00035
1974.71235,0.00018
1972.78392,0.00036
1970.85549,0.00066
1968.92706,0.00083
1966.99863,0.00084
1965.07020,0.00083
1963.14177,0.00075
1961.21334,0.00073
1959.28491,0.00088
1957.35648,0.00097
1955.42805,0.00082
1953.49962,0.00052
1951.57119,0.00027
1949.64276,0.00048
1947.71433,0.00126
1945.78590,0.00203
1943.85747,0.00216
1941.92904,0.00166
1940.00061,0.00110
1938.07218,0.00088
1936.14375,0.00080
1934.21532,0.00049
1932.28689,0.00008
1930.35846,0.00000
1928.43003,0.00023
1926.50160,0.00063
1924.57317,0.00103
1922.64474,0.00105
1920.71631,0.00046
1918.78788,0.00002
1916.85945,0.00027
1914.93102,0.00073
1913.00259,0.00086
1911.07416,0.00064
1909.14573,0.00051
1907.21730,0.00085
1905.28887,0.00121
1903.36044,0.00121
1901.43201,0.00120
1899.50358,0.00130
1897.57515,0.00115
1895.64672,0.00082
1893.71829,0.00089
1891.78986,0.00144
1889.86143,0.00198
1887.93300,0.00193
1886.00457,0.00123
1884.07614,0.00050
1882.14771,0.00021
1880.21928,0.00021
1878.29085,0.00028
1876.36242,0.00041
1874.43399,0.00071
1872.50556,0.00119
1870.57713,0.00177
1868.64870,0.00220
1866.72027,0.00195
1864.79184,0.00113
1862.86341,0.00060
1860.93498,0.00071
1859.00655,0.00093
1857.07812,0.00079
1855.14969,0.00044
1853.22126,0.00026
1851.29283,0.00046
1849.36440,0.00081
1847.43597,0.00083
1845.50754,0.00056
1843.57911,0.00031
1841.65068,0.00003
1839.72225,0.00000
1837.79382,0.00085
1835.86539,0.00234
1833.93696,0.00324
1832.00853,0.00294
1830.08010,0.00218
1828.15167,0.00183
1826.22324,0.00179
1824.29481,0.00199
1822.36638,0.00223
1820.43795,0.00235
1818.50952,0.00235
1816.58109,0.00216
1814.65266,0.00161
1812.72423,0.00086
1810.79580,0.00061
1808.86737,0.00104
1806.93894,0.00150
1805.01051,0.00164
1803.08208,0.00160
1801.15365,0.00179
1799.22522,0.00248
1797.29679,0.00342
1795.36836,0.00377
1793.43993,0.00276
1791.51150,0.00119
1789.58307,0.00066
1787.65464,0.00117
1785.72621,0.00193
1783.79778,0.00224
1781.86935,0.00215
1779.94092,0.00219
1778.01249,0.00198
1776.08406,0.00105
1774.15563,0.00000
1772.22720,-0.00002
1770.29877,0.00137
1768.37034,0.00272
1766.44191,0.00310
1764.51348,0.00252
1762.58505,0.00175
1760.65662,0.00164
1758.72819,0.00198
1756.79976,0.00238
1754.87133,0.00261
1752.94290,0.00239
1751.01447,0.00170
1749.08604,0.00065
1747.15761,0.00000
1745.22918,0.00039
1743.30075,0.00116
1741.37232,0.00141
1739.44389,0.00159
1737.51546,0.00212
1735.58703,0.00249
1733.65860,0.00260
1731.73017,0.00230
1729.80174,0.00162
1727.87331,0.00131
1725.94488,0.00124
1724.01645,0.00096
1722.08802,0.00038
1720.15959,-0.00032
1718.23116,-0.00037
1716.30273,0.00077
1714.37430,0.00202
1712.44587,0.00271
1710.51744,0.00252
1708.58901,0.00199
1706.66058,0.00286
1704.73215,0.00561
1702.80372,0.00824
1700.87529,0.01021
1698.94686,0.01097
1697.01843,0.00885
1695.09000,0.00631
1693.16157,0.00561
1691.23314,0.00604
1689.30471,0.00651
1687.37628,0.00638
1685.44785,0.00639
1683.51942,0.00798
1681.59099,0.00912
1679.66256,0.00860
1677.73413,0.00775
1675.80570,0.00799
1673.87727,0.00849
1671.94884,0.00762
1670.02041,0.00666
1668.09198,0.00753
1666.16355,0.00897
1664.23512,0.01013
1662.30669,0.01104
1660.37826,0.01117
1658.44983,0.01032
1656.52140,0.00892
1654.59297,0.00803
1652.66454,0.00919
1650.73611,0.01161
1648.80768,0.01280
1646.87925,0.01282
1644.95082,0.01337
1643.02239,0.01433
1641.09396,0.01437
1639.16553,0.01253
1637.23710,0.00971
1635.30867,0.00870
1633.38024,0.00970
1631.45181,0.01037
1629.52338,0.01047
1627.59495,0.01122
1625.66652,0.01316
1623.73809,0.01586
1621.80966,0.01865
1619.88123,0.02031
1617.95280,0.02021
1616.02437,0.01859
1614.09594,0.01656
1612.16751,0.01477
1610.23908,0.01288
1608.31065,0.01078
1606.38222,0.00888
1604.45379,0.00763
1602.52536,0.00702
1600.59693,0.00667
1598.66850,0.00646
1596.74007,0.00646
1594.81164,0.00649
1592.88321,0.00656
1590.95478,0.00660
1589.02635,0.00612
1587.09792,0.00495
1585.16949,0.00366
1583.24106,0.00305
1581.31263,0.00315
1579.38420,0.00327
1577.45577,0.00357
1575.52734,0.00488
1573.59891,0.00606
1571.67048,0.00572
1569.74205,0.00454
1567.81362,0.00401
1565.88519,0.00457
1563.95676,0.00530
1562.02833,0.00466
1560.09990,0.00381
1558.17147,0.00654
1556.24304,0.01065
1554.31461,0.01151
1552.38618,0.01047
1550.45775,0.01028
1548.52932,0.01096
1546.60089,0.01044
1544.67246,0.00803
1542.74403,0.00537
1540.81560,0.00512
1538.88717,0.00877
1536.95874,0.01111
1535.03031,0.00994
1533.10188,0.00732
1531.17345,0.00611
1529.24502,0.00632
1527.31659,0.00765
1525.38816,0.01024
1523.45973,0.01241
1521.53130,0.01290
1519.60287,0.01231
1517.67444,0.01137
1515.74601,0.01046
1513.81758,0.00964
1511.88915,0.00853
1509.96072,0.00681
1508.03229,0.00474
1506.10385,0.00375
1504.17542,0.00456
1502.24699,0.00623
1500.31856,0.00779
1498.39013,0.00843
1496.46170,0.00804
1494.53327,0.00704
1492.60484,0.00524
1490.67641,0.00264
1488.74798,0.00047
1486.81955,0.00000
1484.89112,0.00049
1482.96269,0.00103
1481.03426,0.00147
1479.10583,0.00216
1477.17740,0.00295
1475.24897,0.00343
1473.32054,0.00335
1471.39211,0.00312
1469.46368,0.00298
1467.53525,0.00275
1465.60682,0.00252
1463.67839,0.00246
1461.74996,0.00221
1459.82153,0.00173
1457.89310,0.00153
1455.96467,0.00184
1454.03624,0.00245
1452.10781,0.00347
1450.17938,0.00444
1448.25095,0.00468
1446.32252,0.00412
1444.39409,0.00376
1442.46566,0.00430
1440.53723,0.00496
1438.60880,0.00487
1436.68037,0.00430
1434.75194,0.00381
1432.82351,0.00345
1430.89508,0.00300
1428.96665,0.00251
1427.03822,0.00239
1425.10979,0.00276
1423.18136,0.00316
1421.25293,0.00316
1419.32450,0.00290
1417.39607,0.00229
1415.46764,0.00120
1413.53921,0.00033
1411.61078,0.00049
1409.68235,0.00157
1407.75392,0.00251
1405.82549,0.00274
1403.89706,0.00228
1401.96863,0.00117
1400.04020,0.00048
1398.11177,0.00153
1396.18334,0.00325
1394.25491,0.00367
1392.32648,0.00288
1390.39805,0.00184
1388.46962,0.00133
1386.54119,0.00192
1384.61276,0.00320
1382.68433,0.00422
1380.75590,0.00459
1378.82747,0.00437
1376.89904,0.00410
1374.97061,0.00461
1373.04218,0.00538
1371.11375,0.00500
1369.18532,0.00392
1367.25689,0.00350
1365.32846,0.00389
1363.40003,0.00443
1361.47160,0.00478
1359.54317,0.00490
1357.61474,0.00472
1355.68631,0.00431
1353.75788,0.00407
1351.82945,0.00415
1349.90102,0.00420
1347.97259,0.00375
1346.04416,0.00290
1344.11573,0.00239
1342.18730,0.00241
1340.25887,0.00250
1338.33044,0.00238
1336.40201,0.00203
1334.47358,0.00178
1332.54515,0.00187
1330.61672,0.00194
1328.68829,0.00151
1326.75986,0.00089
1324.83143,0.00081
1322.90300,0.00128
1320.97457,0.00159
1319.04614,0.00164
1317.11771,0.00179
1315.18928,0.00215
1313.26085,0.00292
1311.33242,0.00406
1309.40399,0.00529
1307.47556,0.00619
1305.54713,0.00596
1303.61870,0.00473
1301.69027,0.00382
1299.76184,0.00408
1297.83341,0.00532
1295.90498,0.00649
1293.97655,0.00671
1292.04812,0.00677
1290.11969,0.00774
1288.19126,0.00893
1286.26283,0.00927
1284.33440,0.00937
1282.40597,0.01001
1280.47754,0.01070
1278.54911,0.01068
1276.62068,0.01018
1274.69225,0.01038
1272.76382,0.01177
1270.83539,0.01335
1268.90696,0.01388
1266.97853,0.01284
1265.05010,0.01137
1263.12167,0.01147
1261.19324,0.01337
1259.26481,0.01553
1257.33638,0.01657
1255.40795,0.01699
1253.47952,0.01793
1251.55109,0.01943
1249.62266,0.02062
1247.69423,0.02096
1245.76580,0.02129
1243.83737,0.02274
1241.90894,0.02486
1239.98051,0.02709
1238.05208,0.02991
1236.12365,0.03247
1234.19522,0.03319
1232.26679,0.03308
1230.33836,0.03400
1228.40993,0.03578
1226.48150,0.03830
1224.55307,0.04171
1222.62464,0.04456
1220.69621,0.04648
1218.76778,0.04853
1216.83935,0.05011
1214.91092,0.05112
1212.98249,0.05320
1211.05406,0.05638
1209.12563,0.05894
1207.19720,0.06028
1205.26877,0.06102
1203.34034,0.06160
1201.41191,0.06336
1199.48348,0.06663
1197.55505,0.07087
1195.62662,0.07449
1193.69819,0.07828
1191.76976,0.08194
1189.84133,0.08378
1187.91290,0.08490
1185.98447,0.08764
1184.05604,0.09147
1182.12761,0.09559
1180.19918,0.10026
1178.27075,0.10451
1176.34232,0.10811
1174.41389,0.11257
1172.48546,0.11802
1170.55703,0.12377
1168.62860,0.13015
1166.70017,0.13662
1164.77174,0.14151
1162.84331,0.14545
1160.91488,0.15153
1158.98645,0.16134
1157.05802,0.17384
1155.12959,0.18712
1153.20116,0.19962
1151.27273,0.21071
1149.34430,0.22015
1147.41587,0.22798
1145.48744,0.23467
1143.55901,0.23958
1141.63058,0.24078
1139.70215,0.23867
1137.77372,0.23660
1135.84529,0.23596
1133.91686,0.23657
1131.98843,0.23852
1130.06000,0.24015
1128.13157,0.24050
1126.20314,0.24149
1124.27471,0.24380
1122.34628,0.24661
1120.41785,0.25009
1118.48942,0.25370
1116.56099,0.25745
1114.63256,0.26310
1112.70413,0.26965
1110.77570,0.27379
1108.84727,0.27525
1106.91884,0.27576
1104.99041,0.27633
1103.06198,0.27766
1101.13355,0.28068
1099.20512,0.28788
1097.27669,0.30103
1095.34826,0.31727
1093.41983,0.33282
1091.49140,0.34715
1089.56297,0.35912
1087.63454,0.36437
1085.70611,0.36048
1083.77768,0.35060
1081.84925,0.33818
1079.92082,0.32572
1077.99239,0.31523
1076.06396,0.30491
1074.13553,0.29320
1072.20710,0.28247
1070.27867,0.27415
1068.35024,0.26717
1066.42181,0.25975
1064.49338,0.25154
1062.56495,0.24460
1060.63652,0.23957
1058.70809,0.23556
1056.77966,0.23161
1054.85123,0.22566
1052.92280,0.21649
1050.99437,0.20484
1049.06594,0.19254
1047.13751,0.18173
1045.20908,0.17283
1043.28065,0.16607
1041.35222,0.16193
1039.42379,0.15688
1037.49536,0.14777
1035.56693,0.13726
1033.63850,0.12823
1031.71007,0.12020
1029.78164,0.11216
1027.85321,0.10495
1025.92478,0.09949
1023.99635,0.09420
1022.06792,0.08774
1020.13949,0.08139
1018.21106,0.07726
1016.28263,0.07616
1014.35420,0.07731
1012.42577,0.07957
1010.49734,0.08117
1008.56891,0.08035
1006.64048,0.07741
1004.71205,0.07415
1002.78362,0.07207
1000.85519,0.07080
998.92676,0.06868
996.99833,0.06550
995.06990,0.06305
993.14147,0.06312
991.21304,0.06557
989.28461,0.06821
987.35618,0.06918
985.42775,0.06860
983.49932,0.06767
981.57089,0.06700
979.64246,0.06665
977.71403,0.06727
975.78560,0.06819
973.85717,0.06723
971.92874,0.06477
970.00031,0.06300
968.07188,0.06208
966.14345,0.06113
964.21502,0.06098
962.28659,0.06259
960.35816,0.06500
958.42973,0.06650
956.50130,0.06519
954.57287,0.06130
952.64444,0.05807
950.71601,0.05684
948.78758,0.05560
946.85915,0.05341
944.93072,0.05176
943.00229,0.05144
941.07386,0.05197
939.14543,0.05204
937.21700,0.05072
935.28857,0.05043
933.36014,0.05239
931.43171,0.05312
929.50328,0.05170
927.57485,0.05154
925.64642,0.05330
923.71799,0.05411
921.78956,0.05337
919.86113,0.05321
917.93270,0.05374
916.00427,0.05306
914.07584,0.05215
912.14741,0.05383
910.21898,0.05630
908.29055,0.05663
906.36212,0.05613
904.43368,0.05646
902.50525,0.05802
900.57682,0.06022
898.64839,0.06144
896.71996,0.06091
894.79153,0.06005
892.86310,0.06089
890.93467,0.06142
889.00624,0.05957
887.07781,0.05903
885.14938,0.06134
883.22095,0.06259
881.29252,0.06107
879.36409,0.05828
877.43566,0.05533
875.50723,0.05266
873.57880,0.05089
871.65037,0.05048
869.72194,0.05040
867.79351,0.04966
865.86508,0.04921
863.93665,0.04977
862.00822,0.05071
860.07979,0.05149
858.15136,0.05166
856.22293,0.05139
854.29450,0.05254
852.36607,0.05579
850.43764,0.05835
848.50921,0.05907
846.58078,0.05977
844.65235,0.06065
842.72392,0.06188
840.79549,0.06419
838.86706,0.06616
836.93863,0.06675
835.01020,0.06768
833.08177,0.07068
831.15334,0.07475
829.22491,0.07788
827.29648,0.07972
825.36805,0.08103
823.43962,0.08174
821.51119,0.08141
819.58276,0.08166
817.65433,0.08308
815.72590,0.08303
813.79747,0.08230
811.86904,0.08298
809.94061,0.08213
808.01218,0.07822
806.08375,0.07391
804.15532,0.07200
802.22689,0.07317
800.29846,0.07389
798.37003,0.07088
796.44160,0.06762
794.51317,0.06786
792.58474,0.06955
790.65631,0.07068
788.72788,0.07078
786.79945,0.06859
784.87102,0.06351
782.94259,0.05674
781.01416,0.05172
779.08573,0.04968
777.15730,0.04908
775.22887,0.05069
773.30044,0.05354
771.37201,0.05424
769.44358,0.05356
767.51515,0.05410
765.58672,0.05549
763.65829,0.05540
761.72986,0.05332
759.80143,0.05321
757.87300,0.05820
755.94457,0.06421
754.01614,0.06661
752.08771,0.06795
750.15928,0.07046
748.23085,0.07060
746.30242,0.06817
744.37399,0.06633
742.44556,0.06299
740.51713,0.05723
738.58870,0.05395
736.66027,0.05561
734.73184,0.05946
732.80341,0.06078
730.87498,0.05937
728.94655,0.05809
727.01812,0.05440
725.08969,0.04833
723.16126,0.04637
721.23283,0.04626
719.30440,0.04600
717.37597,0.04407
715.44754,0.03973
713.51911,0.03458
711.59068,0.03221
709.66225,0.03345
707.73382,0.03380
705.80539,0.03062
703.87696,0.02844
701.94853,0.03208
700.02010,0.03996
698.09167,0.04748
696.16324,0.05195
694.23481,0.05157
692.30638,0.04656
690.37795,0.04227
688.44952,0.04263
686.52109,0.04548
684.59266,0.04794
682.66423,0.04902
680.73580,0.05026
678.80737,0.05533
676.87894,0.06239
674.95051,0.06548
673.02208,0.07037
671.09365,0.08966
669.16522,0.11150
667.23679,0.10571
665.30836,0.08791
663.37993,0.08493
661.45150,0.09423
659.52307,0.10186
657.59464,0.09900
655.66621,0.08549
653.73778,0.07057
651.80935,0.06323
649.88092,0.06099
647.95249,0.05737
646.02406,0.05432
644.09563,0.05622
642.16720,0.06038
640.23877,0.05899
638.31034,0.04867
636.38191,0.03476
634.45348,0.02611
632.52505,0.02702
630.59662,0.03420
628.66819,0.03672
626.73976,0.02989
624.81133,0.02354
622.88290,0.02631
620.95447,0.03240
619.02604,0.03181
617.09761,0.02929
615.16918,0.03001
613.24075,0.04109
611.31232,0.05570
609.38389,0.05422
607.45546,0.03694
605.52703,0.01861
603.59860,0.00697
601.67017,0.00000
599.74174,0.00000
