4001.49232,0.00535
3999.56389,0.00668
3997.63546,0.00695
3995.70703,0.00629
3993.77860,0.00583
3991.85017,0.00618
3989.92174,0.00687
3987.99331,0.00713
3986.06488,0.00676
3984.13645,0.00612
3982.20802,0.00554
3980.27959,0.00528
3978.35116,0.00537
3976.42273,0.00535
3974.49430,0.00469
3972.56587,0.00383
3970.63744,0.00331
3968.70901,0.00282
3966.78058,0.00265
3964.85215,0.00361
3962.92372,0.00482
3960.99529,0.00448
3959.06686,0.00279
3957.13843,0.00107
3955.21000,0.00000
3953.28157,0.00029
3951.35314,0.00211
3949.42471,0.00399
3947.49628,0.00435
3945.56785,0.00379
3943.63942,0.00318
3941.71099,0.00264
3939.78256,0.00269
3937.85413,0.00317
3935.92570,0.00392
3933.99727,0.00485
3932.06884,0.00470
3930.14041,0.00335
3928.21198,0.00275
3926.28355,0.00278
3924.35512,0.00176
3922.42669,0.00086
3920.49826,0.00186
3918.56982,0.00328
3916.64139,0.00339
3914.71296,0.00309
3912.78453,0.00306
3910.85610,0.00271
3908.92767,0.00303
3906.99924,0.00558
3905.07081,0.00863
3903.14238,0.00907
3901.21395,0.00703
3899.28552,0.00424
3897.35709,0.00281
3895.42866,0.00454
3893.50023,0.00716
3891.57180,0.00667
3889.64337,0.00519
3887.71494,0.00611
3885.78651,0.00560
3883.85808,0.00236
3881.92965,0.00078
3880.00122,0.00053
3878.07279,0.00167
3876.14436,0.00427
3874.21593,0.00454
3872.28750,0.00236
3870.35907,0.00049
3868.43064,0.00062
3866.50221,0.00349
3864.57378,0.00461
3862.64535,0.00236
3860.71692,0.00189
3858.78849,0.00453
3856.86006,0.00812
3854.93163,0.00937
3853.00320,0.00532
3851.07477,0.00140
3849.14634,0.00220
3847.21791,0.00490
3845.28948,0.00619
3843.36105,0.00547
3841.43262,0.00449
3839.50419,0.00372
3837.57576,0.00213
3835.64733,0.00136
3833.71890,0.00172
3831.79047,0.00186
3829.86204,0.00263
3827.93361,0.00399
3826.00518,0.00432
3824.07675,0.00500
3822.14832,0.00583
3820.21989,0.00515
3818.29146,0.00662
3816.36303,0.00739
3814.43460,0.00393
3812.50617,0.00173
3810.57774,0.00275
3808.64931,0.00374
3806.72088,0.00306
3804.79245,0.00409
3802.86402,0.00659
3800.93559,0.00530
3799.00716,0.00341
3797.07873,0.00298
3795.15030,0.00154
3793.22187,0.00087
3791.29344,0.00155
3789.36501,0.00209
3787.43658,0.00262
3785.50815,0.00255
3783.57972,0.00169
3781.65129,0.00171
3779.72286,0.00159
3777.79443,0.00028
3775.86600,0.00000
3773.93757,0.00141
3772.00914,0.00307
3770.08071,0.00334
3768.15228,0.00266
3766.22385,0.00234
3764.29542,0.00238
3762.36699,0.00381
3760.43856,0.00526
3758.51013,0.00432
3756.58170,0.00372
3754.65327,0.00592
3752.72484,0.00841
3750.79641,0.00826
3748.86798,0.00824
3746.93955,0.01050
3745.01112,0.01094
3743.08269,0.00875
3741.15426,0.00917
3739.22583,0.01281
3737.29740,0.01530
3735.36897,0.01280
3733.44054,0.00724
3731.51211,0.00439
3729.58368,0.00537
3727.65525,0.00679
3725.72682,0.00620
3723.79839,0.00521
3721.86996,0.00477
3719.94153,0.00373
3718.01310,0.00274
3716.08467,0.00312
3714.15624,0.00480
3712.22781,0.00505
3710.29938,0.00214
3708.37095,0.00000
3706.44252,0.00063
3704.51409,0.00252
3702.58566,0.00296
3700.65723,0.00148
3698.72880,0.00079
3696.80037,0.00170
3694.87194,0.00350
3692.94351,0.00587
3691.01508,0.00665
3689.08665,0.00379
3687.15822,0.00122
3685.22979,0.00170
3683.30136,0.00327
3681.37293,0.00443
3679.44450,0.00606
3677.51607,0.00797
3675.58764,0.00646
3673.65921,0.00369
3671.73078,0.00472
3669.80235,0.00428
3667.87392,0.00167
3665.94549,0.00168
3664.01706,0.00295
3662.08863,0.00318
3660.16020,0.00315
3658.23177,0.00309
3656.30334,0.00174
3654.37491,0.00129
3652.44648,0.00378
3650.51805,0.00455
3648.58962,0.00112
3646.66119,0.00000
3644.73276,0.00219
3642.80433,0.00378
3640.87590,0.00323
3638.94747,0.00215
3637.01904,0.00198
3635.09061,0.00254
3633.16218,0.00380
3631.23375,0.00558
3629.30532,0.00467
3627.37689,0.00098
3625.44846,0.00078
3623.52003,0.00400
3621.59160,0.00674
3619.66317,0.00627
3617.73474,0.00413
3615.80631,0.00443
3613.87788,0.00590
3611.94945,0.00681
3610.02102,0.00794
3608.09259,0.00747
3606.16416,0.00564
3604.23573,0.00606
3602.30730,0.00786
3600.37887,0.00779
3598.45044,0.00648
3596.52201,0.00559
3594.59358,0.00439
3592.66515,0.00385
3590.73672,0.00578
3588.80829,0.00730
3586.87986,0.00501
3584.95143,0.00275
3583.02300,0.00309
3581.09457,0.00333
3579.16614,0.00239
3577.23771,0.00143
3575.30928,0.00056
3573.38085,0.00006
3571.45242,0.00107
3569.52399,0.00270
3567.59556,0.00218
3565.66713,0.00046
3563.73870,0.00116
3561.81027,0.00294
3559.88184,0.00327
3557.95341,0.00262
3556.02498,0.00239
3554.09655,0.00255
3552.16812,0.00242
3550.23969,0.00299
3548.31126,0.00514
3546.38283,0.00646
3544.45440,0.00481
3542.52597,0.00231
3540.59754,0.00143
3538.66911,0.00179
3536.74068,0.00179
3534.81225,0.00120
3532.88382,0.00099
3530.95539,0.00143
3529.02696,0.00197
3527.09853,0.00265
3525.17010,0.00328
3523.24167,0.00242
3521.31324,0.00039
3519.38481,-0.00067
3517.45638,-0.00051
3515.52795,-0.00016
3513.59952,0.00017
3511.67109,0.00052
3509.74266,0.00043
3507.81423,0.00017
3505.88580,0.00045
3503.95737,0.00070
3502.02894,0.00031
3500.10051,0.00049
3498.17208,0.00156
3496.24365,0.00185
3494.31522,0.00084
3492.38679,0.00000
3490.45836,0.00022
3488.52993,0.00090
3486.60150,0.00130
3484.67307,0.00121
3482.74464,0.00054
3480.81621,-0.00015
3478.88778,0.00012
3476.95935,0.00101
3475.03092,0.00138
3473.10249,0.00089
3471.17406,0.00010
3469.24563,-0.00032
3467.31720,-0.00019
3465.38877,0.00021
3463.46034,0.00058
3461.53191,0.00082
3459.60348,0.00088
3457.67505,0.00073
3455.74662,0.00046
3453.81819,0.00021
3451.88976,0.00008
3449.96133,0.00032
3448.03290,0.00077
3446.10447,0.00113
3444.17604,0.00153
3442.24761,0.00161
3440.31918,0.00152
3438.39075,0.00186
3436.46232,0.00196
3434.53389,0.00140
3432.60546,0.00119
3430.67703,0.00171
3428.74860,0.00196
3426.82017,0.00140
3424.89174,0.00101
3422.96331,0.00141
3421.03488,0.00140
3419.10645,0.00048
3417.17802,0.00044
3415.24959,0.00175
3413.32116,0.00274
3411.39273,0.00268
3409.46430,0.00259
3407.53587,0.00274
3405.60744,0.00283
3403.67901,0.00327
3401.75058,0.00409
3399.82215,0.00532
3397.89372,0.00519
3395.96529,0.00501
3394.03686,0.00460
3392.10843,0.00346
3390.18000,0.00213
3388.25157,0.00187
3386.32314,0.00265
3384.39471,0.00336
3382.46628,0.00366
3380.53785,0.00401
3378.60942,0.00440
3376.68099,0.00459
3374.75256,0.00443
3372.82413,0.00398
3370.89570,0.00388
3368.96727,0.00432
3367.03884,0.00491
3365.11041,0.00519
3363.18198,0.00476
3361.25355,0.00374
3359.32512,0.00309
3357.39669,0.00358
3355.46826,0.00439
3353.53983,0.00449
3351.61140,0.00445
3349.68297,0.00491
3347.75454,0.00542
3345.82611,0.00535
3343.89768,0.00476
3341.96925,0.00457
3340.04082,0.00541
3338.11239,0.00643
3336.18396,0.00652
3334.25553,0.00631
3332.32710,0.00671
3330.39867,0.00717
3328.47024,0.00735
3326.54181,0.00739
3324.61338,0.00689
3322.68495,0.00608
3320.75652,0.00606
3318.82809,0.00672
3316.89966,0.00704
3314.97122,0.00708
3313.04279,0.00772
3311.11436,0.00883
3309.18593,0.00928
3307.25750,0.00885
3305.32907,0.00835
3303.40064,0.00778
3301.47221,0.00700
3299.54378,0.00687
3297.61535,0.00774
3295.68692,0.00887
3293.75849,0.00953
3291.83006,0.00980
3289.90163,0.01011
3287.97320,0.01032
3286.04477,0.01011
3284.11634,0.00940
3282.18791,0.00846
3280.25948,0.00829
3278.33105,0.00939
3276.40262,0.01053
3274.47419,0.01050
3272.54576,0.00990
3270.61733,0.00949
3268.68890,0.00891
3266.76047,0.00827
3264.83204,0.00825
3262.90361,0.00873
3260.97518,0.00929
3259.04675,0.00961
3257.11832,0.00948
3255.18989,0.00887
3253.26146,0.00787
3251.33303,0.00721
3249.40460,0.00741
3247.47617,0.00784
3245.54774,0.00757
3243.61931,0.00676
3241.69088,0.00605
3239.76245,0.00543
3237.83402,0.00501
3235.90559,0.00485
3233.97716,0.00456
3232.04873,0.00455
3230.12030,0.00551
3228.19187,0.00669
3226.26344,0.00686
3224.33501,0.00616
3222.40658,0.00548
3220.47815,0.00521
3218.54972,0.00525
3216.62129,0.00531
3214.69286,0.00530
3212.76443,0.00559
3210.83600,0.00591
3208.90757,0.00549
3206.97914,0.00485
3205.05071,0.00454
3203.12228,0.00438
3201.19385,0.00457
3199.26542,0.00480
3197.33699,0.00424
3195.40856,0.00327
3193.48013,0.00283
3191.55170,0.00269
3189.62327,0.00253
3187.69484,0.00275
3185.76641,0.00346
3183.83798,0.00408
3181.90955,0.00405
3179.98112,0.00343
3178.05269,0.00237
3176.12426,0.00148
3174.19583,0.00171
3172.26740,0.00263
3170.33897,0.00306
3168.41054,0.00253
3166.48211,0.00154
3164.55368,0.00115
3162.62525,0.00180
3160.69682,0.00267
3158.76839,0.00290
3156.83996,0.00239
3154.91153,0.00184
3152.98310,0.00206
3151.05467,0.00280
3149.12624,0.00295
3147.19781,0.00230
3145.26938,0.00174
3143.34095,0.00155
3141.41252,0.00127
3139.48409,0.00098
3137.55566,0.00109
3135.62723,0.00149
3133.69880,0.00170
3131.77037,0.00130
3129.84194,0.00066
3127.91351,0.00039
3125.98508,0.00060
3124.05665,0.00097
3122.12822,0.00106
3120.19979,0.00096
3118.27136,0.00094
3116.34293,0.00095
3114.41450,0.00078
3112.48607,0.00053
3110.55764,0.00058
3108.62921,0.00074
3106.70078,0.00071
3104.77235,0.00096
3102.84392,0.00151
3100.91549,0.00171
3098.98706,0.00162
3097.05863,0.00142
3095.13020,0.00082
3093.20177,0.00015
3091.27334,0.00000
3089.34491,0.00031
3087.41648,0.00088
3085.48805,0.00137
3083.55962,0.00173
3081.63119,0.00214
3079.70276,0.00252
3077.77433,0.00234
3075.84590,0.00162
3073.91747,0.00100
3071.98904,0.00058
3070.06061,0.00044
3068.13218,0.00089
3066.20375,0.00119
3064.27532,0.00067
3062.34689,0.00015
3060.41846,0.00044
3058.49003,0.00117
3056.56160,0.00143
3054.63317,0.00118
3052.70474,0.00107
3050.77631,0.00108
3048.84788,0.00084
3046.91945,0.00032
3044.99102,-0.00012
3043.06259,0.00010
3041.13416,0.00099
3039.20573,0.00162
3037.27730,0.00141
3035.34887,0.00093
3033.42044,0.00088
3031.49201,0.00098
3029.56358,0.00075
3027.63515,0.00050
3025.70672,0.00062
3023.77829,0.00091
3021.84986,0.00089
3019.92143,0.00041
3017.99300,0.00004
3016.06457,0.00029
3014.13614,0.00087
3012.20771,0.00101
3010.27928,0.00057
3008.35085,0.00005
3006.42242,-0.00006
3004.49399,0.00011
3002.56556,0.00008
3000.63713,0.00000
2998.70870,0.00080
2996.78027,0.00145
2994.85184,0.00172
2992.92341,0.00128
2990.99498,0.00062
2989.06655,0.00063
2987.13812,0.00107
2985.20969,0.00152
2983.28126,0.00188
2981.35283,0.00170
2979.42440,0.00122
2977.49597,0.00122
2975.56754,0.00150
2973.63911,0.00158
2971.71068,0.00161
2969.78225,0.00161
2967.85382,0.00138
2965.92539,0.00134
2963.99696,0.00172
2962.06853,0.00182
2960.14010,0.00157
2958.21167,0.00152
2956.28324,0.00144
2954.35481,0.00096
2952.42638,0.00062
2950.49795,0.00078
2948.56952,0.00107
2946.64109,0.00102
2944.71266,0.00066
2942.78423,0.00041
2940.85580,0.00059
2938.92737,0.00113
2936.99894,0.00170
2935.07051,0.00170
2933.14208,0.00098
2931.21365,0.00045
2929.28522,0.00083
2927.35679,0.00159
2925.42836,0.00195
2923.49993,0.00200
2921.57150,0.00194
2919.64307,0.00155
2917.71464,0.00098
2915.78621,0.00069
2913.85778,0.00059
2911.92935,0.00064
2910.00092,0.00094
2908.07249,0.00101
2906.14406,0.00057
2904.21563,0.00019
2902.28720,0.00012
2900.35877,0.00006
2898.43034,0.00014
2896.50191,0.00042
2894.57348,0.00056
2892.64505,0.00057
2890.71662,0.00079
2888.78819,0.00129
2886.85976,0.00170
2884.93133,0.00194
2883.00290,0.00215
2881.07447,0.00220
2879.14604,0.00199
2877.21761,0.00163
2875.28918,0.00143
2873.36075,0.00134
2871.43232,0.00119
2869.50389,0.00119
2867.57546,0.00131
2865.64703,0.00145
2863.71860,0.00186
2861.79017,0.00219
2859.86174,0.00153
2857.93331,0.00035
2856.00488,0.00000
2854.07645,0.00057
2852.14802,0.00134
2850.21959,0.00190
2848.29116,0.00211
2846.36273,0.00188
2844.43430,0.00150
2842.50587,0.00136
2840.57744,0.00136
2838.64901,0.00142
2836.72058,0.00165
2834.79215,0.00196
2832.86372,0.00210
2830.93529,0.00205
2829.00686,0.00197
2827.07843,0.00180
2825.15000,0.00154
2823.22157,0.00136
2821.29314,0.00107
2819.36471,0.00068
2817.43628,0.00079
2815.50785,0.00125
2813.57942,0.00133
2811.65099,0.00119
2809.72256,0.00117
2807.79413,0.00119
2805.86570,0.00111
2803.93727,0.00099
2802.00884,0.00110
2800.08041,0.00148
2798.15198,0.00174
2796.22355,0.00151
2794.29512,0.00083
2792.36669,0.00039
2790.43826,0.00068
2788.50983,0.00124
2786.58140,0.00145
2784.65297,0.00135
2782.72454,0.00125
2780.79611,0.00122
2778.86768,0.00096
2776.93925,0.00043
2775.01082,0.00028
2773.08239,0.00078
2771.15396,0.00124
2769.22553,0.00117
2767.29710,0.00113
2765.36867,0.00152
2763.44024,0.00181
2761.51181,0.00153
2759.58338,0.00088
2757.65495,0.00027
2755.72652,0.00000
2753.79809,0.00020
2751.86966,0.00055
2749.94123,0.00071
2748.01280,0.00092
2746.08437,0.00107
2744.15594,0.00088
2742.22751,0.00066
2740.29908,0.00049
2738.37065,0.00008
2736.44222,-0.00032
2734.51379,-0.00020
2732.58536,0.00013
2730.65693,0.00004
2728.72850,-0.00018
2726.80007,0.00000
2724.87164,0.00037
2722.94321,0.00037
2721.01478,0.00004
2719.08635,-0.00012
2717.15792,0.00008
2715.22949,0.00037
2713.30105,0.00052
2711.37262,0.00075
2709.44419,0.00119
2707.51576,0.00143
2705.58733,0.00110
2703.65890,0.00044
2701.73047,0.00000
2699.80204,0.00004
2697.87361,0.00024
2695.94518,0.00040
2694.01675,0.00060
2692.08832,0.00067
2690.15989,0.00067
2688.23146,0.00088
2686.30303,0.00112
2684.37460,0.00086
2682.44617,0.00026
2680.51774,-0.00004
2678.58931,0.00010
2676.66088,0.00080
2674.73245,0.00173
2672.80402,0.00184
2670.87559,0.00116
2668.94716,0.00057
2667.01873,0.00038
2665.09030,0.00058
2663.16187,0.00095
2661.23344,0.00095
2659.30501,0.00053
2657.37658,0.00010
2655.44815,0.00000
2653.51972,0.00031
2651.59129,0.00076
2649.66286,0.00104
2647.73443,0.00097
2645.80600,0.00046
2643.87757,0.00015
2641.94914,0.00041
2640.02071,0.00070
2638.09228,0.00093
2636.16385,0.00118
2634.23542,0.00106
2632.30699,0.00056
2630.37856,0.00014
2628.45013,0.00000
2626.52170,0.00002
2624.59327,0.00018
2622.66484,0.00059
2620.73641,0.00103
2618.80798,0.00116
2616.87955,0.00115
2614.95112,0.00133
2613.02269,0.00164
2611.09426,0.00179
2609.16583,0.00157
2607.23740,0.00120
2605.30897,0.00098
2603.38054,0.00093
2601.45211,0.00100
2599.52368,0.00117
2597.59525,0.00141
2595.66682,0.00158
2593.73839,0.00159
2591.80996,0.00148
2589.88153,0.00110
2587.95310,0.00041
2586.02467,0.00000
2584.09624,0.00029
2582.16781,0.00094
2580.23938,0.00123
2578.31095,0.00101
2576.38252,0.00074
2574.45409,0.00070
2572.52566,0.00095
2570.59723,0.00122
2568.66880,0.00095
2566.74037,0.00036
2564.81194,0.00026
2562.88351,0.00056
2560.95508,0.00050
2559.02665,0.00021
2557.09822,0.00042
2555.16979,0.00092
2553.24136,0.00087
2551.31293,0.00044
2549.38450,0.00038
2547.45607,0.00062
2545.52764,0.00091
2543.59921,0.00132
2541.67078,0.00183
2539.74235,0.00207
2537.81392,0.00167
2535.88549,0.00091
2533.95706,0.00045
2532.02863,0.00045
2530.10020,0.00058
2528.17177,0.00070
2526.24334,0.00072
2524.31491,0.00042
2522.38648,0.00020
2520.45805,0.00061
2518.52962,0.00113
2516.60119,0.00112
2514.67276,0.00089
2512.74433,0.00085
2510.81590,0.00086
2508.88747,0.00085
2506.95904,0.00085
2505.03061,0.00069
2503.10218,0.00037
2501.17375,0.00011
2499.24532,0.00000
2497.31689,0.00020
2495.38846,0.00070
2493.46003,0.00092
2491.53160,0.00067
2489.60317,0.00029
2487.67474,0.00005
2485.74631,0.00013
2483.81788,0.00038
2481.88945,0.00042
2479.96102,0.00027
2478.03259,0.00014
2476.10416,0.00007
2474.17573,0.00016
2472.24730,0.00054
2470.31887,0.00081
2468.39044,0.00065
2466.46201,0.00048
2464.53358,0.00042
2462.60515,0.00031
2460.67672,0.00041
2458.74829,0.00080
2456.81986,0.00102
2454.89143,0.00090
2452.96300,0.00089
2451.03457,0.00095
2449.10614,0.00069
2447.17771,0.00031
2445.24928,0.00009
2443.32085,0.00005
2441.39242,0.00005
2439.46399,-0.00007
2437.53556,-0.00007
2435.60713,0.00010
2433.67870,0.00001
2431.75027,0.00001
2429.82184,-0.00000
2427.89341,-0.00001
2425.96498,-0.00001
2424.03655,-0.00002
2422.10812,-0.00002
2420.17969,-0.00002
2418.25126,-0.00002
2416.32283,-0.00002
2414.39440,-0.00002
2412.46597,-0.00002
2410.53754,-0.00002
2408.60911,-0.00001
2406.68068,-0.00001
2404.75225,-0.00001
2402.82382,-0.00000
2400.89539,0.00000
2398.96696,-0.00004
2397.03853,-0.00007
2395.11010,-0.00010
2393.18167,-0.00014
2391.25324,-0.00017
2389.32481,-0.00020
2387.39638,-0.00023
2385.46795,-0.00025
2383.53952,-0.00028
2381.61109,-0.00031
2379.68266,-0.00033
2377.75423,-0.00035
2375.82580,-0.00038
2373.89737,-0.00040
2371.96894,-0.00042
2370.04051,-0.00044
2368.11208,-0.00045
2366.18365,-0.00047
2364.25522,-0.00049
2362.32679,-0.00050
2360.39836,-0.00051
2358.46993,-0.00053
2356.54150,-0.00054
2354.61307,-0.00055
2352.68464,-0.00055
2350.75621,-0.00056
2348.82778,-0.00057
2346.89935,-0.00057
2344.97092,-0.00058
2343.04249,-0.00058
2341.11406,-0.00058
2339.18563,-0.00058
2337.25720,-0.00058
2335.32877,-0.00058
2333.40034,-0.00058
2331.47191,-0.00057
2329.54348,-0.00057
2327.61505,-0.00056
2325.68662,-0.00056
2323.75819,-0.00055
2321.82976,-0.00054
2319.90133,-0.00053
2317.97290,-0.00052
2316.04447,-0.00050
2314.11604,-0.00049
2312.18761,-0.00047
2310.25918,-0.00046
2308.33075,-0.00044
2306.40232,-0.00042
2304.47389,-0.00040
2302.54546,-0.00038
2300.61703,-0.00036
2298.68860,-0.00033
2296.76017,-0.00031
2294.83174,-0.00028
2292.90331,-0.00026
2290.97488,-0.00023
2289.04645,-0.00020
2287.11802,-0.00017
2285.18959,-0.00014
2283.26116,-0.00011
2281.33273,-0.00008
2279.40430,-0.00004
2277.47587,-0.00001
2275.54744,0.00003
2273.61901,0.00007
2271.69058,0.00011
2269.76215,0.00015
2267.83372,0.00019
2265.90529,0.00023
2263.97686,0.00028
2262.04843,0.00007
2260.12000,0.00000
2258.19157,0.00004
2256.26314,0.00015
2254.33471,0.00029
2252.40628,0.00030
2250.47785,0.00042
2248.54942,0.00117
2246.62099,0.00103
2244.69256,0.00082
2242.76413,0.00083
2240.83570,0.00086
2238.90727,0.00060
2236.97884,0.00021
2235.05041,0.00025
2233.12198,0.00055
2231.19355,0.00063
2229.26512,0.00067
2227.33669,0.00084
2225.40826,0.00103
2223.47983,0.00115
2221.55140,0.00095
2219.62297,0.00052
2217.69454,0.00032
2215.76611,0.00039
2213.83768,0.00060
2211.90925,0.00092
2209.98082,0.00117
2208.05239,0.00114
2206.12396,0.00074
2204.19553,0.00016
2202.26710,0.00000
2200.33867,0.00033
2198.41024,0.00047
2196.48181,0.00028
2194.55338,0.00028
2192.62495,0.00034
2190.69652,0.00026
2188.76809,0.00031
2186.83966,0.00054
2184.91123,0.00066
2182.98280,0.00058
2181.05437,0.00045
2179.12594,0.00024
2177.19751,0.00000
2175.26908,0.00001
2173.34065,0.00025
2171.41222,0.00032
2169.48379,0.00029
2167.55536,0.00037
2165.62693,0.00035
2163.69850,0.00017
2161.77007,0.00029
2159.84164,0.00073
2157.91321,0.00093
2155.98478,0.00066
2154.05635,0.00037
2152.12792,0.00048
2150.19949,0.00076
2148.27106,0.00087
2146.34263,0.00093
2144.41420,0.00104
2142.48577,0.00113
2140.55734,0.00112
2138.62891,0.00100
2136.70048,0.00100
2134.77205,0.00103
2132.84362,0.00072
2130.91519,0.00028
2128.98676,0.00010
2127.05833,0.00009
2125.12990,0.00020
2123.20147,0.00038
2121.27304,0.00029
2119.34461,0.00002
2117.41618,0.00023
2115.48775,0.00058
2113.55932,0.00040
2111.63089,0.00023
2109.70245,0.00041
2107.77402,0.00039
2105.84559,0.00018
2103.91716,0.00020
2101.98873,0.00041
2100.06030,0.00046
2098.13187,0.00023
2096.20344,-0.00007
2094.27501,-0.00007
2092.34658,0.00025
2090.41815,0.00070
2088.48972,0.00090
2086.56129,0.00073
2084.63286,0.00070
2082.70443,0.00098
2080.77600,0.00103
2078.84757,0.00066
2076.91914,0.00025
2074.99071,0.00000
2073.06228,-0.00001
2071.13385,0.00045
2069.20542,0.00131
2067.27699,0.00213
2065.34856,0.00220
2063.42013,0.00148
2061.49170,0.00083
2059.56327,0.00049
2057.63484,0.00028
2055.70641,0.00029
2053.77798,0.00034
2051.84955,0.00015
2049.92112,-0.00012
2047.99269,-0.00009
2046.06426,0.00019
2044.13583,0.00044
2042.20740,0.00055
2040.27897,0.00054
2038.35054,0.00048
2036.42211,0.00045
2034.49368,0.00046
2032.56525,0.00030
2030.63682,-0.00005
2028.70839,-0.00014
2026.77996,0.00009
2024.85153,0.00024
2022.92310,0.00013
2020.99467,0.00032
2019.06624,0.00113
2017.13781,0.00173
2015.20938,0.00158
2013.28095,0.00126
2011.35252,0.00118
2009.42409,0.00140
2007.49566,0.00159
2005.56723,0.00137
2003.63880,0.00102
2001.71037,0.00097
1999.78194,0.00112
1997.85351,0.00114
1995.92508,0.00111
1993.99665,0.00116
1992.06822,0.00101
1990.13979,0.00075
1988.21136,0.00066
1986.28293,0.00079
1984.35450,0.00102
1982.42607,0.00118
1980.49764,0.00108
1978.56921,0.00065
1976.64078,0.00014
1974.71235,-0.00009
1972.78392,0.00004
1970.85549,0.00058
1968.92706,0.00108
1966.99863,0.00080
1965.07020,0.00036
1963.14177,0.00053
1961.21334,0.00080
1959.28491,0.00083
1957.35648,0.00076
1955.42805,0.00054
1953.49962,0.00032
1951.57119,0.00048
1949.64276,0.00098
1947.71433,0.00148
1945.78590,0.00184
1943.85747,0.00164
1941.92904,0.00067
1940.00061,0.00014
1938.07218,0.00041
1936.14375,0.00046
1934.21532,0.00013
1932.28689,0.00000
1930.35846,0.00025
1928.43003,0.00069
1926.50160,0.00132
1924.57317,0.00177
1922.64474,0.00158
1920.71631,0.00140
1918.78788,0.00144
1916.85945,0.00116
1914.93102,0.00115
1913.00259,0.00173
1911.07416,0.00204
1909.14573,0.00160
1907.21730,0.00097
1905.28887,0.00075
1903.36044,0.00068
1901.43201,0.00044
1899.50358,0.00030
1897.57515,0.00042
1895.64672,0.00056
1893.71829,0.00093
1891.78986,0.00169
1889.86143,0.00181
1887.93300,0.00111
1886.00457,0.00075
1884.07614,0.00081
1882.14771,0.00085
1880.21928,0.00073
1878.29085,0.00038
1876.36242,0.00000
1874.43399,-0.00002
1872.50556,0.00074
1870.57713,0.00178
1868.64870,0.00186
1866.72027,0.00116
1864.79184,0.00097
1862.86341,0.00127
1860.93498,0.00152
1859.00655,0.00144
1857.07812,0.00101
1855.14969,0.00039
1853.22126,0.00000
1851.29283,0.00035
1849.36440,0.00156
1847.43597,0.00324
1845.50754,0.00422
1843.57911,0.00336
1841.65068,0.00204
1839.72225,0.00176
1837.79382,0.00193
1835.86539,0.00202
1833.93696,0.00230
1832.00853,0.00244
1830.08010,0.00169
1828.15167,0.00101
1826.22324,0.00126
1824.29481,0.00118
1822.36638,0.00063
1820.43795,0.00063
1818.50952,0.00108
1816.58109,0.00129
1814.65266,0.00111
1812.72423,0.00061
1810.79580,0.00004
1808.86737,0.00000
1806.93894,0.00052
1805.01051,0.00129
1803.08208,0.00170
1801.15365,0.00118
1799.22522,0.00047
1797.29679,0.00088
1795.36836,0.00201
1793.43993,0.00217
1791.51150,0.00093
1789.58307,0.00045
1787.65464,0.00148
1785.72621,0.00241
1783.79778,0.00229
1781.86935,0.00145
1779.94092,0.00039
1778.01249,-0.00002
1776.08406,0.00052
1774.15563,0.00090
1772.22720,0.00039
1770.29877,0.00031
1768.37034,0.00082
1766.44191,0.00103
1764.51348,0.00134
1762.58505,0.00139
1760.65662,0.00077
1758.72819,0.00044
1756.79976,0.00036
1754.87133,0.00075
1752.94290,0.00202
1751.01447,0.00253
1749.08604,0.00114
1747.15761,0.00000
1745.22918,0.00033
1743.30075,0.00097
1741.37232,0.00071
1739.44389,-0.00005
1737.51546,0.00049
1735.58703,0.00182
1733.65860,0.00137
1731.73017,0.00013
1729.80174,-0.00025
1727.87331,-0.00028
1725.94488,-0.00003
1724.01645,0.00018
1722.08802,0.00045
1720.15959,0.00144
1718.23116,0.00245
1716.30273,0.00233
1714.37430,0.00195
1712.44587,0.00232
1710.51744,0.00296
1708.58901,0.00374
1706.66058,0.00480
1704.73215,0.00619
1702.80372,0.00790
1700.87529,0.00942
1698.94686,0.01064
1697.01843,0.01193
1695.09000,0.01268
1693.16157,0.01374
1691.23314,0.01546
1689.30471,0.01695
1687.37628,0.01863
1685.44785,0.02055
1683.51942,0.02189
1681.59099,0.02304
1679.66256,0.02436
1677.73413,0.02573
1675.80570,0.02693
1673.87727,0.02796
1671.94884,0.02932
1670.02041,0.03031
1668.09198,0.03125
1666.16355,0.03378
1664.23512,0.03694
1662.30669,0.03888
1660.37826,0.04009
1658.44983,0.04175
1656.52140,0.04369
1654.59297,0.04468
1652.66454,0.04424
1650.73611,0.04569
1648.80768,0.04731
1646.87925,0.04469
1644.95082,0.04138
1643.02239,0.04102
1641.09396,0.04150
1639.16553,0.04119
1637.23710,0.03933
1635.30867,0.03574
1633.38024,0.03346
1631.45181,0.03316
1629.52338,0.03268
1627.59495,0.03155
1625.66652,0.03102
1623.73809,0.03050
1621.80966,0.02957
1619.88123,0.02930
1617.95280,0.02827
1616.02437,0.02523
1614.09594,0.02298
1612.16751,0.02199
1610.23908,0.02005
1608.31065,0.01712
1606.38222,0.01511
1604.45379,0.01440
1602.52536,0.01375
1600.59693,0.01263
1598.66850,0.01150
1596.74007,0.01052
1594.81164,0.00953
1592.88321,0.00897
1590.95478,0.00893
1589.02635,0.00885
1587.09792,0.00880
1585.16949,0.00912
1583.24106,0.00975
1581.31263,0.01052
1579.38420,0.01133
1577.45577,0.01152
1575.52734,0.01106
1573.59891,0.01208
1571.67048,0.01410
1569.74205,0.01498
1567.81362,0.01557
1565.88519,0.01719
1563.95676,0.01877
1562.02833,0.01984
1560.09990,0.02100
1558.17147,0.02304
1556.24304,0.02637
1554.31461,0.02863
1552.38618,0.02955
1550.45775,0.03008
1548.52932,0.03059
1546.60089,0.03094
1544.67246,0.03014
1542.74403,0.02797
1540.81560,0.02585
1538.88717,0.02627
1536.95874,0.02857
1535.03031,0.02952
1533.10188,0.02748
1531.17345,0.02555
1529.24502,0.02524
1527.31659,0.02485
1525.38816,0.02461
1523.45973,0.02518
1521.53130,0.02462
1519.60287,0.02309
1517.67444,0.02127
1515.74601,0.01907
1513.81758,0.01811
1511.88915,0.01883
1509.96072,0.02008
1508.03229,0.01896
1506.10385,0.01381
1504.17542,0.01095
1502.24699,0.01154
1500.31856,0.01213
1498.39013,0.01080
1496.46170,0.00826
1494.53327,0.00681
1492.60484,0.00652
1490.67641,0.00521
1488.74798,0.00255
1486.81955,0.00112
1484.89112,0.00144
1482.96269,0.00184
1481.03426,0.00162
1479.10583,0.00183
1477.17740,0.00318
1475.24897,0.00458
1473.32054,0.00425
1471.39211,0.00274
1469.46368,0.00273
1467.53525,0.00396
1465.60682,0.00431
1463.67839,0.00373
1461.74996,0.00425
1459.82153,0.00591
1457.89310,0.00646
1455.96467,0.00512
1454.03624,0.00450
1452.10781,0.00492
1450.17938,0.00500
1448.25095,0.00402
1446.32252,0.00264
1444.39409,0.00195
1442.46566,0.00183
1440.53723,0.00214
1438.60880,0.00299
1436.68037,0.00333
1434.75194,0.00301
1432.82351,0.00311
1430.89508,0.00291
1428.96665,0.00216
1427.03822,0.00200
1425.10979,0.00223
1423.18136,0.00244
1421.25293,0.00339
1419.32450,0.00429
1417.39607,0.00385
1415.46764,0.00323
1413.53921,0.00300
1411.61078,0.00291
1409.68235,0.00320
1407.75392,0.00383
1405.82549,0.00403
1403.89706,0.00367
1401.96863,0.00392
1400.04020,0.00518
1398.11177,0.00655
1396.18334,0.00667
1394.25491,0.00523
1392.32648,0.00412
1390.39805,0.00422
1388.46962,0.00390
1386.54119,0.00238
1384.61276,0.00125
1382.68433,0.00121
1380.75590,0.00143
1378.82747,0.00154
1376.89904,0.00157
1374.97061,0.00122
1373.04218,0.00064
1371.11375,0.00033
1369.18532,0.00007
1367.25689,0.00000
1365.32846,0.00029
1363.40003,0.00069
1361.47160,0.00057
1359.54317,0.00044
1357.61474,0.00044
1355.68631,0.00022
1353.75788,-0.00001
1351.82945,0.00003
1349.90102,0.00016
1347.97259,0.00027
1346.04416,0.00046
1344.11573,0.00090
1342.18730,0.00165
1340.25887,0.00229
1338.33044,0.00248
1336.40201,0.00266
1334.47358,0.00331
1332.54515,0.00412
1330.61672,0.00448
1328.68829,0.00427
1326.75986,0.00409
1324.83143,0.00442
1322.90300,0.00508
1320.97457,0.00567
1319.04614,0.00607
1317.11771,0.00638
1315.18928,0.00666
1313.26085,0.00672
1311.33242,0.00658
1309.40399,0.00664
1307.47556,0.00711
1305.54713,0.00771
1303.61870,0.00811
1301.69027,0.00825
1299.76184,0.00846
1297.83341,0.00904
1295.90498,0.00979
1293.97655,0.01029
1292.04812,0.01057
1290.11969,0.01105
1288.19126,0.01189
1286.26283,0.01289
1284.33440,0.01381
1282.40597,0.01459
1280.47754,0.01532
1278.54911,0.01619
1276.62068,0.01730
1274.69225,0.01864
1272.76382,0.02018
1270.83539,0.02191
1268.90696,0.02384
1266.97853,0.02568
1265.05010,0.02724
1263.12167,0.02894
1261.19324,0.03119
1259.26481,0.03363
1257.33638,0.03582
1255.40795,0.03808
1253.47952,0.04051
1251.55109,0.04269
1249.62266,0.04452
1247.69423,0.04650
1245.76580,0.04900
1243.83737,0.05159
1241.90894,0.05356
1239.98051,0.05526
1238.05208,0.05718
1236.12365,0.05894
1234.19522,0.06023
1232.26679,0.06146
1230.33836,0.06271
1228.40993,0.06384
1226.48150,0.06525
1224.55307,0.06702
1222.62464,0.06835
1220.69621,0.06894
1218.76778,0.06917
1216.83935,0.06933
1214.91092,0.07007
1212.98249,0.07160
1211.05406,0.07293
1209.12563,0.07357
1207.19720,0.07414
1205.26877,0.07506
1203.34034,0.07597
1201.41191,0.07690
1199.48348,0.07761
1197.55505,0.07922
1195.62662,0.08102
1193.69819,0.08264
1191.76976,0.08446
1189.84133,0.08673
1187.91290,0.08899
1185.98447,0.09096
1184.05604,0.09282
1182.12761,0.09496
1180.19918,0.09735
1178.27075,0.09990
1176.34232,0.10292
1174.41389,0.10625
1172.48546,0.10938
1170.55703,0.11194
1168.62860,0.11445
1166.70017,0.11754
1164.77174,0.12018
1162.84331,0.12205
1160.91488,0.12482
1158.98645,0.12903
1157.05802,0.13366
1155.12959,0.13812
1153.20116,0.14216
1151.27273,0.14568
1149.34430,0.14917
1147.41587,0.15286
1145.48744,0.15599
1143.55901,0.15795
1141.63058,0.15902
1139.70215,0.16004
1137.77372,0.16143
1135.84529,0.16283
1133.91686,0.16404
1131.98843,0.16545
1130.06000,0.16735
1128.13157,0.17013
1126.20314,0.17400
1124.27471,0.17803
1122.34628,0.18177
1120.41785,0.18580
1118.48942,0.19033
1116.56099,0.19552
1114.63256,0.20129
1112.70413,0.20668
1110.77570,0.21092
1108.84727,0.21422
1106.91884,0.21760
1104.99041,0.22237
1103.06198,0.22951
1101.13355,0.23862
1099.20512,0.24874
1097.27669,0.25963
1095.34826,0.27104
1093.41983,0.28225
1091.49140,0.29315
1089.56297,0.30347
1087.63454,0.31145
1085.70611,0.31587
1083.77768,0.31777
1081.84925,0.31803
1079.92082,0.31677
1077.99239,0.31487
1076.06396,0.31285
1074.13553,0.31075
1072.20710,0.30870
1070.27867,0.30623
1068.35024,0.30377
1066.42181,0.30190
1064.49338,0.29933
1062.56495,0.29487
1060.63652,0.28908
1058.70809,0.28304
1056.77966,0.27738
1054.85123,0.27195
1052.92280,0.26549
1050.99437,0.25729
1049.06594,0.24797
1047.13751,0.23772
1045.20908,0.22686
1043.28065,0.21621
1041.35222,0.20501
1039.42379,0.19198
1037.49536,0.17825
1035.56693,0.16538
1033.63850,0.15289
1031.71007,0.14014
1029.78164,0.12738
1027.85321,0.11524
1025.92478,0.10449
1023.99635,0.09458
1022.06792,0.08441
1020.13949,0.07458
1018.21106,0.06634
1016.28263,0.05970
1014.35420,0.05400
1012.42577,0.04835
1010.49734,0.04220
1008.56891,0.03594
1006.64048,0.03018
1004.71205,0.02506
1002.78362,0.02024
1000.85519,0.01574
998.92676,0.01206
996.99833,0.00932
995.06990,0.00745
993.14147,0.00634
991.21304,0.00537
989.28461,0.00450
987.35618,0.00463
985.42775,0.00585
983.49932,0.00726
981.57089,0.00808
979.64246,0.00834
977.71403,0.00916
975.78560,0.01081
973.85717,0.01189
971.92874,0.01197
970.00031,0.01181
968.07188,0.01157
966.14345,0.01119
964.21502,0.01105
962.28659,0.01151
960.35816,0.01242
958.42973,0.01284
956.50130,0.01229
954.57287,0.01145
952.64444,0.01124
950.71601,0.01210
948.78758,0.01332
946.85915,0.01352
944.93072,0.01283
943.00229,0.01234
941.07386,0.01214
939.14543,0.01218
937.21700,0.01245
935.28857,0.01247
933.36014,0.01237
931.43171,0.01231
929.50328,0.01161
927.57485,0.01009
925.64642,0.00856
923.71799,0.00751
921.78956,0.00638
919.86113,0.00494
917.93270,0.00389
916.00427,0.00347
914.07584,0.00328
912.14741,0.00307
910.21898,0.00272
908.29055,0.00204
906.36212,0.00120
904.43368,0.00084
902.50525,0.00120
900.57682,0.00169
898.64839,0.00140
896.71996,0.00045
894.79153,0.00000
892.86310,0.00000
890.93467,-0.00012
889.00624,-0.00018
887.07781,0.00073
885.14938,0.00210
883.22095,0.00290
881.29252,0.00323
879.36409,0.00360
877.43566,0.00399
875.50723,0.00429
873.57880,0.00482
871.65037,0.00599
869.72194,0.00739
867.79351,0.00782
865.86508,0.00732
863.93665,0.00703
862.00822,0.00734
860.07979,0.00841
858.15136,0.01002
856.22293,0.01130
854.29450,0.01202
852.36607,0.01248
850.43764,0.01290
848.50921,0.01369
846.58078,0.01483
844.65235,0.01610
842.72392,0.01761
840.79549,0.01891
838.86706,0.01970
836.93863,0.02053
835.01020,0.02199
833.08177,0.02400
831.15334,0.02605
829.22491,0.02827
827.29648,0.03065
825.36805,0.03296
823.43962,0.03523
821.51119,0.03724
819.58276,0.03927
817.65433,0.04138
815.72590,0.04290
813.79747,0.04499
811.86904,0.04870
809.94061,0.05187
808.01218,0.05291
806.08375,0.05289
804.15532,0.05327
802.22689,0.05524
800.29846,0.05822
798.37003,0.05992
796.44160,0.05973
794.51317,0.05923
792.58474,0.05895
790.65631,0.05790
788.72788,0.05600
786.79945,0.05376
784.87102,0.05109
782.94259,0.04802
781.01416,0.04574
779.08573,0.04445
777.15730,0.04198
775.22887,0.03819
773.30044,0.03506
771.37201,0.03250
769.44358,0.02972
767.51515,0.02721
765.58672,0.02553
763.65829,0.02421
761.72986,0.02221
759.80143,0.01949
757.87300,0.01774
755.94457,0.01760
754.01614,0.01735
752.08771,0.01632
750.15928,0.01519
748.23085,0.01441
746.30242,0.01415
744.37399,0.01356
742.44556,0.01207
740.51713,0.01143
738.58870,0.01250
736.66027,0.01359
734.73184,0.01393
732.80341,0.01369
730.87498,0.01317
728.94655,0.01279
727.01812,0.01172
725.08969,0.01056
723.16126,0.01259
721.23283,0.01497
719.30440,0.01654
717.37597,0.01648
715.44754,0.01542
713.51911,0.01506
711.59068,0.01642
709.66225,0.01908
707.73382,0.02114
705.80539,0.02116
703.87696,0.02005
701.94853,0.01955
700.02010,0.01980
698.09167,0.01988
696.16324,0.01926
694.23481,0.01773
692.30638,0.01604
690.37795,0.01555
688.44952,0.01553
686.52109,0.01406
684.59266,0.01150
682.66423,0.00898
680.73580,0.00602
678.80737,0.00255
676.87894,-0.00024
674.95051,-0.00160
673.02208,-0.00019
671.09365,0.00625
669.16522,0.01497
667.23679,0.01707
665.30836,0.01369
663.37993,0.01258
661.45150,0.01437
659.52307,0.01571
657.59464,0.01482
655.66621,0.01022
653.73778,0.00323
651.80935,0.00000
649.88092,0.00091
647.95249,0.00094
646.02406,0.00029
644.09563,0.00200
642.16720,0.00455
640.23877,0.00719
638.31034,0.01112
636.38191,0.01405
634.45348,0.01315
632.52505,0.01004
630.59662,0.00718
628.66819,0.00492
626.73976,0.00373
624.81133,0.00392
622.88290,0.00519
620.95447,0.00868
619.02604,0.01142
617.09761,0.00931
615.16918,0.00469
613.24075,0.00230
611.31232,0.00313
609.38389,0.00489
607.45546,0.00601
605.52703,0.00658
603.59860,0.00420
601.67017,0.00027
599.74174,0.00000
