4001.49232,0.00350
3999.56389,0.00508
3997.63546,0.00540
3995.70703,0.00461
3993.77860,0.00403
3991.85017,0.00463
3989.92174,0.00556
3987.99331,0.00569
3986.06488,0.00520
3984.13645,0.00464
3982.20802,0.00422
3980.27959,0.00409
3978.35116,0.00449
3976.42273,0.00504
3974.49430,0.00485
3972.56587,0.00417
3970.63744,0.00362
3968.70901,0.00299
3966.78058,0.00269
3964.85215,0.00385
3962.92372,0.00546
3960.99529,0.00505
3959.06686,0.00299
3957.13843,0.00107
3955.21000,0.00000
3953.28157,0.00047
3951.35314,0.00271
3949.42471,0.00483
3947.49628,0.00486
3945.56785,0.00442
3943.63942,0.00465
3941.71099,0.00402
3939.78256,0.00326
3937.85413,0.00339
3935.92570,0.00426
3933.99727,0.00596
3932.06884,0.00640
3930.14041,0.00439
3928.21198,0.00297
3926.28355,0.00364
3924.35512,0.00331
3922.42669,0.00197
3920.49826,0.00315
3918.56982,0.00551
3916.64139,0.00581
3914.71296,0.00470
3912.78453,0.00397
3910.85610,0.00313
3908.92767,0.00313
3906.99924,0.00635
3905.07081,0.01022
3903.14238,0.01014
3901.21395,0.00814
3899.28552,0.00613
3897.35709,0.00379
3895.42866,0.00473
3893.50023,0.00881
3891.57180,0.00953
3889.64337,0.00659
3887.71494,0.00681
3885.78651,0.00687
3883.85808,0.00342
3881.92965,0.00301
3880.00122,0.00343
3878.07279,0.00277
3876.14436,0.00495
3874.21593,0.00626
3872.28750,0.00538
3870.35907,0.00483
3868.43064,0.00324
3866.50221,0.00503
3864.57378,0.00795
3862.64535,0.00609
3860.71692,0.00385
3858.78849,0.00487
3856.86006,0.00913
3854.93163,0.01381
3853.00320,0.01174
3851.07477,0.00527
3849.14634,0.00411
3847.21791,0.00661
3845.28948,0.00820
3843.36105,0.00716
3841.43262,0.00615
3839.50419,0.00674
3837.57576,0.00542
3835.64733,0.00349
3833.71890,0.00373
3831.79047,0.00442
3829.86204,0.00529
3827.93361,0.00669
3826.00518,0.00598
3824.07675,0.00583
3822.14832,0.00818
3820.21989,0.00703
3818.29146,0.00731
3816.36303,0.00961
3814.43460,0.00627
3812.50617,0.00316
3810.57774,0.00471
3808.64931,0.00738
3806.72088,0.00659
3804.79245,0.00571
3802.86402,0.00902
3800.93559,0.00818
3799.00716,0.00481
3797.07873,0.00493
3795.15030,0.00395
3793.22187,0.00306
3791.29344,0.00390
3789.36501,0.00447
3787.43658,0.00513
3785.50815,0.00512
3783.57972,0.00327
3781.65129,0.00316
3779.72286,0.00422
3777.79443,0.00264
3775.86600,0.00137
3773.93757,0.00266
3772.00914,0.00517
3770.08071,0.00591
3768.15228,0.00452
3766.22385,0.00406
3764.29542,0.00373
3762.36699,0.00488
3760.43856,0.00709
3758.51013,0.00554
3756.58170,0.00289
3754.65327,0.00517
3752.72484,0.01068
3750.79641,0.01154
3748.86798,0.00799
3746.93955,0.01007
3745.01112,0.01394
3743.08269,0.01134
3741.15426,0.00909
3739.22583,0.01197
3737.29740,0.01572
3735.36897,0.01475
3733.44054,0.00955
3731.51211,0.00598
3729.58368,0.00635
3727.65525,0.00877
3725.72682,0.00923
3723.79839,0.00840
3721.86996,0.00776
3719.94153,0.00571
3718.01310,0.00313
3716.08467,0.00251
3714.15624,0.00529
3712.22781,0.00764
3710.29938,0.00439
3708.37095,0.00018
3706.44252,0.00010
3704.51409,0.00306
3702.58566,0.00508
3700.65723,0.00346
3698.72880,0.00177
3696.80037,0.00224
3694.87194,0.00352
3692.94351,0.00627
3691.01508,0.00918
3689.08665,0.00757
3687.15822,0.00348
3685.22979,0.00251
3683.30136,0.00363
3681.37293,0.00450
3679.44450,0.00626
3677.51607,0.00994
3675.58764,0.00959
3673.65921,0.00464
3671.73078,0.00691
3669.80235,0.00948
3667.87392,0.00524
3665.94549,0.00335
3664.01706,0.00469
3662.08863,0.00520
3660.16020,0.00527
3658.23177,0.00588
3656.30334,0.00418
3654.37491,0.00142
3652.44648,0.00447
3650.51805,0.00955
3648.58962,0.00781
3646.66119,0.00394
3644.73276,0.00401
3642.80433,0.00572
3640.87590,0.00563
3638.94747,0.00448
3637.01904,0.00398
3635.09061,0.00398
3633.16218,0.00454
3631.23375,0.00738
3629.30532,0.00879
3627.37689,0.00338
3625.44846,0.00000
3623.52003,0.00209
3621.59160,0.00571
3619.66317,0.00645
3617.73474,0.00360
3615.80631,0.00328
3613.87788,0.00574
3611.94945,0.00711
3610.02102,0.00849
3608.09259,0.00829
3606.16416,0.00515
3604.23573,0.00436
3602.30730,0.00650
3600.37887,0.00707
3598.45044,0.00605
3596.52201,0.00609
3594.59358,0.00559
3592.66515,0.00408
3590.73672,0.00558
3588.80829,0.00908
3586.87986,0.00839
3584.95143,0.00547
3583.02300,0.00534
3581.09457,0.00604
3579.16614,0.00554
3577.23771,0.00463
3575.30928,0.00339
3573.38085,0.00177
3571.45242,0.00166
3569.52399,0.00404
3567.59556,0.00565
3565.66713,0.00392
3563.73870,0.00309
3561.81027,0.00442
3559.88184,0.00495
3557.95341,0.00424
3556.02498,0.00413
3554.09655,0.00475
3552.16812,0.00441
3550.23969,0.00403
3548.31126,0.00624
3546.38283,0.00854
3544.45440,0.00728
3542.52597,0.00460
3540.59754,0.00387
3538.66911,0.00503
3536.74068,0.00581
3534.81225,0.00505
3532.88382,0.00434
3530.95539,0.00493
3529.02696,0.00595
3527.09853,0.00662
3525.17010,0.00712
3523.24167,0.00648
3521.31324,0.00473
3519.38481,0.00404
3517.45638,0.00433
3515.52795,0.00419
3513.59952,0.00400
3511.67109,0.00444
3509.74266,0.00458
3507.81423,0.00394
3505.88580,0.00418
3503.95737,0.00494
3502.02894,0.00429
3500.10051,0.00383
3498.17208,0.00488
3496.24365,0.00537
3494.31522,0.00435
3492.38679,0.00363
3490.45836,0.00432
3488.52993,0.00544
3486.60150,0.00589
3484.67307,0.00585
3482.74464,0.00539
3480.81621,0.00430
3478.88778,0.00384
3476.95935,0.00463
3475.03092,0.00518
3473.10249,0.00467
3471.17406,0.00405
3469.24563,0.00416
3467.31720,0.00469
3465.38877,0.00507
3463.46034,0.00552
3461.53191,0.00571
3459.60348,0.00535
3457.67505,0.00501
3455.74662,0.00495
3453.81819,0.00484
3451.88976,0.00449
3449.96133,0.00457
3448.03290,0.00523
3446.10447,0.00535
3444.17604,0.00538
3442.24761,0.00562
3440.31918,0.00549
3438.39075,0.00567
3436.46232,0.00573
3434.53389,0.00517
3432.60546,0.00498
3430.67703,0.00537
3428.74860,0.00538
3426.82017,0.00470
3424.89174,0.00426
3422.96331,0.00491
3421.03488,0.00546
3419.10645,0.00484
3417.17802,0.00473
3415.24959,0.00578
3413.32116,0.00639
3411.39273,0.00604
3409.46430,0.00576
3407.53587,0.00576
3405.60744,0.00561
3403.67901,0.00592
3401.75058,0.00681
3399.82215,0.00806
3397.89372,0.00791
3395.96529,0.00779
3394.03686,0.00763
3392.10843,0.00653
3390.18000,0.00484
3388.25157,0.00444
3386.32314,0.00530
3384.39471,0.00595
3382.46628,0.00596
3380.53785,0.00610
3378.60942,0.00634
3376.68099,0.00635
3374.75256,0.00620
3372.82413,0.00586
3370.89570,0.00554
3368.96727,0.00569
3367.03884,0.00634
3365.11041,0.00679
3363.18198,0.00659
3361.25355,0.00572
3359.32512,0.00481
3357.39669,0.00485
3355.46826,0.00534
3353.53983,0.00529
3351.61140,0.00518
3349.68297,0.00554
3347.75454,0.00602
3345.82611,0.00610
3343.89768,0.00571
3341.96925,0.00555
3340.04082,0.00618
3338.11239,0.00684
3336.18396,0.00657
3334.25553,0.00615
3332.32710,0.00661
3330.39867,0.00717
3328.47024,0.00719
3326.54181,0.00706
3324.61338,0.00653
3322.68495,0.00564
3320.75652,0.00537
3318.82809,0.00567
3316.89966,0.00578
3314.97122,0.00603
3313.04279,0.00689
3311.11436,0.00790
3309.18593,0.00808
3307.25750,0.00726
3305.32907,0.00645
3303.40064,0.00588
3301.47221,0.00543
3299.54378,0.00562
3297.61535,0.00644
3295.68692,0.00742
3293.75849,0.00804
3291.83006,0.00814
3289.90163,0.00822
3287.97320,0.00844
3286.04477,0.00832
3284.11634,0.00756
3282.18791,0.00654
3280.25948,0.00645
3278.33105,0.00784
3276.40262,0.00935
3274.47419,0.00956
3272.54576,0.00892
3270.61733,0.00844
3268.68890,0.00798
3266.76047,0.00735
3264.83204,0.00714
3262.90361,0.00767
3260.97518,0.00865
3259.04675,0.00940
3257.11832,0.00942
3255.18989,0.00878
3253.26146,0.00798
3251.33303,0.00791
3249.40460,0.00859
3247.47617,0.00903
3245.54774,0.00860
3243.61931,0.00764
3241.69088,0.00710
3239.76245,0.00694
3237.83402,0.00673
3235.90559,0.00646
3233.97716,0.00598
3232.04873,0.00585
3230.12030,0.00687
3228.19187,0.00830
3226.26344,0.00855
3224.33501,0.00776
3222.40658,0.00708
3220.47815,0.00667
3218.54972,0.00631
3216.62129,0.00620
3214.69286,0.00634
3212.76443,0.00676
3210.83600,0.00740
3208.90757,0.00734
3206.97914,0.00672
3205.05071,0.00634
3203.12228,0.00602
3201.19385,0.00599
3199.26542,0.00622
3197.33699,0.00564
3195.40856,0.00458
3193.48013,0.00433
3191.55170,0.00450
3189.62327,0.00448
3187.69484,0.00463
3185.76641,0.00513
3183.83798,0.00560
3181.90955,0.00569
3179.98112,0.00528
3178.05269,0.00412
3176.12426,0.00281
3174.19583,0.00282
3172.26740,0.00395
3170.33897,0.00483
3168.41054,0.00462
3166.48211,0.00358
3164.55368,0.00302
3162.62525,0.00358
3160.69682,0.00446
3158.76839,0.00482
3156.83996,0.00445
3154.91153,0.00388
3152.98310,0.00393
3151.05467,0.00449
3149.12624,0.00473
3147.19781,0.00441
3145.26938,0.00410
3143.34095,0.00395
3141.41252,0.00371
3139.48409,0.00343
3137.55566,0.00339
3135.62723,0.00376
3133.69880,0.00407
3131.77037,0.00362
3129.84194,0.00309
3127.91351,0.00300
3125.98508,0.00285
3124.05665,0.00266
3122.12822,0.00265
3120.19979,0.00275
3118.27136,0.00286
3116.34293,0.00270
3114.41450,0.00212
3112.48607,0.00159
3110.55764,0.00175
3108.62921,0.00217
3106.70078,0.00219
3104.77235,0.00223
3102.84392,0.00256
3100.91549,0.00260
3098.98706,0.00246
3097.05863,0.00237
3095.13020,0.00158
3093.20177,0.00043
3091.27334,0.00000
3089.34491,0.00021
3087.41648,0.00078
3085.48805,0.00135
3083.55962,0.00172
3081.63119,0.00200
3079.70276,0.00227
3077.77433,0.00210
3075.84590,0.00138
3073.91747,0.00074
3071.98904,0.00038
3070.06061,0.00039
3068.13218,0.00107
3066.20375,0.00156
3064.27532,0.00101
3062.34689,0.00016
3060.41846,0.00027
3058.49003,0.00114
3056.56160,0.00151
3054.63317,0.00115
3052.70474,0.00102
3050.77631,0.00123
3048.84788,0.00122
3046.91945,0.00085
3044.99102,0.00037
3043.06259,0.00039
3041.13416,0.00104
3039.20573,0.00148
3037.27730,0.00125
3035.34887,0.00094
3033.42044,0.00106
3031.49201,0.00111
3029.56358,0.00061
3027.63515,0.00019
3025.70672,0.00045
3023.77829,0.00103
3021.84986,0.00125
3019.92143,0.00086
3017.99300,0.00055
3016.06457,0.00085
3014.13614,0.00141
3012.20771,0.00162
3010.27928,0.00135
3008.35085,0.00095
3006.42242,0.00088
3004.49399,0.00101
3002.56556,0.00087
3000.63713,0.00059
2998.70870,0.00117
2996.78027,0.00171
2994.85184,0.00201
2992.92341,0.00160
2990.99498,0.00106
2989.06655,0.00124
2987.13812,0.00163
2985.20969,0.00170
2983.28126,0.00159
2981.35283,0.00127
2979.42440,0.00102
2977.49597,0.00127
2975.56754,0.00171
2973.63911,0.00173
2971.71068,0.00146
2969.78225,0.00107
2967.85382,0.00048
2965.92539,0.00018
2963.99696,0.00039
2962.06853,0.00048
2960.14010,0.00041
2958.21167,0.00065
2956.28324,0.00089
2954.35481,0.00073
2952.42638,0.00059
2950.49795,0.00089
2948.56952,0.00125
2946.64109,0.00111
2944.71266,0.00066
2942.78423,0.00039
2940.85580,0.00044
2938.92737,0.00075
2936.99894,0.00125
2935.07051,0.00138
2933.14208,0.00071
2931.21365,0.00000
2929.28522,0.00024
2927.35679,0.00118
2925.42836,0.00191
2923.49993,0.00227
2921.57150,0.00236
2919.64307,0.00199
2917.71464,0.00144
2915.78621,0.00114
2913.85778,0.00099
2911.92935,0.00098
2910.00092,0.00132
2908.07249,0.00164
2906.14406,0.00150
2904.21563,0.00118
2902.28720,0.00109
2900.35877,0.00114
2898.43034,0.00130
2896.50191,0.00141
2894.57348,0.00119
2892.64505,0.00090
2890.71662,0.00115
2888.78819,0.00191
2886.85976,0.00245
2884.93133,0.00260
2883.00290,0.00275
2881.07447,0.00288
2879.14604,0.00277
2877.21761,0.00249
2875.28918,0.00229
2873.36075,0.00214
2871.43232,0.00195
2869.50389,0.00204
2867.57546,0.00228
2865.64703,0.00240
2863.71860,0.00269
2861.79017,0.00295
2859.86174,0.00236
2857.93331,0.00128
2856.00488,0.00084
2854.07645,0.00130
2852.14802,0.00217
2850.21959,0.00298
2848.29116,0.00340
2846.36273,0.00326
2844.43430,0.00308
2842.50587,0.00327
2840.57744,0.00348
2838.64901,0.00358
2836.72058,0.00372
2834.79215,0.00390
2832.86372,0.00402
2830.93529,0.00401
2829.00686,0.00387
2827.07843,0.00363
2825.15000,0.00348
2823.22157,0.00372
2821.29314,0.00399
2819.36471,0.00390
2817.43628,0.00388
2815.50785,0.00410
2813.57942,0.00408
2811.65099,0.00392
2809.72256,0.00407
2807.79413,0.00436
2805.86570,0.00433
2803.93727,0.00413
2802.00884,0.00425
2800.08041,0.00451
2798.15198,0.00456
2796.22355,0.00435
2794.29512,0.00384
2792.36669,0.00348
2790.43826,0.00380
2788.50983,0.00436
2786.58140,0.00448
2784.65297,0.00427
2782.72454,0.00419
2780.79611,0.00429
2778.86768,0.00422
2776.93925,0.00391
2775.01082,0.00383
2773.08239,0.00416
2771.15396,0.00446
2769.22553,0.00451
2767.29710,0.00462
2765.36867,0.00497
2763.44024,0.00515
2761.51181,0.00484
2759.58338,0.00427
2757.65495,0.00380
2755.72652,0.00364
2753.79809,0.00382
2751.86966,0.00408
2749.94123,0.00438
2748.01280,0.00481
2746.08437,0.00505
2744.15594,0.00492
2742.22751,0.00472
2740.29908,0.00466
2738.37065,0.00450
2736.44222,0.00416
2734.51379,0.00406
2732.58536,0.00426
2730.65693,0.00439
2728.72850,0.00442
2726.80007,0.00458
2724.87164,0.00468
2722.94321,0.00457
2721.01478,0.00433
2719.08635,0.00430
2717.15792,0.00464
2715.22949,0.00493
2713.30105,0.00484
2711.37262,0.00486
2709.44419,0.00523
2707.51576,0.00544
2705.58733,0.00517
2703.65890,0.00461
2701.73047,0.00411
2699.80204,0.00408
2697.87361,0.00439
2695.94518,0.00468
2694.01675,0.00488
2692.08832,0.00499
2690.15989,0.00500
2688.23146,0.00506
2686.30303,0.00528
2684.37460,0.00525
2682.44617,0.00476
2680.51774,0.00445
2678.58931,0.00481
2676.66088,0.00578
2674.73245,0.00669
2672.80402,0.00669
2670.87559,0.00597
2668.94716,0.00528
2667.01873,0.00503
2665.09030,0.00534
2663.16187,0.00567
2661.23344,0.00546
2659.30501,0.00501
2657.37658,0.00478
2655.44815,0.00485
2653.51972,0.00510
2651.59129,0.00526
2649.66286,0.00529
2647.73443,0.00516
2645.80600,0.00479
2643.87757,0.00462
2641.94914,0.00493
2640.02071,0.00536
2638.09228,0.00565
2636.16385,0.00573
2634.23542,0.00552
2632.30699,0.00522
2630.37856,0.00490
2628.45013,0.00461
2626.52170,0.00468
2624.59327,0.00513
2622.66484,0.00565
2620.73641,0.00599
2618.80798,0.00605
2616.87955,0.00603
2614.95112,0.00630
2613.02269,0.00674
2611.09426,0.00685
2609.16583,0.00651
2607.23740,0.00617
2605.30897,0.00604
2603.38054,0.00593
2601.45211,0.00599
2599.52368,0.00637
2597.59525,0.00674
2595.66682,0.00683
2593.73839,0.00663
2591.80996,0.00621
2589.88153,0.00567
2587.95310,0.00515
2586.02467,0.00499
2584.09624,0.00540
2582.16781,0.00608
2580.23938,0.00642
2578.31095,0.00616
2576.38252,0.00566
2574.45409,0.00555
2572.52566,0.00602
2570.59723,0.00649
2568.66880,0.00628
2566.74037,0.00565
2564.81194,0.00540
2562.88351,0.00561
2560.95508,0.00571
2559.02665,0.00559
2557.09822,0.00585
2555.16979,0.00638
2553.24136,0.00633
2551.31293,0.00591
2549.38450,0.00583
2547.45607,0.00596
2545.52764,0.00612
2543.59921,0.00648
2541.67078,0.00699
2539.74235,0.00734
2537.81392,0.00717
2535.88549,0.00651
2533.95706,0.00588
2532.02863,0.00569
2530.10020,0.00592
2528.17177,0.00619
2526.24334,0.00606
2524.31491,0.00550
2522.38648,0.00518
2520.45805,0.00561
2518.52962,0.00619
2516.60119,0.00627
2514.67276,0.00612
2512.74433,0.00611
2510.81590,0.00617
2508.88747,0.00620
2506.95904,0.00612
2505.03061,0.00589
2503.10218,0.00565
2501.17375,0.00547
2499.24532,0.00532
2497.31689,0.00550
2495.38846,0.00593
2493.46003,0.00592
2491.53160,0.00547
2489.60317,0.00515
2487.67474,0.00510
2485.74631,0.00529
2483.81788,0.00553
2481.88945,0.00550
2479.96102,0.00530
2478.03259,0.00517
2476.10416,0.00511
2474.17573,0.00518
2472.24730,0.00545
2470.31887,0.00564
2468.39044,0.00550
2466.46201,0.00532
2464.53358,0.00526
2462.60515,0.00521
2460.67672,0.00526
2458.74829,0.00554
2456.81986,0.00579
2454.89143,0.00581
2452.96300,0.00573
2451.03457,0.00551
2449.10614,0.00504
2447.17771,0.00467
2445.24928,0.00467
2443.32085,0.00489
2441.39242,0.00502
2439.46399,0.00489
2437.53556,0.00475
2435.60713,0.00480
2433.67870,0.00463
2431.75027,0.00459
2429.82184,0.00454
2427.89341,0.00450
2425.96498,0.00445
2424.03655,0.00441
2422.10812,0.00436
2420.17969,0.00432
2418.25126,0.00428
2416.32283,0.00423
2414.39440,0.00419
2412.46597,0.00415
2410.53754,0.00410
2408.60911,0.00406
2406.68068,0.00402
2404.75225,0.00398
2402.82382,0.00394
2400.89539,0.00389
2398.96696,0.00385
2397.03853,0.00381
2395.11010,0.00377
2393.18167,0.00373
2391.25324,0.00369
2389.32481,0.00365
2387.39638,0.00361
2385.46795,0.00357
2383.53952,0.00353
2381.61109,0.00349
2379.68266,0.00345
2377.75423,0.00341
2375.82580,0.00337
2373.89737,0.00334
2371.96894,0.00330
2370.04051,0.00326
2368.11208,0.00322
2366.18365,0.00318
2364.25522,0.00315
2362.32679,0.00311
2360.39836,0.00307
2358.46993,0.00304
2356.54150,0.00300
2354.61307,0.00296
2352.68464,0.00293
2350.75621,0.00289
2348.82778,0.00286
2346.89935,0.00282
2344.97092,0.00278
2343.04249,0.00275
2341.11406,0.00271
2339.18563,0.00268
2337.25720,0.00265
2335.32877,0.00261
2333.40034,0.00258
2331.47191,0.00254
2329.54348,0.00251
2327.61505,0.00248
2325.68662,0.00244
2323.75819,0.00241
2321.82976,0.00238
2319.90133,0.00235
2317.97290,0.00231
2316.04447,0.00228
2314.11604,0.00225
2312.18761,0.00222
2310.25918,0.00219
2308.33075,0.00216
2306.40232,0.00213
2304.47389,0.00210
2302.54546,0.00207
2300.61703,0.00204
2298.68860,0.00201
2296.76017,0.00198
2294.83174,0.00195
2292.90331,0.00192
2290.97488,0.00189
2289.04645,0.00186
2287.11802,0.00183
2285.18959,0.00180
2283.26116,0.00177
2281.33273,0.00175
2279.40430,0.00172
2277.47587,0.00169
2275.54744,0.00166
2273.61901,0.00164
2271.69058,0.00161
2269.76215,0.00158
2267.83372,0.00156
2265.90529,0.00153
2263.97686,0.00150
2262.04843,0.00108
2260.12000,0.00081
2258.19157,0.00083
2256.26314,0.00106
2254.33471,0.00133
2252.40628,0.00141
2250.47785,0.00155
2248.54942,0.00232
2246.62099,0.00217
2244.69256,0.00197
2242.76413,0.00190
2240.83570,0.00177
2238.90727,0.00147
2236.97884,0.00120
2235.05041,0.00120
2233.12198,0.00126
2231.19355,0.00122
2229.26512,0.00129
2227.33669,0.00147
2225.40826,0.00165
2223.47983,0.00175
2221.55140,0.00148
2219.62297,0.00102
2217.69454,0.00098
2215.76611,0.00123
2213.83768,0.00143
2211.90925,0.00165
2209.98082,0.00181
2208.05239,0.00161
2206.12396,0.00105
2204.19553,0.00035
2202.26710,0.00000
2200.33867,0.00025
2198.41024,0.00044
2196.48181,0.00026
2194.55338,0.00025
2192.62495,0.00042
2190.69652,0.00037
2188.76809,0.00029
2186.83966,0.00036
2184.91123,0.00030
2182.98280,0.00012
2181.05437,0.00012
2179.12594,0.00012
2177.19751,0.00000
2175.26908,0.00013
2173.34065,0.00047
2171.41222,0.00053
2169.48379,0.00038
2167.55536,0.00031
2165.62693,0.00023
2163.69850,0.00017
2161.77007,0.00042
2159.84164,0.00086
2157.91321,0.00103
2155.98478,0.00078
2154.05635,0.00052
2152.12792,0.00064
2150.19949,0.00101
2148.27106,0.00122
2146.34263,0.00130
2144.41420,0.00136
2142.48577,0.00139
2140.55734,0.00137
2138.62891,0.00119
2136.70048,0.00096
2134.77205,0.00080
2132.84362,0.00052
2130.91519,0.00015
2128.98676,-0.00000
2127.05833,0.00012
2125.12990,0.00030
2123.20147,0.00040
2121.27304,0.00022
2119.34461,0.00001
2117.41618,0.00035
2115.48775,0.00085
2113.55932,0.00083
2111.63089,0.00069
2109.70245,0.00073
2107.77402,0.00060
2105.84559,0.00037
2103.91716,0.00040
2101.98873,0.00057
2100.06030,0.00052
2098.13187,0.00025
2096.20344,-0.00001
2094.27501,-0.00001
2092.34658,0.00030
2090.41815,0.00075
2088.48972,0.00081
2086.56129,0.00057
2084.63286,0.00066
2082.70443,0.00102
2080.77600,0.00108
2078.84757,0.00083
2076.91914,0.00064
2074.99071,0.00051
2073.06228,0.00049
2071.13385,0.00085
2069.20542,0.00160
2067.27699,0.00249
2065.34856,0.00267
2063.42013,0.00172
2061.49170,0.00089
2059.56327,0.00060
2057.63484,0.00039
2055.70641,0.00042
2053.77798,0.00061
2051.84955,0.00050
2049.92112,0.00012
2047.99269,0.00000
2046.06426,0.00025
2044.13583,0.00066
2042.20740,0.00108
2040.27897,0.00122
2038.35054,0.00116
2036.42211,0.00113
2034.49368,0.00103
2032.56525,0.00082
2030.63682,0.00050
2028.70839,0.00034
2026.77996,0.00049
2024.85153,0.00067
2022.92310,0.00052
2020.99467,0.00055
2019.06624,0.00147
2017.13781,0.00226
2015.20938,0.00208
2013.28095,0.00192
2011.35252,0.00209
2009.42409,0.00230
2007.49566,0.00241
2005.56723,0.00220
2003.63880,0.00182
2001.71037,0.00172
1999.78194,0.00190
1997.85351,0.00187
1995.92508,0.00161
1993.99665,0.00178
1992.06822,0.00185
1990.13979,0.00140
1988.21136,0.00129
1986.28293,0.00143
1984.35450,0.00168
1982.42607,0.00203
1980.49764,0.00202
1978.56921,0.00153
1976.64078,0.00095
1974.71235,0.00069
1972.78392,0.00068
1970.85549,0.00100
1968.92706,0.00172
1966.99863,0.00179
1965.07020,0.00113
1963.14177,0.00113
1961.21334,0.00149
1959.28491,0.00144
1957.35648,0.00132
1955.42805,0.00119
1953.49962,0.00098
1951.57119,0.00108
1949.64276,0.00149
1947.71433,0.00183
1945.78590,0.00216
1943.85747,0.00233
1941.92904,0.00143
1940.00061,0.00047
1938.07218,0.00081
1936.14375,0.00125
1934.21532,0.00117
1932.28689,0.00117
1930.35846,0.00139
1928.43003,0.00157
1926.50160,0.00198
1924.57317,0.00273
1922.64474,0.00264
1920.71631,0.00208
1918.78788,0.00236
1916.85945,0.00213
1914.93102,0.00160
1913.00259,0.00198
1911.07416,0.00254
1909.14573,0.00229
1907.21730,0.00154
1905.28887,0.00127
1903.36044,0.00126
1901.43201,0.00099
1899.50358,0.00076
1897.57515,0.00097
1895.64672,0.00114
1893.71829,0.00104
1891.78986,0.00166
1889.86143,0.00222
1887.93300,0.00138
1886.00457,0.00079
1884.07614,0.00105
1882.14771,0.00130
1880.21928,0.00145
1878.29085,0.00130
1876.36242,0.00070
1874.43399,0.00000
1872.50556,0.00019
1870.57713,0.00186
1868.64870,0.00286
1866.72027,0.00167
1864.79184,0.00079
1862.86341,0.00113
1860.93498,0.00163
1859.00655,0.00173
1857.07812,0.00140
1855.14969,0.00077
1853.22126,0.00025
1851.29283,0.00036
1849.36440,0.00125
1847.43597,0.00270
1845.50754,0.00428
1843.57911,0.00383
1841.65068,0.00172
1839.72225,0.00131
1837.79382,0.00207
1835.86539,0.00201
1833.93696,0.00158
1832.00853,0.00181
1830.08010,0.00148
1828.15167,0.00017
1826.22324,0.00050
1824.29481,0.00108
1822.36638,0.00046
1820.43795,0.00053
1818.50952,0.00125
1816.58109,0.00130
1814.65266,0.00074
1812.72423,0.00048
1810.79580,0.00028
1808.86737,0.00000
1806.93894,0.00023
1805.01051,0.00098
1803.08208,0.00177
1801.15365,0.00163
1799.22522,0.00043
1797.29679,0.00006
1795.36836,0.00132
1793.43993,0.00282
1791.51150,0.00221
1789.58307,0.00073
1787.65464,0.00151
1785.72621,0.00297
1783.79778,0.00289
1781.86935,0.00228
1779.94092,0.00135
1778.01249,0.00007
1776.08406,-0.00005
1774.15563,0.00112
1772.22720,0.00169
1770.29877,0.00115
1768.37034,0.00123
1766.44191,0.00114
1764.51348,0.00161
1762.58505,0.00261
1760.65662,0.00181
1758.72819,0.00114
1756.79976,0.00113
1754.87133,0.00069
1752.94290,0.00198
1751.01447,0.00360
1749.08604,0.00227
1747.15761,0.00020
1745.22918,0.00018
1743.30075,0.00116
1741.37232,0.00140
1739.44389,0.00033
1737.51546,0.00000
1735.58703,0.00293
1733.65860,0.00420
1731.73017,0.00186
1729.80174,0.00106
1727.87331,0.00135
1725.94488,0.00200
1724.01645,0.00217
1722.08802,0.00131
1720.15959,0.00239
1718.23116,0.00553
1716.30273,0.00601
1714.37430,0.00415
1712.44587,0.00332
1710.51744,0.00364
1708.58901,0.00466
1706.66058,0.00588
1704.73215,0.00577
1702.80372,0.00610
1700.87529,0.00840
1698.94686,0.00944
1697.01843,0.01066
1695.09000,0.01068
1693.16157,0.00972
1691.23314,0.01079
1689.30471,0.01162
1687.37628,0.01232
1685.44785,0.01568
1683.51942,0.01719
1681.59099,0.01530
1679.66256,0.01491
1677.73413,0.01628
1675.80570,0.01754
1673.87727,0.01676
1671.94884,0.01720
1670.02041,0.01903
1668.09198,0.01833
1666.16355,0.01885
1664.23512,0.02268
1662.30669,0.02525
1660.37826,0.02466
1658.44983,0.02453
1656.52140,0.02707
1654.59297,0.03115
1652.66454,0.03012
1650.73611,0.02692
1648.80768,0.02948
1646.87925,0.03091
1644.95082,0.02709
1643.02239,0.02532
1641.09396,0.02583
1639.16553,0.02661
1637.23710,0.02759
1635.30867,0.02560
1633.38024,0.02140
1631.45181,0.02041
1629.52338,0.02125
1627.59495,0.02075
1625.66652,0.02017
1623.73809,0.02002
1621.80966,0.01773
1619.88123,0.01639
1617.95280,0.01751
1616.02437,0.01598
1614.09594,0.01293
1612.16751,0.01262
1610.23908,0.01281
1608.31065,0.01139
1606.38222,0.00982
1604.45379,0.00958
1602.52536,0.00952
1600.59693,0.00854
1598.66850,0.00760
1596.74007,0.00733
1594.81164,0.00708
1592.88321,0.00682
1590.95478,0.00696
1589.02635,0.00702
1587.09792,0.00705
1585.16949,0.00754
1583.24106,0.00815
1581.31263,0.00836
1579.38420,0.00911
1577.45577,0.01075
1575.52734,0.01011
1573.59891,0.00872
1571.67048,0.01122
1569.74205,0.01396
1567.81362,0.01368
1565.88519,0.01380
1563.95676,0.01416
1562.02833,0.01574
1560.09990,0.02082
1558.17147,0.02304
1556.24304,0.02233
1554.31461,0.02341
1552.38618,0.02489
1550.45775,0.02596
1548.52932,0.02551
1546.60089,0.02466
1544.67246,0.02397
1542.74403,0.02311
1540.81560,0.02381
1538.88717,0.02270
1536.95874,0.02187
1535.03031,0.02400
1533.10188,0.02393
1531.17345,0.02085
1529.24502,0.02031
1527.31659,0.02085
1525.38816,0.02019
1523.45973,0.02090
1521.53130,0.02136
1519.60287,0.01949
1517.67444,0.01877
1515.74601,0.01739
1513.81758,0.01539
1511.88915,0.01515
1509.96072,0.01697
1508.03229,0.01916
1506.10385,0.01548
1504.17542,0.01024
1502.24699,0.01023
1500.31856,0.01251
1498.39013,0.01323
1496.46170,0.01107
1494.53327,0.00793
1492.60484,0.00746
1490.67641,0.00848
1488.74798,0.00696
1486.81955,0.00475
1484.89112,0.00463
1482.96269,0.00562
1481.03426,0.00557
1479.10583,0.00487
1477.17740,0.00577
1475.24897,0.00793
1473.32054,0.00888
1471.39211,0.00635
1469.46368,0.00432
1467.53525,0.00595
1465.60682,0.00775
1463.67839,0.00606
1461.74996,0.00446
1459.82153,0.00703
1457.89310,0.01027
1455.96467,0.00803
1454.03624,0.00532
1452.10781,0.00567
1450.17938,0.00688
1448.25095,0.00691
1446.32252,0.00542
1444.39409,0.00416
1442.46566,0.00366
1440.53723,0.00358
1438.60880,0.00506
1436.68037,0.00614
1434.75194,0.00450
1432.82351,0.00396
1430.89508,0.00484
1428.96665,0.00432
1427.03822,0.00358
1425.10979,0.00386
1423.18136,0.00372
1421.25293,0.00467
1419.32450,0.00683
1417.39607,0.00626
1415.46764,0.00483
1413.53921,0.00496
1411.61078,0.00557
1409.68235,0.00580
1407.75392,0.00629
1405.82549,0.00688
1403.89706,0.00622
1401.96863,0.00583
1400.04020,0.00733
1398.11177,0.00875
1396.18334,0.00885
1394.25491,0.00730
1392.32648,0.00530
1390.39805,0.00529
1388.46962,0.00598
1386.54119,0.00460
1384.61276,0.00253
1382.68433,0.00217
1380.75590,0.00254
1378.82747,0.00240
1376.89904,0.00221
1374.97061,0.00228
1373.04218,0.00154
1371.11375,0.00074
1369.18532,0.00051
1367.25689,0.00000
1365.32846,0.00025
1363.40003,0.00147
1361.47160,0.00151
1359.54317,0.00090
1357.61474,0.00098
1355.68631,0.00121
1353.75788,0.00123
1351.82945,0.00145
1349.90102,0.00189
1347.97259,0.00206
1346.04416,0.00191
1344.11573,0.00188
1342.18730,0.00270
1340.25887,0.00412
1338.33044,0.00446
1336.40201,0.00416
1334.47358,0.00471
1332.54515,0.00572
1330.61672,0.00619
1328.68829,0.00597
1326.75986,0.00566
1324.83143,0.00575
1322.90300,0.00630
1320.97457,0.00702
1319.04614,0.00740
1317.11771,0.00735
1315.18928,0.00754
1313.26085,0.00776
1311.33242,0.00747
1309.40399,0.00724
1307.47556,0.00748
1305.54713,0.00778
1303.61870,0.00791
1301.69027,0.00786
1299.76184,0.00783
1297.83341,0.00805
1295.90498,0.00838
1293.97655,0.00851
1292.04812,0.00846
1290.11969,0.00862
1288.19126,0.00912
1286.26283,0.00966
1284.33440,0.01005
1282.40597,0.01025
1280.47754,0.01033
1278.54911,0.01049
1276.62068,0.01073
1274.69225,0.01117
1272.76382,0.01192
1270.83539,0.01264
1268.90696,0.01314
1266.97853,0.01342
1265.05010,0.01345
1263.12167,0.01380
1261.19324,0.01483
1259.26481,0.01600
1257.33638,0.01694
1255.40795,0.01788
1253.47952,0.01860
1251.55109,0.01879
1249.62266,0.01868
1247.69423,0.01885
1245.76580,0.01943
1243.83737,0.01994
1241.90894,0.02006
1239.98051,0.02013
1238.05208,0.02032
1236.12365,0.02017
1234.19522,0.01962
1232.26679,0.01916
1230.33836,0.01881
1228.40993,0.01825
1226.48150,0.01782
1224.55307,0.01784
1222.62464,0.01764
1220.69621,0.01679
1218.76778,0.01562
1216.83935,0.01447
1214.91092,0.01384
1212.98249,0.01395
1211.05406,0.01397
1209.12563,0.01352
1207.19720,0.01307
1205.26877,0.01302
1203.34034,0.01305
1201.41191,0.01299
1199.48348,0.01255
1197.55505,0.01296
1195.62662,0.01345
1193.69819,0.01364
1191.76976,0.01395
1189.84133,0.01455
1187.91290,0.01498
1185.98447,0.01512
1184.05604,0.01529
1182.12761,0.01562
1180.19918,0.01600
1178.27075,0.01669
1176.34232,0.01780
1174.41389,0.01880
1172.48546,0.01930
1170.55703,0.01911
1168.62860,0.01872
1166.70017,0.01911
1164.77174,0.01959
1162.84331,0.01934
1160.91488,0.01934
1158.98645,0.02003
1157.05802,0.02052
1155.12959,0.02041
1153.20116,0.01977
1151.27273,0.01905
1149.34430,0.01892
1147.41587,0.01920
1145.48744,0.01911
1143.55901,0.01853
1141.63058,0.01808
1139.70215,0.01802
1137.77372,0.01817
1135.84529,0.01819
1133.91686,0.01775
1131.98843,0.01715
1130.06000,0.01688
1128.13157,0.01722
1126.20314,0.01828
1124.27471,0.01932
1122.34628,0.02000
1120.41785,0.02036
1118.48942,0.02009
1116.56099,0.01952
1114.63256,0.01931
1112.70413,0.01946
1110.77570,0.01975
1108.84727,0.01984
1106.91884,0.01961
1104.99041,0.01956
1103.06198,0.02030
1101.13355,0.02168
1099.20512,0.02294
1097.27669,0.02385
1095.34826,0.02439
1093.41983,0.02440
1091.49140,0.02464
1089.56297,0.02577
1087.63454,0.02664
1085.70611,0.02633
1083.77768,0.02576
1081.84925,0.02555
1079.92082,0.02534
1077.99239,0.02525
1076.06396,0.02503
1074.13553,0.02451
1072.20710,0.02418
1070.27867,0.02362
1068.35024,0.02282
1066.42181,0.02276
1064.49338,0.02302
1062.56495,0.02260
1060.63652,0.02182
1058.70809,0.02136
1056.77966,0.02151
1054.85123,0.02227
1052.92280,0.02294
1050.99437,0.02280
1049.06594,0.02215
1047.13751,0.02165
1045.20908,0.02178
1043.28065,0.02251
1041.35222,0.02298
1039.42379,0.02241
1037.49536,0.02156
1035.56693,0.02111
1033.63850,0.02046
1031.71007,0.01938
1029.78164,0.01835
1027.85321,0.01782
1025.92478,0.01780
1023.99635,0.01750
1022.06792,0.01638
1020.13949,0.01498
1018.21106,0.01415
1016.28263,0.01408
1014.35420,0.01413
1012.42577,0.01324
1010.49734,0.01143
1008.56891,0.00989
1006.64048,0.00917
1004.71205,0.00870
1002.78362,0.00780
1000.85519,0.00671
998.92676,0.00597
996.99833,0.00528
995.06990,0.00440
993.14147,0.00386
991.21304,0.00339
989.28461,0.00246
987.35618,0.00171
985.42775,0.00156
983.49932,0.00142
981.57089,0.00086
979.64246,0.00005
977.71403,0.00000
975.78560,0.00075
973.85717,0.00116
971.92874,0.00085
970.00031,0.00065
968.07188,0.00072
966.14345,0.00088
964.21502,0.00130
962.28659,0.00227
960.35816,0.00370
958.42973,0.00464
956.50130,0.00441
954.57287,0.00383
952.64444,0.00399
950.71601,0.00522
948.78758,0.00668
946.85915,0.00708
944.93072,0.00665
943.00229,0.00661
941.07386,0.00706
939.14543,0.00763
937.21700,0.00825
935.28857,0.00872
933.36014,0.00913
931.43171,0.00950
929.50328,0.00923
927.57485,0.00818
925.64642,0.00707
923.71799,0.00624
921.78956,0.00518
919.86113,0.00383
917.93270,0.00288
916.00427,0.00255
914.07584,0.00252
912.14741,0.00256
910.21898,0.00247
908.29055,0.00201
906.36212,0.00131
904.43368,0.00091
902.50525,0.00115
900.57682,0.00179
898.64839,0.00195
896.71996,0.00149
894.79153,0.00146
892.86310,0.00213
890.93467,0.00246
889.00624,0.00251
887.07781,0.00335
885.14938,0.00476
883.22095,0.00587
881.29252,0.00675
879.36409,0.00768
877.43566,0.00840
875.50723,0.00900
873.57880,0.01007
871.65037,0.01176
869.72194,0.01324
867.79351,0.01356
865.86508,0.01309
863.93665,0.01290
862.00822,0.01310
860.07979,0.01361
858.15136,0.01458
856.22293,0.01573
854.29450,0.01660
852.36607,0.01675
850.43764,0.01645
848.50921,0.01648
846.58078,0.01664
844.65235,0.01675
842.72392,0.01715
840.79549,0.01727
838.86706,0.01671
836.93863,0.01621
835.01020,0.01625
833.08177,0.01653
831.15334,0.01667
829.22491,0.01715
827.29648,0.01817
825.36805,0.01881
823.43962,0.01867
821.51119,0.01852
819.58276,0.01916
817.65433,0.01995
815.72590,0.01978
813.79747,0.01968
811.86904,0.02124
809.94061,0.02343
808.01218,0.02444
806.08375,0.02417
804.15532,0.02386
802.22689,0.02511
800.29846,0.02762
798.37003,0.02940
796.44160,0.02992
794.51317,0.03024
792.58474,0.03076
790.65631,0.03131
788.72788,0.03210
786.79945,0.03293
784.87102,0.03332
782.94259,0.03343
781.01416,0.03422
779.08573,0.03549
777.15730,0.03550
775.22887,0.03470
773.30044,0.03441
771.37201,0.03371
769.44358,0.03228
767.51515,0.03108
765.58672,0.03034
763.65829,0.02972
761.72986,0.02834
759.80143,0.02592
757.87300,0.02412
755.94457,0.02378
754.01614,0.02339
752.08771,0.02236
750.15928,0.02148
748.23085,0.02105
746.30242,0.02113
744.37399,0.02091
742.44556,0.01968
740.51713,0.01927
738.58870,0.02081
736.66027,0.02242
734.73184,0.02279
732.80341,0.02225
730.87498,0.02224
728.94655,0.02351
727.01812,0.02402
725.08969,0.02359
723.16126,0.02593
721.23283,0.02851
719.30440,0.03070
717.37597,0.03168
715.44754,0.03137
713.51911,0.03081
711.59068,0.03130
709.66225,0.03333
707.73382,0.03548
705.80539,0.03597
703.87696,0.03509
701.94853,0.03441
700.02010,0.03438
698.09167,0.03440
696.16324,0.03396
694.23481,0.03272
692.30638,0.03131
690.37795,0.03076
688.44952,0.03018
686.52109,0.02823
684.59266,0.02598
682.66423,0.02466
680.73580,0.02297
678.80737,0.01980
676.87894,0.01629
674.95051,0.01382
673.02208,0.01369
671.09365,0.01828
669.16522,0.02587
667.23679,0.02746
665.30836,0.02245
663.37993,0.01846
661.45150,0.01730
659.52307,0.01679
657.59464,0.01554
655.66621,0.01208
653.73778,0.00733
651.80935,0.00635
649.88092,0.01004
647.95249,0.01317
646.02406,0.01429
644.09563,0.01646
642.16720,0.02023
640.23877,0.02447
638.31034,0.02864
636.38191,0.03073
634.45348,0.02887
632.52505,0.02517
630.59662,0.02262
628.66819,0.02106
626.73976,0.01935
624.81133,0.01780
622.88290,0.01828
620.95447,0.02317
619.02604,0.02838
617.09761,0.02785
615.16918,0.02322
613.24075,0.01960
611.31232,0.01802
609.38389,0.01669
607.45546,0.01564
605.52703,0.01482
603.59860,0.00926
601.67017,0.00108
599.74174,0.00000
