4001.49232,0.00502
3999.56389,0.00586
3997.63546,0.00538
3995.70703,0.00406
3993.77860,0.00356
3991.85017,0.00430
3989.92174,0.00548
3987.99331,0.00619
3986.06488,0.00600
3984.13645,0.00530
3982.20802,0.00462
3980.27959,0.00406
3978.35116,0.00360
3976.42273,0.00350
3974.49430,0.00364
3972.56587,0.00344
3970.63744,0.00270
3968.70901,0.00193
3966.78058,0.00185
3964.85215,0.00280
3962.92372,0.00409
3960.99529,0.00428
3959.06686,0.00285
3957.13843,0.00101
3955.21000,0.00000
3953.28157,0.00012
3951.35314,0.00125
3949.42471,0.00289
3947.49628,0.00384
3945.56785,0.00365
3943.63942,0.00340
3941.71099,0.00366
3939.78256,0.00361
3937.85413,0.00306
3935.92570,0.00280
3933.99727,0.00320
3932.06884,0.00361
3930.14041,0.00320
3928.21198,0.00218
3926.28355,0.00164
3924.35512,0.00223
3922.42669,0.00301
3920.49826,0.00301
3918.56982,0.00297
3916.64139,0.00367
3914.71296,0.00454
3912.78453,0.00470
3910.85610,0.00397
3908.92767,0.00343
3906.99924,0.00493
3905.07081,0.00880
3903.14238,0.01195
3901.21395,0.01105
3899.28552,0.00801
3897.35709,0.00576
3895.42866,0.00498
3893.50023,0.00533
3891.57180,0.00613
3889.64337,0.00626
3887.71494,0.00518
3885.78651,0.00309
3883.85808,0.00085
3881.92965,0.00000
3880.00122,0.00126
3878.07279,0.00384
3876.14436,0.00602
3874.21593,0.00630
3872.28750,0.00458
3870.35907,0.00296
3868.43064,0.00361
3866.50221,0.00531
3864.57378,0.00598
3862.64535,0.00585
3860.71692,0.00587
3858.78849,0.00644
3856.86006,0.00775
3854.93163,0.00907
3853.00320,0.00845
3851.07477,0.00612
3849.14634,0.00498
3847.21791,0.00510
3845.28948,0.00503
3843.36105,0.00404
3841.43262,0.00219
3839.50419,0.00031
3837.57576,0.00000
3835.64733,0.00119
3833.71890,0.00230
3831.79047,0.00301
3829.86204,0.00425
3827.93361,0.00570
3826.00518,0.00582
3824.07675,0.00452
3822.14832,0.00337
3820.21989,0.00410
3818.29146,0.00658
3816.36303,0.00812
3814.43460,0.00694
3812.50617,0.00484
3810.57774,0.00351
3808.64931,0.00307
3806.72088,0.00389
3804.79245,0.00526
3802.86402,0.00511
3800.93559,0.00345
3799.00716,0.00296
3797.07873,0.00394
3795.15030,0.00453
3793.22187,0.00433
3791.29344,0.00393
3789.36501,0.00332
3787.43658,0.00290
3785.50815,0.00294
3783.57972,0.00241
3781.65129,0.00090
3779.72286,0.00000
3777.79443,0.00056
3775.86600,0.00130
3773.93757,0.00147
3772.00914,0.00172
3770.08071,0.00233
3768.15228,0.00299
3766.22385,0.00335
3764.29542,0.00340
3762.36699,0.00347
3760.43856,0.00379
3758.51013,0.00414
3756.58170,0.00402
3754.65327,0.00366
3752.72484,0.00432
3750.79641,0.00709
3748.86798,0.01030
3746.93955,0.01178
3745.01112,0.01274
3743.08269,0.01271
3741.15426,0.01157
3739.22583,0.01058
3737.29740,0.01005
3735.36897,0.00995
3733.44054,0.00971
3731.51211,0.00824
3729.58368,0.00622
3727.65525,0.00426
3725.72682,0.00285
3723.79839,0.00292
3721.86996,0.00349
3719.94153,0.00312
3718.01310,0.00251
3716.08467,0.00224
3714.15624,0.00176
3712.22781,0.00117
3710.29938,0.00150
3708.37095,0.00164
3706.44252,0.00110
3704.51409,0.00076
3702.58566,0.00102
3700.65723,0.00119
3698.72880,0.00078
3696.80037,0.00067
3694.87194,0.00131
3692.94351,0.00182
3691.01508,0.00161
3689.08665,0.00129
3687.15822,0.00129
3685.22979,0.00186
3683.30136,0.00248
3681.37293,0.00273
3679.44450,0.00359
3677.51607,0.00604
3675.58764,0.00843
3673.65921,0.00815
3671.73078,0.00680
3669.80235,0.00577
3667.87392,0.00474
3665.94549,0.00408
3664.01706,0.00408
3662.08863,0.00411
3660.16020,0.00363
3658.23177,0.00271
3656.30334,0.00220
3654.37491,0.00242
3652.44648,0.00174
3650.51805,0.00000
3648.58962,0.00091
3646.66119,0.00448
3644.73276,0.00668
3642.80433,0.00644
3640.87590,0.00484
3638.94747,0.00398
3637.01904,0.00478
3635.09061,0.00608
3633.16218,0.00693
3631.23375,0.00741
3629.30532,0.00745
3627.37689,0.00717
3625.44846,0.00729
3623.52003,0.00830
3621.59160,0.00995
3619.66317,0.01127
3617.73474,0.01088
3615.80631,0.00937
3613.87788,0.00896
3611.94945,0.01006
3610.02102,0.01171
3608.09259,0.01255
3606.16416,0.01154
3604.23573,0.01027
3602.30730,0.01064
3600.37887,0.01185
3598.45044,0.01199
3596.52201,0.01090
3594.59358,0.00973
3592.66515,0.00886
3590.73672,0.00788
3588.80829,0.00668
3586.87986,0.00618
3584.95143,0.00698
3583.02300,0.00777
3581.09457,0.00723
3579.16614,0.00580
3577.23771,0.00465
3575.30928,0.00392
3573.38085,0.00358
3571.45242,0.00358
3569.52399,0.00302
3567.59556,0.00221
3565.66713,0.00327
3563.73870,0.00579
3561.81027,0.00791
3559.88184,0.00895
3557.95341,0.00902
3556.02498,0.00860
3554.09655,0.00824
3552.16812,0.00793
3550.23969,0.00743
3548.31126,0.00746
3546.38283,0.00819
3544.45440,0.00793
3542.52597,0.00585
3540.59754,0.00364
3538.66911,0.00288
3536.74068,0.00349
3534.81225,0.00406
3532.88382,0.00361
3530.95539,0.00308
3529.02696,0.00353
3527.09853,0.00457
3525.17010,0.00508
3523.24167,0.00442
3521.31324,0.00296
3519.38481,0.00185
3517.45638,0.00160
3515.52795,0.00153
3513.59952,0.00112
3511.67109,0.00069
3509.74266,0.00048
3507.81423,0.00028
3505.88580,-0.00014
3503.95737,-0.00057
3502.02894,-0.00052
3500.10051,0.00007
3498.17208,0.00097
3496.24365,0.00166
3494.31522,0.00148
3492.38679,0.00061
3490.45836,0.00004
3488.52993,0.00023
3486.60150,0.00053
3484.67307,0.00034
3482.74464,0.00000
3480.81621,0.00011
3478.88778,0.00069
3476.95935,0.00140
3475.03092,0.00175
3473.10249,0.00131
3471.17406,0.00028
3469.24563,-0.00056
3467.31720,-0.00059
3465.38877,0.00005
3463.46034,0.00078
3461.53191,0.00143
3459.60348,0.00169
3457.67505,0.00124
3455.74662,0.00053
3453.81819,0.00020
3451.88976,0.00016
3449.96133,-0.00017
3448.03290,-0.00037
3446.10447,0.00072
3444.17604,0.00223
3442.24761,0.00241
3440.31918,0.00183
3438.39075,0.00170
3436.46232,0.00165
3434.53389,0.00087
3432.60546,0.00000
3430.67703,0.00030
3428.74860,0.00156
3426.82017,0.00215
3424.89174,0.00132
3422.96331,0.00041
3421.03488,0.00028
3419.10645,0.00008
3417.17802,0.00004
3415.24959,0.00089
3413.32116,0.00151
3411.39273,0.00088
3409.46430,0.00017
3407.53587,0.00021
3405.60744,0.00018
3403.67901,0.00030
3401.75058,0.00134
3399.82215,0.00306
3397.89372,0.00409
3395.96529,0.00446
3394.03686,0.00404
3392.10843,0.00302
3390.18000,0.00214
3388.25157,0.00197
3386.32314,0.00247
3384.39471,0.00284
3382.46628,0.00241
3380.53785,0.00175
3378.60942,0.00114
3376.68099,0.00077
3374.75256,0.00158
3372.82413,0.00288
3370.89570,0.00324
3368.96727,0.00335
3367.03884,0.00416
3365.11041,0.00439
3363.18198,0.00299
3361.25355,0.00134
3359.32512,0.00082
3357.39669,0.00140
3355.46826,0.00214
3353.53983,0.00199
3351.61140,0.00128
3349.68297,0.00117
3347.75454,0.00195
3345.82611,0.00269
3343.89768,0.00262
3341.96925,0.00250
3340.04082,0.00300
3338.11239,0.00326
3336.18396,0.00274
3334.25553,0.00271
3332.32710,0.00433
3330.39867,0.00622
3328.47024,0.00689
3326.54181,0.00669
3324.61338,0.00607
3322.68495,0.00500
3320.75652,0.00396
3318.82809,0.00342
3316.89966,0.00332
3314.97122,0.00352
3313.04279,0.00417
3311.11436,0.00514
3309.18593,0.00577
3307.25750,0.00571
3305.32907,0.00509
3303.40064,0.00419
3301.47221,0.00376
3299.54378,0.00419
3297.61535,0.00470
3295.68692,0.00489
3293.75849,0.00523
3291.83006,0.00576
3289.90163,0.00634
3287.97320,0.00725
3286.04477,0.00819
3284.11634,0.00792
3282.18791,0.00649
3280.25948,0.00580
3278.33105,0.00662
3276.40262,0.00740
3274.47419,0.00684
3272.54576,0.00599
3270.61733,0.00624
3268.68890,0.00671
3266.76047,0.00611
3264.83204,0.00520
3262.90361,0.00534
3260.97518,0.00659
3259.04675,0.00744
3257.11832,0.00701
3255.18989,0.00638
3253.26146,0.00624
3251.33303,0.00625
3249.40460,0.00589
3247.47617,0.00470
3245.54774,0.00326
3243.61931,0.00280
3241.69088,0.00333
3239.76245,0.00371
3237.83402,0.00338
3235.90559,0.00267
3233.97716,0.00208
3232.04873,0.00231
3230.12030,0.00379
3228.19187,0.00566
3226.26344,0.00638
3224.33501,0.00563
3222.40658,0.00460
3220.47815,0.00405
3218.54972,0.00360
3216.62129,0.00303
3214.69286,0.00317
3212.76443,0.00457
3210.83600,0.00594
3208.90757,0.00575
3206.97914,0.00446
3205.05071,0.00332
3203.12228,0.00270
3201.19385,0.00267
3199.26542,0.00288
3197.33699,0.00272
3195.40856,0.00253
3193.48013,0.00260
3191.55170,0.00218
3189.62327,0.00159
3187.69484,0.00193
3185.76641,0.00302
3183.83798,0.00375
3181.90955,0.00355
3179.98112,0.00278
3178.05269,0.00178
3176.12426,0.00142
3174.19583,0.00271
3172.26740,0.00441
3170.33897,0.00443
3168.41054,0.00275
3166.48211,0.00081
3164.55368,0.00011
3162.62525,0.00113
3160.69682,0.00260
3158.76839,0.00280
3156.83996,0.00168
3154.91153,0.00069
3152.98310,0.00084
3151.05467,0.00173
3149.12624,0.00242
3147.19781,0.00241
3145.26938,0.00204
3143.34095,0.00169
3141.41252,0.00138
3139.48409,0.00128
3137.55566,0.00154
3135.62723,0.00203
3133.69880,0.00226
3131.77037,0.00159
3129.84194,0.00040
3127.91351,0.00002
3125.98508,0.00073
3124.05665,0.00139
3122.12822,0.00118
3120.19979,0.00074
3118.27136,0.00081
3116.34293,0.00103
3114.41450,0.00088
3112.48607,0.00069
3110.55764,0.00081
3108.62921,0.00103
3106.70078,0.00117
3104.77235,0.00142
3102.84392,0.00185
3100.91549,0.00210
3098.98706,0.00214
3097.05863,0.00214
3095.13020,0.00198
3093.20177,0.00140
3091.27334,0.00053
3089.34491,0.00000
3087.41648,0.00009
3085.48805,0.00052
3083.55962,0.00069
3081.63119,0.00059
3079.70276,0.00081
3077.77433,0.00109
3075.84590,0.00096
3073.91747,0.00101
3071.98904,0.00128
3070.06061,0.00113
3068.13218,0.00101
3066.20375,0.00121
3064.27532,0.00108
3062.34689,0.00064
3060.41846,0.00061
3058.49003,0.00111
3056.56160,0.00152
3054.63317,0.00172
3052.70474,0.00194
3050.77631,0.00183
3048.84788,0.00141
3046.91945,0.00119
3044.99102,0.00115
3043.06259,0.00113
3041.13416,0.00136
3039.20573,0.00168
3037.27730,0.00166
3035.34887,0.00113
3033.42044,0.00037
3031.49201,0.00000
3029.56358,0.00008
3027.63515,0.00031
3025.70672,0.00064
3023.77829,0.00119
3021.84986,0.00160
3019.92143,0.00149
3017.99300,0.00119
3016.06457,0.00108
3014.13614,0.00093
3012.20771,0.00071
3010.27928,0.00075
3008.35085,0.00116
3006.42242,0.00181
3004.49399,0.00210
3002.56556,0.00144
3000.63713,0.00065
2998.70870,0.00086
2996.78027,0.00169
2994.85184,0.00212
2992.92341,0.00186
2990.99498,0.00153
2989.06655,0.00195
2987.13812,0.00274
2985.20969,0.00296
2983.28126,0.00236
2981.35283,0.00133
2979.42440,0.00078
2977.49597,0.00146
2975.56754,0.00280
2973.63911,0.00346
2971.71068,0.00324
2969.78225,0.00277
2967.85382,0.00235
2965.92539,0.00229
2963.99696,0.00253
2962.06853,0.00261
2960.14010,0.00253
2958.21167,0.00237
2956.28324,0.00194
2954.35481,0.00138
2952.42638,0.00120
2950.49795,0.00163
2948.56952,0.00229
2946.64109,0.00242
2944.71266,0.00189
2942.78423,0.00151
2940.85580,0.00175
2938.92737,0.00242
2936.99894,0.00307
2935.07051,0.00310
2933.14208,0.00253
2931.21365,0.00194
2929.28522,0.00186
2927.35679,0.00240
2925.42836,0.00297
2923.49993,0.00322
2921.57150,0.00328
2919.64307,0.00269
2917.71464,0.00169
2915.78621,0.00127
2913.85778,0.00126
2911.92935,0.00101
2910.00092,0.00062
2908.07249,0.00041
2906.14406,0.00054
2904.21563,0.00071
2902.28720,0.00024
2900.35877,-0.00040
2898.43034,-0.00013
2896.50191,0.00056
2894.57348,0.00061
2892.64505,0.00028
2890.71662,0.00028
2888.78819,0.00060
2886.85976,0.00081
2884.93133,0.00089
2883.00290,0.00084
2881.07447,0.00068
2879.14604,0.00084
2877.21761,0.00117
2875.28918,0.00110
2873.36075,0.00070
2871.43232,0.00024
2869.50389,0.00000
2867.57546,0.00036
2865.64703,0.00129
2863.71860,0.00225
2861.79017,0.00243
2859.86174,0.00143
2857.93331,0.00016
2856.00488,-0.00035
2854.07645,-0.00039
2852.14802,-0.00039
2850.21959,-0.00002
2848.29116,0.00038
2846.36273,0.00013
2844.43430,-0.00012
2842.50587,0.00033
2840.57744,0.00086
2838.64901,0.00094
2836.72058,0.00079
2834.79215,0.00081
2832.86372,0.00091
2830.93529,0.00081
2829.00686,0.00100
2827.07843,0.00160
2825.15000,0.00159
2823.22157,0.00080
2821.29314,0.00010
2819.36471,0.00000
2817.43628,0.00038
2815.50785,0.00095
2813.57942,0.00145
2811.65099,0.00159
2809.72256,0.00134
2807.79413,0.00105
2805.86570,0.00083
2803.93727,0.00079
2802.00884,0.00104
2800.08041,0.00139
2798.15198,0.00185
2796.22355,0.00210
2794.29512,0.00150
2792.36669,0.00083
2790.43826,0.00128
2788.50983,0.00194
2786.58140,0.00148
2784.65297,0.00047
2782.72454,0.00015
2780.79611,0.00066
2778.86768,0.00132
2776.93925,0.00149
2775.01082,0.00134
2773.08239,0.00134
2771.15396,0.00152
2769.22553,0.00187
2767.29710,0.00226
2765.36867,0.00239
2763.44024,0.00224
2761.51181,0.00171
2759.58338,0.00073
2757.65495,0.00000
2755.72652,0.00009
2753.79809,0.00069
2751.86966,0.00104
2749.94123,0.00122
2748.01280,0.00158
2746.08437,0.00201
2744.15594,0.00212
2742.22751,0.00192
2740.29908,0.00194
2738.37065,0.00206
2736.44222,0.00177
2734.51379,0.00132
2732.58536,0.00099
2730.65693,0.00057
2728.72850,0.00047
2726.80007,0.00126
2724.87164,0.00234
2722.94321,0.00258
2721.01478,0.00178
2719.08635,0.00080
2717.15792,0.00061
2715.22949,0.00103
2713.30105,0.00114
2711.37262,0.00089
2709.44419,0.00074
2707.51576,0.00084
2705.58733,0.00123
2703.65890,0.00151
2701.73047,0.00125
2699.80204,0.00088
2697.87361,0.00092
2695.94518,0.00128
2694.01675,0.00150
2692.08832,0.00143
2690.15989,0.00142
2688.23146,0.00143
2686.30303,0.00109
2684.37460,0.00048
2682.44617,0.00000
2680.51774,0.00003
2678.58931,0.00056
2676.66088,0.00131
2674.73245,0.00177
2672.80402,0.00149
2670.87559,0.00105
2668.94716,0.00099
2667.01873,0.00101
2665.09030,0.00120
2663.16187,0.00175
2661.23344,0.00204
2659.30501,0.00148
2657.37658,0.00069
2655.44815,0.00050
2653.51972,0.00069
2651.59129,0.00082
2649.66286,0.00109
2647.73443,0.00141
2645.80600,0.00118
2643.87757,0.00070
2641.94914,0.00080
2640.02071,0.00121
2638.09228,0.00141
2636.16385,0.00143
2634.23542,0.00132
2632.30699,0.00108
2630.37856,0.00069
2628.45013,0.00021
2626.52170,0.00000
2624.59327,0.00029
2622.66484,0.00089
2620.73641,0.00133
2618.80798,0.00150
2616.87955,0.00174
2614.95112,0.00223
2613.02269,0.00274
2611.09426,0.00280
2609.16583,0.00214
2607.23740,0.00124
2605.30897,0.00077
2603.38054,0.00076
2601.45211,0.00100
2599.52368,0.00128
2597.59525,0.00150
2595.66682,0.00173
2593.73839,0.00194
2591.80996,0.00199
2589.88153,0.00189
2587.95310,0.00170
2586.02467,0.00152
2584.09624,0.00137
2582.16781,0.00117
2580.23938,0.00082
2578.31095,0.00033
2576.38252,0.00020
2574.45409,0.00073
2572.52566,0.00150
2570.59723,0.00183
2568.66880,0.00121
2566.74037,0.00017
2564.81194,0.00000
2562.88351,0.00057
2560.95508,0.00081
2559.02665,0.00054
2557.09822,0.00055
2555.16979,0.00103
2553.24136,0.00129
2551.31293,0.00119
2549.38450,0.00115
2547.45607,0.00109
2545.52764,0.00122
2543.59921,0.00181
2541.67078,0.00240
2539.74235,0.00258
2537.81392,0.00237
2535.88549,0.00177
2533.95706,0.00113
2532.02863,0.00098
2530.10020,0.00122
2528.17177,0.00134
2526.24334,0.00113
2524.31491,0.00053
2522.38648,0.00000
2520.45805,0.00024
2518.52962,0.00084
2516.60119,0.00084
2514.67276,0.00047
2512.74433,0.00037
2510.81590,0.00043
2508.88747,0.00040
2506.95904,0.00048
2505.03061,0.00087
2503.10218,0.00128
2501.17375,0.00130
2499.24532,0.00090
2497.31689,0.00072
2495.38846,0.00118
2493.46003,0.00148
2491.53160,0.00102
2489.60317,0.00043
2487.67474,0.00024
2485.74631,0.00049
2483.81788,0.00082
2481.88945,0.00091
2479.96102,0.00092
2478.03259,0.00084
2476.10416,0.00047
2474.17573,0.00022
2472.24730,0.00055
2470.31887,0.00101
2468.39044,0.00113
2466.46201,0.00108
2464.53358,0.00083
2462.60515,0.00041
2460.67672,0.00023
2458.74829,0.00048
2456.81986,0.00104
2454.89143,0.00156
2452.96300,0.00176
2451.03457,0.00150
2449.10614,0.00083
2447.17771,0.00042
2445.24928,0.00049
2443.32085,0.00051
2441.39242,0.00049
2439.46399,0.00061
2437.53556,0.00060
2435.60713,0.00032
2433.67870,0.00000
2431.75027,0.00000
2429.82184,0.00001
2427.89341,0.00001
2425.96498,0.00002
2424.03655,0.00002
2422.10812,0.00002
2420.17969,0.00002
2418.25126,0.00002
2416.32283,0.00003
2414.39440,0.00003
2412.46597,0.00003
2410.53754,0.00003
2408.60911,0.00003
2406.68068,0.00004
2404.75225,0.00004
2402.82382,0.00005
2400.89539,0.00004
2398.96696,0.00001
2397.03853,-0.00003
2395.11010,-0.00006
2393.18167,-0.00009
2391.25324,-0.00013
2389.32481,-0.00016
2387.39638,-0.00019
2385.46795,-0.00021
2383.53952,-0.00024
2381.61109,-0.00027
2379.68266,-0.00029
2377.75423,-0.00032
2375.82580,-0.00034
2373.89737,-0.00036
2371.96894,-0.00038
2370.04051,-0.00040
2368.11208,-0.00042
2366.18365,-0.00044
2364.25522,-0.00045
2362.32679,-0.00047
2360.39836,-0.00048
2358.46993,-0.00049
2356.54150,-0.00051
2354.61307,-0.00052
2352.68464,-0.00053
2350.75621,-0.00054
2348.82778,-0.00054
2346.89935,-0.00055
2344.97092,-0.00055
2343.04249,-0.00056
2341.11406,-0.00056
2339.18563,-0.00056
2337.25720,-0.00057
2335.32877,-0.00057
2333.40034,-0.00057
2331.47191,-0.00056
2329.54348,-0.00056
2327.61505,-0.00056
2325.68662,-0.00055
2323.75819,-0.00054
2321.82976,-0.00054
2319.90133,-0.00053
2317.97290,-0.00052
2316.04447,-0.00051
2314.11604,-0.00050
2312.18761,-0.00048
2310.25918,-0.00047
2308.33075,-0.00045
2306.40232,-0.00044
2304.47389,-0.00042
2302.54546,-0.00040
2300.61703,-0.00038
2298.68860,-0.00036
2296.76017,-0.00034
2294.83174,-0.00032
2292.90331,-0.00030
2290.97488,-0.00027
2289.04645,-0.00024
2287.11802,-0.00022
2285.18959,-0.00019
2283.26116,-0.00016
2281.33273,-0.00013
2279.40430,-0.00010
2277.47587,-0.00007
2275.54744,-0.00003
2273.61901,0.00000
2271.69058,0.00002
2269.76215,0.00004
2267.83372,0.00006
2265.90529,0.00008
2263.97686,0.00010
2262.04843,0.00037
2260.12000,0.00042
2258.19157,0.00039
2256.26314,0.00043
2254.33471,0.00043
2252.40628,0.00039
2250.47785,0.00068
2248.54942,0.00121
2246.62099,0.00089
2244.69256,0.00038
2242.76413,0.00031
2240.83570,0.00048
2238.90727,0.00039
2236.97884,0.00019
2235.05041,0.00029
2233.12198,0.00035
2231.19355,0.00008
2229.26512,0.00000
2227.33669,0.00039
2225.40826,0.00092
2223.47983,0.00129
2221.55140,0.00138
2219.62297,0.00120
2217.69454,0.00098
2215.76611,0.00083
2213.83768,0.00082
2211.90925,0.00114
2209.98082,0.00150
2208.05239,0.00131
2206.12396,0.00065
2204.19553,0.00005
2202.26710,-0.00004
2200.33867,0.00050
2198.41024,0.00086
2196.48181,0.00059
2194.55338,0.00055
2192.62495,0.00100
2190.69652,0.00126
2188.76809,0.00131
2186.83966,0.00151
2184.91123,0.00148
2182.98280,0.00097
2181.05437,0.00047
2179.12594,0.00016
2177.19751,0.00001
2175.26908,0.00000
2173.34065,0.00000
2171.41222,0.00013
2169.48379,0.00042
2167.55536,0.00051
2165.62693,0.00027
2163.69850,0.00004
2161.77007,0.00026
2159.84164,0.00094
2157.91321,0.00164
2155.98478,0.00174
2154.05635,0.00134
2152.12792,0.00118
2150.19949,0.00136
2148.27106,0.00141
2146.34263,0.00134
2144.41420,0.00138
2142.48577,0.00144
2140.55734,0.00139
2138.62891,0.00134
2136.70048,0.00140
2134.77205,0.00148
2132.84362,0.00146
2130.91519,0.00144
2128.98676,0.00158
2127.05833,0.00177
2125.12990,0.00194
2123.20147,0.00200
2121.27304,0.00150
2119.34461,0.00057
2117.41618,0.00028
2115.48775,0.00083
2113.55932,0.00119
2111.63089,0.00116
2109.70245,0.00113
2107.77402,0.00086
2105.84559,0.00035
2103.91716,0.00009
2101.98873,0.00026
2100.06030,0.00055
2098.13187,0.00057
2096.20344,0.00041
2094.27501,0.00044
2092.34658,0.00065
2090.41815,0.00090
2088.48972,0.00085
2086.56129,0.00046
2084.63286,0.00042
2082.70443,0.00086
2080.77600,0.00104
2078.84757,0.00073
2076.91914,0.00034
2074.99071,0.00010
2073.06228,0.00015
2071.13385,0.00065
2069.20542,0.00144
2067.27699,0.00250
2065.34856,0.00339
2063.42013,0.00325
2061.49170,0.00238
2059.56327,0.00156
2057.63484,0.00100
2055.70641,0.00084
2053.77798,0.00088
2051.84955,0.00060
2049.92112,0.00010
2047.99269,0.00000
2046.06426,0.00042
2044.13583,0.00084
2042.20740,0.00082
2040.27897,0.00075
2038.35054,0.00098
2036.42211,0.00130
2034.49368,0.00146
2032.56525,0.00117
2030.63682,0.00047
2028.70839,0.00012
2026.77996,0.00036
2024.85153,0.00056
2022.92310,0.00041
2020.99467,0.00038
2019.06624,0.00087
2017.13781,0.00147
2015.20938,0.00156
2013.28095,0.00130
2011.35252,0.00120
2009.42409,0.00145
2007.49566,0.00172
2005.56723,0.00167
2003.63880,0.00134
2001.71037,0.00103
1999.78194,0.00095
1997.85351,0.00097
1995.92508,0.00069
1993.99665,0.00023
1992.06822,0.00019
1990.13979,0.00047
1988.21136,0.00061
1986.28293,0.00075
1984.35450,0.00105
1982.42607,0.00136
1980.49764,0.00146
1978.56921,0.00115
1976.64078,0.00069
1974.71235,0.00059
1972.78392,0.00084
1970.85549,0.00119
1968.92706,0.00145
1966.99863,0.00147
1965.07020,0.00134
1963.14177,0.00119
1961.21334,0.00110
1959.28491,0.00100
1957.35648,0.00075
1955.42805,0.00034
1953.49962,0.00000
1951.57119,0.00001
1949.64276,0.00049
1947.71433,0.00116
1945.78590,0.00153
1943.85747,0.00117
1941.92904,0.00032
1940.00061,0.00003
1938.07218,0.00047
1936.14375,0.00076
1934.21532,0.00054
1932.28689,0.00028
1930.35846,0.00039
1928.43003,0.00070
1926.50160,0.00092
1924.57317,0.00103
1922.64474,0.00106
1920.71631,0.00087
1918.78788,0.00053
1916.85945,0.00045
1914.93102,0.00078
1913.00259,0.00126
1911.07416,0.00154
1909.14573,0.00145
1907.21730,0.00115
1905.28887,0.00085
1903.36044,0.00053
1901.43201,0.00019
1899.50358,0.00000
1897.57515,0.00016
1895.64672,0.00068
1893.71829,0.00125
1891.78986,0.00142
1889.86143,0.00106
1887.93300,0.00051
1886.00457,0.00022
1884.07614,0.00045
1882.14771,0.00089
1880.21928,0.00093
1878.29085,0.00046
1876.36242,-0.00006
1874.43399,-0.00022
1872.50556,-0.00001
1870.57713,0.00040
1868.64870,0.00091
1866.72027,0.00119
1864.79184,0.00094
1862.86341,0.00051
1860.93498,0.00047
1859.00655,0.00082
1857.07812,0.00094
1855.14969,0.00049
1853.22126,0.00000
1851.29283,0.00010
1849.36440,0.00102
1847.43597,0.00250
1845.50754,0.00383
1843.57911,0.00393
1841.65068,0.00284
1839.72225,0.00189
1837.79382,0.00170
1835.86539,0.00199
1833.93696,0.00220
1832.00853,0.00199
1830.08010,0.00156
1828.15167,0.00137
1826.22324,0.00137
1824.29481,0.00120
1822.36638,0.00086
1820.43795,0.00079
1818.50952,0.00120
1816.58109,0.00169
1814.65266,0.00170
1812.72423,0.00108
1810.79580,0.00031
1808.86737,0.00006
1806.93894,0.00046
1805.01051,0.00127
1803.08208,0.00174
1801.15365,0.00131
1799.22522,0.00071
1797.29679,0.00092
1795.36836,0.00145
1793.43993,0.00129
1791.51150,0.00055
1789.58307,0.00024
1787.65464,0.00065
1785.72621,0.00129
1783.79778,0.00155
1781.86935,0.00135
1779.94092,0.00105
1778.01249,0.00080
1776.08406,0.00045
1774.15563,-0.00006
1772.22720,-0.00027
1770.29877,0.00026
1768.37034,0.00093
1766.44191,0.00112
1764.51348,0.00108
1762.58505,0.00107
1760.65662,0.00095
1758.72819,0.00086
1756.79976,0.00105
1754.87133,0.00141
1752.94290,0.00164
1751.01447,0.00146
1749.08604,0.00077
1747.15761,0.00025
1745.22918,0.00060
1743.30075,0.00124
1741.37232,0.00135
1739.44389,0.00110
1737.51546,0.00096
1735.58703,0.00074
1733.65860,0.00040
1731.73017,0.00032
1729.80174,0.00017
1727.87331,0.00000
1725.94488,0.00015
1724.01645,0.00055
1722.08802,0.00079
1720.15959,0.00080
1718.23116,0.00119
1716.30273,0.00222
1714.37430,0.00256
1712.44587,0.00221
1710.51744,0.00186
1708.58901,0.00191
1706.66058,0.00283
1704.73215,0.00441
1702.80372,0.00492
1700.87529,0.00400
1698.94686,0.00398
1697.01843,0.00634
1695.09000,0.00915
1693.16157,0.01062
1691.23314,0.01120
1689.30471,0.01188
1687.37628,0.01295
1685.44785,0.01407
1683.51942,0.01564
1681.59099,0.01765
1679.66256,0.01932
1677.73413,0.02037
1675.80570,0.02142
1673.87727,0.02281
1671.94884,0.02406
1670.02041,0.02498
1668.09198,0.02605
1666.16355,0.02751
1664.23512,0.02933
1662.30669,0.03122
1660.37826,0.03292
1658.44983,0.03414
1656.52140,0.03462
1654.59297,0.03472
1652.66454,0.03562
1650.73611,0.03712
1648.80768,0.03710
1646.87925,0.03524
1644.95082,0.03373
1643.02239,0.03310
1641.09396,0.03235
1639.16553,0.03102
1637.23710,0.02925
1635.30867,0.02784
1633.38024,0.02737
1631.45181,0.02729
1629.52338,0.02691
1627.59495,0.02626
1625.66652,0.02600
1623.73809,0.02664
1621.80966,0.02774
1619.88123,0.02794
1617.95280,0.02644
1616.02437,0.02403
1614.09594,0.02234
1612.16751,0.02099
1610.23908,0.01895
1608.31065,0.01663
1606.38222,0.01505
1604.45379,0.01416
1602.52536,0.01331
1600.59693,0.01221
1598.66850,0.01100
1596.74007,0.00992
1594.81164,0.00923
1592.88321,0.00919
1590.95478,0.00953
1589.02635,0.00963
1587.09792,0.00929
1585.16949,0.00894
1583.24106,0.00903
1581.31263,0.00935
1579.38420,0.00920
1577.45577,0.00883
1575.52734,0.00925
1573.59891,0.01012
1571.67048,0.01038
1569.74205,0.01027
1567.81362,0.01078
1565.88519,0.01186
1563.95676,0.01264
1562.02833,0.01202
1560.09990,0.01063
1558.17147,0.01191
1556.24304,0.01623
1554.31461,0.01917
1552.38618,0.02030
1550.45775,0.02118
1548.52932,0.02223
1546.60089,0.02250
1544.67246,0.02069
1542.74403,0.01676
1540.81560,0.01381
1538.88717,0.01547
1536.95874,0.01818
1535.03031,0.01915
1533.10188,0.01906
1531.17345,0.01923
1529.24502,0.01917
1527.31659,0.01848
1525.38816,0.01812
1523.45973,0.01826
1521.53130,0.01773
1519.60287,0.01650
1517.67444,0.01554
1515.74601,0.01529
1513.81758,0.01559
1511.88915,0.01582
1509.96072,0.01541
1508.03229,0.01351
1506.10385,0.01019
1504.17542,0.00847
1502.24699,0.00889
1500.31856,0.00946
1498.39013,0.00906
1496.46170,0.00796
1494.53327,0.00676
1492.60484,0.00533
1490.67641,0.00313
1488.74798,0.00092
1486.81955,0.00000
1484.89112,0.00009
1482.96269,0.00035
1481.03426,0.00055
1479.10583,0.00095
1477.17740,0.00155
1475.24897,0.00182
1473.32054,0.00165
1471.39211,0.00157
1469.46368,0.00192
1467.53525,0.00248
1465.60682,0.00280
1463.67839,0.00294
1461.74996,0.00327
1459.82153,0.00382
1457.89310,0.00409
1455.96467,0.00379
1454.03624,0.00335
1452.10781,0.00334
1450.17938,0.00340
1448.25095,0.00326
1446.32252,0.00307
1444.39409,0.00296
1442.46566,0.00267
1440.53723,0.00207
1438.60880,0.00158
1436.68037,0.00156
1434.75194,0.00179
1432.82351,0.00198
1430.89508,0.00186
1428.96665,0.00136
1427.03822,0.00100
1425.10979,0.00108
1423.18136,0.00136
1421.25293,0.00174
1419.32450,0.00213
1417.39607,0.00205
1415.46764,0.00140
1413.53921,0.00072
1411.61078,0.00054
1409.68235,0.00087
1407.75392,0.00129
1405.82549,0.00166
1403.89706,0.00185
1401.96863,0.00174
1400.04020,0.00177
1398.11177,0.00228
1396.18334,0.00262
1394.25491,0.00249
1392.32648,0.00258
1390.39805,0.00287
1388.46962,0.00272
1386.54119,0.00222
1384.61276,0.00190
1382.68433,0.00178
1380.75590,0.00173
1378.82747,0.00176
1376.89904,0.00183
1374.97061,0.00188
1373.04218,0.00169
1371.11375,0.00099
1369.18532,0.00025
1367.25689,0.00000
1365.32846,0.00013
1363.40003,0.00034
1361.47160,0.00045
1359.54317,0.00036
1357.61474,0.00028
1355.68631,0.00031
1353.75788,0.00032
1351.82945,0.00024
1349.90102,0.00023
1347.97259,0.00038
1346.04416,0.00045
1344.11573,0.00025
1342.18730,0.00000
1340.25887,0.00003
1338.33044,0.00047
1336.40201,0.00074
1334.47358,0.00092
1332.54515,0.00115
1330.61672,0.00107
1328.68829,0.00054
1326.75986,-0.00002
1324.83143,-0.00019
1322.90300,-0.00004
1320.97457,0.00018
1319.04614,0.00033
1317.11771,0.00032
1315.18928,0.00014
1313.26085,-0.00006
1311.33242,-0.00020
1309.40399,-0.00023
1307.47556,-0.00013
1305.54713,-0.00001
1303.61870,0.00000
1301.69027,-0.00014
1299.76184,-0.00029
1297.83341,-0.00017
1295.90498,0.00033
1293.97655,0.00078
1292.04812,0.00068
1290.11969,0.00020
1288.19126,0.00000
1286.26283,0.00025
1284.33440,0.00063
1282.40597,0.00072
1280.47754,0.00059
1278.54911,0.00052
1276.62068,0.00066
1274.69225,0.00105
1272.76382,0.00162
1270.83539,0.00226
1268.90696,0.00314
1266.97853,0.00400
1265.05010,0.00441
1263.12167,0.00495
1261.19324,0.00638
1259.26481,0.00822
1257.33638,0.00953
1255.40795,0.01058
1253.47952,0.01192
1251.55109,0.01332
1249.62266,0.01464
1247.69423,0.01629
1245.76580,0.01840
1243.83737,0.02038
1241.90894,0.02171
1239.98051,0.02289
1238.05208,0.02460
1236.12365,0.02658
1234.19522,0.02834
1232.26679,0.02989
1230.33836,0.03122
1228.40993,0.03230
1226.48150,0.03382
1224.55307,0.03593
1222.62464,0.03757
1220.69621,0.03851
1218.76778,0.03974
1216.83935,0.04141
1214.91092,0.04290
1212.98249,0.04406
1211.05406,0.04516
1209.12563,0.04651
1207.19720,0.04801
1205.26877,0.04940
1203.34034,0.05070
1201.41191,0.05183
1199.48348,0.05307
1197.55505,0.05470
1195.62662,0.05634
1193.69819,0.05796
1191.76976,0.06002
1189.84133,0.06253
1187.91290,0.06535
1185.98447,0.06823
1184.05604,0.07104
1182.12761,0.07425
1180.19918,0.07778
1178.27075,0.08100
1176.34232,0.08419
1174.41389,0.08767
1172.48546,0.09122
1170.55703,0.09465
1168.62860,0.09823
1166.70017,0.10236
1164.77174,0.10657
1162.84331,0.11045
1160.91488,0.11453
1158.98645,0.11907
1157.05802,0.12430
1155.12959,0.13062
1153.20116,0.13746
1151.27273,0.14377
1149.34430,0.14928
1147.41587,0.15438
1145.48744,0.15902
1143.55901,0.16272
1141.63058,0.16502
1139.70215,0.16549
1137.77372,0.16494
1135.84529,0.16483
1133.91686,0.16535
1131.98843,0.16633
1130.06000,0.16783
1128.13157,0.17028
1126.20314,0.17454
1124.27471,0.17972
1122.34628,0.18424
1120.41785,0.18808
1118.48942,0.19192
1116.56099,0.19695
1114.63256,0.20307
1112.70413,0.20790
1110.77570,0.21039
1108.84727,0.21178
1106.91884,0.21306
1104.99041,0.21483
1103.06198,0.21830
1101.13355,0.22460
1099.20512,0.23365
1097.27669,0.24466
1095.34826,0.25652
1093.41983,0.26750
1091.49140,0.27690
1089.56297,0.28558
1087.63454,0.29259
1085.70611,0.29643
1083.77768,0.29839
1081.84925,0.29957
1079.92082,0.29940
1077.99239,0.29790
1076.06396,0.29575
1074.13553,0.29255
1072.20710,0.28788
1070.27867,0.28332
1068.35024,0.28043
1066.42181,0.27816
1064.49338,0.27422
1062.56495,0.26850
1060.63652,0.26300
1058.70809,0.25836
1056.77966,0.25323
1054.85123,0.24715
1052.92280,0.24140
1050.99437,0.23652
1049.06594,0.23092
1047.13751,0.22312
1045.20908,0.21387
1043.28065,0.20543
1041.35222,0.19775
1039.42379,0.18874
1037.49536,0.17864
1035.56693,0.16834
1033.63850,0.15715
1031.71007,0.14592
1029.78164,0.13622
1027.85321,0.12750
1025.92478,0.11878
1023.99635,0.10987
1022.06792,0.10076
1020.13949,0.09225
1018.21106,0.08532
1016.28263,0.08022
1014.35420,0.07682
1012.42577,0.07406
1010.49734,0.07093
1008.56891,0.06765
1006.64048,0.06406
1004.71205,0.05916
1002.78362,0.05321
1000.85519,0.04782
998.92676,0.04378
996.99833,0.04056
995.06990,0.03788
993.14147,0.03576
991.21304,0.03412
989.28461,0.03324
987.35618,0.03318
985.42775,0.03314
983.49932,0.03269
981.57089,0.03185
979.64246,0.03084
977.71403,0.03059
975.78560,0.03100
973.85717,0.03076
971.92874,0.03002
970.00031,0.02966
968.07188,0.02917
966.14345,0.02845
964.21502,0.02855
962.28659,0.02940
960.35816,0.02987
958.42973,0.02912
956.50130,0.02719
954.57287,0.02505
952.64444,0.02371
950.71601,0.02376
948.78758,0.02460
946.85915,0.02467
944.93072,0.02377
943.00229,0.02275
941.07386,0.02149
939.14543,0.02018
937.21700,0.01971
935.28857,0.02006
933.36014,0.02056
931.43171,0.02018
929.50328,0.01861
927.57485,0.01688
925.64642,0.01578
923.71799,0.01536
921.78956,0.01476
919.86113,0.01324
917.93270,0.01177
916.00427,0.01124
914.07584,0.01114
912.14741,0.01083
910.21898,0.01035
908.29055,0.00949
906.36212,0.00805
904.43368,0.00707
902.50525,0.00742
900.57682,0.00810
898.64839,0.00724
896.71996,0.00472
894.79153,0.00294
892.86310,0.00292
890.93467,0.00298
889.00624,0.00278
887.07781,0.00322
885.14938,0.00356
883.22095,0.00299
881.29252,0.00212
879.36409,0.00149
877.43566,0.00082
875.50723,0.00007
873.57880,0.00000
871.65037,0.00102
869.72194,0.00212
867.79351,0.00169
865.86508,0.00068
863.93665,0.00052
862.00822,0.00033
860.07979,0.00022
858.15136,0.00133
856.22293,0.00273
854.29450,0.00340
852.36607,0.00366
850.43764,0.00410
848.50921,0.00498
846.58078,0.00591
844.65235,0.00665
842.72392,0.00736
840.79549,0.00769
838.86706,0.00777
836.93863,0.00830
835.01020,0.00955
833.08177,0.01114
831.15334,0.01238
829.22491,0.01352
827.29648,0.01549
825.36805,0.01802
823.43962,0.01974
821.51119,0.02015
819.58276,0.02056
817.65433,0.02145
815.72590,0.02220
813.79747,0.02361
811.86904,0.02587
809.94061,0.02685
808.01218,0.02592
806.08375,0.02456
804.15532,0.02425
802.22689,0.02599
800.29846,0.02865
798.37003,0.02949
796.44160,0.02816
794.51317,0.02669
792.58474,0.02587
790.65631,0.02538
788.72788,0.02523
786.79945,0.02499
784.87102,0.02401
782.94259,0.02226
781.01416,0.02055
779.08573,0.01934
777.15730,0.01790
775.22887,0.01689
773.30044,0.01665
771.37201,0.01530
769.44358,0.01326
767.51515,0.01267
765.58672,0.01329
763.65829,0.01349
761.72986,0.01211
759.80143,0.00960
757.87300,0.00840
755.94457,0.00958
754.01614,0.01078
752.08771,0.01039
750.15928,0.00954
748.23085,0.00975
746.30242,0.01135
744.37399,0.01242
742.44556,0.01122
740.51713,0.00932
738.58870,0.00848
736.66027,0.00904
734.73184,0.01094
732.80341,0.01210
730.87498,0.01127
728.94655,0.01026
727.01812,0.00904
725.08969,0.00698
723.16126,0.00670
721.23283,0.00786
719.30440,0.00948
717.37597,0.00960
715.44754,0.00749
713.51911,0.00579
711.59068,0.00701
709.66225,0.01057
707.73382,0.01313
705.80539,0.01309
703.87696,0.01171
701.94853,0.01045
700.02010,0.00976
698.09167,0.01050
696.16324,0.01232
694.23481,0.01256
692.30638,0.01086
690.37795,0.01046
688.44952,0.01207
686.52109,0.01320
684.59266,0.01319
682.66423,0.01190
680.73580,0.00831
678.80737,0.00496
676.87894,0.00584
674.95051,0.00951
673.02208,0.01274
671.09365,0.01671
669.16522,0.02246
667.23679,0.02584
665.30836,0.02596
663.37993,0.02691
661.45150,0.02966
659.52307,0.03233
657.59464,0.03280
655.66621,0.02823
653.73778,0.02031
651.80935,0.01600
649.88092,0.01536
647.95249,0.01298
646.02406,0.01011
644.09563,0.01097
642.16720,0.01679
640.23877,0.02292
638.31034,0.02396
636.38191,0.01831
634.45348,0.00963
632.52505,0.00333
630.59662,0.00208
628.66819,0.00373
626.73976,0.00417
624.81133,0.00058
622.88290,0.00000
620.95447,0.00965
619.02604,0.02180
617.09761,0.02284
615.16918,0.01393
613.24075,0.00645
611.31232,0.00438
609.38389,0.00374
607.45546,0.00188
605.52703,0.00198
603.59860,0.00167
601.67017,0.00000
599.74174,0.00000
