4001.49232,0.00501
3999.56389,0.00610
3997.63546,0.00579
3995.70703,0.00481
3993.77860,0.00426
3991.85017,0.00474
3989.92174,0.00575
3987.99331,0.00643
3986.06488,0.00646
3984.13645,0.00594
3982.20802,0.00519
3980.27959,0.00465
3978.35116,0.00485
3976.42273,0.00550
3974.49430,0.00544
3972.56587,0.00459
3970.63744,0.00377
3968.70901,0.00306
3966.78058,0.00275
3964.85215,0.00377
3962.92372,0.00519
3960.99529,0.00470
3959.06686,0.00265
3957.13843,0.00091
3955.21000,0.00000
3953.28157,0.00038
3951.35314,0.00245
3949.42471,0.00465
3947.49628,0.00487
3945.56785,0.00435
3943.63942,0.00458
3941.71099,0.00450
3939.78256,0.00425
3937.85413,0.00429
3935.92570,0.00463
3933.99727,0.00580
3932.06884,0.00612
3930.14041,0.00430
3928.21198,0.00299
3926.28355,0.00382
3924.35512,0.00391
3922.42669,0.00263
3920.49826,0.00317
3918.56982,0.00495
3916.64139,0.00528
3914.71296,0.00442
3912.78453,0.00389
3910.85610,0.00304
3908.92767,0.00247
3906.99924,0.00480
3905.07081,0.00863
3903.14238,0.00969
3901.21395,0.00884
3899.28552,0.00728
3897.35709,0.00469
3895.42866,0.00504
3893.50023,0.00895
3891.57180,0.00997
3889.64337,0.00685
3887.71494,0.00637
3885.78651,0.00637
3883.85808,0.00354
3881.92965,0.00351
3880.00122,0.00402
3878.07279,0.00299
3876.14436,0.00437
3874.21593,0.00527
3872.28750,0.00454
3870.35907,0.00449
3868.43064,0.00360
3866.50221,0.00573
3864.57378,0.00863
3862.64535,0.00655
3860.71692,0.00352
3858.78849,0.00332
3856.86006,0.00653
3854.93163,0.01161
3853.00320,0.01191
3851.07477,0.00670
3849.14634,0.00465
3847.21791,0.00586
3845.28948,0.00688
3843.36105,0.00580
3841.43262,0.00480
3839.50419,0.00582
3837.57576,0.00558
3835.64733,0.00420
3833.71890,0.00418
3831.79047,0.00450
3829.86204,0.00501
3827.93361,0.00608
3826.00518,0.00499
3824.07675,0.00427
3822.14832,0.00668
3820.21989,0.00659
3818.29146,0.00723
3816.36303,0.00923
3814.43460,0.00571
3812.50617,0.00211
3810.57774,0.00293
3808.64931,0.00531
3806.72088,0.00488
3804.79245,0.00402
3802.86402,0.00703
3800.93559,0.00664
3799.00716,0.00385
3797.07873,0.00406
3795.15030,0.00314
3793.22187,0.00220
3791.29344,0.00284
3789.36501,0.00326
3787.43658,0.00387
3785.50815,0.00389
3783.57972,0.00205
3781.65129,0.00187
3779.72286,0.00322
3777.79443,0.00215
3775.86600,0.00068
3773.93757,0.00117
3772.00914,0.00320
3770.08071,0.00431
3768.15228,0.00357
3766.22385,0.00341
3764.29542,0.00305
3762.36699,0.00383
3760.43856,0.00602
3758.51013,0.00541
3756.58170,0.00335
3754.65327,0.00486
3752.72484,0.00960
3750.79641,0.01145
3748.86798,0.00916
3746.93955,0.01114
3745.01112,0.01478
3743.08269,0.01195
3741.15426,0.00866
3739.22583,0.01040
3737.29740,0.01419
3735.36897,0.01477
3733.44054,0.01097
3731.51211,0.00703
3729.58368,0.00600
3727.65525,0.00774
3725.72682,0.00880
3723.79839,0.00848
3721.86996,0.00758
3719.94153,0.00541
3718.01310,0.00285
3716.08467,0.00159
3714.15624,0.00352
3712.22781,0.00655
3710.29938,0.00524
3708.37095,0.00130
3706.44252,0.00000
3704.51409,0.00200
3702.58566,0.00408
3700.65723,0.00309
3698.72880,0.00166
3696.80037,0.00183
3694.87194,0.00244
3692.94351,0.00445
3691.01508,0.00717
3689.08665,0.00620
3687.15822,0.00281
3685.22979,0.00206
3683.30136,0.00309
3681.37293,0.00384
3679.44450,0.00575
3677.51607,0.01005
3675.58764,0.01026
3673.65921,0.00448
3671.73078,0.00550
3669.80235,0.00849
3667.87392,0.00546
3665.94549,0.00370
3664.01706,0.00446
3662.08863,0.00440
3660.16020,0.00401
3658.23177,0.00448
3656.30334,0.00306
3654.37491,0.00000
3652.44648,0.00180
3650.51805,0.00694
3648.58962,0.00821
3646.66119,0.00643
3644.73276,0.00596
3642.80433,0.00641
3640.87590,0.00561
3638.94747,0.00414
3637.01904,0.00326
3635.09061,0.00262
3633.16218,0.00211
3631.23375,0.00404
3629.30532,0.00648
3627.37689,0.00367
3625.44846,0.00111
3623.52003,0.00218
3621.59160,0.00453
3619.66317,0.00488
3617.73474,0.00259
3615.80631,0.00309
3613.87788,0.00617
3611.94945,0.00751
3610.02102,0.00858
3608.09259,0.00884
3606.16416,0.00648
3604.23573,0.00575
3602.30730,0.00751
3600.37887,0.00773
3598.45044,0.00622
3596.52201,0.00601
3594.59358,0.00602
3592.66515,0.00495
3590.73672,0.00609
3588.80829,0.00939
3586.87986,0.00941
3584.95143,0.00674
3583.02300,0.00577
3581.09457,0.00542
3579.16614,0.00446
3577.23771,0.00377
3575.30928,0.00299
3573.38085,0.00154
3571.45242,0.00107
3569.52399,0.00287
3567.59556,0.00467
3565.66713,0.00396
3563.73870,0.00363
3561.81027,0.00483
3559.88184,0.00516
3557.95341,0.00401
3556.02498,0.00323
3554.09655,0.00359
3552.16812,0.00364
3550.23969,0.00368
3548.31126,0.00603
3546.38283,0.00852
3544.45440,0.00735
3542.52597,0.00428
3540.59754,0.00307
3538.66911,0.00413
3536.74068,0.00518
3534.81225,0.00457
3532.88382,0.00362
3530.95539,0.00401
3529.02696,0.00524
3527.09853,0.00635
3525.17010,0.00713
3523.24167,0.00649
3521.31324,0.00444
3519.38481,0.00344
3517.45638,0.00372
3515.52795,0.00362
3513.59952,0.00314
3511.67109,0.00335
3509.74266,0.00384
3507.81423,0.00369
3505.88580,0.00394
3503.95737,0.00454
3502.02894,0.00388
3500.10051,0.00325
3498.17208,0.00404
3496.24365,0.00448
3494.31522,0.00342
3492.38679,0.00247
3490.45836,0.00304
3488.52993,0.00434
3486.60150,0.00502
3484.67307,0.00527
3482.74464,0.00547
3480.81621,0.00510
3478.88778,0.00476
3476.95935,0.00510
3475.03092,0.00520
3473.10249,0.00457
3471.17406,0.00393
3469.24563,0.00385
3467.31720,0.00423
3465.38877,0.00459
3463.46034,0.00491
3461.53191,0.00518
3459.60348,0.00512
3457.67505,0.00493
3455.74662,0.00476
3453.81819,0.00443
3451.88976,0.00389
3449.96133,0.00406
3448.03290,0.00530
3446.10447,0.00614
3444.17604,0.00633
3442.24761,0.00631
3440.31918,0.00603
3438.39075,0.00621
3436.46232,0.00624
3434.53389,0.00573
3432.60546,0.00588
3430.67703,0.00677
3428.74860,0.00721
3426.82017,0.00646
3424.89174,0.00533
3422.96331,0.00552
3421.03488,0.00637
3419.10645,0.00609
3417.17802,0.00606
3415.24959,0.00721
3413.32116,0.00792
3411.39273,0.00749
3409.46430,0.00677
3407.53587,0.00631
3405.60744,0.00645
3403.67901,0.00748
3401.75058,0.00858
3399.82215,0.00983
3397.89372,0.00984
3395.96529,0.00977
3394.03686,0.00950
3392.10843,0.00844
3390.18000,0.00690
3388.25157,0.00660
3386.32314,0.00763
3384.39471,0.00838
3382.46628,0.00824
3380.53785,0.00823
3378.60942,0.00859
3376.68099,0.00880
3374.75256,0.00888
3372.82413,0.00902
3370.89570,0.00926
3368.96727,0.00963
3367.03884,0.01005
3365.11041,0.01010
3363.18198,0.00957
3361.25355,0.00857
3359.32512,0.00775
3357.39669,0.00801
3355.46826,0.00864
3353.53983,0.00858
3351.61140,0.00840
3349.68297,0.00869
3347.75454,0.00907
3345.82611,0.00914
3343.89768,0.00902
3341.96925,0.00932
3340.04082,0.01031
3338.11239,0.01112
3336.18396,0.01097
3334.25553,0.01055
3332.32710,0.01064
3330.39867,0.01088
3328.47024,0.01110
3326.54181,0.01131
3324.61338,0.01093
3322.68495,0.01018
3320.75652,0.01001
3318.82809,0.01025
3316.89966,0.01041
3314.97122,0.01105
3313.04279,0.01231
3311.11436,0.01334
3309.18593,0.01340
3307.25750,0.01262
3305.32907,0.01192
3303.40064,0.01136
3301.47221,0.01080
3299.54378,0.01101
3297.61535,0.01228
3295.68692,0.01375
3293.75849,0.01450
3291.83006,0.01449
3289.90163,0.01448
3287.97320,0.01472
3286.04477,0.01462
3284.11634,0.01363
3282.18791,0.01229
3280.25948,0.01211
3278.33105,0.01354
3276.40262,0.01498
3274.47419,0.01501
3272.54576,0.01424
3270.61733,0.01369
3268.68890,0.01306
3266.76047,0.01236
3264.83204,0.01242
3262.90361,0.01323
3260.97518,0.01417
3259.04675,0.01469
3257.11832,0.01445
3255.18989,0.01368
3253.26146,0.01273
3251.33303,0.01225
3249.40460,0.01246
3247.47617,0.01275
3245.54774,0.01241
3243.61931,0.01151
3241.69088,0.01082
3239.76245,0.01050
3237.83402,0.01018
3235.90559,0.00961
3233.97716,0.00900
3232.04873,0.00915
3230.12030,0.01053
3228.19187,0.01201
3226.26344,0.01195
3224.33501,0.01082
3222.40658,0.01014
3220.47815,0.00999
3218.54972,0.00977
3216.62129,0.00964
3214.69286,0.00978
3212.76443,0.01006
3210.83600,0.01033
3208.90757,0.00997
3206.97914,0.00919
3205.05071,0.00859
3203.12228,0.00814
3201.19385,0.00824
3199.26542,0.00862
3197.33699,0.00812
3195.40856,0.00696
3193.48013,0.00625
3191.55170,0.00601
3189.62327,0.00609
3187.69484,0.00670
3185.76641,0.00762
3183.83798,0.00808
3181.90955,0.00765
3179.98112,0.00681
3178.05269,0.00574
3176.12426,0.00481
3174.19583,0.00513
3172.26740,0.00631
3170.33897,0.00694
3168.41054,0.00635
3166.48211,0.00513
3164.55368,0.00462
3162.62525,0.00506
3160.69682,0.00548
3158.76839,0.00528
3156.83996,0.00462
3154.91153,0.00425
3152.98310,0.00476
3151.05467,0.00562
3149.12624,0.00576
3147.19781,0.00506
3145.26938,0.00435
3143.34095,0.00403
3141.41252,0.00369
3139.48409,0.00329
3137.55566,0.00315
3135.62723,0.00347
3133.69880,0.00385
3131.77037,0.00353
3129.84194,0.00296
3127.91351,0.00272
3125.98508,0.00262
3124.05665,0.00262
3122.12822,0.00258
3120.19979,0.00249
3118.27136,0.00261
3116.34293,0.00262
3114.41450,0.00202
3112.48607,0.00135
3110.55764,0.00146
3108.62921,0.00181
3106.70078,0.00171
3104.77235,0.00178
3102.84392,0.00228
3100.91549,0.00233
3098.98706,0.00192
3097.05863,0.00166
3095.13020,0.00106
3093.20177,0.00029
3091.27334,0.00000
3089.34491,0.00009
3087.41648,0.00047
3085.48805,0.00098
3083.55962,0.00137
3081.63119,0.00176
3079.70276,0.00205
3077.77433,0.00175
3075.84590,0.00094
3073.91747,0.00040
3071.98904,0.00024
3070.06061,0.00023
3068.13218,0.00062
3066.20375,0.00099
3064.27532,0.00057
3062.34689,-0.00000
3060.41846,0.00037
3058.49003,0.00140
3056.56160,0.00183
3054.63317,0.00144
3052.70474,0.00124
3050.77631,0.00153
3048.84788,0.00154
3046.91945,0.00081
3044.99102,0.00000
3043.06259,0.00002
3041.13416,0.00080
3039.20573,0.00124
3037.27730,0.00082
3035.34887,0.00033
3033.42044,0.00058
3031.49201,0.00104
3029.56358,0.00085
3027.63515,0.00046
3025.70672,0.00051
3023.77829,0.00078
3021.84986,0.00078
3019.92143,0.00046
3017.99300,0.00031
3016.06457,0.00059
3014.13614,0.00101
3012.20771,0.00110
3010.27928,0.00066
3008.35085,0.00015
3006.42242,0.00020
3004.49399,0.00055
3002.56556,0.00044
3000.63713,0.00000
2998.70870,0.00049
2996.78027,0.00111
2994.85184,0.00142
2992.92341,0.00090
2990.99498,0.00029
2989.06655,0.00047
2987.13812,0.00093
2985.20969,0.00131
2983.28126,0.00163
2981.35283,0.00152
2979.42440,0.00117
2977.49597,0.00130
2975.56754,0.00179
2973.63911,0.00203
2971.71068,0.00189
2969.78225,0.00153
2967.85382,0.00110
2965.92539,0.00117
2963.99696,0.00182
2962.06853,0.00207
2960.14010,0.00178
2958.21167,0.00161
2956.28324,0.00140
2954.35481,0.00091
2952.42638,0.00056
2950.49795,0.00067
2948.56952,0.00110
2946.64109,0.00129
2944.71266,0.00102
2942.78423,0.00080
2940.85580,0.00105
2938.92737,0.00168
2936.99894,0.00232
2935.07051,0.00231
2933.14208,0.00145
2931.21365,0.00075
2929.28522,0.00111
2927.35679,0.00208
2925.42836,0.00269
2923.49993,0.00287
2921.57150,0.00296
2919.64307,0.00260
2917.71464,0.00179
2915.78621,0.00113
2913.85778,0.00076
2911.92935,0.00076
2910.00092,0.00127
2908.07249,0.00177
2906.14406,0.00171
2904.21563,0.00137
2902.28720,0.00114
2900.35877,0.00098
2898.43034,0.00098
2896.50191,0.00116
2894.57348,0.00113
2892.64505,0.00080
2890.71662,0.00083
2888.78819,0.00137
2886.85976,0.00183
2884.93133,0.00217
2883.00290,0.00258
2881.07447,0.00269
2879.14604,0.00244
2877.21761,0.00217
2875.28918,0.00204
2873.36075,0.00182
2871.43232,0.00151
2869.50389,0.00151
2867.57546,0.00175
2865.64703,0.00198
2863.71860,0.00248
2861.79017,0.00278
2859.86174,0.00193
2857.93331,0.00052
2856.00488,0.00000
2854.07645,0.00057
2852.14802,0.00155
2850.21959,0.00234
2848.29116,0.00255
2846.36273,0.00218
2844.43430,0.00187
2842.50587,0.00199
2840.57744,0.00213
2838.64901,0.00217
2836.72058,0.00231
2834.79215,0.00242
2832.86372,0.00235
2830.93529,0.00210
2829.00686,0.00198
2827.07843,0.00196
2825.15000,0.00181
2823.22157,0.00173
2821.29314,0.00163
2819.36471,0.00135
2817.43628,0.00138
2815.50785,0.00183
2813.57942,0.00201
2811.65099,0.00190
2809.72256,0.00197
2807.79413,0.00212
2805.86570,0.00200
2803.93727,0.00185
2802.00884,0.00200
2800.08041,0.00221
2798.15198,0.00220
2796.22355,0.00196
2794.29512,0.00148
2792.36669,0.00115
2790.43826,0.00138
2788.50983,0.00178
2786.58140,0.00178
2784.65297,0.00148
2782.72454,0.00128
2780.79611,0.00128
2778.86768,0.00115
2776.93925,0.00078
2775.01082,0.00072
2773.08239,0.00123
2771.15396,0.00166
2769.22553,0.00151
2767.29710,0.00137
2765.36867,0.00182
2763.44024,0.00228
2761.51181,0.00194
2759.58338,0.00098
2757.65495,0.00018
2755.72652,0.00000
2753.79809,0.00032
2751.86966,0.00063
2749.94123,0.00080
2748.01280,0.00109
2746.08437,0.00142
2744.15594,0.00150
2742.22751,0.00142
2740.29908,0.00129
2738.37065,0.00098
2736.44222,0.00057
2734.51379,0.00048
2732.58536,0.00065
2730.65693,0.00063
2728.72850,0.00057
2726.80007,0.00078
2724.87164,0.00108
2722.94321,0.00113
2721.01478,0.00089
2719.08635,0.00074
2717.15792,0.00094
2715.22949,0.00112
2713.30105,0.00103
2711.37262,0.00111
2709.44419,0.00148
2707.51576,0.00171
2705.58733,0.00148
2703.65890,0.00090
2701.73047,0.00038
2699.80204,0.00033
2697.87361,0.00057
2695.94518,0.00074
2694.01675,0.00083
2692.08832,0.00090
2690.15989,0.00095
2688.23146,0.00101
2686.30303,0.00117
2684.37460,0.00107
2682.44617,0.00054
2680.51774,0.00020
2678.58931,0.00061
2676.66088,0.00167
2674.73245,0.00257
2672.80402,0.00251
2670.87559,0.00182
2668.94716,0.00121
2667.01873,0.00099
2665.09030,0.00119
2663.16187,0.00138
2661.23344,0.00121
2659.30501,0.00087
2657.37658,0.00068
2655.44815,0.00083
2653.51972,0.00122
2651.59129,0.00138
2649.66286,0.00138
2647.73443,0.00136
2645.80600,0.00096
2643.87757,0.00051
2641.94914,0.00075
2640.02071,0.00129
2638.09228,0.00151
2636.16385,0.00144
2634.23542,0.00127
2632.30699,0.00117
2630.37856,0.00108
2628.45013,0.00094
2626.52170,0.00095
2624.59327,0.00119
2622.66484,0.00155
2620.73641,0.00192
2618.80798,0.00205
2616.87955,0.00199
2614.95112,0.00212
2613.02269,0.00249
2611.09426,0.00271
2609.16583,0.00252
2607.23740,0.00223
2605.30897,0.00209
2603.38054,0.00204
2601.45211,0.00211
2599.52368,0.00232
2597.59525,0.00253
2595.66682,0.00263
2593.73839,0.00253
2591.80996,0.00225
2589.88153,0.00183
2587.95310,0.00137
2586.02467,0.00118
2584.09624,0.00141
2582.16781,0.00179
2580.23938,0.00199
2578.31095,0.00179
2576.38252,0.00142
2574.45409,0.00138
2572.52566,0.00183
2570.59723,0.00228
2568.66880,0.00209
2566.74037,0.00142
2564.81194,0.00108
2562.88351,0.00136
2560.95508,0.00168
2559.02665,0.00168
2557.09822,0.00180
2555.16979,0.00210
2553.24136,0.00202
2551.31293,0.00168
2549.38450,0.00152
2547.45607,0.00153
2545.52764,0.00178
2543.59921,0.00229
2541.67078,0.00276
2539.74235,0.00297
2537.81392,0.00276
2535.88549,0.00217
2533.95706,0.00161
2532.02863,0.00136
2530.10020,0.00133
2528.17177,0.00148
2526.24334,0.00161
2524.31491,0.00140
2522.38648,0.00130
2520.45805,0.00177
2518.52962,0.00223
2516.60119,0.00212
2514.67276,0.00184
2512.74433,0.00183
2510.81590,0.00200
2508.88747,0.00210
2506.95904,0.00200
2505.03061,0.00166
2503.10218,0.00139
2501.17375,0.00129
2499.24532,0.00123
2497.31689,0.00144
2495.38846,0.00191
2493.46003,0.00197
2491.53160,0.00159
2489.60317,0.00132
2487.67474,0.00120
2485.74631,0.00120
2483.81788,0.00129
2481.88945,0.00126
2479.96102,0.00122
2478.03259,0.00128
2476.10416,0.00122
2474.17573,0.00114
2472.24730,0.00135
2470.31887,0.00153
2468.39044,0.00135
2466.46201,0.00120
2464.53358,0.00122
2462.60515,0.00122
2460.67672,0.00128
2458.74829,0.00142
2456.81986,0.00146
2454.89143,0.00143
2452.96300,0.00155
2451.03457,0.00160
2449.10614,0.00131
2447.17771,0.00100
2445.24928,0.00096
2443.32085,0.00107
2441.39242,0.00108
2439.46399,0.00091
2437.53556,0.00090
2435.60713,0.00109
2433.67870,0.00105
2431.75027,0.00103
2429.82184,0.00101
2427.89341,0.00100
2425.96498,0.00098
2424.03655,0.00097
2422.10812,0.00096
2420.17969,0.00094
2418.25126,0.00093
2416.32283,0.00092
2414.39440,0.00090
2412.46597,0.00089
2410.53754,0.00088
2408.60911,0.00087
2406.68068,0.00085
2404.75225,0.00084
2402.82382,0.00083
2400.89539,0.00082
2398.96696,0.00081
2397.03853,0.00080
2395.11010,0.00079
2393.18167,0.00078
2391.25324,0.00077
2389.32481,0.00076
2387.39638,0.00075
2385.46795,0.00075
2383.53952,0.00074
2381.61109,0.00073
2379.68266,0.00072
2377.75423,0.00072
2375.82580,0.00071
2373.89737,0.00070
2371.96894,0.00070
2370.04051,0.00069
2368.11208,0.00069
2366.18365,0.00068
2364.25522,0.00068
2362.32679,0.00067
2360.39836,0.00067
2358.46993,0.00066
2356.54150,0.00066
2354.61307,0.00066
2352.68464,0.00065
2350.75621,0.00065
2348.82778,0.00065
2346.89935,0.00064
2344.97092,0.00064
2343.04249,0.00064
2341.11406,0.00064
2339.18563,0.00064
2337.25720,0.00064
2335.32877,0.00064
2333.40034,0.00064
2331.47191,0.00064
2329.54348,0.00064
2327.61505,0.00064
2325.68662,0.00064
2323.75819,0.00064
2321.82976,0.00064
2319.90133,0.00065
2317.97290,0.00065
2316.04447,0.00065
2314.11604,0.00065
2312.18761,0.00066
2310.25918,0.00066
2308.33075,0.00067
2306.40232,0.00067
2304.47389,0.00067
2302.54546,0.00068
2300.61703,0.00068
2298.68860,0.00069
2296.76017,0.00069
2294.83174,0.00070
2292.90331,0.00071
2290.97488,0.00071
2289.04645,0.00072
2287.11802,0.00073
2285.18959,0.00074
2283.26116,0.00074
2281.33273,0.00075
2279.40430,0.00076
2277.47587,0.00077
2275.54744,0.00078
2273.61901,0.00079
2271.69058,0.00080
2269.76215,0.00081
2267.83372,0.00082
2265.90529,0.00083
2263.97686,0.00084
2262.04843,0.00055
2260.12000,0.00036
2258.19157,0.00029
2256.26314,0.00026
2254.33471,0.00026
2252.40628,0.00028
2250.47785,0.00072
2248.54942,0.00199
2246.62099,0.00188
2244.69256,0.00152
2242.76413,0.00132
2240.83570,0.00123
2238.90727,0.00109
2236.97884,0.00091
2235.05041,0.00091
2233.12198,0.00098
2231.19355,0.00095
2229.26512,0.00098
2227.33669,0.00111
2225.40826,0.00120
2223.47983,0.00123
2221.55140,0.00103
2219.62297,0.00065
2217.69454,0.00055
2215.76611,0.00081
2213.83768,0.00110
2211.90925,0.00136
2209.98082,0.00149
2208.05239,0.00133
2206.12396,0.00098
2204.19553,0.00052
2202.26710,0.00022
2200.33867,0.00034
2198.41024,0.00042
2196.48181,0.00027
2194.55338,0.00033
2192.62495,0.00044
2190.69652,0.00034
2188.76809,0.00037
2186.83966,0.00058
2184.91123,0.00062
2182.98280,0.00051
2181.05437,0.00042
2179.12594,0.00023
2177.19751,0.00000
2175.26908,0.00012
2173.34065,0.00047
2171.41222,0.00064
2169.48379,0.00065
2167.55536,0.00066
2165.62693,0.00057
2163.69850,0.00046
2161.77007,0.00057
2159.84164,0.00088
2157.91321,0.00106
2155.98478,0.00094
2154.05635,0.00077
2152.12792,0.00085
2150.19949,0.00112
2148.27106,0.00127
2146.34263,0.00135
2144.41420,0.00143
2142.48577,0.00140
2140.55734,0.00129
2138.62891,0.00115
2136.70048,0.00101
2134.77205,0.00090
2132.84362,0.00064
2130.91519,0.00022
2128.98676,0.00007
2127.05833,0.00029
2125.12990,0.00058
2123.20147,0.00069
2121.27304,0.00040
2119.34461,0.00000
2117.41618,0.00026
2115.48775,0.00087
2113.55932,0.00096
2111.63089,0.00075
2109.70245,0.00052
2107.77402,0.00015
2105.84559,-0.00001
2103.91716,0.00026
2101.98873,0.00061
2100.06030,0.00066
2098.13187,0.00047
2096.20344,0.00020
2094.27501,0.00011
2092.34658,0.00029
2090.41815,0.00064
2088.48972,0.00074
2086.56129,0.00059
2084.63286,0.00071
2082.70443,0.00109
2080.77600,0.00115
2078.84757,0.00078
2076.91914,0.00036
2074.99071,0.00011
2073.06228,0.00016
2071.13385,0.00059
2069.20542,0.00128
2067.27699,0.00212
2065.34856,0.00235
2063.42013,0.00140
2061.49170,0.00047
2059.56327,0.00022
2057.63484,0.00022
2055.70641,0.00040
2053.77798,0.00057
2051.84955,0.00036
2049.92112,0.00000
2047.99269,0.00000
2046.06426,0.00026
2044.13583,0.00054
2042.20740,0.00084
2040.27897,0.00091
2038.35054,0.00083
2036.42211,0.00087
2034.49368,0.00088
2032.56525,0.00071
2030.63682,0.00031
2028.70839,0.00008
2026.77996,0.00032
2024.85153,0.00056
2022.92310,0.00037
2020.99467,0.00036
2019.06624,0.00126
2017.13781,0.00199
2015.20938,0.00167
2013.28095,0.00139
2011.35252,0.00157
2009.42409,0.00180
2007.49566,0.00187
2005.56723,0.00158
2003.63880,0.00112
2001.71037,0.00094
1999.78194,0.00112
1997.85351,0.00112
1995.92508,0.00088
1993.99665,0.00114
1992.06822,0.00141
1990.13979,0.00099
1988.21136,0.00077
1986.28293,0.00090
1984.35450,0.00124
1982.42607,0.00158
1980.49764,0.00152
1978.56921,0.00108
1976.64078,0.00062
1974.71235,0.00041
1972.78392,0.00036
1970.85549,0.00062
1968.92706,0.00135
1966.99863,0.00155
1965.07020,0.00098
1963.14177,0.00089
1961.21334,0.00115
1959.28491,0.00108
1957.35648,0.00099
1955.42805,0.00091
1953.49962,0.00073
1951.57119,0.00079
1949.64276,0.00114
1947.71433,0.00143
1945.78590,0.00165
1943.85747,0.00182
1941.92904,0.00115
1940.00061,0.00033
1938.07218,0.00054
1936.14375,0.00080
1934.21532,0.00067
1932.28689,0.00076
1930.35846,0.00108
1928.43003,0.00121
1926.50160,0.00147
1924.57317,0.00229
1922.64474,0.00251
1920.71631,0.00214
1918.78788,0.00242
1916.85945,0.00215
1914.93102,0.00149
1913.00259,0.00175
1911.07416,0.00236
1909.14573,0.00234
1907.21730,0.00175
1905.28887,0.00147
1903.36044,0.00135
1901.43201,0.00095
1899.50358,0.00063
1897.57515,0.00085
1895.64672,0.00114
1893.71829,0.00117
1891.78986,0.00182
1889.86143,0.00242
1887.93300,0.00167
1886.00457,0.00113
1884.07614,0.00137
1882.14771,0.00151
1880.21928,0.00155
1878.29085,0.00137
1876.36242,0.00079
1874.43399,0.00000
1872.50556,0.00007
1870.57713,0.00188
1868.64870,0.00331
1866.72027,0.00233
1864.79184,0.00127
1862.86341,0.00145
1860.93498,0.00193
1859.00655,0.00195
1857.07812,0.00144
1855.14969,0.00065
1853.22126,0.00004
1851.29283,0.00012
1849.36440,0.00117
1847.43597,0.00299
1845.50754,0.00504
1843.57911,0.00490
1841.65068,0.00256
1839.72225,0.00167
1837.79382,0.00216
1835.86539,0.00203
1833.93696,0.00150
1832.00853,0.00179
1830.08010,0.00184
1828.15167,0.00078
1826.22324,0.00100
1824.29481,0.00141
1822.36638,0.00066
1820.43795,0.00054
1818.50952,0.00113
1816.58109,0.00117
1814.65266,0.00065
1812.72423,0.00049
1810.79580,0.00045
1808.86737,0.00021
1806.93894,0.00024
1805.01051,0.00067
1803.08208,0.00135
1801.15365,0.00140
1799.22522,0.00046
1797.29679,0.00009
1795.36836,0.00125
1793.43993,0.00294
1791.51150,0.00272
1789.58307,0.00117
1787.65464,0.00151
1785.72621,0.00264
1783.79778,0.00249
1781.86935,0.00200
1779.94092,0.00139
1778.01249,0.00031
1776.08406,0.00000
1774.15563,0.00100
1772.22720,0.00187
1770.29877,0.00160
1768.37034,0.00154
1766.44191,0.00111
1764.51348,0.00129
1762.58505,0.00224
1760.65662,0.00156
1758.72819,0.00096
1756.79976,0.00102
1754.87133,0.00055
1752.94290,0.00177
1751.01447,0.00361
1749.08604,0.00262
1747.15761,0.00048
1745.22918,0.00010
1743.30075,0.00086
1741.37232,0.00123
1739.44389,0.00043
1737.51546,0.00000
1735.58703,0.00266
1733.65860,0.00412
1731.73017,0.00207
1729.80174,0.00115
1727.87331,0.00113
1725.94488,0.00153
1724.01645,0.00156
1722.08802,0.00046
1720.15959,0.00126
1718.23116,0.00470
1716.30273,0.00614
1714.37430,0.00475
1712.44587,0.00375
1710.51744,0.00376
1708.58901,0.00479
1706.66058,0.00667
1704.73215,0.00757
1702.80372,0.00865
1700.87529,0.01188
1698.94686,0.01448
1697.01843,0.01724
1695.09000,0.01817
1693.16157,0.01730
1691.23314,0.01838
1689.30471,0.01972
1687.37628,0.02128
1685.44785,0.02624
1683.51942,0.03023
1681.59099,0.02966
1679.66256,0.02922
1677.73413,0.03066
1675.80570,0.03296
1673.87727,0.03364
1671.94884,0.03533
1670.02041,0.03870
1668.09198,0.03939
1666.16355,0.04026
1664.23512,0.04457
1662.30669,0.04871
1660.37826,0.04964
1658.44983,0.04989
1656.52140,0.05221
1654.59297,0.05702
1652.66454,0.05834
1650.73611,0.05645
1648.80768,0.05901
1646.87925,0.06065
1644.95082,0.05669
1643.02239,0.05396
1641.09396,0.05328
1639.16553,0.05298
1637.23710,0.05324
1635.30867,0.05103
1633.38024,0.04625
1631.45181,0.04393
1629.52338,0.04314
1627.59495,0.04112
1625.66652,0.03936
1623.73809,0.03849
1621.80966,0.03561
1619.88123,0.03341
1617.95280,0.03367
1616.02437,0.03148
1614.09594,0.02750
1612.16751,0.02591
1610.23908,0.02494
1608.31065,0.02261
1606.38222,0.02024
1604.45379,0.01927
1602.52536,0.01870
1600.59693,0.01739
1598.66850,0.01612
1596.74007,0.01553
1594.81164,0.01500
1592.88321,0.01449
1590.95478,0.01442
1589.02635,0.01447
1587.09792,0.01461
1585.16949,0.01510
1583.24106,0.01550
1581.31263,0.01538
1579.38420,0.01599
1577.45577,0.01830
1575.52734,0.01893
1573.59891,0.01798
1571.67048,0.02034
1569.74205,0.02349
1567.81362,0.02389
1565.88519,0.02431
1563.95676,0.02450
1562.02833,0.02556
1560.09990,0.03115
1558.17147,0.03613
1556.24304,0.03773
1554.31461,0.03957
1552.38618,0.04141
1550.45775,0.04310
1548.52932,0.04331
1546.60089,0.04281
1544.67246,0.04247
1542.74403,0.04278
1540.81560,0.04557
1538.88717,0.04573
1536.95874,0.04456
1535.03031,0.04608
1533.10188,0.04565
1531.17345,0.04186
1529.24502,0.04040
1527.31659,0.04047
1525.38816,0.03979
1523.45973,0.04070
1521.53130,0.04153
1519.60287,0.03941
1517.67444,0.03772
1515.74601,0.03530
1513.81758,0.03241
1511.88915,0.03144
1509.96072,0.03301
1508.03229,0.03543
1506.10385,0.03116
1504.17542,0.02408
1502.24699,0.02220
1500.31856,0.02314
1498.39013,0.02284
1496.46170,0.01959
1494.53327,0.01518
1492.60484,0.01372
1490.67641,0.01442
1488.74798,0.01280
1486.81955,0.00970
1484.89112,0.00831
1482.96269,0.00847
1481.03426,0.00808
1479.10583,0.00707
1477.17740,0.00762
1475.24897,0.00995
1473.32054,0.01186
1471.39211,0.01012
1469.46368,0.00791
1467.53525,0.00905
1465.60682,0.01091
1463.67839,0.00953
1461.74996,0.00774
1459.82153,0.01012
1457.89310,0.01436
1455.96467,0.01352
1454.03624,0.01070
1452.10781,0.01013
1450.17938,0.01064
1448.25095,0.01043
1446.32252,0.00883
1444.39409,0.00741
1442.46566,0.00679
1440.53723,0.00666
1438.60880,0.00831
1436.68037,0.00985
1434.75194,0.00823
1432.82351,0.00699
1430.89508,0.00701
1428.96665,0.00586
1427.03822,0.00473
1425.10979,0.00493
1423.18136,0.00488
1421.25293,0.00600
1419.32450,0.00862
1417.39607,0.00838
1415.46764,0.00660
1413.53921,0.00614
1411.61078,0.00641
1409.68235,0.00648
1407.75392,0.00690
1405.82549,0.00760
1403.89706,0.00700
1401.96863,0.00651
1400.04020,0.00812
1398.11177,0.01014
1396.18334,0.01100
1394.25491,0.00987
1392.32648,0.00774
1390.39805,0.00744
1388.46962,0.00817
1386.54119,0.00704
1384.61276,0.00489
1382.68433,0.00410
1380.75590,0.00402
1378.82747,0.00357
1376.89904,0.00320
1374.97061,0.00320
1373.04218,0.00236
1371.11375,0.00126
1369.18532,0.00071
1367.25689,0.00000
1365.32846,0.00023
1363.40003,0.00164
1361.47160,0.00174
1359.54317,0.00085
1357.61474,0.00065
1355.68631,0.00075
1353.75788,0.00066
1351.82945,0.00081
1349.90102,0.00132
1347.97259,0.00161
1346.04416,0.00154
1344.11573,0.00152
1342.18730,0.00250
1340.25887,0.00433
1338.33044,0.00501
1336.40201,0.00458
1334.47358,0.00479
1332.54515,0.00573
1330.61672,0.00644
1328.68829,0.00654
1326.75986,0.00656
1324.83143,0.00702
1322.90300,0.00786
1320.97457,0.00880
1319.04614,0.00937
1317.11771,0.00951
1315.18928,0.00990
1313.26085,0.01049
1311.33242,0.01062
1309.40399,0.01067
1307.47556,0.01105
1305.54713,0.01154
1303.61870,0.01199
1301.69027,0.01243
1299.76184,0.01299
1297.83341,0.01364
1295.90498,0.01416
1293.97655,0.01449
1292.04812,0.01489
1290.11969,0.01560
1288.19126,0.01645
1286.26283,0.01711
1284.33440,0.01769
1282.40597,0.01829
1280.47754,0.01877
1278.54911,0.01929
1276.62068,0.02002
1274.69225,0.02095
1272.76382,0.02215
1270.83539,0.02349
1268.90696,0.02485
1266.97853,0.02596
1265.05010,0.02667
1263.12167,0.02757
1261.19324,0.02916
1259.26481,0.03095
1257.33638,0.03245
1255.40795,0.03406
1253.47952,0.03580
1251.55109,0.03709
1249.62266,0.03778
1247.69423,0.03862
1245.76580,0.04007
1243.83737,0.04151
1241.90894,0.04242
1239.98051,0.04318
1238.05208,0.04408
1236.12365,0.04456
1234.19522,0.04445
1232.26679,0.04434
1230.33836,0.04440
1228.40993,0.04436
1226.48150,0.04433
1224.55307,0.04460
1222.62464,0.04471
1220.69621,0.04428
1218.76778,0.04344
1216.83935,0.04251
1214.91092,0.04211
1212.98249,0.04242
1211.05406,0.04256
1209.12563,0.04216
1207.19720,0.04179
1205.26877,0.04178
1203.34034,0.04168
1201.41191,0.04136
1199.48348,0.04077
1197.55505,0.04122
1195.62662,0.04190
1193.69819,0.04230
1191.76976,0.04274
1189.84133,0.04341
1187.91290,0.04405
1185.98447,0.04458
1184.05604,0.04517
1182.12761,0.04584
1180.19918,0.04649
1178.27075,0.04746
1176.34232,0.04896
1174.41389,0.05048
1172.48546,0.05158
1170.55703,0.05205
1168.62860,0.05234
1166.70017,0.05331
1164.77174,0.05432
1162.84331,0.05465
1160.91488,0.05520
1158.98645,0.05649
1157.05802,0.05786
1155.12959,0.05887
1153.20116,0.05932
1151.27273,0.05929
1149.34430,0.05960
1147.41587,0.06050
1145.48744,0.06099
1143.55901,0.06042
1141.63058,0.05936
1139.70215,0.05852
1137.77372,0.05823
1135.84529,0.05827
1133.91686,0.05803
1131.98843,0.05768
1130.06000,0.05765
1128.13157,0.05832
1126.20314,0.05979
1124.27471,0.06108
1122.34628,0.06187
1120.41785,0.06286
1118.48942,0.06403
1116.56099,0.06522
1114.63256,0.06644
1112.70413,0.06755
1110.77570,0.06862
1108.84727,0.06954
1106.91884,0.06993
1104.99041,0.07016
1103.06198,0.07114
1101.13355,0.07305
1099.20512,0.07505
1097.27669,0.07668
1095.34826,0.07796
1093.41983,0.07878
1091.49140,0.07967
1089.56297,0.08104
1087.63454,0.08202
1085.70611,0.08189
1083.77768,0.08121
1081.84925,0.08040
1079.92082,0.07954
1077.99239,0.07894
1076.06396,0.07807
1074.13553,0.07675
1072.20710,0.07565
1070.27867,0.07451
1068.35024,0.07334
1066.42181,0.07271
1064.49338,0.07203
1062.56495,0.07050
1060.63652,0.06833
1058.70809,0.06634
1056.77966,0.06516
1054.85123,0.06479
1052.92280,0.06425
1050.99437,0.06275
1049.06594,0.06062
1047.13751,0.05851
1045.20908,0.05685
1043.28065,0.05578
1041.35222,0.05459
1039.42379,0.05236
1037.49536,0.04959
1035.56693,0.04701
1033.63850,0.04431
1031.71007,0.04148
1029.78164,0.03872
1027.85321,0.03619
1025.92478,0.03424
1023.99635,0.03218
1022.06792,0.02931
1020.13949,0.02642
1018.21106,0.02445
1016.28263,0.02332
1014.35420,0.02243
1012.42577,0.02101
1010.49734,0.01881
1008.56891,0.01643
1006.64048,0.01442
1004.71205,0.01258
1002.78362,0.01034
1000.85519,0.00791
998.92676,0.00611
996.99833,0.00486
995.06990,0.00371
993.14147,0.00283
991.21304,0.00202
989.28461,0.00104
987.35618,0.00039
985.42775,0.00029
983.49932,0.00039
981.57089,0.00025
979.64246,0.00000
977.71403,0.00039
975.78560,0.00157
973.85717,0.00227
971.92874,0.00224
970.00031,0.00215
968.07188,0.00220
966.14345,0.00226
964.21502,0.00256
962.28659,0.00351
960.35816,0.00498
958.42973,0.00608
956.50130,0.00612
954.57287,0.00551
952.64444,0.00529
950.71601,0.00631
948.78758,0.00795
946.85915,0.00863
944.93072,0.00839
943.00229,0.00833
941.07386,0.00852
939.14543,0.00891
937.21700,0.00974
935.28857,0.01045
933.36014,0.01069
931.43171,0.01063
929.50328,0.01012
927.57485,0.00912
925.64642,0.00815
923.71799,0.00755
921.78956,0.00676
919.86113,0.00558
917.93270,0.00488
916.00427,0.00471
914.07584,0.00439
912.14741,0.00400
910.21898,0.00379
908.29055,0.00342
906.36212,0.00273
904.43368,0.00226
902.50525,0.00249
900.57682,0.00306
898.64839,0.00288
896.71996,0.00175
894.79153,0.00112
892.86310,0.00145
890.93467,0.00155
889.00624,0.00134
887.07781,0.00206
885.14938,0.00362
883.22095,0.00475
881.29252,0.00521
879.36409,0.00558
877.43566,0.00585
875.50723,0.00597
873.57880,0.00644
871.65037,0.00772
869.72194,0.00918
867.79351,0.00946
865.86508,0.00886
863.93665,0.00873
862.00822,0.00917
860.07979,0.00977
858.15136,0.01041
856.22293,0.01106
854.29450,0.01195
852.36607,0.01269
850.43764,0.01283
848.50921,0.01304
846.58078,0.01354
844.65235,0.01393
842.72392,0.01438
840.79549,0.01460
838.86706,0.01415
836.93863,0.01373
835.01020,0.01403
833.08177,0.01462
831.15334,0.01499
829.22491,0.01562
827.29648,0.01664
825.36805,0.01741
823.43962,0.01766
821.51119,0.01778
819.58276,0.01868
817.65433,0.02006
815.72590,0.02069
813.79747,0.02155
811.86904,0.02387
809.94061,0.02604
808.01218,0.02655
806.08375,0.02591
804.15532,0.02546
802.22689,0.02661
800.29846,0.02890
798.37003,0.03010
796.44160,0.02987
794.51317,0.03018
792.58474,0.03134
790.65631,0.03183
788.72788,0.03158
786.79945,0.03158
784.87102,0.03171
782.94259,0.03139
781.01416,0.03146
779.08573,0.03214
777.15730,0.03181
775.22887,0.03078
773.30044,0.03013
771.37201,0.02881
769.44358,0.02670
767.51515,0.02539
765.58672,0.02528
763.65829,0.02510
761.72986,0.02338
759.80143,0.02033
757.87300,0.01815
755.94457,0.01781
754.01614,0.01786
752.08771,0.01766
750.15928,0.01732
748.23085,0.01657
746.30242,0.01608
744.37399,0.01579
742.44556,0.01474
740.51713,0.01392
738.58870,0.01431
736.66027,0.01533
734.73184,0.01619
732.80341,0.01605
730.87498,0.01558
728.94655,0.01576
727.01812,0.01518
725.08969,0.01432
723.16126,0.01692
721.23283,0.01889
719.30440,0.02028
717.37597,0.02068
715.44754,0.01981
713.51911,0.01936
711.59068,0.02078
709.66225,0.02360
707.73382,0.02575
705.80539,0.02605
703.87696,0.02580
701.94853,0.02626
700.02010,0.02657
698.09167,0.02603
696.16324,0.02506
694.23481,0.02353
692.30638,0.02199
690.37795,0.02175
688.44952,0.02153
686.52109,0.01923
684.59266,0.01618
682.66423,0.01413
680.73580,0.01229
678.80737,0.00987
676.87894,0.00739
674.95051,0.00623
673.02208,0.00823
671.09365,0.01359
669.16522,0.01925
667.23679,0.02044
665.30836,0.01673
663.37993,0.01202
661.45150,0.00960
659.52307,0.01052
657.59464,0.01294
655.66621,0.01208
653.73778,0.00670
651.80935,0.00284
649.88092,0.00373
647.95249,0.00580
646.02406,0.00738
644.09563,0.00988
642.16720,0.01308
640.23877,0.01601
638.31034,0.01861
636.38191,0.01946
634.45348,0.01683
632.52505,0.01311
630.59662,0.01157
628.66819,0.01155
626.73976,0.01130
624.81133,0.01107
622.88290,0.01179
620.95447,0.01643
619.02604,0.02221
617.09761,0.02150
615.16918,0.01603
613.24075,0.01369
611.31232,0.01374
609.38389,0.01246
607.45546,0.01159
605.52703,0.01115
603.59860,0.00611
601.67017,0.00000
599.74174,0.00000
