4001.49232,0.00295
3999.56389,0.00401
3997.63546,0.00409
3995.70703,0.00357
3993.77860,0.00367
3991.85017,0.00470
3989.92174,0.00581
3987.99331,0.00624
3986.06488,0.00585
3984.13645,0.00489
3982.20802,0.00394
3980.27959,0.00365
3978.35116,0.00400
3976.42273,0.00435
3974.49430,0.00409
3972.56587,0.00351
3970.63744,0.00321
3968.70901,0.00303
3966.78058,0.00297
3964.85215,0.00362
3962.92372,0.00449
3960.99529,0.00401
3959.06686,0.00224
3957.13843,0.00064
3955.21000,0.00000
3953.28157,0.00034
3951.35314,0.00159
3949.42471,0.00320
3947.49628,0.00418
3945.56785,0.00456
3943.63942,0.00446
3941.71099,0.00374
3939.78256,0.00311
3937.85413,0.00285
3935.92570,0.00308
3933.99727,0.00399
3932.06884,0.00429
3930.14041,0.00348
3928.21198,0.00326
3926.28355,0.00373
3924.35512,0.00314
3922.42669,0.00217
3920.49826,0.00275
3918.56982,0.00414
3916.64139,0.00466
3914.71296,0.00455
3912.78453,0.00420
3910.85610,0.00313
3908.92767,0.00263
3906.99924,0.00469
3905.07081,0.00806
3903.14238,0.00953
3901.21395,0.00853
3899.28552,0.00628
3897.35709,0.00453
3895.42866,0.00553
3893.50023,0.00805
3891.57180,0.00821
3889.64337,0.00676
3887.71494,0.00673
3885.78651,0.00555
3883.85808,0.00269
3881.92965,0.00221
3880.00122,0.00303
3878.07279,0.00406
3876.14436,0.00533
3874.21593,0.00437
3872.28750,0.00229
3870.35907,0.00163
3868.43064,0.00246
3866.50221,0.00509
3864.57378,0.00649
3862.64535,0.00519
3860.71692,0.00479
3858.78849,0.00633
3856.86006,0.00859
3854.93163,0.00986
3853.00320,0.00804
3851.07477,0.00579
3849.14634,0.00603
3847.21791,0.00712
3845.28948,0.00688
3843.36105,0.00507
3841.43262,0.00380
3839.50419,0.00399
3837.57576,0.00397
3835.64733,0.00410
3833.71890,0.00474
3831.79047,0.00492
3829.86204,0.00539
3827.93361,0.00596
3826.00518,0.00515
3824.07675,0.00489
3822.14832,0.00582
3820.21989,0.00596
3818.29146,0.00778
3816.36303,0.00877
3814.43460,0.00557
3812.50617,0.00312
3810.57774,0.00367
3808.64931,0.00466
3806.72088,0.00437
3804.79245,0.00535
3802.86402,0.00763
3800.93559,0.00675
3799.00716,0.00543
3797.07873,0.00537
3795.15030,0.00412
3793.22187,0.00318
3791.29344,0.00328
3789.36501,0.00347
3787.43658,0.00396
3785.50815,0.00380
3783.57972,0.00251
3781.65129,0.00216
3779.72286,0.00240
3777.79443,0.00183
3775.86600,0.00173
3773.93757,0.00263
3772.00914,0.00360
3770.08071,0.00377
3768.15228,0.00390
3766.22385,0.00453
3764.29542,0.00462
3762.36699,0.00504
3760.43856,0.00538
3758.51013,0.00409
3756.58170,0.00332
3754.65327,0.00487
3752.72484,0.00703
3750.79641,0.00765
3748.86798,0.00854
3746.93955,0.01147
3745.01112,0.01262
3743.08269,0.01040
3741.15426,0.00931
3739.22583,0.01060
3737.29740,0.01159
3735.36897,0.01048
3733.44054,0.00825
3731.51211,0.00697
3729.58368,0.00735
3727.65525,0.00794
3725.72682,0.00760
3723.79839,0.00737
3721.86996,0.00689
3719.94153,0.00510
3718.01310,0.00320
3716.08467,0.00247
3714.15624,0.00328
3712.22781,0.00419
3710.29938,0.00322
3708.37095,0.00158
3706.44252,0.00130
3704.51409,0.00241
3702.58566,0.00334
3700.65723,0.00295
3698.72880,0.00240
3696.80037,0.00228
3694.87194,0.00275
3692.94351,0.00432
3691.01508,0.00560
3689.08665,0.00459
3687.15822,0.00343
3685.22979,0.00390
3683.30136,0.00458
3681.37293,0.00474
3679.44450,0.00596
3677.51607,0.00876
3675.58764,0.00906
3673.65921,0.00704
3671.73078,0.00815
3669.80235,0.00844
3667.87392,0.00605
3665.94549,0.00505
3664.01706,0.00500
3662.08863,0.00425
3660.16020,0.00377
3658.23177,0.00405
3656.30334,0.00345
3654.37491,0.00273
3652.44648,0.00394
3650.51805,0.00478
3648.58962,0.00382
3646.66119,0.00403
3644.73276,0.00557
3642.80433,0.00608
3640.87590,0.00486
3638.94747,0.00347
3637.01904,0.00296
3635.09061,0.00281
3633.16218,0.00299
3631.23375,0.00422
3629.30532,0.00455
3627.37689,0.00261
3625.44846,0.00209
3623.52003,0.00337
3621.59160,0.00447
3619.66317,0.00386
3617.73474,0.00248
3615.80631,0.00323
3613.87788,0.00488
3611.94945,0.00604
3610.02102,0.00756
3608.09259,0.00757
3606.16416,0.00560
3604.23573,0.00507
3602.30730,0.00623
3600.37887,0.00657
3598.45044,0.00611
3596.52201,0.00596
3594.59358,0.00521
3592.66515,0.00411
3590.73672,0.00481
3588.80829,0.00632
3586.87986,0.00602
3584.95143,0.00544
3583.02300,0.00576
3581.09457,0.00529
3579.16614,0.00400
3577.23771,0.00311
3575.30928,0.00223
3573.38085,0.00106
3571.45242,0.00057
3569.52399,0.00094
3567.59556,0.00119
3565.66713,0.00176
3563.73870,0.00349
3561.81027,0.00481
3559.88184,0.00452
3557.95341,0.00359
3556.02498,0.00318
3554.09655,0.00307
3552.16812,0.00259
3550.23969,0.00270
3548.31126,0.00442
3546.38283,0.00573
3544.45440,0.00469
3542.52597,0.00290
3540.59754,0.00246
3538.66911,0.00313
3536.74068,0.00343
3534.81225,0.00287
3532.88382,0.00251
3530.95539,0.00304
3529.02696,0.00392
3527.09853,0.00474
3525.17010,0.00519
3523.24167,0.00417
3521.31324,0.00238
3519.38481,0.00177
3517.45638,0.00201
3515.52795,0.00189
3513.59952,0.00178
3511.67109,0.00216
3509.74266,0.00221
3507.81423,0.00183
3505.88580,0.00209
3503.95737,0.00251
3502.02894,0.00222
3500.10051,0.00218
3498.17208,0.00266
3496.24365,0.00240
3494.31522,0.00135
3492.38679,0.00080
3490.45836,0.00139
3488.52993,0.00261
3486.60150,0.00372
3484.67307,0.00415
3482.74464,0.00352
3480.81621,0.00237
3478.88778,0.00203
3476.95935,0.00246
3475.03092,0.00266
3473.10249,0.00239
3471.17406,0.00220
3469.24563,0.00251
3467.31720,0.00297
3465.38877,0.00299
3463.46034,0.00274
3461.53191,0.00254
3459.60348,0.00243
3457.67505,0.00251
3455.74662,0.00253
3453.81819,0.00205
3451.88976,0.00136
3449.96133,0.00150
3448.03290,0.00260
3446.10447,0.00378
3444.17604,0.00440
3442.24761,0.00407
3440.31918,0.00316
3438.39075,0.00281
3436.46232,0.00298
3434.53389,0.00290
3432.60546,0.00256
3430.67703,0.00231
3428.74860,0.00227
3426.82017,0.00238
3424.89174,0.00280
3422.96331,0.00367
3421.03488,0.00401
3419.10645,0.00321
3417.17802,0.00272
3415.24959,0.00334
3413.32116,0.00411
3411.39273,0.00433
3409.46430,0.00416
3407.53587,0.00360
3405.60744,0.00306
3403.67901,0.00359
3401.75058,0.00486
3399.82215,0.00614
3397.89372,0.00573
3395.96529,0.00525
3394.03686,0.00459
3392.10843,0.00333
3390.18000,0.00207
3388.25157,0.00190
3386.32314,0.00257
3384.39471,0.00291
3382.46628,0.00296
3380.53785,0.00352
3378.60942,0.00421
3376.68099,0.00428
3374.75256,0.00395
3372.82413,0.00353
3370.89570,0.00312
3368.96727,0.00291
3367.03884,0.00316
3365.11041,0.00365
3363.18198,0.00379
3361.25355,0.00326
3359.32512,0.00242
3357.39669,0.00208
3355.46826,0.00227
3353.53983,0.00232
3351.61140,0.00224
3349.68297,0.00249
3347.75454,0.00289
3345.82611,0.00299
3343.89768,0.00266
3341.96925,0.00243
3340.04082,0.00306
3338.11239,0.00385
3336.18396,0.00366
3334.25553,0.00327
3332.32710,0.00358
3330.39867,0.00388
3328.47024,0.00385
3326.54181,0.00364
3324.61338,0.00294
3322.68495,0.00206
3320.75652,0.00184
3318.82809,0.00198
3316.89966,0.00203
3314.97122,0.00233
3313.04279,0.00307
3311.11436,0.00373
3309.18593,0.00381
3307.25750,0.00353
3305.32907,0.00321
3303.40064,0.00243
3301.47221,0.00170
3299.54378,0.00224
3297.61535,0.00360
3295.68692,0.00462
3293.75849,0.00493
3291.83006,0.00463
3289.90163,0.00433
3287.97320,0.00432
3286.04477,0.00414
3284.11634,0.00342
3282.18791,0.00257
3280.25948,0.00258
3278.33105,0.00382
3276.40262,0.00516
3274.47419,0.00543
3272.54576,0.00508
3270.61733,0.00471
3268.68890,0.00395
3266.76047,0.00333
3264.83204,0.00378
3262.90361,0.00480
3260.97518,0.00555
3259.04675,0.00587
3257.11832,0.00587
3255.18989,0.00566
3253.26146,0.00529
3251.33303,0.00506
3249.40460,0.00518
3247.47617,0.00531
3245.54774,0.00513
3243.61931,0.00483
3241.69088,0.00472
3239.76245,0.00463
3237.83402,0.00447
3235.90559,0.00416
3233.97716,0.00361
3232.04873,0.00358
3230.12030,0.00472
3228.19187,0.00608
3226.26344,0.00631
3224.33501,0.00561
3222.40658,0.00484
3220.47815,0.00426
3218.54972,0.00401
3216.62129,0.00423
3214.69286,0.00468
3212.76443,0.00535
3210.83600,0.00591
3208.90757,0.00573
3206.97914,0.00519
3205.05071,0.00464
3203.12228,0.00403
3201.19385,0.00394
3199.26542,0.00425
3197.33699,0.00391
3195.40856,0.00312
3193.48013,0.00273
3191.55170,0.00253
3189.62327,0.00242
3187.69484,0.00275
3185.76641,0.00346
3183.83798,0.00407
3181.90955,0.00425
3179.98112,0.00389
3178.05269,0.00297
3176.12426,0.00213
3174.19583,0.00235
3172.26740,0.00334
3170.33897,0.00394
3168.41054,0.00342
3166.48211,0.00222
3164.55368,0.00171
3162.62525,0.00244
3160.69682,0.00336
3158.76839,0.00352
3156.83996,0.00300
3154.91153,0.00259
3152.98310,0.00297
3151.05467,0.00373
3149.12624,0.00399
3147.19781,0.00358
3145.26938,0.00317
3143.34095,0.00309
3141.41252,0.00310
3139.48409,0.00315
3137.55566,0.00332
3135.62723,0.00369
3133.69880,0.00390
3131.77037,0.00341
3129.84194,0.00270
3127.91351,0.00238
3125.98508,0.00233
3124.05665,0.00235
3122.12822,0.00245
3120.19979,0.00261
3118.27136,0.00268
3116.34293,0.00256
3114.41450,0.00218
3112.48607,0.00171
3110.55764,0.00153
3108.62921,0.00150
3106.70078,0.00134
3104.77235,0.00163
3102.84392,0.00239
3100.91549,0.00271
3098.98706,0.00260
3097.05863,0.00239
3095.13020,0.00163
3093.20177,0.00054
3091.27334,0.00000
3089.34491,0.00018
3087.41648,0.00075
3085.48805,0.00125
3083.55962,0.00151
3081.63119,0.00169
3079.70276,0.00200
3077.77433,0.00205
3075.84590,0.00159
3073.91747,0.00113
3071.98904,0.00074
3070.06061,0.00038
3068.13218,0.00060
3066.20375,0.00118
3064.27532,0.00121
3062.34689,0.00075
3060.41846,0.00068
3058.49003,0.00120
3056.56160,0.00156
3054.63317,0.00141
3052.70474,0.00128
3050.77631,0.00140
3048.84788,0.00137
3046.91945,0.00083
3044.99102,0.00018
3043.06259,0.00020
3041.13416,0.00093
3039.20573,0.00158
3037.27730,0.00170
3035.34887,0.00170
3033.42044,0.00195
3031.49201,0.00190
3029.56358,0.00128
3027.63515,0.00086
3025.70672,0.00112
3023.77829,0.00166
3021.84986,0.00188
3019.92143,0.00154
3017.99300,0.00111
3016.06457,0.00123
3014.13614,0.00169
3012.20771,0.00171
3010.27928,0.00136
3008.35085,0.00124
3006.42242,0.00145
3004.49399,0.00164
3002.56556,0.00145
3000.63713,0.00114
2998.70870,0.00174
2996.78027,0.00228
2994.85184,0.00258
2992.92341,0.00241
2990.99498,0.00221
2989.06655,0.00240
2987.13812,0.00248
2985.20969,0.00224
2983.28126,0.00186
2981.35283,0.00133
2979.42440,0.00093
2977.49597,0.00102
2975.56754,0.00137
2973.63911,0.00147
2971.71068,0.00132
2969.78225,0.00105
2967.85382,0.00064
2965.92539,0.00047
2963.99696,0.00074
2962.06853,0.00075
2960.14010,0.00043
2958.21167,0.00035
2956.28324,0.00035
2954.35481,0.00020
2952.42638,0.00035
2950.49795,0.00095
2948.56952,0.00153
2946.64109,0.00155
2944.71266,0.00111
2942.78423,0.00072
2940.85580,0.00061
2938.92737,0.00088
2936.99894,0.00154
2935.07051,0.00177
2933.14208,0.00091
2931.21365,0.00000
2929.28522,0.00024
2927.35679,0.00118
2925.42836,0.00178
2923.49993,0.00203
2921.57150,0.00212
2919.64307,0.00179
2917.71464,0.00123
2915.78621,0.00085
2913.85778,0.00067
2911.92935,0.00084
2910.00092,0.00154
2908.07249,0.00205
2906.14406,0.00172
2904.21563,0.00126
2902.28720,0.00137
2900.35877,0.00154
2898.43034,0.00150
2896.50191,0.00147
2894.57348,0.00122
2892.64505,0.00074
2890.71662,0.00087
2888.78819,0.00179
2886.85976,0.00241
2884.93133,0.00235
2883.00290,0.00218
2881.07447,0.00207
2879.14604,0.00189
2877.21761,0.00165
2875.28918,0.00157
2873.36075,0.00162
2871.43232,0.00170
2869.50389,0.00182
2867.57546,0.00169
2865.64703,0.00143
2863.71860,0.00162
2861.79017,0.00198
2859.86174,0.00157
2857.93331,0.00061
2856.00488,0.00005
2854.07645,0.00016
2852.14802,0.00074
2850.21959,0.00152
2848.29116,0.00203
2846.36273,0.00205
2844.43430,0.00188
2842.50587,0.00175
2840.57744,0.00179
2838.64901,0.00215
2836.72058,0.00248
2834.79215,0.00253
2832.86372,0.00247
2830.93529,0.00231
2829.00686,0.00213
2827.07843,0.00204
2825.15000,0.00200
2823.22157,0.00208
2821.29314,0.00214
2819.36471,0.00210
2817.43628,0.00233
2815.50785,0.00269
2813.57942,0.00264
2811.65099,0.00237
2809.72256,0.00228
2807.79413,0.00238
2805.86570,0.00242
2803.93727,0.00236
2802.00884,0.00251
2800.08041,0.00284
2798.15198,0.00299
2796.22355,0.00267
2794.29512,0.00194
2792.36669,0.00146
2790.43826,0.00181
2788.50983,0.00242
2786.58140,0.00257
2784.65297,0.00240
2782.72454,0.00227
2780.79611,0.00229
2778.86768,0.00219
2776.93925,0.00183
2775.01082,0.00173
2773.08239,0.00209
2771.15396,0.00227
2769.22553,0.00201
2767.29710,0.00203
2765.36867,0.00254
2763.44024,0.00278
2761.51181,0.00236
2759.58338,0.00165
2757.65495,0.00108
2755.72652,0.00094
2753.79809,0.00112
2751.86966,0.00123
2749.94123,0.00139
2748.01280,0.00185
2746.08437,0.00221
2744.15594,0.00208
2742.22751,0.00182
2740.29908,0.00171
2738.37065,0.00148
2736.44222,0.00113
2734.51379,0.00112
2732.58536,0.00140
2730.65693,0.00150
2728.72850,0.00139
2726.80007,0.00139
2724.87164,0.00161
2722.94321,0.00177
2721.01478,0.00167
2719.08635,0.00148
2717.15792,0.00159
2715.22949,0.00187
2713.30105,0.00190
2711.37262,0.00177
2709.44419,0.00185
2707.51576,0.00211
2705.58733,0.00209
2703.65890,0.00161
2701.73047,0.00110
2699.80204,0.00099
2697.87361,0.00123
2695.94518,0.00170
2694.01675,0.00214
2692.08832,0.00219
2690.15989,0.00185
2688.23146,0.00166
2686.30303,0.00192
2684.37460,0.00198
2682.44617,0.00152
2680.51774,0.00122
2678.58931,0.00150
2676.66088,0.00235
2674.73245,0.00316
2672.80402,0.00306
2670.87559,0.00237
2668.94716,0.00186
2667.01873,0.00167
2665.09030,0.00193
2663.16187,0.00241
2661.23344,0.00244
2659.30501,0.00197
2657.37658,0.00154
2655.44815,0.00138
2653.51972,0.00148
2651.59129,0.00187
2649.66286,0.00240
2647.73443,0.00249
2645.80600,0.00194
2643.87757,0.00158
2641.94914,0.00177
2640.02071,0.00202
2638.09228,0.00219
2636.16385,0.00236
2634.23542,0.00240
2632.30699,0.00222
2630.37856,0.00180
2628.45013,0.00140
2626.52170,0.00136
2624.59327,0.00160
2622.66484,0.00192
2620.73641,0.00227
2618.80798,0.00245
2616.87955,0.00251
2614.95112,0.00277
2613.02269,0.00319
2611.09426,0.00333
2609.16583,0.00316
2607.23740,0.00295
2605.30897,0.00276
2603.38054,0.00254
2601.45211,0.00244
2599.52368,0.00262
2597.59525,0.00294
2595.66682,0.00303
2593.73839,0.00282
2591.80996,0.00255
2589.88153,0.00225
2587.95310,0.00185
2586.02467,0.00166
2584.09624,0.00199
2582.16781,0.00262
2580.23938,0.00291
2578.31095,0.00260
2576.38252,0.00210
2574.45409,0.00200
2572.52566,0.00246
2570.59723,0.00293
2568.66880,0.00266
2566.74037,0.00202
2564.81194,0.00189
2562.88351,0.00220
2560.95508,0.00220
2559.02665,0.00180
2557.09822,0.00173
2555.16979,0.00220
2553.24136,0.00251
2551.31293,0.00244
2549.38450,0.00242
2547.45607,0.00250
2545.52764,0.00268
2543.59921,0.00302
2541.67078,0.00345
2539.74235,0.00377
2537.81392,0.00363
2535.88549,0.00301
2533.95706,0.00232
2532.02863,0.00198
2530.10020,0.00200
2528.17177,0.00210
2526.24334,0.00203
2524.31491,0.00166
2522.38648,0.00139
2520.45805,0.00184
2518.52962,0.00258
2516.60119,0.00277
2514.67276,0.00258
2512.74433,0.00249
2510.81590,0.00243
2508.88747,0.00233
2506.95904,0.00224
2505.03061,0.00198
2503.10218,0.00161
2501.17375,0.00144
2499.24532,0.00160
2497.31689,0.00203
2495.38846,0.00251
2493.46003,0.00257
2491.53160,0.00214
2489.60317,0.00172
2487.67474,0.00163
2485.74631,0.00183
2483.81788,0.00199
2481.88945,0.00185
2479.96102,0.00162
2478.03259,0.00153
2476.10416,0.00152
2474.17573,0.00158
2472.24730,0.00177
2470.31887,0.00182
2468.39044,0.00165
2466.46201,0.00157
2464.53358,0.00157
2462.60515,0.00151
2460.67672,0.00165
2458.74829,0.00204
2456.81986,0.00233
2454.89143,0.00242
2452.96300,0.00248
2451.03457,0.00238
2449.10614,0.00197
2447.17771,0.00159
2445.24928,0.00144
2443.32085,0.00147
2441.39242,0.00160
2439.46399,0.00164
2437.53556,0.00163
2435.60713,0.00159
2433.67870,0.00130
2431.75027,0.00128
2429.82184,0.00126
2427.89341,0.00124
2425.96498,0.00122
2424.03655,0.00120
2422.10812,0.00118
2420.17969,0.00116
2418.25126,0.00114
2416.32283,0.00113
2414.39440,0.00111
2412.46597,0.00109
2410.53754,0.00107
2408.60911,0.00105
2406.68068,0.00104
2404.75225,0.00102
2402.82382,0.00100
2400.89539,0.00099
2398.96696,0.00097
2397.03853,0.00095
2395.11010,0.00094
2393.18167,0.00092
2391.25324,0.00091
2389.32481,0.00089
2387.39638,0.00088
2385.46795,0.00087
2383.53952,0.00085
2381.61109,0.00084
2379.68266,0.00082
2377.75423,0.00081
2375.82580,0.00080
2373.89737,0.00079
2371.96894,0.00077
2370.04051,0.00076
2368.11208,0.00075
2366.18365,0.00074
2364.25522,0.00073
2362.32679,0.00072
2360.39836,0.00071
2358.46993,0.00070
2356.54150,0.00069
2354.61307,0.00068
2352.68464,0.00067
2350.75621,0.00066
2348.82778,0.00065
2346.89935,0.00064
2344.97092,0.00063
2343.04249,0.00063
2341.11406,0.00062
2339.18563,0.00061
2337.25720,0.00060
2335.32877,0.00060
2333.40034,0.00059
2331.47191,0.00058
2329.54348,0.00058
2327.61505,0.00057
2325.68662,0.00057
2323.75819,0.00056
2321.82976,0.00056
2319.90133,0.00055
2317.97290,0.00055
2316.04447,0.00055
2314.11604,0.00054
2312.18761,0.00054
2310.25918,0.00054
2308.33075,0.00053
2306.40232,0.00053
2304.47389,0.00053
2302.54546,0.00053
2300.61703,0.00053
2298.68860,0.00052
2296.76017,0.00052
2294.83174,0.00052
2292.90331,0.00052
2290.97488,0.00052
2289.04645,0.00052
2287.11802,0.00052
2285.18959,0.00052
2283.26116,0.00052
2281.33273,0.00053
2279.40430,0.00053
2277.47587,0.00053
2275.54744,0.00053
2273.61901,0.00053
2271.69058,0.00054
2269.76215,0.00054
2267.83372,0.00054
2265.90529,0.00055
2263.97686,0.00055
2262.04843,0.00021
2260.12000,0.00000
2258.19157,0.00006
2256.26314,0.00036
2254.33471,0.00072
2252.40628,0.00085
2250.47785,0.00102
2248.54942,0.00179
2246.62099,0.00156
2244.69256,0.00142
2242.76413,0.00146
2240.83570,0.00136
2238.90727,0.00098
2236.97884,0.00064
2235.05041,0.00066
2233.12198,0.00078
2231.19355,0.00077
2229.26512,0.00086
2227.33669,0.00101
2225.40826,0.00115
2223.47983,0.00130
2221.55140,0.00121
2219.62297,0.00096
2217.69454,0.00092
2215.76611,0.00098
2213.83768,0.00096
2211.90925,0.00112
2209.98082,0.00141
2208.05239,0.00139
2206.12396,0.00094
2204.19553,0.00030
2202.26710,0.00000
2200.33867,0.00020
2198.41024,0.00033
2196.48181,0.00023
2194.55338,0.00029
2192.62495,0.00040
2190.69652,0.00032
2188.76809,0.00030
2186.83966,0.00042
2184.91123,0.00038
2182.98280,0.00028
2181.05437,0.00034
2179.12594,0.00025
2177.19751,0.00000
2175.26908,0.00012
2173.34065,0.00056
2171.41222,0.00071
2169.48379,0.00063
2167.55536,0.00051
2165.62693,0.00026
2163.69850,0.00010
2161.77007,0.00035
2159.84164,0.00077
2157.91321,0.00096
2155.98478,0.00083
2154.05635,0.00059
2152.12792,0.00060
2150.19949,0.00089
2148.27106,0.00106
2146.34263,0.00105
2144.41420,0.00099
2142.48577,0.00095
2140.55734,0.00103
2138.62891,0.00105
2136.70048,0.00083
2134.77205,0.00047
2132.84362,0.00013
2130.91519,-0.00003
2128.98676,-0.00003
2127.05833,0.00004
2125.12990,0.00021
2123.20147,0.00041
2121.27304,0.00027
2119.34461,0.00000
2117.41618,0.00026
2115.48775,0.00084
2113.55932,0.00098
2111.63089,0.00081
2109.70245,0.00072
2107.77402,0.00054
2105.84559,0.00034
2103.91716,0.00040
2101.98873,0.00058
2100.06030,0.00057
2098.13187,0.00036
2096.20344,0.00010
2094.27501,0.00009
2092.34658,0.00035
2090.41815,0.00065
2088.48972,0.00066
2086.56129,0.00045
2084.63286,0.00050
2082.70443,0.00090
2080.77600,0.00112
2078.84757,0.00087
2076.91914,0.00039
2074.99071,0.00007
2073.06228,0.00021
2071.13385,0.00078
2069.20542,0.00153
2067.27699,0.00220
2065.34856,0.00225
2063.42013,0.00163
2061.49170,0.00114
2059.56327,0.00091
2057.63484,0.00064
2055.70641,0.00054
2053.77798,0.00064
2051.84955,0.00046
2049.92112,0.00008
2047.99269,0.00000
2046.06426,0.00029
2044.13583,0.00075
2042.20740,0.00114
2040.27897,0.00132
2038.35054,0.00130
2036.42211,0.00112
2034.49368,0.00092
2032.56525,0.00068
2030.63682,0.00037
2028.70839,0.00030
2026.77996,0.00047
2024.85153,0.00052
2022.92310,0.00042
2020.99467,0.00067
2019.06624,0.00152
2017.13781,0.00218
2015.20938,0.00225
2013.28095,0.00214
2011.35252,0.00202
2009.42409,0.00204
2007.49566,0.00215
2005.56723,0.00200
2003.63880,0.00162
2001.71037,0.00139
1999.78194,0.00141
1997.85351,0.00144
1995.92508,0.00142
1993.99665,0.00146
1992.06822,0.00148
1990.13979,0.00145
1988.21136,0.00142
1986.28293,0.00135
1984.35450,0.00139
1982.42607,0.00155
1980.49764,0.00157
1978.56921,0.00119
1976.64078,0.00064
1974.71235,0.00033
1972.78392,0.00035
1970.85549,0.00075
1968.92706,0.00123
1966.99863,0.00113
1965.07020,0.00085
1963.14177,0.00100
1961.21334,0.00115
1959.28491,0.00112
1957.35648,0.00113
1955.42805,0.00105
1953.49962,0.00092
1951.57119,0.00113
1949.64276,0.00159
1947.71433,0.00190
1945.78590,0.00194
1943.85747,0.00150
1941.92904,0.00062
1940.00061,0.00035
1938.07218,0.00070
1936.14375,0.00071
1934.21532,0.00044
1932.28689,0.00054
1930.35846,0.00100
1928.43003,0.00139
1926.50160,0.00173
1924.57317,0.00201
1922.64474,0.00191
1920.71631,0.00186
1918.78788,0.00190
1916.85945,0.00157
1914.93102,0.00136
1913.00259,0.00166
1911.07416,0.00189
1909.14573,0.00169
1907.21730,0.00140
1905.28887,0.00133
1903.36044,0.00117
1901.43201,0.00080
1899.50358,0.00063
1897.57515,0.00081
1895.64672,0.00102
1893.71829,0.00131
1891.78986,0.00192
1889.86143,0.00201
1887.93300,0.00139
1886.00457,0.00100
1884.07614,0.00096
1882.14771,0.00105
1880.21928,0.00114
1878.29085,0.00094
1876.36242,0.00041
1874.43399,0.00000
1872.50556,0.00044
1870.57713,0.00162
1868.64870,0.00228
1866.72027,0.00198
1864.79184,0.00167
1862.86341,0.00161
1860.93498,0.00163
1859.00655,0.00155
1857.07812,0.00110
1855.14969,0.00041
1853.22126,0.00000
1851.29283,0.00035
1849.36440,0.00147
1847.43597,0.00296
1845.50754,0.00395
1843.57911,0.00338
1841.65068,0.00218
1839.72225,0.00175
1837.79382,0.00180
1835.86539,0.00194
1833.93696,0.00221
1832.00853,0.00229
1830.08010,0.00162
1828.15167,0.00109
1826.22324,0.00142
1824.29481,0.00144
1822.36638,0.00095
1820.43795,0.00089
1818.50952,0.00118
1816.58109,0.00119
1814.65266,0.00080
1812.72423,0.00031
1810.79580,0.00000
1808.86737,0.00015
1806.93894,0.00059
1805.01051,0.00099
1803.08208,0.00117
1801.15365,0.00087
1799.22522,0.00067
1797.29679,0.00136
1795.36836,0.00246
1793.43993,0.00270
1791.51150,0.00165
1789.58307,0.00109
1787.65464,0.00184
1785.72621,0.00249
1783.79778,0.00227
1781.86935,0.00168
1779.94092,0.00105
1778.01249,0.00076
1776.08406,0.00095
1774.15563,0.00114
1772.22720,0.00105
1770.29877,0.00152
1768.37034,0.00212
1766.44191,0.00201
1764.51348,0.00196
1762.58505,0.00201
1760.65662,0.00173
1758.72819,0.00168
1756.79976,0.00162
1754.87133,0.00171
1752.94290,0.00245
1751.01447,0.00264
1749.08604,0.00148
1747.15761,0.00074
1745.22918,0.00126
1743.30075,0.00188
1741.37232,0.00161
1739.44389,0.00081
1737.51546,0.00114
1735.58703,0.00247
1733.65860,0.00251
1731.73017,0.00170
1729.80174,0.00136
1727.87331,0.00122
1725.94488,0.00131
1724.01645,0.00120
1722.08802,0.00084
1720.15959,0.00118
1718.23116,0.00241
1716.30273,0.00363
1714.37430,0.00400
1712.44587,0.00393
1710.51744,0.00364
1708.58901,0.00352
1706.66058,0.00386
1704.73215,0.00460
1702.80372,0.00545
1700.87529,0.00590
1698.94686,0.00630
1697.01843,0.00681
1695.09000,0.00607
1693.16157,0.00541
1691.23314,0.00554
1689.30471,0.00536
1687.37628,0.00520
1685.44785,0.00525
1683.51942,0.00502
1681.59099,0.00513
1679.66256,0.00547
1677.73413,0.00548
1675.80570,0.00500
1673.87727,0.00450
1671.94884,0.00465
1670.02041,0.00409
1668.09198,0.00293
1666.16355,0.00344
1664.23512,0.00483
1662.30669,0.00519
1660.37826,0.00496
1658.44983,0.00506
1656.52140,0.00531
1654.59297,0.00521
1652.66454,0.00496
1650.73611,0.00705
1648.80768,0.00955
1646.87925,0.00843
1644.95082,0.00624
1643.02239,0.00627
1641.09396,0.00700
1639.16553,0.00723
1637.23710,0.00664
1635.30867,0.00507
1633.38024,0.00436
1631.45181,0.00494
1629.52338,0.00526
1627.59495,0.00508
1625.66652,0.00538
1623.73809,0.00566
1621.80966,0.00547
1619.88123,0.00576
1617.95280,0.00576
1616.02437,0.00455
1614.09594,0.00399
1612.16751,0.00431
1610.23908,0.00396
1608.31065,0.00294
1606.38222,0.00247
1604.45379,0.00267
1602.52536,0.00260
1600.59693,0.00197
1598.66850,0.00129
1596.74007,0.00072
1594.81164,0.00016
1592.88321,0.00000
1590.95478,0.00016
1589.02635,0.00010
1587.09792,-0.00000
1585.16949,0.00027
1583.24106,0.00079
1581.31263,0.00130
1579.38420,0.00178
1577.45577,0.00180
1575.52734,0.00148
1573.59891,0.00253
1571.67048,0.00426
1569.74205,0.00467
1567.81362,0.00475
1565.88519,0.00575
1563.95676,0.00641
1562.02833,0.00631
1560.09990,0.00643
1558.17147,0.00804
1556.24304,0.01113
1554.31461,0.01274
1552.38618,0.01258
1550.45775,0.01191
1548.52932,0.01134
1546.60089,0.01081
1544.67246,0.00946
1542.74403,0.00774
1540.81560,0.00722
1538.88717,0.00838
1536.95874,0.01047
1535.03031,0.01139
1533.10188,0.00987
1531.17345,0.00862
1529.24502,0.00880
1527.31659,0.00890
1525.38816,0.00927
1523.45973,0.01047
1521.53130,0.01071
1519.60287,0.01015
1517.67444,0.00943
1515.74601,0.00827
1513.81758,0.00795
1511.88915,0.00878
1509.96072,0.00983
1508.03229,0.00957
1506.10385,0.00719
1504.17542,0.00646
1502.24699,0.00767
1500.31856,0.00836
1498.39013,0.00778
1496.46170,0.00679
1494.53327,0.00651
1492.60484,0.00665
1490.67641,0.00579
1488.74798,0.00402
1486.81955,0.00330
1484.89112,0.00388
1482.96269,0.00426
1481.03426,0.00377
1479.10583,0.00341
1477.17740,0.00404
1475.24897,0.00495
1473.32054,0.00471
1471.39211,0.00363
1469.46368,0.00379
1467.53525,0.00482
1465.60682,0.00484
1463.67839,0.00386
1461.74996,0.00375
1459.82153,0.00479
1457.89310,0.00530
1455.96467,0.00442
1454.03624,0.00393
1452.10781,0.00406
1450.17938,0.00387
1448.25095,0.00304
1446.32252,0.00205
1444.39409,0.00148
1442.46566,0.00104
1440.53723,0.00085
1438.60880,0.00148
1436.68037,0.00228
1434.75194,0.00263
1432.82351,0.00298
1430.89508,0.00277
1428.96665,0.00191
1427.03822,0.00153
1425.10979,0.00144
1423.18136,0.00129
1421.25293,0.00194
1419.32450,0.00288
1417.39607,0.00271
1415.46764,0.00218
1413.53921,0.00185
1411.61078,0.00159
1409.68235,0.00164
1407.75392,0.00199
1405.82549,0.00199
1403.89706,0.00144
1401.96863,0.00131
1400.04020,0.00212
1398.11177,0.00337
1396.18334,0.00374
1394.25491,0.00258
1392.32648,0.00157
1390.39805,0.00170
1388.46962,0.00172
1386.54119,0.00077
1384.61276,0.00000
1382.68433,0.00007
1380.75590,0.00048
1378.82747,0.00085
1376.89904,0.00105
1374.97061,0.00090
1373.04218,0.00055
1371.11375,0.00034
1369.18532,0.00012
1367.25689,-0.00003
1365.32846,0.00038
1363.40003,0.00100
1361.47160,0.00127
1359.54317,0.00144
1357.61474,0.00160
1355.68631,0.00161
1353.75788,0.00169
1351.82945,0.00197
1349.90102,0.00223
1347.97259,0.00235
1346.04416,0.00244
1344.11573,0.00279
1342.18730,0.00353
1340.25887,0.00434
1338.33044,0.00486
1336.40201,0.00530
1334.47358,0.00597
1332.54515,0.00671
1330.61672,0.00705
1328.68829,0.00686
1326.75986,0.00669
1324.83143,0.00704
1322.90300,0.00775
1320.97457,0.00839
1319.04614,0.00877
1317.11771,0.00906
1315.18928,0.00944
1313.26085,0.00972
1311.33242,0.00971
1309.40399,0.00964
1307.47556,0.00978
1305.54713,0.01012
1303.61870,0.01051
1301.69027,0.01080
1299.76184,0.01113
1297.83341,0.01173
1295.90498,0.01236
1293.97655,0.01259
1292.04812,0.01254
1290.11969,0.01278
1288.19126,0.01346
1286.26283,0.01441
1284.33440,0.01531
1282.40597,0.01580
1280.47754,0.01594
1278.54911,0.01616
1276.62068,0.01670
1274.69225,0.01754
1272.76382,0.01857
1270.83539,0.01958
1268.90696,0.02042
1266.97853,0.02090
1265.05010,0.02110
1263.12167,0.02161
1261.19324,0.02275
1259.26481,0.02402
1257.33638,0.02482
1255.40795,0.02549
1253.47952,0.02639
1251.55109,0.02697
1249.62266,0.02695
1247.69423,0.02702
1245.76580,0.02759
1243.83737,0.02813
1241.90894,0.02825
1239.98051,0.02847
1238.05208,0.02887
1236.12365,0.02882
1234.19522,0.02836
1232.26679,0.02808
1230.33836,0.02785
1228.40993,0.02748
1226.48150,0.02746
1224.55307,0.02784
1222.62464,0.02782
1220.69621,0.02716
1218.76778,0.02625
1216.83935,0.02520
1214.91092,0.02447
1212.98249,0.02455
1211.05406,0.02465
1209.12563,0.02410
1207.19720,0.02349
1205.26877,0.02344
1203.34034,0.02354
1201.41191,0.02351
1199.48348,0.02303
1197.55505,0.02311
1195.62662,0.02308
1193.69819,0.02286
1191.76976,0.02301
1189.84133,0.02358
1187.91290,0.02400
1185.98447,0.02400
1184.05604,0.02393
1182.12761,0.02404
1180.19918,0.02409
1178.27075,0.02416
1176.34232,0.02452
1174.41389,0.02483
1172.48546,0.02470
1170.55703,0.02390
1168.62860,0.02290
1166.70017,0.02274
1164.77174,0.02292
1162.84331,0.02240
1160.91488,0.02185
1158.98645,0.02185
1157.05802,0.02176
1155.12959,0.02111
1153.20116,0.01992
1151.27273,0.01877
1149.34430,0.01855
1147.41587,0.01898
1145.48744,0.01893
1143.55901,0.01807
1141.63058,0.01721
1139.70215,0.01690
1137.77372,0.01703
1135.84529,0.01710
1133.91686,0.01648
1131.98843,0.01537
1130.06000,0.01451
1128.13157,0.01442
1126.20314,0.01500
1124.27471,0.01546
1122.34628,0.01570
1120.41785,0.01600
1118.48942,0.01592
1116.56099,0.01529
1114.63256,0.01461
1112.70413,0.01412
1110.77570,0.01378
1108.84727,0.01348
1106.91884,0.01306
1104.99041,0.01265
1103.06198,0.01273
1101.13355,0.01345
1099.20512,0.01424
1097.27669,0.01449
1095.34826,0.01392
1093.41983,0.01290
1091.49140,0.01251
1089.56297,0.01303
1087.63454,0.01352
1085.70611,0.01317
1083.77768,0.01217
1081.84925,0.01126
1079.92082,0.01088
1077.99239,0.01095
1076.06396,0.01074
1074.13553,0.01003
1072.20710,0.00966
1070.27867,0.00951
1068.35024,0.00917
1066.42181,0.00907
1064.49338,0.00897
1062.56495,0.00839
1060.63652,0.00779
1058.70809,0.00735
1056.77966,0.00715
1054.85123,0.00750
1052.92280,0.00761
1050.99437,0.00698
1049.06594,0.00632
1047.13751,0.00599
1045.20908,0.00612
1043.28065,0.00681
1041.35222,0.00733
1039.42379,0.00692
1037.49536,0.00626
1035.56693,0.00606
1033.63850,0.00593
1031.71007,0.00544
1029.78164,0.00458
1027.85321,0.00408
1025.92478,0.00428
1023.99635,0.00428
1022.06792,0.00361
1020.13949,0.00301
1018.21106,0.00326
1016.28263,0.00421
1014.35420,0.00488
1012.42577,0.00456
1010.49734,0.00349
1008.56891,0.00262
1006.64048,0.00251
1004.71205,0.00266
1002.78362,0.00236
1000.85519,0.00180
998.92676,0.00136
996.99833,0.00097
995.06990,0.00075
993.14147,0.00087
991.21304,0.00083
989.28461,0.00032
987.35618,0.00000
985.42775,0.00013
983.49932,0.00043
981.57089,0.00038
979.64246,0.00013
977.71403,0.00068
975.78560,0.00208
973.85717,0.00302
971.92874,0.00321
970.00031,0.00352
968.07188,0.00408
966.14345,0.00458
964.21502,0.00531
962.28659,0.00670
960.35816,0.00847
958.42973,0.00964
956.50130,0.00984
954.57287,0.00988
952.64444,0.01065
950.71601,0.01234
948.78758,0.01411
946.85915,0.01469
944.93072,0.01451
943.00229,0.01493
941.07386,0.01579
939.14543,0.01668
937.21700,0.01772
935.28857,0.01851
933.36014,0.01886
931.43171,0.01902
929.50328,0.01888
927.57485,0.01830
925.64642,0.01772
923.71799,0.01750
921.78956,0.01724
919.86113,0.01663
917.93270,0.01617
916.00427,0.01609
914.07584,0.01617
912.14741,0.01639
910.21898,0.01673
908.29055,0.01688
906.36212,0.01658
904.43368,0.01631
902.50525,0.01685
900.57682,0.01791
898.64839,0.01823
896.71996,0.01760
894.79153,0.01743
892.86310,0.01818
890.93467,0.01856
889.00624,0.01857
887.07781,0.01958
885.14938,0.02126
883.22095,0.02238
881.29252,0.02311
879.36409,0.02389
877.43566,0.02434
875.50723,0.02452
873.57880,0.02532
871.65037,0.02703
869.72194,0.02859
867.79351,0.02897
865.86508,0.02866
863.93665,0.02865
862.00822,0.02894
860.07979,0.02942
858.15136,0.03017
856.22293,0.03114
854.29450,0.03206
852.36607,0.03237
850.43764,0.03209
848.50921,0.03202
846.58078,0.03196
844.65235,0.03159
842.72392,0.03160
840.79549,0.03176
838.86706,0.03112
836.93863,0.02994
835.01020,0.02926
833.08177,0.02949
831.15334,0.03015
829.22491,0.03092
827.29648,0.03174
825.36805,0.03230
823.43962,0.03248
821.51119,0.03252
819.58276,0.03318
817.65433,0.03435
815.72590,0.03449
813.79747,0.03429
811.86904,0.03564
809.94061,0.03717
808.01218,0.03732
806.08375,0.03687
804.15532,0.03684
802.22689,0.03824
800.29846,0.04069
798.37003,0.04221
796.44160,0.04230
794.51317,0.04198
792.58474,0.04172
790.65631,0.04155
788.72788,0.04166
786.79945,0.04192
784.87102,0.04215
782.94259,0.04240
781.01416,0.04327
779.08573,0.04477
777.15730,0.04540
775.22887,0.04523
773.30044,0.04505
771.37201,0.04373
769.44358,0.04131
767.51515,0.03978
765.58672,0.03972
763.65829,0.03973
761.72986,0.03827
759.80143,0.03544
757.87300,0.03343
755.94457,0.03346
754.01614,0.03374
752.08771,0.03297
750.15928,0.03198
748.23085,0.03147
746.30242,0.03159
744.37399,0.03118
742.44556,0.02945
740.51713,0.02879
738.58870,0.03063
736.66027,0.03275
734.73184,0.03327
732.80341,0.03224
730.87498,0.03149
728.94655,0.03200
727.01812,0.03177
725.08969,0.03080
723.16126,0.03285
721.23283,0.03531
719.30440,0.03643
717.37597,0.03576
715.44754,0.03461
713.51911,0.03404
711.59068,0.03466
709.66225,0.03656
707.73382,0.03825
705.80539,0.03814
703.87696,0.03693
701.94853,0.03640
700.02010,0.03668
698.09167,0.03711
696.16324,0.03756
694.23481,0.03721
692.30638,0.03551
690.37795,0.03391
688.44952,0.03345
686.52109,0.03316
684.59266,0.03242
682.66423,0.03136
680.73580,0.02937
678.80737,0.02611
676.87894,0.02253
674.95051,0.01938
673.02208,0.01854
671.09365,0.02495
669.16522,0.03475
667.23679,0.03219
665.30836,0.02217
663.37993,0.01831
661.45150,0.01920
659.52307,0.01952
657.59464,0.01891
655.66621,0.01710
653.73778,0.01405
651.80935,0.01329
649.88092,0.01609
647.95249,0.01878
646.02406,0.01976
644.09563,0.02027
642.16720,0.02126
640.23877,0.02452
638.31034,0.03095
636.38191,0.03661
634.45348,0.03638
632.52505,0.03154
630.59662,0.02732
628.66819,0.02520
626.73976,0.02366
624.81133,0.02281
622.88290,0.02462
620.95447,0.03111
619.02604,0.03700
617.09761,0.03352
615.16918,0.02470
613.24075,0.02135
611.31232,0.02179
609.38389,0.01994
607.45546,0.01811
605.52703,0.01795
603.59860,0.01341
601.67017,0.00487
599.74174,0.00000
