4001.49232,0.00345
3999.56389,0.00000
3997.63546,0.00974
3995.70703,0.03553
3993.77860,0.05277
3991.85017,0.06183
3989.92174,0.07039
3987.99331,0.06339
3986.06488,0.04494
3984.13645,0.05383
3982.20802,0.08800
3980.27959,0.10473
3978.35116,0.11311
3976.42273,0.14095
3974.49430,0.17270
3972.56587,0.19536
3970.63744,0.20475
3968.70901,0.19976
3966.78058,0.20136
3964.85215,0.22977
3962.92372,0.25770
3960.99529,0.24967
3959.06686,0.23233
3957.13843,0.23200
3955.21000,0.24185
3953.28157,0.28856
3951.35314,0.37417
3949.42471,0.42837
3947.49628,0.43947
3945.56785,0.44534
3943.63942,0.42965
3941.71099,0.35476
3939.78256,0.25717
3937.85413,0.22482
3935.92570,0.24332
3933.99727,0.28148
3932.06884,0.32668
3930.14041,0.34164
3928.21198,0.32595
3926.28355,0.37430
3924.35512,0.51463
3922.42669,0.58600
3920.49826,0.53347
3918.56982,0.45541
3916.64139,0.37291
3914.71296,0.35425
3912.78453,0.43987
3910.85610,0.48843
3908.92767,0.40688
3906.99924,0.32172
3905.07081,0.32339
3903.14238,0.37229
3901.21395,0.39003
3899.28552,0.34741
3897.35709,0.32338
3895.42866,0.38996
3893.50023,0.46596
3891.57180,0.44189
3889.64337,0.30916
3887.71494,0.23278
3885.78651,0.38072
3883.85808,0.56021
3881.92965,0.59275
3880.00122,0.48671
3878.07279,0.38078
3876.14436,0.35993
3874.21593,0.44546
3872.28750,0.57733
3870.35907,0.53306
3868.43064,0.40351
3866.50221,0.35429
3864.57378,0.39860
3862.64535,0.47102
3860.71692,0.54147
3858.78849,0.61034
3856.86006,0.58784
3854.93163,0.47019
3853.00320,0.40515
3851.07477,0.37885
3849.14634,0.42016
3847.21791,0.51056
3845.28948,0.54758
3843.36105,0.51477
3841.43262,0.52243
3839.50419,0.57349
3837.57576,0.51398
3835.64733,0.42538
3833.71890,0.38212
3831.79047,0.33727
3829.86204,0.36777
3827.93361,0.50374
3826.00518,0.63818
3824.07675,0.68352
3822.14832,0.71237
3820.21989,0.72859
3818.29146,0.66308
3816.36303,0.57665
3814.43460,0.48209
3812.50617,0.41830
3810.57774,0.41915
3808.64931,0.42629
3806.72088,0.41104
3804.79245,0.39318
3802.86402,0.38451
3800.93559,0.39510
3799.00716,0.44113
3797.07873,0.44538
3795.15030,0.35107
3793.22187,0.26677
3791.29344,0.29750
3789.36501,0.36237
3787.43658,0.30322
3785.50815,0.14200
3783.57972,0.08825
3781.65129,0.11322
3779.72286,0.13272
3777.79443,0.21710
3775.86600,0.33008
3773.93757,0.39139
3772.00914,0.42929
3770.08071,0.47287
3768.15228,0.47937
3766.22385,0.52171
3764.29542,0.62418
3762.36699,0.63703
3760.43856,0.53503
3758.51013,0.48307
3756.58170,0.56516
3754.65327,0.73619
3752.72484,0.87460
3750.79641,0.84262
3748.86798,0.67503
3746.93955,0.49866
3745.01112,0.41606
3743.08269,0.47928
3741.15426,0.55978
3739.22583,0.55527
3737.29740,0.47365
3735.36897,0.42295
3733.44054,0.49421
3731.51211,0.66494
3729.58368,0.75257
3727.65525,0.63443
3725.72682,0.42633
3723.79839,0.25952
3721.86996,0.27692
3719.94153,0.42683
3718.01310,0.50660
3716.08467,0.49928
3714.15624,0.45305
3712.22781,0.40327
3710.29938,0.38757
3708.37095,0.43456
3706.44252,0.43168
3704.51409,0.31269
3702.58566,0.24450
3700.65723,0.35149
3698.72880,0.53273
3696.80037,0.71411
3694.87194,0.85878
3692.94351,0.84054
3691.01508,0.72314
3689.08665,0.67228
3687.15822,0.61143
3685.22979,0.39765
3683.30136,0.11011
3681.37293,0.00000
3679.44450,0.17175
3677.51607,0.36902
3675.58764,0.49932
3673.65921,0.56193
3671.73078,0.59495
3669.80235,0.68057
3667.87392,0.80177
3665.94549,0.74694
3664.01706,0.48077
3662.08863,0.23492
3660.16020,0.21516
3658.23177,0.33084
3656.30334,0.38873
3654.37491,0.37057
3652.44648,0.34857
3650.51805,0.40995
3648.58962,0.52859
3646.66119,0.60373
3644.73276,0.54484
3642.80433,0.42469
3640.87590,0.38740
3638.94747,0.48316
3637.01904,0.59859
3635.09061,0.59697
3633.16218,0.54483
3631.23375,0.53863
3629.30532,0.52778
3627.37689,0.50302
3625.44846,0.49710
3623.52003,0.44774
3621.59160,0.35078
3619.66317,0.32647
3617.73474,0.43237
3615.80631,0.53583
3613.87788,0.57372
3611.94945,0.56583
3610.02102,0.53890
3608.09259,0.54397
3606.16416,0.60043
3604.23573,0.60045
3602.30730,0.45743
3600.37887,0.27694
3598.45044,0.21152
3596.52201,0.27026
3594.59358,0.33943
3592.66515,0.38336
3590.73672,0.40648
3588.80829,0.42989
3586.87986,0.48756
3584.95143,0.57234
3583.02300,0.57642
3581.09457,0.47276
3579.16614,0.36902
3577.23771,0.33180
3575.30928,0.35352
3573.38085,0.39356
3571.45242,0.43307
3569.52399,0.45467
3567.59556,0.45230
3565.66713,0.45659
3563.73870,0.46067
3561.81027,0.41810
3559.88184,0.34606
3557.95341,0.30500
3556.02498,0.31098
3554.09655,0.33929
3552.16812,0.35181
3550.23969,0.35604
3548.31126,0.38545
3546.38283,0.42722
3544.45440,0.43984
3542.52597,0.42886
3540.59754,0.41598
3538.66911,0.38422
3536.74068,0.32929
3534.81225,0.29743
3532.88382,0.32026
3530.95539,0.36290
3529.02696,0.38542
3527.09853,0.38626
3525.17010,0.37904
3523.24167,0.37418
3521.31324,0.37912
3519.38481,0.38581
3517.45638,0.37498
3515.52795,0.35478
3513.59952,0.34856
3511.67109,0.35949
3509.74266,0.36306
3507.81423,0.35879
3505.88580,0.36559
3503.95737,0.37458
3502.02894,0.37389
3500.10051,0.37297
3498.17208,0.36551
3496.24365,0.34292
3494.31522,0.32632
3492.38679,0.33157
3490.45836,0.33791
3488.52993,0.32505
3486.60150,0.31263
3484.67307,0.31761
3482.74464,0.32441
3480.81621,0.31614
3478.88778,0.29697
3476.95935,0.28742
3475.03092,0.29110
3473.10249,0.29144
3471.17406,0.29392
3469.24563,0.30895
3467.31720,0.32707
3465.38877,0.33795
3463.46034,0.33862
3461.53191,0.33706
3459.60348,0.33983
3457.67505,0.33790
3455.74662,0.32246
3453.81819,0.29665
3451.88976,0.27891
3449.96133,0.28507
3448.03290,0.30231
3446.10447,0.30680
3444.17604,0.29433
3442.24761,0.28239
3440.31918,0.28964
3438.39075,0.31473
3436.46232,0.33297
3434.53389,0.32422
3432.60546,0.30333
3430.67703,0.29421
3428.74860,0.29640
3426.82017,0.29616
3424.89174,0.29085
3422.96331,0.28670
3421.03488,0.28313
3419.10645,0.27905
3417.17802,0.28054
3415.24959,0.29132
3413.32116,0.30504
3411.39273,0.31800
3409.46430,0.32297
3407.53587,0.30742
3405.60744,0.28182
3403.67901,0.27231
3401.75058,0.28188
3399.82215,0.28484
3397.89372,0.26904
3395.96529,0.25570
3394.03686,0.25610
3392.10843,0.26330
3390.18000,0.26882
3388.25157,0.26398
3386.32314,0.25585
3384.39471,0.25931
3382.46628,0.27349
3380.53785,0.28238
3378.60942,0.27764
3376.68099,0.27164
3374.75256,0.27424
3372.82413,0.27737
3370.89570,0.27249
3368.96727,0.26127
3367.03884,0.25001
3365.11041,0.24498
3363.18198,0.24842
3361.25355,0.25506
3359.32512,0.25434
3357.39669,0.24556
3355.46826,0.24078
3353.53983,0.24467
3351.61140,0.24918
3349.68297,0.24678
3347.75454,0.23883
3345.82611,0.23440
3343.89768,0.23947
3341.96925,0.24653
3340.04082,0.24336
3338.11239,0.23268
3336.18396,0.22871
3334.25553,0.23783
3332.32710,0.25204
3330.39867,0.25460
3328.47024,0.24896
3326.54181,0.24839
3324.61338,0.24383
3322.68495,0.23035
3320.75652,0.21950
3318.82809,0.21427
3316.89966,0.21277
3314.97122,0.21622
3313.04279,0.22293
3311.11436,0.22541
3309.18593,0.21997
3307.25750,0.21278
3305.32907,0.20782
3303.40064,0.20496
3301.47221,0.20651
3299.54378,0.21226
3297.61535,0.21873
3295.68692,0.22054
3293.75849,0.21641
3291.83006,0.21385
3289.90163,0.21365
3287.97320,0.20952
3286.04477,0.19914
3284.11634,0.19249
3282.18791,0.19322
3280.25948,0.19346
3278.33105,0.18842
3276.40262,0.18554
3274.47419,0.19068
3272.54576,0.19921
3270.61733,0.20309
3268.68890,0.19855
3266.76047,0.19160
3264.83204,0.19098
3262.90361,0.19727
3260.97518,0.20350
3259.04675,0.20434
3257.11832,0.20018
3255.18989,0.19409
3253.26146,0.18930
3251.33303,0.18267
3249.40460,0.17111
3247.47617,0.16706
3245.54774,0.18086
3243.61931,0.19688
3241.69088,0.19575
3239.76245,0.18431
3237.83402,0.17788
3235.90559,0.17962
3233.97716,0.18242
3232.04873,0.18144
3230.12030,0.17950
3228.19187,0.17972
3226.26344,0.18282
3224.33501,0.18300
3222.40658,0.17743
3220.47815,0.17466
3218.54972,0.17579
3216.62129,0.17301
3214.69286,0.16777
3212.76443,0.16230
3210.83600,0.15502
3208.90757,0.15296
3206.97914,0.16191
3205.05071,0.17496
3203.12228,0.18291
3201.19385,0.18271
3199.26542,0.17418
3197.33699,0.16247
3195.40856,0.15760
3193.48013,0.15836
3191.55170,0.15616
3189.62327,0.15303
3187.69484,0.15057
3185.76641,0.14421
3183.83798,0.13916
3181.90955,0.14365
3179.98112,0.15453
3178.05269,0.16320
3176.12426,0.16131
3174.19583,0.15107
3172.26740,0.14566
3170.33897,0.14662
3168.41054,0.14531
3166.48211,0.13929
3164.55368,0.13129
3162.62525,0.12898
3160.69682,0.13399
3158.76839,0.13564
3156.83996,0.13048
3154.91153,0.12628
3152.98310,0.12798
3151.05467,0.13716
3149.12624,0.14958
3147.19781,0.15307
3145.26938,0.14625
3143.34095,0.13882
3141.41252,0.13487
3139.48409,0.13218
3137.55566,0.12839
3135.62723,0.12887
3133.69880,0.13436
3131.77037,0.13256
3129.84194,0.12382
3127.91351,0.12228
3125.98508,0.13016
3124.05665,0.13637
3122.12822,0.13558
3120.19979,0.13476
3118.27136,0.13502
3116.34293,0.13206
3114.41450,0.12929
3112.48607,0.12831
3110.55764,0.12344
3108.62921,0.11658
3106.70078,0.11706
3104.77235,0.12234
3102.84392,0.12290
3100.91549,0.12070
3098.98706,0.12153
3097.05863,0.12345
3095.13020,0.12137
3093.20177,0.11334
3091.27334,0.10483
3089.34491,0.10856
3087.41648,0.11827
3085.48805,0.11774
3083.55962,0.11597
3081.63119,0.12217
3079.70276,0.12319
3077.77433,0.11502
3075.84590,0.11146
3073.91747,0.12022
3071.98904,0.12978
3070.06061,0.12609
3068.13218,0.11839
3066.20375,0.11813
3064.27532,0.11520
3062.34689,0.10085
3060.41846,0.08359
3058.49003,0.07538
3056.56160,0.07686
3054.63317,0.07863
3052.70474,0.08040
3050.77631,0.08802
3048.84788,0.09960
3046.91945,0.10944
3044.99102,0.11096
3043.06259,0.10517
3041.13416,0.09815
3039.20573,0.08910
3037.27730,0.08314
3035.34887,0.08788
3033.42044,0.09547
3031.49201,0.09754
3029.56358,0.10051
3027.63515,0.10670
3025.70672,0.10525
3023.77829,0.09495
3021.84986,0.08685
3019.92143,0.08187
3017.99300,0.07401
3016.06457,0.06650
3014.13614,0.06826
3012.20771,0.07888
3010.27928,0.08521
3008.35085,0.08039
3006.42242,0.07648
3004.49399,0.08072
3002.56556,0.08219
3000.63713,0.07507
2998.70870,0.06768
2996.78027,0.06507
2994.85184,0.06432
2992.92341,0.06209
2990.99498,0.05936
2989.06655,0.05819
2987.13812,0.05973
2985.20969,0.06469
2983.28126,0.06988
2981.35283,0.07310
2979.42440,0.07715
2977.49597,0.07925
2975.56754,0.07329
2973.63911,0.06465
2971.71068,0.06160
2969.78225,0.06182
2967.85382,0.06111
2965.92539,0.06034
2963.99696,0.05991
2962.06853,0.05970
2960.14010,0.05951
2958.21167,0.05782
2956.28324,0.05325
2954.35481,0.04903
2952.42638,0.05234
2950.49795,0.06091
2948.56952,0.06516
2946.64109,0.06711
2944.71266,0.07198
2942.78423,0.07526
2940.85580,0.07389
2938.92737,0.07022
2936.99894,0.06776
2935.07051,0.06910
2933.14208,0.07118
2931.21365,0.07066
2929.28522,0.06869
2927.35679,0.06383
2925.42836,0.05585
2923.49993,0.05442
2921.57150,0.06260
2919.64307,0.06792
2917.71464,0.06548
2915.78621,0.06269
2913.85778,0.06053
2911.92935,0.05660
2910.00092,0.05292
2908.07249,0.05250
2906.14406,0.05330
2904.21563,0.05140
2902.28720,0.04782
2900.35877,0.04770
2898.43034,0.05025
2896.50191,0.05059
2894.57348,0.04830
2892.64505,0.04513
2890.71662,0.04128
2888.78819,0.03734
2886.85976,0.03425
2884.93133,0.03432
2883.00290,0.03759
2881.07447,0.03724
2879.14604,0.03209
2877.21761,0.03072
2875.28918,0.03538
2873.36075,0.04111
2871.43232,0.04451
2869.50389,0.04711
2867.57546,0.04885
2865.64703,0.04564
2863.71860,0.04055
2861.79017,0.04199
2859.86174,0.04960
2857.93331,0.05654
2856.00488,0.05903
2854.07645,0.05492
2852.14802,0.04601
2850.21959,0.03996
2848.29116,0.03791
2846.36273,0.03504
2844.43430,0.03206
2842.50587,0.03155
2840.57744,0.03272
2838.64901,0.03390
2836.72058,0.03407
2834.79215,0.03419
2832.86372,0.03637
2830.93529,0.03761
2829.00686,0.03510
2827.07843,0.03447
2825.15000,0.03942
2823.22157,0.04275
2821.29314,0.04081
2819.36471,0.03816
2817.43628,0.03473
2815.50785,0.03144
2813.57942,0.03129
2811.65099,0.03105
2809.72256,0.02757
2807.79413,0.02287
2805.86570,0.02166
2803.93727,0.02381
2802.00884,0.02486
2800.08041,0.02720
2798.15198,0.03250
2796.22355,0.03324
2794.29512,0.02784
2792.36669,0.02557
2790.43826,0.02949
2788.50983,0.03372
2786.58140,0.03442
2784.65297,0.03383
2782.72454,0.03419
2780.79611,0.03110
2778.86768,0.02408
2776.93925,0.02021
2775.01082,0.01984
2773.08239,0.01984
2771.15396,0.02125
2769.22553,0.02499
2767.29710,0.02879
2765.36867,0.02758
2763.44024,0.02174
2761.51181,0.01774
2759.58338,0.01774
2757.65495,0.01731
2755.72652,0.01314
2753.79809,0.01025
2751.86966,0.01608
2749.94123,0.02578
2748.01280,0.02764
2746.08437,0.02243
2744.15594,0.01846
2742.22751,0.01999
2740.29908,0.02622
2738.37065,0.03043
2736.44222,0.02999
2734.51379,0.02883
2732.58536,0.02627
2730.65693,0.02111
2728.72850,0.01709
2726.80007,0.01649
2724.87164,0.01750
2722.94321,0.01601
2721.01478,0.01095
2719.08635,0.00923
2717.15792,0.01536
2715.22949,0.02098
2713.30105,0.02195
2711.37262,0.02518
2709.44419,0.02836
2707.51576,0.02430
2705.58733,0.01581
2703.65890,0.00937
2701.73047,0.00876
2699.80204,0.01374
2697.87361,0.01724
2695.94518,0.01350
2694.01675,0.00742
2692.08832,0.00763
2690.15989,0.01224
2688.23146,0.01216
2686.30303,0.00895
2684.37460,0.01140
2682.44617,0.01630
2680.51774,0.01545
2678.58931,0.01267
2676.66088,0.01343
2674.73245,0.01630
2672.80402,0.02088
2670.87559,0.02525
2668.94716,0.02417
2667.01873,0.01696
2665.09030,0.01013
2663.16187,0.00812
2661.23344,0.00918
2659.30501,0.01212
2657.37658,0.01510
2655.44815,0.01544
2653.51972,0.01588
2651.59129,0.01777
2649.66286,0.01757
2647.73443,0.01533
2645.80600,0.01362
2643.87757,0.01267
2641.94914,0.01215
2640.02071,0.01190
2638.09228,0.01171
2636.16385,0.01171
2634.23542,0.00947
2632.30699,0.00411
2630.37856,0.00146
2628.45013,0.00331
2626.52170,0.00567
2624.59327,0.00893
2622.66484,0.01067
2620.73641,0.00796
2618.80798,0.00791
2616.87955,0.01056
2614.95112,0.00787
2613.02269,0.00348
2611.09426,0.00402
2609.16583,0.00768
2607.23740,0.01026
2605.30897,0.01023
2603.38054,0.00867
2601.45211,0.00753
2599.52368,0.00819
2597.59525,0.00974
2595.66682,0.01147
2593.73839,0.01388
2591.80996,0.01491
2589.88153,0.01638
2587.95310,0.02095
2586.02467,0.02240
2584.09624,0.01598
2582.16781,0.00717
2580.23938,0.00439
2578.31095,0.00903
2576.38252,0.01351
2574.45409,0.01295
2572.52566,0.00942
2570.59723,0.00603
2568.66880,0.00656
2566.74037,0.01128
2564.81194,0.01441
2562.88351,0.01355
2560.95508,0.01085
2559.02665,0.00693
2557.09822,0.00466
2555.16979,0.00674
2553.24136,0.00970
2551.31293,0.01208
2549.38450,0.01435
2547.45607,0.01284
2545.52764,0.00892
2543.59921,0.00870
2541.67078,0.01136
2539.74235,0.01098
2537.81392,0.00714
2535.88549,0.00605
2533.95706,0.01018
2532.02863,0.01469
2530.10020,0.01461
2528.17177,0.01036
2526.24334,0.00556
2524.31491,0.00307
2522.38648,0.00338
2520.45805,0.00638
2518.52962,0.01302
2516.60119,0.02078
2514.67276,0.02617
2512.74433,0.02532
2510.81590,0.02013
2508.88747,0.01396
2506.95904,0.00911
2505.03061,0.00788
2503.10218,0.00986
2501.17375,0.01161
2499.24532,0.01312
2497.31689,0.01647
2495.38846,0.01867
2493.46003,0.01650
2491.53160,0.01456
2489.60317,0.01630
2487.67474,0.01786
2485.74631,0.01820
2483.81788,0.01803
2481.88945,0.01716
2479.96102,0.01829
2478.03259,0.02107
2476.10416,0.02270
2474.17573,0.02241
2472.24730,0.01986
2470.31887,0.01744
2468.39044,0.01740
2466.46201,0.01773
2464.53358,0.01662
2462.60515,0.01581
2460.67672,0.01688
2458.74829,0.01807
2456.81986,0.01690
2454.89143,0.01529
2452.96300,0.01689
2451.03457,0.01959
2449.10614,0.01916
2447.17771,0.01646
2445.24928,0.01592
2443.32085,0.01919
2441.39242,0.02287
2439.46399,0.02394
2437.53556,0.02405
2435.60713,0.02477
2433.67870,0.02450
2431.75027,0.02490
2429.82184,0.02531
2427.89341,0.02572
2425.96498,0.02614
2424.03655,0.02656
2422.10812,0.02698
2420.17969,0.02740
2418.25126,0.02783
2416.32283,0.02826
2414.39440,0.02870
2412.46597,0.02913
2410.53754,0.02958
2408.60911,0.03002
2406.68068,0.03047
2404.75225,0.03092
2402.82382,0.03138
2400.89539,0.03183
2398.96696,0.03230
2397.03853,0.03276
2395.11010,0.03323
2393.18167,0.03370
2391.25324,0.03418
2389.32481,0.03465
2387.39638,0.03514
2385.46795,0.03562
2383.53952,0.03611
2381.61109,0.03660
2379.68266,0.03710
2377.75423,0.03760
2375.82580,0.03810
2373.89737,0.03860
2371.96894,0.03911
2370.04051,0.03962
2368.11208,0.04014
2366.18365,0.04066
2364.25522,0.04118
2362.32679,0.04170
2360.39836,0.04223
2358.46993,0.04276
2356.54150,0.04330
2354.61307,0.04384
2352.68464,0.04438
2350.75621,0.04493
2348.82778,0.04547
2346.89935,0.04603
2344.97092,0.04658
2343.04249,0.04714
2341.11406,0.04770
2339.18563,0.04827
2337.25720,0.04884
2335.32877,0.04941
2333.40034,0.04998
2331.47191,0.05056
2329.54348,0.05115
2327.61505,0.05173
2325.68662,0.05232
2323.75819,0.05291
2321.82976,0.05351
2319.90133,0.05411
2317.97290,0.05471
2316.04447,0.05531
2314.11604,0.05592
2312.18761,0.05654
2310.25918,0.05715
2308.33075,0.05777
2306.40232,0.05839
2304.47389,0.05902
2302.54546,0.05965
2300.61703,0.06028
2298.68860,0.06092
2296.76017,0.06155
2294.83174,0.06220
2292.90331,0.06284
2290.97488,0.06349
2289.04645,0.06414
2287.11802,0.06480
2285.18959,0.06546
2283.26116,0.06612
2281.33273,0.06679
2279.40430,0.06746
2277.47587,0.06813
2275.54744,0.06880
2273.61901,0.06948
2271.69058,0.07017
2269.76215,0.07085
2267.83372,0.07154
2265.90529,0.07223
2263.97686,0.07293
2262.04843,0.07779
2260.12000,0.08115
2258.19157,0.07918
2256.26314,0.07558
2254.33471,0.07397
2252.40628,0.07374
2250.47785,0.07259
2248.54942,0.07193
2246.62099,0.07261
2244.69256,0.07201
2242.76413,0.07219
2240.83570,0.07571
2238.90727,0.07802
2236.97884,0.07540
2235.05041,0.07128
2233.12198,0.06971
2231.19355,0.07136
2229.26512,0.07519
2227.33669,0.07933
2225.40826,0.08112
2223.47983,0.07912
2221.55140,0.07696
2219.62297,0.07814
2217.69454,0.07939
2215.76611,0.08085
2213.83768,0.08611
2211.90925,0.09032
2209.98082,0.09080
2208.05239,0.09250
2206.12396,0.09430
2204.19553,0.09184
2202.26710,0.08799
2200.33867,0.08702
2198.41024,0.08802
2196.48181,0.08974
2194.55338,0.09366
2192.62495,0.09883
2190.69652,0.10131
2188.76809,0.09986
2186.83966,0.09491
2184.91123,0.08683
2182.98280,0.08038
2181.05437,0.08079
2179.12594,0.08588
2177.19751,0.09020
2175.26908,0.09228
2173.34065,0.09289
2171.41222,0.09375
2169.48379,0.09744
2167.55536,0.10314
2165.62693,0.10678
2163.69850,0.10609
2161.77007,0.10214
2159.84164,0.09820
2157.91321,0.09664
2155.98478,0.09697
2154.05635,0.09804
2152.12792,0.10003
2150.19949,0.10365
2148.27106,0.10992
2146.34263,0.11731
2144.41420,0.12049
2142.48577,0.11748
2140.55734,0.11242
2138.62891,0.10895
2136.70048,0.10700
2134.77205,0.10633
2132.84362,0.10859
2130.91519,0.11381
2128.98676,0.11959
2127.05833,0.12432
2125.12990,0.12663
2123.20147,0.12652
2121.27304,0.12582
2119.34461,0.12376
2117.41618,0.12045
2115.48775,0.12031
2113.55932,0.12311
2111.63089,0.12434
2109.70245,0.12396
2107.77402,0.12601
2105.84559,0.13105
2103.91716,0.13579
2101.98873,0.13935
2100.06030,0.14044
2098.13187,0.13673
2096.20344,0.13232
2094.27501,0.13221
2092.34658,0.13575
2090.41815,0.13999
2088.48972,0.14157
2086.56129,0.13706
2084.63286,0.13111
2082.70443,0.13402
2080.77600,0.14208
2078.84757,0.14565
2076.91914,0.14842
2074.99071,0.15249
2073.06228,0.15136
2071.13385,0.14558
2069.20542,0.14102
2067.27699,0.13864
2065.34856,0.13743
2063.42013,0.13788
2061.49170,0.13875
2059.56327,0.14029
2057.63484,0.14550
2055.70641,0.15392
2053.77798,0.16214
2051.84955,0.16685
2049.92112,0.16574
2047.99269,0.16048
2046.06426,0.15610
2044.13583,0.15552
2042.20740,0.15655
2040.27897,0.15494
2038.35054,0.14830
2036.42211,0.14124
2034.49368,0.14424
2032.56525,0.15717
2030.63682,0.17195
2028.70839,0.18449
2026.77996,0.18754
2024.85153,0.17753
2022.92310,0.16738
2020.99467,0.16567
2019.06624,0.16880
2017.13781,0.17198
2015.20938,0.17198
2013.28095,0.16202
2011.35252,0.14280
2009.42409,0.13400
2007.49566,0.14429
2005.56723,0.16404
2003.63880,0.19309
2001.71037,0.21768
1999.78194,0.21656
1997.85351,0.20202
1995.92508,0.19209
1993.99665,0.18701
1992.06822,0.18271
1990.13979,0.17825
1988.21136,0.16928
1986.28293,0.15246
1984.35450,0.14573
1982.42607,0.16318
1980.49764,0.19031
1978.56921,0.21454
1976.64078,0.22464
1974.71235,0.21242
1972.78392,0.19704
1970.85549,0.19372
1968.92706,0.19484
1966.99863,0.19378
1965.07020,0.18567
1963.14177,0.16401
1961.21334,0.13973
1959.28491,0.14658
1957.35648,0.18985
1955.42805,0.23596
1953.49962,0.26697
1951.57119,0.26649
1949.64276,0.23383
1947.71433,0.20585
1945.78590,0.19811
1943.85747,0.19283
1941.92904,0.17277
1940.00061,0.15334
1938.07218,0.14827
1936.14375,0.15181
1934.21532,0.18803
1932.28689,0.24223
1930.35846,0.26298
1928.43003,0.25676
1926.50160,0.23828
1924.57317,0.21847
1922.64474,0.22039
1920.71631,0.24269
1918.78788,0.26110
1916.85945,0.25498
1914.93102,0.23011
1913.00259,0.20765
1911.07416,0.19866
1909.14573,0.18889
1907.21730,0.18432
1905.28887,0.20924
1903.36044,0.23554
1901.43201,0.25193
1899.50358,0.27363
1897.57515,0.27413
1895.64672,0.25607
1893.71829,0.24682
1891.78986,0.23832
1889.86143,0.20994
1887.93300,0.14663
1886.00457,0.08585
1884.07614,0.11216
1882.14771,0.21058
1880.21928,0.31800
1878.29085,0.38253
1876.36242,0.35403
1874.43399,0.28819
1872.50556,0.25573
1870.57713,0.25343
1868.64870,0.25222
1866.72027,0.23126
1864.79184,0.18272
1862.86341,0.11481
1860.93498,0.09256
1859.00655,0.17065
1857.07812,0.28267
1855.14969,0.37076
1853.22126,0.39443
1851.29283,0.33045
1849.36440,0.23621
1847.43597,0.16437
1845.50754,0.14828
1843.57911,0.17327
1841.65068,0.23933
1839.72225,0.34465
1837.79382,0.40013
1835.86539,0.39051
1833.93696,0.36465
1832.00853,0.31953
1830.08010,0.26173
1828.15167,0.22169
1826.22324,0.22029
1824.29481,0.24944
1822.36638,0.28714
1820.43795,0.29772
1818.50952,0.25562
1816.58109,0.20791
1814.65266,0.20571
1812.72423,0.22814
1810.79580,0.23613
1808.86737,0.20596
1806.93894,0.22536
1805.01051,0.32603
1803.08208,0.43110
1801.15365,0.45428
1799.22522,0.36969
1797.29679,0.28244
1795.36836,0.26178
1793.43993,0.27068
1791.51150,0.23985
1789.58307,0.15463
1787.65464,0.10157
1785.72621,0.17955
1783.79778,0.34488
1781.86935,0.49863
1779.94092,0.50608
1778.01249,0.38783
1776.08406,0.29674
1774.15563,0.28029
1772.22720,0.31557
1770.29877,0.33974
1768.37034,0.28079
1766.44191,0.16915
1764.51348,0.11503
1762.58505,0.18159
1760.65662,0.31827
1758.72819,0.42897
1756.79976,0.42784
1754.87133,0.37293
1752.94290,0.32211
1751.01447,0.24337
1749.08604,0.19187
1747.15761,0.27503
1745.22918,0.43975
1743.30075,0.60622
1741.37232,0.63615
1739.44389,0.51686
1737.51546,0.36708
1735.58703,0.20288
1733.65860,0.02693
1731.73017,0.00000
1729.80174,0.19134
1727.87331,0.45075
1725.94488,0.66486
1724.01645,0.62212
1722.08802,0.38017
1720.15959,0.20504
1718.23116,0.12812
1716.30273,0.08109
1714.37430,0.09906
1712.44587,0.21042
1710.51744,0.41938
1708.58901,0.65996
1706.66058,0.73874
1704.73215,0.61483
1702.80372,0.38353
1700.87529,0.13285
1698.94686,0.05318
1697.01843,0.23557
1695.09000,0.47025
1693.16157,0.64296
1691.23314,0.60602
1689.30471,0.42654
1687.37628,0.30411
1685.44785,0.27281
1683.51942,0.38256
1681.59099,0.50851
1679.66256,0.55187
1677.73413,0.54510
1675.80570,0.49646
1673.87727,0.44813
1671.94884,0.38443
1670.02041,0.19645
1668.09198,0.00000
1666.16355,0.08504
1664.23512,0.25373
1662.30669,0.44839
1660.37826,0.61576
1658.44983,0.65337
1656.52140,0.70023
1654.59297,0.65218
1652.66454,0.38171
1650.73611,0.18129
1648.80768,0.28074
1646.87925,0.48746
1644.95082,0.65063
1643.02239,0.63600
1641.09396,0.45218
1639.16553,0.32560
1637.23710,0.34978
1635.30867,0.42194
1633.38024,0.41953
1631.45181,0.40497
1629.52338,0.45080
1627.59495,0.52201
1625.66652,0.59768
1623.73809,0.59014
1621.80966,0.49954
1619.88123,0.45172
1617.95280,0.45834
1616.02437,0.47416
1614.09594,0.47322
1612.16751,0.46159
1610.23908,0.44792
1608.31065,0.43821
1606.38222,0.44347
1604.45379,0.46547
1602.52536,0.48543
1600.59693,0.48598
1598.66850,0.47351
1596.74007,0.45478
1594.81164,0.41661
1592.88321,0.33162
1590.95478,0.23335
1589.02635,0.26078
1587.09792,0.39807
1585.16949,0.51189
1583.24106,0.51514
1581.31263,0.47357
1579.38420,0.49460
1577.45577,0.49379
1575.52734,0.32308
1573.59891,0.04697
1571.67048,0.02423
1569.74205,0.33023
1567.81362,0.70489
1565.88519,0.90911
1563.95676,0.77688
1562.02833,0.60944
1560.09990,0.44882
1558.17147,0.23912
1556.24304,0.01140
1554.31461,0.00000
1552.38618,0.35694
1550.45775,0.75556
1548.52932,0.92877
1546.60089,0.77079
1544.67246,0.61266
1542.74403,0.55753
1540.81560,0.48042
1538.88717,0.33260
1536.95874,0.22104
1535.03031,0.23856
1533.10188,0.38524
1531.17345,0.56199
1529.24502,0.70234
1527.31659,0.71983
1525.38816,0.63469
1523.45973,0.42011
1521.53130,0.14818
1519.60287,0.20952
1517.67444,0.57931
1515.74601,0.93100
1513.81758,0.90661
1511.88915,0.55880
1509.96072,0.40504
1508.03229,0.47896
1506.10385,0.55306
1504.17542,0.45898
1502.24699,0.33266
1500.31856,0.41207
1498.39013,0.60127
1496.46170,0.69664
1494.53327,0.60819
1492.60484,0.47413
1490.67641,0.35986
1488.74798,0.23794
1486.81955,0.16219
1484.89112,0.29079
1482.96269,0.54196
1481.03426,0.68263
1479.10583,0.58224
1477.17740,0.43593
1475.24897,0.39540
1473.32054,0.33806
1471.39211,0.16898
1469.46368,0.15136
1467.53525,0.41220
1465.60682,0.71622
1463.67839,0.76948
1461.74996,0.58581
1459.82153,0.48005
1457.89310,0.49405
1455.96467,0.53076
1454.03624,0.49719
1452.10781,0.37888
1450.17938,0.26941
1448.25095,0.29605
1446.32252,0.42292
1444.39409,0.52263
1442.46566,0.52286
1440.53723,0.48942
1438.60880,0.46796
1436.68037,0.42646
1434.75194,0.35242
1432.82351,0.28554
1430.89508,0.31555
1428.96665,0.45521
1427.03822,0.59403
1425.10979,0.61091
1423.18136,0.52012
1421.25293,0.43775
1419.32450,0.38537
1417.39607,0.36430
1415.46764,0.36931
1413.53921,0.36230
1411.61078,0.31869
1409.68235,0.27887
1407.75392,0.32107
1405.82549,0.44045
1403.89706,0.52509
1401.96863,0.49419
1400.04020,0.40157
1398.11177,0.38003
1396.18334,0.43215
1394.25491,0.46549
1392.32648,0.43266
1390.39805,0.37155
1388.46962,0.32112
1386.54119,0.31682
1384.61276,0.37214
1382.68433,0.45135
1380.75590,0.47516
1378.82747,0.43359
1376.89904,0.37194
1374.97061,0.32913
1373.04218,0.36288
1371.11375,0.45381
1369.18532,0.49818
1367.25689,0.46187
1365.32846,0.41980
1363.40003,0.40816
1361.47160,0.40659
1359.54317,0.40545
1357.61474,0.40591
1355.68631,0.39004
1353.75788,0.34113
1351.82945,0.29134
1349.90102,0.31367
1347.97259,0.40303
1346.04416,0.47241
1344.11573,0.46394
1342.18730,0.41456
1340.25887,0.37966
1338.33044,0.36751
1336.40201,0.36274
1334.47358,0.35087
1332.54515,0.32946
1330.61672,0.31737
1328.68829,0.33198
1326.75986,0.35886
1324.83143,0.37505
1322.90300,0.37885
1320.97457,0.37859
1319.04614,0.37360
1317.11771,0.36492
1315.18928,0.36247
1313.26085,0.36766
1311.33242,0.37158
1309.40399,0.37112
1307.47556,0.37166
1305.54713,0.37589
1303.61870,0.37894
1301.69027,0.37714
1299.76184,0.37582
1297.83341,0.38234
1295.90498,0.39346
1293.97655,0.39753
1292.04812,0.39270
1290.11969,0.38969
1288.19126,0.39293
1286.26283,0.39388
1284.33440,0.38600
1282.40597,0.37667
1280.47754,0.37575
1278.54911,0.37988
1276.62068,0.37981
1274.69225,0.37365
1272.76382,0.36846
1270.83539,0.37180
1268.90696,0.38100
1266.97853,0.38551
1265.05010,0.38053
1263.12167,0.37103
1261.19324,0.36282
1259.26481,0.35753
1257.33638,0.35357
1255.40795,0.35010
1253.47952,0.34974
1251.55109,0.35273
1249.62266,0.35619
1247.69423,0.36008
1245.76580,0.36596
1243.83737,0.37446
1241.90894,0.38280
1239.98051,0.38482
1238.05208,0.38038
1236.12365,0.37911
1234.19522,0.38757
1232.26679,0.39884
1230.33836,0.40344
1228.40993,0.40494
1226.48150,0.41033
1224.55307,0.41461
1222.62464,0.41296
1220.69621,0.41351
1218.76778,0.42173
1216.83935,0.43118
1214.91092,0.43728
1212.98249,0.44152
1211.05406,0.44322
1209.12563,0.44343
1207.19720,0.44404
1205.26877,0.44091
1203.34034,0.43441
1201.41191,0.43101
1199.48348,0.42984
1197.55505,0.42702
1195.62662,0.42326
1193.69819,0.41975
1191.76976,0.41677
1189.84133,0.41192
1187.91290,0.40275
1185.98447,0.39440
1184.05604,0.39526
1182.12761,0.40365
1180.19918,0.40693
1178.27075,0.39958
1176.34232,0.38878
1174.41389,0.38273
1172.48546,0.38577
1170.55703,0.39279
1168.62860,0.39532
1166.70017,0.39660
1164.77174,0.40362
1162.84331,0.41200
1160.91488,0.41726
1158.98645,0.42370
1157.05802,0.43201
1155.12959,0.44062
1153.20116,0.45088
1151.27273,0.46128
1149.34430,0.47137
1147.41587,0.47748
1145.48744,0.47744
1143.55901,0.48169
1141.63058,0.49076
1139.70215,0.49318
1137.77372,0.49498
1135.84529,0.50378
1133.91686,0.50850
1131.98843,0.50825
1130.06000,0.51325
1128.13157,0.51832
1126.20314,0.51737
1124.27471,0.51595
1122.34628,0.51805
1120.41785,0.52165
1118.48942,0.51920
1116.56099,0.50386
1114.63256,0.48201
1112.70413,0.46893
1110.77570,0.47288
1108.84727,0.48886
1106.91884,0.50153
1104.99041,0.50160
1103.06198,0.49527
1101.13355,0.49231
1099.20512,0.49897
1097.27669,0.51284
1095.34826,0.52015
1093.41983,0.51253
1091.49140,0.50495
1089.56297,0.51021
1087.63454,0.51746
1085.70611,0.52106
1083.77768,0.52814
1081.84925,0.54057
1079.92082,0.55469
1077.99239,0.56241
1076.06396,0.56359
1074.13553,0.56589
1072.20710,0.56956
1070.27867,0.57593
1068.35024,0.58837
1066.42181,0.60041
1064.49338,0.60299
1062.56495,0.59907
1060.63652,0.59982
1058.70809,0.60196
1056.77966,0.59265
1054.85123,0.57795
1052.92280,0.56853
1050.99437,0.55923
1049.06594,0.53902
1047.13751,0.51305
1045.20908,0.49250
1043.28065,0.47806
1041.35222,0.46654
1039.42379,0.45554
1037.49536,0.44214
1035.56693,0.42231
1033.63850,0.39700
1031.71007,0.37089
1029.78164,0.34597
1027.85321,0.32498
1025.92478,0.31055
1023.99635,0.30375
1022.06792,0.30122
1020.13949,0.29434
1018.21106,0.28336
1016.28263,0.27740
1014.35420,0.27795
1012.42577,0.27839
1010.49734,0.27575
1008.56891,0.27480
1006.64048,0.27915
1004.71205,0.28611
1002.78362,0.29163
1000.85519,0.29374
998.92676,0.29346
996.99833,0.29352
995.06990,0.29723
993.14147,0.30712
991.21304,0.31863
989.28461,0.32466
987.35618,0.32760
985.42775,0.33199
983.49932,0.33474
981.57089,0.33446
979.64246,0.33350
977.71403,0.32973
975.78560,0.32041
973.85717,0.30884
971.92874,0.30143
970.00031,0.29932
968.07188,0.29616
966.14345,0.28785
964.21502,0.27366
962.28659,0.25839
960.35816,0.24972
958.42973,0.24914
956.50130,0.24776
954.57287,0.23951
952.64444,0.22932
950.71601,0.22289
948.78758,0.22132
946.85915,0.22159
944.93072,0.21999
943.00229,0.21835
941.07386,0.22080
939.14543,0.22540
937.21700,0.22713
935.28857,0.22420
933.36014,0.22071
931.43171,0.22352
929.50328,0.23275
927.57485,0.24260
925.64642,0.24924
923.71799,0.25303
921.78956,0.25446
919.86113,0.25343
917.93270,0.25497
916.00427,0.26258
914.07584,0.27116
912.14741,0.27528
910.21898,0.27495
908.29055,0.27478
906.36212,0.27496
904.43368,0.27126
902.50525,0.26707
900.57682,0.26520
898.64839,0.26044
896.71996,0.25240
894.79153,0.24528
892.86310,0.23822
890.93467,0.22923
889.00624,0.22166
887.07781,0.21688
885.14938,0.20980
883.22095,0.19940
881.29252,0.19132
879.36409,0.18678
877.43566,0.18165
875.50723,0.17437
873.57880,0.16756
871.65037,0.16439
869.72194,0.16499
867.79351,0.16829
865.86508,0.17149
863.93665,0.17258
862.00822,0.17646
860.07979,0.18470
858.15136,0.18972
856.22293,0.18899
854.29450,0.18875
852.36607,0.19226
850.43764,0.19756
848.50921,0.20520
846.58078,0.21571
844.65235,0.22672
842.72392,0.23982
840.79549,0.25504
838.86706,0.26480
836.93863,0.26641
835.01020,0.26653
833.08177,0.27208
831.15334,0.28187
829.22491,0.28631
827.29648,0.28335
825.36805,0.27880
823.43962,0.27046
821.51119,0.25963
819.58276,0.25573
817.65433,0.25525
815.72590,0.24891
813.79747,0.23694
811.86904,0.22116
809.94061,0.20653
808.01218,0.20069
806.08375,0.20120
804.15532,0.19950
802.22689,0.19349
800.29846,0.18537
798.37003,0.17651
796.44160,0.16952
794.51317,0.16720
792.58474,0.16748
790.65631,0.16562
788.72788,0.15960
786.79945,0.15164
784.87102,0.14547
782.94259,0.14172
781.01416,0.14102
779.08573,0.14753
777.15730,0.15914
775.22887,0.16502
773.30044,0.16352
771.37201,0.16295
769.44358,0.16708
767.51515,0.17457
765.58672,0.18086
763.65829,0.18429
761.72986,0.19192
759.80143,0.20184
757.87300,0.20290
755.94457,0.19704
754.01614,0.19292
752.08771,0.18989
750.15928,0.18597
748.23085,0.18396
746.30242,0.18400
744.37399,0.18462
742.44556,0.18532
740.51713,0.18573
738.58870,0.18272
736.66027,0.17501
734.73184,0.16550
732.80341,0.15365
730.87498,0.13833
728.94655,0.12364
727.01812,0.12303
725.08969,0.14007
723.16126,0.14468
721.23283,0.12295
719.30440,0.09945
717.37597,0.08620
715.44754,0.07823
713.51911,0.07482
711.59068,0.07372
709.66225,0.07071
707.73382,0.06468
705.80539,0.05751
703.87696,0.05468
701.94853,0.05959
700.02010,0.06588
698.09167,0.06603
696.16324,0.06735
694.23481,0.08380
692.30638,0.10992
690.37795,0.12606
688.44952,0.13123
686.52109,0.14036
684.59266,0.15207
682.66423,0.15494
680.73580,0.15579
678.80737,0.14095
676.87894,0.06821
674.95051,0.03031
673.02208,0.21581
671.09365,0.35620
669.16522,0.25723
667.23679,0.13567
665.30836,0.08576
663.37993,0.09184
661.45150,0.12053
659.52307,0.14497
657.59464,0.14697
655.66621,0.12316
653.73778,0.09993
651.80935,0.08503
649.88092,0.06133
647.95249,0.03920
646.02406,0.03752
644.09563,0.05056
642.16720,0.06456
640.23877,0.07423
638.31034,0.07410
636.38191,0.06267
634.45348,0.04889
632.52505,0.04203
630.59662,0.04155
628.66819,0.04087
626.73976,0.03981
624.81133,0.04114
622.88290,0.04957
620.95447,0.06492
619.02604,0.07376
617.09761,0.07108
615.16918,0.06399
613.24075,0.05926
611.31232,0.05601
609.38389,0.04680
607.45546,0.01778
605.52703,0.10399
603.59860,0.00915
601.67017,0.00000
599.74174,0.00000
