4001.49232,0.00368
3999.56389,0.00461
3997.63546,0.00550
3995.70703,0.00521
3993.77860,0.00450
3991.85017,0.00438
3989.92174,0.00476
3987.99331,0.00507
3986.06488,0.00473
3984.13645,0.00374
3982.20802,0.00279
3980.27959,0.00249
3978.35116,0.00297
3976.42273,0.00401
3974.49430,0.00482
3972.56587,0.00489
3970.63744,0.00456
3968.70901,0.00419
3966.78058,0.00396
3964.85215,0.00421
3962.92372,0.00459
3960.99529,0.00402
3959.06686,0.00256
3957.13843,0.00122
3955.21000,0.00032
3953.28157,0.00000
3951.35314,0.00083
3949.42471,0.00266
3947.49628,0.00395
3945.56785,0.00363
3943.63942,0.00261
3941.71099,0.00238
3939.78256,0.00318
3937.85413,0.00399
3935.92570,0.00423
3933.99727,0.00429
3932.06884,0.00439
3930.14041,0.00439
3928.21198,0.00429
3926.28355,0.00382
3924.35512,0.00298
3922.42669,0.00254
3920.49826,0.00293
3918.56982,0.00365
3916.64139,0.00404
3914.71296,0.00400
3912.78453,0.00375
3910.85610,0.00344
3908.92767,0.00358
3906.99924,0.00478
3905.07081,0.00682
3903.14238,0.00827
3901.21395,0.00785
3899.28552,0.00647
3897.35709,0.00549
3895.42866,0.00545
3893.50023,0.00601
3891.57180,0.00641
3889.64337,0.00644
3887.71494,0.00608
3885.78651,0.00431
3883.85808,0.00144
3881.92965,-0.00022
3880.00122,0.00049
3878.07279,0.00311
3876.14436,0.00555
3874.21593,0.00588
3872.28750,0.00438
3870.35907,0.00263
3868.43064,0.00218
3866.50221,0.00281
3864.57378,0.00268
3862.64535,0.00221
3860.71692,0.00305
3858.78849,0.00493
3856.86006,0.00650
3854.93163,0.00564
3853.00320,0.00194
3851.07477,0.00047
3849.14634,0.00291
3847.21791,0.00567
3845.28948,0.00640
3843.36105,0.00537
3841.43262,0.00411
3839.50419,0.00344
3837.57576,0.00332
3835.64733,0.00332
3833.71890,0.00295
3831.79047,0.00278
3829.86204,0.00406
3827.93361,0.00617
3826.00518,0.00733
3824.07675,0.00723
3822.14832,0.00607
3820.21989,0.00488
3818.29146,0.00542
3816.36303,0.00574
3814.43460,0.00409
3812.50617,0.00276
3810.57774,0.00289
3808.64931,0.00366
3806.72088,0.00486
3804.79245,0.00647
3802.86402,0.00684
3800.93559,0.00485
3799.00716,0.00279
3797.07873,0.00183
3795.15030,0.00133
3793.22187,0.00189
3791.29344,0.00313
3789.36501,0.00385
3787.43658,0.00412
3785.50815,0.00412
3783.57972,0.00328
3781.65129,0.00177
3779.72286,0.00041
3777.79443,0.00000
3775.86600,0.00058
3773.93757,0.00154
3772.00914,0.00247
3770.08071,0.00296
3768.15228,0.00267
3766.22385,0.00201
3764.29542,0.00202
3762.36699,0.00303
3760.43856,0.00375
3758.51013,0.00351
3756.58170,0.00387
3754.65327,0.00574
3752.72484,0.00779
3750.79641,0.00848
3748.86798,0.00837
3746.93955,0.00841
3745.01112,0.00798
3743.08269,0.00704
3741.15426,0.00761
3739.22583,0.00943
3737.29740,0.01016
3735.36897,0.00852
3733.44054,0.00583
3731.51211,0.00449
3729.58368,0.00473
3727.65525,0.00471
3725.72682,0.00381
3723.79839,0.00367
3721.86996,0.00415
3719.94153,0.00365
3718.01310,0.00274
3716.08467,0.00272
3714.15624,0.00337
3712.22781,0.00330
3710.29938,0.00181
3708.37095,0.00012
3706.44252,0.00000
3704.51409,0.00094
3702.58566,0.00144
3700.65723,0.00110
3698.72880,0.00102
3696.80037,0.00186
3694.87194,0.00302
3692.94351,0.00339
3691.01508,0.00215
3689.08665,0.00021
3687.15822,-0.00006
3685.22979,0.00140
3683.30136,0.00265
3681.37293,0.00290
3679.44450,0.00323
3677.51607,0.00457
3675.58764,0.00569
3673.65921,0.00538
3671.73078,0.00480
3669.80235,0.00379
3667.87392,0.00273
3665.94549,0.00265
3664.01706,0.00295
3662.08863,0.00294
3660.16020,0.00275
3658.23177,0.00223
3656.30334,0.00133
3654.37491,0.00132
3652.44648,0.00187
3650.51805,0.00100
3648.58962,0.00014
3646.66119,0.00151
3644.73276,0.00354
3642.80433,0.00441
3640.87590,0.00400
3638.94747,0.00331
3637.01904,0.00304
3635.09061,0.00309
3633.16218,0.00336
3631.23375,0.00352
3629.30532,0.00262
3627.37689,0.00115
3625.44846,0.00104
3623.52003,0.00218
3621.59160,0.00288
3619.66317,0.00233
3617.73474,0.00169
3615.80631,0.00211
3613.87788,0.00310
3611.94945,0.00416
3610.02102,0.00506
3608.09259,0.00494
3606.16416,0.00373
3604.23573,0.00304
3602.30730,0.00357
3600.37887,0.00460
3598.45044,0.00533
3596.52201,0.00539
3594.59358,0.00477
3592.66515,0.00435
3590.73672,0.00468
3588.80829,0.00489
3586.87986,0.00455
3584.95143,0.00449
3583.02300,0.00489
3581.09457,0.00514
3579.16614,0.00513
3577.23771,0.00492
3575.30928,0.00408
3573.38085,0.00306
3571.45242,0.00278
3569.52399,0.00236
3567.59556,0.00083
3565.66713,0.00000
3563.73870,0.00112
3561.81027,0.00296
3559.88184,0.00426
3557.95341,0.00466
3556.02498,0.00433
3554.09655,0.00373
3552.16812,0.00323
3550.23969,0.00339
3548.31126,0.00466
3546.38283,0.00607
3544.45440,0.00604
3542.52597,0.00491
3540.59754,0.00417
3538.66911,0.00403
3536.74068,0.00388
3534.81225,0.00368
3532.88382,0.00395
3530.95539,0.00478
3529.02696,0.00546
3527.09853,0.00563
3525.17010,0.00564
3523.24167,0.00536
3521.31324,0.00448
3519.38481,0.00363
3517.45638,0.00351
3515.52795,0.00380
3513.59952,0.00403
3511.67109,0.00417
3509.74266,0.00415
3507.81423,0.00370
3505.88580,0.00294
3503.95737,0.00235
3502.02894,0.00222
3500.10051,0.00262
3498.17208,0.00347
3496.24365,0.00417
3494.31522,0.00422
3492.38679,0.00397
3490.45836,0.00381
3488.52993,0.00384
3486.60150,0.00416
3484.67307,0.00443
3482.74464,0.00419
3480.81621,0.00379
3478.88778,0.00378
3476.95935,0.00417
3475.03092,0.00458
3473.10249,0.00447
3471.17406,0.00382
3469.24563,0.00325
3467.31720,0.00322
3465.38877,0.00361
3463.46034,0.00430
3461.53191,0.00512
3459.60348,0.00547
3457.67505,0.00520
3455.74662,0.00492
3453.81819,0.00496
3451.88976,0.00486
3449.96133,0.00426
3448.03290,0.00389
3446.10447,0.00443
3444.17604,0.00497
3442.24761,0.00468
3440.31918,0.00413
3438.39075,0.00430
3436.46232,0.00507
3434.53389,0.00521
3432.60546,0.00463
3430.67703,0.00437
3428.74860,0.00432
3426.82017,0.00386
3424.89174,0.00337
3422.96331,0.00329
3421.03488,0.00349
3419.10645,0.00370
3417.17802,0.00417
3415.24959,0.00511
3413.32116,0.00586
3411.39273,0.00600
3409.46430,0.00624
3407.53587,0.00653
3405.60744,0.00644
3403.67901,0.00678
3401.75058,0.00764
3399.82215,0.00809
3397.89372,0.00781
3395.96529,0.00779
3394.03686,0.00741
3392.10843,0.00599
3390.18000,0.00452
3388.25157,0.00429
3386.32314,0.00503
3384.39471,0.00526
3382.46628,0.00494
3380.53785,0.00566
3378.60942,0.00721
3376.68099,0.00779
3374.75256,0.00721
3372.82413,0.00632
3370.89570,0.00556
3368.96727,0.00535
3367.03884,0.00605
3365.11041,0.00712
3363.18198,0.00732
3361.25355,0.00620
3359.32512,0.00471
3357.39669,0.00418
3355.46826,0.00453
3353.53983,0.00459
3351.61140,0.00422
3349.68297,0.00436
3347.75454,0.00525
3345.82611,0.00607
3343.89768,0.00608
3341.96925,0.00590
3340.04082,0.00656
3338.11239,0.00757
3336.18396,0.00799
3334.25553,0.00805
3332.32710,0.00833
3330.39867,0.00850
3328.47024,0.00805
3326.54181,0.00735
3324.61338,0.00679
3322.68495,0.00659
3320.75652,0.00724
3318.82809,0.00820
3316.89966,0.00816
3314.97122,0.00759
3313.04279,0.00802
3311.11436,0.00917
3309.18593,0.00936
3307.25750,0.00847
3305.32907,0.00788
3303.40064,0.00763
3301.47221,0.00705
3299.54378,0.00690
3297.61535,0.00791
3295.68692,0.00915
3293.75849,0.00952
3291.83006,0.00960
3289.90163,0.01052
3287.97320,0.01174
3286.04477,0.01182
3284.11634,0.01044
3282.18791,0.00861
3280.25948,0.00791
3278.33105,0.00886
3276.40262,0.00993
3274.47419,0.00990
3272.54576,0.00952
3270.61733,0.00935
3268.68890,0.00886
3266.76047,0.00804
3264.83204,0.00768
3262.90361,0.00808
3260.97518,0.00900
3259.04675,0.00973
3257.11832,0.00964
3255.18989,0.00920
3253.26146,0.00903
3251.33303,0.00918
3249.40460,0.00950
3247.47617,0.00952
3245.54774,0.00850
3243.61931,0.00694
3241.69088,0.00618
3239.76245,0.00609
3237.83402,0.00600
3235.90559,0.00577
3233.97716,0.00549
3232.04873,0.00580
3230.12030,0.00728
3228.19187,0.00905
3226.26344,0.00949
3224.33501,0.00840
3222.40658,0.00718
3220.47815,0.00656
3218.54972,0.00626
3216.62129,0.00586
3214.69286,0.00558
3212.76443,0.00606
3210.83600,0.00663
3208.90757,0.00617
3206.97914,0.00540
3205.05071,0.00513
3203.12228,0.00528
3201.19385,0.00561
3199.26542,0.00534
3197.33699,0.00413
3195.40856,0.00312
3193.48013,0.00298
3191.55170,0.00291
3189.62327,0.00282
3187.69484,0.00343
3185.76641,0.00432
3183.83798,0.00469
3181.90955,0.00437
3179.98112,0.00372
3178.05269,0.00290
3176.12426,0.00189
3174.19583,0.00151
3172.26740,0.00229
3170.33897,0.00324
3168.41054,0.00317
3166.48211,0.00225
3164.55368,0.00173
3162.62525,0.00229
3160.69682,0.00323
3158.76839,0.00341
3156.83996,0.00262
3154.91153,0.00169
3152.98310,0.00169
3151.05467,0.00267
3149.12624,0.00338
3147.19781,0.00312
3145.26938,0.00277
3143.34095,0.00291
3141.41252,0.00289
3139.48409,0.00245
3137.55566,0.00218
3135.62723,0.00234
3133.69880,0.00247
3131.77037,0.00209
3129.84194,0.00159
3127.91351,0.00162
3125.98508,0.00194
3124.05665,0.00176
3122.12822,0.00110
3120.19979,0.00089
3118.27136,0.00131
3116.34293,0.00148
3114.41450,0.00111
3112.48607,0.00088
3110.55764,0.00110
3108.62921,0.00116
3106.70078,0.00084
3104.77235,0.00087
3102.84392,0.00118
3100.91549,0.00113
3098.98706,0.00107
3097.05863,0.00127
3095.13020,0.00126
3093.20177,0.00081
3091.27334,0.00024
3089.34491,0.00004
3087.41648,0.00037
3085.48805,0.00101
3083.55962,0.00150
3081.63119,0.00157
3079.70276,0.00168
3077.77433,0.00170
3075.84590,0.00090
3073.91747,0.00002
3071.98904,0.00000
3070.06061,0.00040
3068.13218,0.00099
3066.20375,0.00136
3064.27532,0.00093
3062.34689,0.00013
3060.41846,0.00010
3058.49003,0.00088
3056.56160,0.00149
3054.63317,0.00171
3052.70474,0.00185
3050.77631,0.00166
3048.84788,0.00116
3046.91945,0.00066
3044.99102,0.00030
3043.06259,0.00042
3041.13416,0.00104
3039.20573,0.00132
3037.27730,0.00085
3035.34887,0.00048
3033.42044,0.00075
3031.49201,0.00105
3029.56358,0.00078
3027.63515,0.00022
3025.70672,0.00000
3023.77829,0.00028
3021.84986,0.00060
3019.92143,0.00050
3017.99300,0.00032
3016.06457,0.00050
3014.13614,0.00078
3012.20771,0.00067
3010.27928,0.00032
3008.35085,0.00019
3006.42242,0.00039
3004.49399,0.00072
3002.56556,0.00094
3000.63713,0.00118
2998.70870,0.00146
2996.78027,0.00151
2994.85184,0.00137
2992.92341,0.00093
2990.99498,0.00045
2989.06655,0.00075
2987.13812,0.00151
2985.20969,0.00217
2983.28126,0.00236
2981.35283,0.00160
2979.42440,0.00058
2977.49597,0.00051
2975.56754,0.00144
2973.63911,0.00239
2971.71068,0.00265
2969.78225,0.00226
2967.85382,0.00148
2965.92539,0.00098
2963.99696,0.00119
2962.06853,0.00154
2960.14010,0.00175
2958.21167,0.00193
2956.28324,0.00171
2954.35481,0.00127
2952.42638,0.00135
2950.49795,0.00170
2948.56952,0.00161
2946.64109,0.00120
2944.71266,0.00086
2942.78423,0.00086
2940.85580,0.00134
2938.92737,0.00213
2936.99894,0.00289
2935.07051,0.00310
2933.14208,0.00237
2931.21365,0.00141
2929.28522,0.00155
2927.35679,0.00269
2925.42836,0.00337
2923.49993,0.00331
2921.57150,0.00325
2919.64307,0.00289
2917.71464,0.00179
2915.78621,0.00074
2913.85778,0.00060
2911.92935,0.00121
2910.00092,0.00179
2908.07249,0.00181
2906.14406,0.00144
2904.21563,0.00123
2902.28720,0.00119
2900.35877,0.00101
2898.43034,0.00087
2896.50191,0.00086
2894.57348,0.00065
2892.64505,0.00034
2890.71662,0.00054
2888.78819,0.00140
2886.85976,0.00228
2884.93133,0.00283
2883.00290,0.00298
2881.07447,0.00273
2879.14604,0.00239
2877.21761,0.00205
2875.28918,0.00181
2873.36075,0.00182
2871.43232,0.00163
2869.50389,0.00118
2867.57546,0.00092
2865.64703,0.00081
2863.71860,0.00093
2861.79017,0.00129
2859.86174,0.00110
2857.93331,0.00029
2856.00488,-0.00013
2854.07645,0.00034
2852.14802,0.00129
2850.21959,0.00202
2848.29116,0.00198
2846.36273,0.00125
2844.43430,0.00072
2842.50587,0.00074
2840.57744,0.00067
2838.64901,0.00048
2836.72058,0.00061
2834.79215,0.00083
2832.86372,0.00087
2830.93529,0.00072
2829.00686,0.00064
2827.07843,0.00068
2825.15000,0.00058
2823.22157,0.00030
2821.29314,0.00022
2819.36471,0.00052
2817.43628,0.00088
2815.50785,0.00105
2813.57942,0.00096
2811.65099,0.00059
2809.72256,0.00027
2807.79413,0.00044
2805.86570,0.00077
2803.93727,0.00078
2802.00884,0.00080
2800.08041,0.00111
2798.15198,0.00143
2796.22355,0.00135
2794.29512,0.00065
2792.36669,-0.00016
2790.43826,-0.00014
2788.50983,0.00069
2786.58140,0.00140
2784.65297,0.00142
2782.72454,0.00108
2780.79611,0.00081
2778.86768,0.00057
2776.93925,0.00033
2775.01082,0.00026
2773.08239,0.00051
2771.15396,0.00089
2769.22553,0.00096
2767.29710,0.00099
2765.36867,0.00135
2763.44024,0.00163
2761.51181,0.00139
2759.58338,0.00076
2757.65495,0.00022
2755.72652,0.00003
2753.79809,0.00000
2751.86966,-0.00003
2749.94123,0.00030
2748.01280,0.00115
2746.08437,0.00171
2744.15594,0.00137
2742.22751,0.00098
2740.29908,0.00117
2738.37065,0.00116
2736.44222,0.00038
2734.51379,-0.00013
2732.58536,0.00030
2730.65693,0.00069
2728.72850,0.00053
2726.80007,0.00047
2724.87164,0.00070
2722.94321,0.00074
2721.01478,0.00050
2719.08635,0.00026
2717.15792,0.00025
2715.22949,0.00045
2713.30105,0.00072
2711.37262,0.00109
2709.44419,0.00167
2707.51576,0.00193
2705.58733,0.00140
2703.65890,0.00048
2701.73047,0.00000
2699.80204,0.00022
2697.87361,0.00077
2695.94518,0.00131
2694.01675,0.00160
2692.08832,0.00145
2690.15989,0.00100
2688.23146,0.00065
2686.30303,0.00078
2684.37460,0.00105
2682.44617,0.00091
2680.51774,0.00066
2678.58931,0.00071
2676.66088,0.00111
2674.73245,0.00159
2672.80402,0.00176
2670.87559,0.00161
2668.94716,0.00135
2667.01873,0.00106
2665.09030,0.00109
2663.16187,0.00142
2661.23344,0.00132
2659.30501,0.00079
2657.37658,0.00063
2655.44815,0.00089
2653.51972,0.00118
2651.59129,0.00137
2649.66286,0.00145
2647.73443,0.00127
2645.80600,0.00056
2643.87757,0.00003
2641.94914,0.00027
2640.02071,0.00055
2638.09228,0.00061
2636.16385,0.00086
2634.23542,0.00114
2632.30699,0.00123
2630.37856,0.00107
2628.45013,0.00051
2626.52170,0.00000
2624.59327,0.00002
2622.66484,0.00033
2620.73641,0.00049
2618.80798,0.00060
2616.87955,0.00081
2614.95112,0.00109
2613.02269,0.00140
2611.09426,0.00160
2609.16583,0.00150
2607.23740,0.00129
2605.30897,0.00129
2603.38054,0.00137
2601.45211,0.00141
2599.52368,0.00157
2597.59525,0.00176
2595.66682,0.00183
2593.73839,0.00175
2591.80996,0.00158
2589.88153,0.00128
2587.95310,0.00078
2586.02467,0.00047
2584.09624,0.00063
2582.16781,0.00089
2580.23938,0.00093
2578.31095,0.00073
2576.38252,0.00039
2574.45409,0.00021
2572.52566,0.00044
2570.59723,0.00090
2568.66880,0.00099
2566.74037,0.00058
2564.81194,0.00037
2562.88351,0.00078
2560.95508,0.00110
2559.02665,0.00089
2557.09822,0.00074
2555.16979,0.00082
2553.24136,0.00048
2551.31293,0.00000
2549.38450,0.00011
2547.45607,0.00058
2545.52764,0.00097
2543.59921,0.00141
2541.67078,0.00209
2539.74235,0.00278
2537.81392,0.00279
2535.88549,0.00200
2533.95706,0.00104
2532.02863,0.00049
2530.10020,0.00062
2528.17177,0.00123
2526.24334,0.00161
2524.31491,0.00132
2522.38648,0.00100
2520.45805,0.00121
2518.52962,0.00140
2516.60119,0.00130
2514.67276,0.00128
2512.74433,0.00137
2510.81590,0.00139
2508.88747,0.00146
2506.95904,0.00152
2505.03061,0.00142
2503.10218,0.00135
2501.17375,0.00120
2499.24532,0.00083
2497.31689,0.00090
2495.38846,0.00149
2493.46003,0.00166
2491.53160,0.00136
2489.60317,0.00117
2487.67474,0.00097
2485.74631,0.00062
2483.81788,0.00027
2481.88945,-0.00001
2479.96102,0.00000
2478.03259,0.00036
2476.10416,0.00067
2474.17573,0.00068
2472.24730,0.00057
2470.31887,0.00044
2468.39044,0.00029
2466.46201,0.00046
2464.53358,0.00068
2462.60515,0.00058
2460.67672,0.00077
2458.74829,0.00135
2456.81986,0.00156
2454.89143,0.00131
2452.96300,0.00118
2451.03457,0.00117
2449.10614,0.00104
2447.17771,0.00081
2445.24928,0.00053
2443.32085,0.00032
2441.39242,0.00029
2439.46399,0.00037
2437.53556,0.00048
2435.60713,0.00040
2433.67870,0.00006
2431.75027,0.00005
2429.82184,0.00004
2427.89341,0.00004
2425.96498,0.00003
2424.03655,0.00002
2422.10812,0.00002
2420.17969,0.00001
2418.25126,0.00001
2416.32283,0.00000
2414.39440,0.00000
2412.46597,-0.00000
2410.53754,-0.00000
2408.60911,-0.00000
2406.68068,-0.00000
2404.75225,-0.00000
2402.82382,-0.00000
2400.89539,0.00000
2398.96696,-0.00002
2397.03853,-0.00003
2395.11010,-0.00005
2393.18167,-0.00006
2391.25324,-0.00008
2389.32481,-0.00009
2387.39638,-0.00010
2385.46795,-0.00011
2383.53952,-0.00012
2381.61109,-0.00013
2379.68266,-0.00014
2377.75423,-0.00015
2375.82580,-0.00016
2373.89737,-0.00017
2371.96894,-0.00017
2370.04051,-0.00018
2368.11208,-0.00018
2366.18365,-0.00019
2364.25522,-0.00019
2362.32679,-0.00019
2360.39836,-0.00020
2358.46993,-0.00020
2356.54150,-0.00020
2354.61307,-0.00020
2352.68464,-0.00020
2350.75621,-0.00020
2348.82778,-0.00019
2346.89935,-0.00019
2344.97092,-0.00019
2343.04249,-0.00018
2341.11406,-0.00018
2339.18563,-0.00017
2337.25720,-0.00017
2335.32877,-0.00016
2333.40034,-0.00015
2331.47191,-0.00014
2329.54348,-0.00013
2327.61505,-0.00012
2325.68662,-0.00011
2323.75819,-0.00010
2321.82976,-0.00009
2319.90133,-0.00008
2317.97290,-0.00006
2316.04447,-0.00005
2314.11604,-0.00003
2312.18761,-0.00002
2310.25918,-0.00000
2308.33075,0.00002
2306.40232,0.00003
2304.47389,0.00005
2302.54546,0.00007
2300.61703,0.00009
2298.68860,0.00011
2296.76017,0.00013
2294.83174,0.00016
2292.90331,0.00018
2290.97488,0.00020
2289.04645,0.00023
2287.11802,0.00025
2285.18959,0.00028
2283.26116,0.00030
2281.33273,0.00033
2279.40430,0.00036
2277.47587,0.00039
2275.54744,0.00042
2273.61901,0.00045
2271.69058,0.00048
2269.76215,0.00051
2267.83372,0.00054
2265.90529,0.00058
2263.97686,0.00061
2262.04843,0.00029
2260.12000,0.00000
2258.19157,0.00007
2256.26314,0.00050
2254.33471,0.00103
2252.40628,0.00129
2250.47785,0.00128
2248.54942,0.00127
2246.62099,0.00094
2244.69256,0.00086
2242.76413,0.00104
2240.83570,0.00118
2238.90727,0.00109
2236.97884,0.00089
2235.05041,0.00076
2233.12198,0.00078
2231.19355,0.00095
2229.26512,0.00125
2227.33669,0.00157
2225.40826,0.00180
2223.47983,0.00187
2221.55140,0.00162
2219.62297,0.00131
2217.69454,0.00134
2215.76611,0.00151
2213.83768,0.00160
2211.90925,0.00176
2209.98082,0.00203
2208.05239,0.00204
2206.12396,0.00145
2204.19553,0.00051
2202.26710,0.00000
2200.33867,0.00031
2198.41024,0.00078
2196.48181,0.00092
2194.55338,0.00118
2192.62495,0.00152
2190.69652,0.00151
2188.76809,0.00124
2186.83966,0.00104
2184.91123,0.00096
2182.98280,0.00093
2181.05437,0.00087
2179.12594,0.00056
2177.19751,0.00017
2175.26908,0.00032
2173.34065,0.00093
2171.41222,0.00104
2169.48379,0.00074
2167.55536,0.00067
2165.62693,0.00043
2163.69850,0.00000
2161.77007,0.00027
2159.84164,0.00110
2157.91321,0.00154
2155.98478,0.00138
2154.05635,0.00103
2152.12792,0.00097
2150.19949,0.00134
2148.27106,0.00163
2146.34263,0.00158
2144.41420,0.00144
2142.48577,0.00137
2140.55734,0.00142
2138.62891,0.00150
2136.70048,0.00142
2134.77205,0.00110
2132.84362,0.00057
2130.91519,0.00008
2128.98676,0.00001
2127.05833,0.00034
2125.12990,0.00075
2123.20147,0.00104
2121.27304,0.00088
2119.34461,0.00042
2117.41618,0.00054
2115.48775,0.00106
2113.55932,0.00100
2111.63089,0.00061
2109.70245,0.00052
2107.77402,0.00048
2105.84559,0.00030
2103.91716,0.00032
2101.98873,0.00054
2100.06030,0.00052
2098.13187,0.00019
2096.20344,0.00000
2094.27501,0.00013
2092.34658,0.00033
2090.41815,0.00056
2088.48972,0.00058
2086.56129,0.00026
2084.63286,0.00030
2082.70443,0.00090
2080.77600,0.00131
2078.84757,0.00117
2076.91914,0.00075
2074.99071,0.00031
2073.06228,0.00000
2071.13385,0.00020
2069.20542,0.00107
2067.27699,0.00207
2065.34856,0.00225
2063.42013,0.00149
2061.49170,0.00073
2059.56327,0.00041
2057.63484,0.00038
2055.70641,0.00063
2053.77798,0.00098
2051.84955,0.00100
2049.92112,0.00066
2047.99269,0.00043
2046.06426,0.00062
2044.13583,0.00097
2042.20740,0.00123
2040.27897,0.00146
2038.35054,0.00164
2036.42211,0.00162
2034.49368,0.00145
2032.56525,0.00119
2030.63682,0.00077
2028.70839,0.00043
2026.77996,0.00048
2024.85153,0.00058
2022.92310,0.00029
2020.99467,0.00000
2019.06624,0.00039
2017.13781,0.00123
2015.20938,0.00177
2013.28095,0.00190
2011.35252,0.00179
2009.42409,0.00166
2007.49566,0.00161
2005.56723,0.00148
2003.63880,0.00118
2001.71037,0.00102
1999.78194,0.00132
1997.85351,0.00178
1995.92508,0.00184
1993.99665,0.00163
1992.06822,0.00157
1990.13979,0.00145
1988.21136,0.00113
1986.28293,0.00108
1984.35450,0.00134
1982.42607,0.00155
1980.49764,0.00140
1978.56921,0.00085
1976.64078,0.00040
1974.71235,0.00045
1972.78392,0.00067
1970.85549,0.00080
1968.92706,0.00080
1966.99863,0.00058
1965.07020,0.00046
1963.14177,0.00068
1961.21334,0.00089
1959.28491,0.00089
1957.35648,0.00078
1955.42805,0.00067
1953.49962,0.00066
1951.57119,0.00088
1949.64276,0.00126
1947.71433,0.00163
1945.78590,0.00189
1943.85747,0.00164
1941.92904,0.00083
1940.00061,0.00043
1938.07218,0.00059
1936.14375,0.00047
1934.21532,0.00002
1932.28689,0.00000
1930.35846,0.00053
1928.43003,0.00107
1926.50160,0.00132
1924.57317,0.00132
1922.64474,0.00110
1920.71631,0.00082
1918.78788,0.00065
1916.85945,0.00062
1914.93102,0.00083
1913.00259,0.00124
1911.07416,0.00149
1909.14573,0.00139
1907.21730,0.00119
1905.28887,0.00108
1903.36044,0.00089
1901.43201,0.00063
1899.50358,0.00053
1897.57515,0.00063
1895.64672,0.00086
1893.71829,0.00133
1891.78986,0.00192
1889.86143,0.00206
1887.93300,0.00154
1886.00457,0.00088
1884.07614,0.00047
1882.14771,0.00035
1880.21928,0.00037
1878.29085,0.00039
1876.36242,0.00034
1874.43399,0.00030
1872.50556,0.00054
1870.57713,0.00106
1868.64870,0.00138
1866.72027,0.00119
1864.79184,0.00086
1862.86341,0.00081
1860.93498,0.00113
1859.00655,0.00148
1857.07812,0.00135
1855.14969,0.00063
1853.22126,0.00000
1851.29283,0.00020
1849.36440,0.00116
1847.43597,0.00221
1845.50754,0.00284
1843.57911,0.00269
1841.65068,0.00205
1839.72225,0.00189
1837.79382,0.00237
1835.86539,0.00287
1833.93696,0.00278
1832.00853,0.00208
1830.08010,0.00115
1828.15167,0.00067
1826.22324,0.00083
1824.29481,0.00109
1822.36638,0.00112
1820.43795,0.00125
1818.50952,0.00164
1816.58109,0.00183
1814.65266,0.00143
1812.72423,0.00060
1810.79580,0.00000
1808.86737,0.00012
1806.93894,0.00070
1805.01051,0.00127
1803.08208,0.00144
1801.15365,0.00088
1799.22522,0.00021
1797.29679,0.00039
1795.36836,0.00099
1793.43993,0.00090
1791.51150,0.00024
1789.58307,0.00023
1787.65464,0.00103
1785.72621,0.00174
1783.79778,0.00170
1781.86935,0.00108
1779.94092,0.00051
1778.01249,0.00030
1776.08406,0.00030
1774.15563,0.00010
1772.22720,-0.00026
1770.29877,-0.00009
1768.37034,0.00055
1766.44191,0.00114
1764.51348,0.00170
1762.58505,0.00202
1760.65662,0.00167
1758.72819,0.00098
1756.79976,0.00068
1754.87133,0.00111
1752.94290,0.00191
1751.01447,0.00199
1749.08604,0.00091
1747.15761,0.00000
1745.22918,0.00028
1743.30075,0.00100
1741.37232,0.00103
1739.44389,0.00072
1737.51546,0.00133
1735.58703,0.00236
1733.65860,0.00205
1731.73017,0.00067
1729.80174,-0.00008
1727.87331,0.00017
1725.94488,0.00089
1724.01645,0.00148
1722.08802,0.00164
1720.15959,0.00126
1718.23116,0.00056
1716.30273,0.00063
1714.37430,0.00163
1712.44587,0.00268
1710.51744,0.00339
1708.58901,0.00398
1706.66058,0.00495
1704.73215,0.00641
1702.80372,0.00743
1700.87529,0.00750
1698.94686,0.00769
1697.01843,0.00907
1695.09000,0.01093
1693.16157,0.01259
1691.23314,0.01402
1689.30471,0.01543
1687.37628,0.01718
1685.44785,0.01886
1683.51942,0.02001
1681.59099,0.02080
1679.66256,0.02165
1677.73413,0.02256
1675.80570,0.02364
1673.87727,0.02480
1671.94884,0.02560
1670.02041,0.02615
1668.09198,0.02757
1666.16355,0.02981
1664.23512,0.03201
1662.30669,0.03386
1660.37826,0.03563
1658.44983,0.03741
1656.52140,0.03883
1654.59297,0.03892
1652.66454,0.03794
1650.73611,0.03862
1648.80768,0.03941
1646.87925,0.03770
1644.95082,0.03588
1643.02239,0.03616
1641.09396,0.03728
1639.16553,0.03780
1637.23710,0.03644
1635.30867,0.03300
1633.38024,0.03036
1631.45181,0.02965
1629.52338,0.02919
1627.59495,0.02807
1625.66652,0.02666
1623.73809,0.02498
1621.80966,0.02335
1619.88123,0.02216
1617.95280,0.02037
1616.02437,0.01775
1614.09594,0.01641
1612.16751,0.01638
1610.23908,0.01585
1608.31065,0.01431
1606.38222,0.01284
1604.45379,0.01219
1602.52536,0.01204
1600.59693,0.01177
1598.66850,0.01116
1596.74007,0.01038
1594.81164,0.00974
1592.88321,0.00967
1590.95478,0.01000
1589.02635,0.01017
1587.09792,0.01024
1585.16949,0.01054
1583.24106,0.01112
1581.31263,0.01182
1579.38420,0.01209
1577.45577,0.01143
1575.52734,0.01084
1573.59891,0.01190
1571.67048,0.01352
1569.74205,0.01423
1567.81362,0.01472
1565.88519,0.01608
1563.95676,0.01775
1562.02833,0.01862
1560.09990,0.01858
1558.17147,0.01888
1556.24304,0.02075
1554.31461,0.02262
1552.38618,0.02349
1550.45775,0.02385
1548.52932,0.02456
1546.60089,0.02538
1544.67246,0.02535
1542.74403,0.02459
1540.81560,0.02422
1538.88717,0.02493
1536.95874,0.02573
1535.03031,0.02533
1533.10188,0.02348
1531.17345,0.02205
1529.24502,0.02155
1527.31659,0.02108
1525.38816,0.02085
1523.45973,0.02116
1521.53130,0.02113
1519.60287,0.02034
1517.67444,0.01871
1515.74601,0.01682
1513.81758,0.01598
1511.88915,0.01601
1509.96072,0.01554
1508.03229,0.01306
1506.10385,0.00925
1504.17542,0.00803
1502.24699,0.00912
1500.31856,0.00967
1498.39013,0.00844
1496.46170,0.00668
1494.53327,0.00598
1492.60484,0.00546
1490.67641,0.00349
1488.74798,0.00087
1486.81955,0.00000
1484.89112,0.00088
1482.96269,0.00196
1481.03426,0.00249
1479.10583,0.00291
1477.17740,0.00364
1475.24897,0.00405
1473.32054,0.00356
1471.39211,0.00325
1469.46368,0.00403
1467.53525,0.00503
1465.60682,0.00531
1463.67839,0.00533
1461.74996,0.00611
1459.82153,0.00746
1457.89310,0.00792
1455.96467,0.00679
1454.03624,0.00590
1452.10781,0.00614
1450.17938,0.00624
1448.25095,0.00530
1446.32252,0.00393
1444.39409,0.00329
1442.46566,0.00358
1440.53723,0.00436
1438.60880,0.00504
1436.68037,0.00494
1434.75194,0.00412
1432.82351,0.00341
1430.89508,0.00280
1428.96665,0.00235
1427.03822,0.00249
1425.10979,0.00291
1423.18136,0.00320
1421.25293,0.00336
1419.32450,0.00312
1417.39607,0.00258
1415.46764,0.00250
1413.53921,0.00274
1411.61078,0.00301
1409.68235,0.00339
1407.75392,0.00377
1405.82549,0.00389
1403.89706,0.00385
1401.96863,0.00416
1400.04020,0.00502
1398.11177,0.00579
1396.18334,0.00542
1394.25491,0.00416
1392.32648,0.00346
1390.39805,0.00358
1388.46962,0.00358
1386.54119,0.00301
1384.61276,0.00239
1382.68433,0.00203
1380.75590,0.00182
1378.82747,0.00173
1376.89904,0.00169
1374.97061,0.00155
1373.04218,0.00135
1371.11375,0.00106
1369.18532,0.00066
1367.25689,0.00047
1365.32846,0.00049
1363.40003,0.00043
1361.47160,0.00028
1359.54317,0.00035
1357.61474,0.00049
1355.68631,0.00036
1353.75788,0.00014
1351.82945,0.00003
1349.90102,0.00000
1347.97259,0.00011
1346.04416,0.00044
1344.11573,0.00072
1342.18730,0.00070
1340.25887,0.00041
1338.33044,0.00007
1336.40201,0.00000
1334.47358,0.00033
1332.54515,0.00081
1330.61672,0.00101
1328.68829,0.00075
1326.75986,0.00038
1324.83143,0.00030
1322.90300,0.00049
1320.97457,0.00069
1319.04614,0.00079
1317.11771,0.00083
1315.18928,0.00089
1313.26085,0.00092
1311.33242,0.00086
1309.40399,0.00075
1307.47556,0.00075
1305.54713,0.00076
1303.61870,0.00059
1301.69027,0.00023
1299.76184,-0.00007
1297.83341,-0.00001
1295.90498,0.00035
1293.97655,0.00052
1292.04812,0.00025
1290.11969,0.00000
1288.19126,0.00025
1286.26283,0.00080
1284.33440,0.00110
1282.40597,0.00114
1280.47754,0.00120
1278.54911,0.00146
1276.62068,0.00189
1274.69225,0.00250
1272.76382,0.00325
1270.83539,0.00402
1268.90696,0.00471
1266.97853,0.00514
1265.05010,0.00539
1263.12167,0.00605
1261.19324,0.00744
1259.26481,0.00920
1257.33638,0.01082
1255.40795,0.01241
1253.47952,0.01412
1251.55109,0.01558
1249.62266,0.01670
1247.69423,0.01813
1245.76580,0.02038
1243.83737,0.02296
1241.90894,0.02497
1239.98051,0.02657
1238.05208,0.02811
1236.12365,0.02920
1234.19522,0.02993
1232.26679,0.03106
1230.33836,0.03264
1228.40993,0.03423
1226.48150,0.03578
1224.55307,0.03736
1222.62464,0.03861
1220.69621,0.03948
1218.76778,0.04023
1216.83935,0.04081
1214.91092,0.04148
1212.98249,0.04254
1211.05406,0.04365
1209.12563,0.04449
1207.19720,0.04496
1205.26877,0.04538
1203.34034,0.04617
1201.41191,0.04722
1199.48348,0.04835
1197.55505,0.04946
1195.62662,0.05042
1193.69819,0.05125
1191.76976,0.05239
1189.84133,0.05400
1187.91290,0.05564
1185.98447,0.05718
1184.05604,0.05890
1182.12761,0.06063
1180.19918,0.06182
1178.27075,0.06273
1176.34232,0.06397
1174.41389,0.06543
1172.48546,0.06682
1170.55703,0.06797
1168.62860,0.06915
1166.70017,0.07117
1164.77174,0.07326
1162.84331,0.07405
1160.91488,0.07456
1158.98645,0.07598
1157.05802,0.07768
1155.12959,0.07919
1153.20116,0.08060
1151.27273,0.08185
1149.34430,0.08317
1147.41587,0.08479
1145.48744,0.08629
1143.55901,0.08723
1141.63058,0.08765
1139.70215,0.08846
1137.77372,0.09057
1135.84529,0.09333
1133.91686,0.09549
1131.98843,0.09700
1130.06000,0.09841
1128.13157,0.10037
1126.20314,0.10328
1124.27471,0.10643
1122.34628,0.10935
1120.41785,0.11227
1118.48942,0.11522
1116.56099,0.11857
1114.63256,0.12227
1112.70413,0.12556
1110.77570,0.12880
1108.84727,0.13285
1106.91884,0.13769
1104.99041,0.14294
1103.06198,0.14842
1101.13355,0.15386
1099.20512,0.15867
1097.27669,0.16308
1095.34826,0.16743
1093.41983,0.17059
1091.49140,0.17247
1089.56297,0.17488
1087.63454,0.17844
1085.70611,0.18247
1083.77768,0.18631
1081.84925,0.18869
1079.92082,0.18946
1077.99239,0.19035
1076.06396,0.19192
1074.13553,0.19353
1072.20710,0.19503
1070.27867,0.19549
1068.35024,0.19494
1066.42181,0.19490
1064.49338,0.19486
1062.56495,0.19351
1060.63652,0.19155
1058.70809,0.19004
1056.77966,0.18923
1054.85123,0.18884
1052.92280,0.18733
1050.99437,0.18340
1049.06594,0.17786
1047.13751,0.17190
1045.20908,0.16605
1043.28065,0.16082
1041.35222,0.15568
1039.42379,0.14915
1037.49536,0.14174
1035.56693,0.13491
1033.63850,0.12816
1031.71007,0.12087
1029.78164,0.11353
1027.85321,0.10633
1025.92478,0.09919
1023.99635,0.09249
1022.06792,0.08652
1020.13949,0.08104
1018.21106,0.07594
1016.28263,0.07136
1014.35420,0.06735
1012.42577,0.06384
1010.49734,0.06030
1008.56891,0.05581
1006.64048,0.05059
1004.71205,0.04615
1002.78362,0.04317
1000.85519,0.04121
998.92676,0.03933
996.99833,0.03658
995.06990,0.03345
993.14147,0.03105
991.21304,0.02948
989.28461,0.02839
987.35618,0.02787
985.42775,0.02828
983.49932,0.02959
981.57089,0.03038
979.64246,0.02957
977.71403,0.02884
975.78560,0.02927
973.85717,0.02954
971.92874,0.02929
970.00031,0.02903
968.07188,0.02855
966.14345,0.02791
964.21502,0.02739
962.28659,0.02718
960.35816,0.02745
958.42973,0.02741
956.50130,0.02636
954.57287,0.02490
952.64444,0.02380
950.71601,0.02324
948.78758,0.02292
946.85915,0.02235
944.93072,0.02173
943.00229,0.02126
941.07386,0.02050
939.14543,0.02002
937.21700,0.02040
935.28857,0.02094
933.36014,0.02129
931.43171,0.02112
929.50328,0.02002
927.57485,0.01846
925.64642,0.01712
923.71799,0.01585
921.78956,0.01389
919.86113,0.01164
917.93270,0.01047
916.00427,0.01043
914.07584,0.01044
912.14741,0.00989
910.21898,0.00880
908.29055,0.00733
906.36212,0.00589
904.43368,0.00505
902.50525,0.00511
900.57682,0.00565
898.64839,0.00517
896.71996,0.00338
894.79153,0.00238
892.86310,0.00278
890.93467,0.00242
889.00624,0.00076
887.07781,0.00002
885.14938,0.00087
883.22095,0.00206
881.29252,0.00279
879.36409,0.00280
877.43566,0.00191
875.50723,0.00086
873.57880,0.00051
871.65037,0.00073
869.72194,0.00116
867.79351,0.00114
865.86508,0.00049
863.93665,0.00000
862.00822,0.00034
860.07979,0.00161
858.15136,0.00296
856.22293,0.00357
854.29450,0.00346
852.36607,0.00336
850.43764,0.00377
848.50921,0.00460
846.58078,0.00522
844.65235,0.00549
842.72392,0.00630
840.79549,0.00765
838.86706,0.00822
836.93863,0.00774
835.01020,0.00796
833.08177,0.01000
831.15334,0.01249
829.22491,0.01451
827.29648,0.01634
825.36805,0.01759
823.43962,0.01838
821.51119,0.01924
819.58276,0.02001
817.65433,0.02068
815.72590,0.02144
813.79747,0.02265
811.86904,0.02525
809.94061,0.02820
808.01218,0.02870
806.08375,0.02667
804.15532,0.02498
802.22689,0.02581
800.29846,0.02832
798.37003,0.02971
796.44160,0.02912
794.51317,0.02852
792.58474,0.02865
790.65631,0.02831
788.72788,0.02780
786.79945,0.02764
784.87102,0.02682
782.94259,0.02500
781.01416,0.02387
779.08573,0.02413
777.15730,0.02383
775.22887,0.02264
773.30044,0.02136
771.37201,0.01937
769.44358,0.01743
767.51515,0.01664
765.58672,0.01597
763.65829,0.01506
761.72986,0.01455
759.80143,0.01388
757.87300,0.01319
755.94457,0.01314
754.01614,0.01233
752.08771,0.01020
750.15928,0.00848
748.23085,0.00840
746.30242,0.00925
744.37399,0.00887
742.44556,0.00673
740.51713,0.00615
738.58870,0.00827
736.66027,0.00966
734.73184,0.00950
732.80341,0.00918
730.87498,0.00862
728.94655,0.00832
727.01812,0.00812
725.08969,0.00772
723.16126,0.00908
721.23283,0.01129
719.30440,0.01303
717.37597,0.01277
715.44754,0.01113
713.51911,0.01006
711.59068,0.01008
709.66225,0.01083
707.73382,0.01146
705.80539,0.01109
703.87696,0.01069
701.94853,0.01172
700.02010,0.01325
698.09167,0.01386
696.16324,0.01394
694.23481,0.01378
692.30638,0.01337
690.37795,0.01380
688.44952,0.01484
686.52109,0.01481
684.59266,0.01469
682.66423,0.01632
680.73580,0.01778
678.80737,0.01652
676.87894,0.01315
674.95051,0.00890
673.02208,0.00517
671.09365,0.00519
669.16522,0.01083
667.23679,0.01643
665.30836,0.01601
663.37993,0.01436
661.45150,0.01511
659.52307,0.01601
657.59464,0.01501
655.66621,0.01125
653.73778,0.00506
651.80935,0.00134
649.88092,0.00216
647.95249,0.00319
646.02406,0.00154
644.09563,0.00000
642.16720,0.00070
640.23877,0.00475
638.31034,0.01237
636.38191,0.01967
634.45348,0.02102
632.52505,0.01632
630.59662,0.01113
628.66819,0.00894
626.73976,0.00750
624.81133,0.00372
622.88290,0.00284
620.95447,0.00942
619.02604,0.01603
617.09761,0.01413
615.16918,0.00924
613.24075,0.00958
611.31232,0.01122
609.38389,0.00928
607.45546,0.01025
605.52703,0.01818
603.59860,0.02084
601.67017,0.01087
599.74174,0.00000
