4001.49232,0.00368
3999.56389,0.00402
3997.63546,0.00414
3995.70703,0.00374
3993.77860,0.00350
3991.85017,0.00396
3989.92174,0.00471
3987.99331,0.00510
3986.06488,0.00492
3984.13645,0.00440
3982.20802,0.00375
3980.27959,0.00314
3978.35116,0.00303
3976.42273,0.00355
3974.49430,0.00385
3972.56587,0.00342
3970.63744,0.00274
3968.70901,0.00219
3966.78058,0.00208
3964.85215,0.00275
3962.92372,0.00357
3960.99529,0.00339
3959.06686,0.00227
3957.13843,0.00093
3955.21000,0.00000
3953.28157,0.00022
3951.35314,0.00164
3949.42471,0.00296
3947.49628,0.00309
3945.56785,0.00282
3943.63942,0.00283
3941.71099,0.00293
3939.78256,0.00312
3937.85413,0.00311
3935.92570,0.00313
3933.99727,0.00377
3932.06884,0.00398
3930.14041,0.00288
3928.21198,0.00203
3926.28355,0.00199
3924.35512,0.00123
3922.42669,0.00018
3920.49826,0.00060
3918.56982,0.00183
3916.64139,0.00256
3914.71296,0.00295
3912.78453,0.00286
3910.85610,0.00179
3908.92767,0.00117
3906.99924,0.00267
3905.07081,0.00451
3903.14238,0.00448
3901.21395,0.00401
3899.28552,0.00349
3897.35709,0.00253
3895.42866,0.00334
3893.50023,0.00569
3891.57180,0.00594
3889.64337,0.00449
3887.71494,0.00434
3885.78651,0.00317
3883.85808,0.00042
3881.92965,-0.00006
3880.00122,0.00056
3878.07279,0.00124
3876.14436,0.00237
3874.21593,0.00189
3872.28750,0.00048
3870.35907,0.00000
3868.43064,0.00031
3866.50221,0.00246
3864.57378,0.00404
3862.64535,0.00289
3860.71692,0.00170
3858.78849,0.00192
3856.86006,0.00339
3854.93163,0.00562
3853.00320,0.00617
3851.07477,0.00473
3849.14634,0.00423
3847.21791,0.00466
3845.28948,0.00446
3843.36105,0.00325
3841.43262,0.00251
3839.50419,0.00268
3837.57576,0.00223
3835.64733,0.00179
3833.71890,0.00185
3831.79047,0.00173
3829.86204,0.00234
3827.93361,0.00324
3826.00518,0.00257
3824.07675,0.00210
3822.14832,0.00289
3820.21989,0.00333
3818.29146,0.00541
3816.36303,0.00631
3814.43460,0.00292
3812.50617,0.00013
3810.57774,0.00021
3808.64931,0.00075
3806.72088,0.00000
3804.79245,0.00067
3802.86402,0.00351
3800.93559,0.00386
3799.00716,0.00301
3797.07873,0.00302
3795.15030,0.00199
3793.22187,0.00103
3791.29344,0.00086
3789.36501,0.00081
3787.43658,0.00120
3785.50815,0.00126
3783.57972,0.00048
3781.65129,0.00067
3779.72286,0.00136
3777.79443,0.00083
3775.86600,0.00013
3773.93757,0.00045
3772.00914,0.00150
3770.08071,0.00184
3768.15228,0.00149
3766.22385,0.00146
3764.29542,0.00142
3762.36699,0.00216
3760.43856,0.00281
3758.51013,0.00128
3756.58170,0.00000
3754.65327,0.00154
3752.72484,0.00413
3750.79641,0.00487
3748.86798,0.00510
3746.93955,0.00722
3745.01112,0.00803
3743.08269,0.00610
3741.15426,0.00530
3739.22583,0.00689
3737.29740,0.00855
3735.36897,0.00786
3733.44054,0.00499
3731.51211,0.00261
3729.58368,0.00246
3727.65525,0.00339
3725.72682,0.00398
3723.79839,0.00471
3721.86996,0.00486
3719.94153,0.00324
3718.01310,0.00110
3716.08467,-0.00007
3714.15624,0.00030
3712.22781,0.00118
3710.29938,0.00067
3708.37095,-0.00030
3706.44252,-0.00018
3704.51409,0.00099
3702.58566,0.00163
3700.65723,0.00085
3698.72880,0.00011
3696.80037,0.00004
3694.87194,0.00064
3692.94351,0.00286
3691.01508,0.00546
3689.08665,0.00511
3687.15822,0.00291
3685.22979,0.00206
3683.30136,0.00207
3681.37293,0.00190
3679.44450,0.00249
3677.51607,0.00456
3675.58764,0.00510
3673.65921,0.00440
3671.73078,0.00656
3669.80235,0.00695
3667.87392,0.00382
3665.94549,0.00242
3664.01706,0.00284
3662.08863,0.00299
3660.16020,0.00298
3658.23177,0.00273
3656.30334,0.00108
3654.37491,0.00000
3652.44648,0.00207
3650.51805,0.00515
3648.58962,0.00609
3646.66119,0.00589
3644.73276,0.00612
3642.80433,0.00602
3640.87590,0.00488
3638.94747,0.00364
3637.01904,0.00300
3635.09061,0.00256
3633.16218,0.00265
3631.23375,0.00408
3629.30532,0.00512
3627.37689,0.00424
3625.44846,0.00418
3623.52003,0.00544
3621.59160,0.00678
3619.66317,0.00682
3617.73474,0.00571
3615.80631,0.00622
3613.87788,0.00787
3611.94945,0.00935
3610.02102,0.01121
3608.09259,0.01173
3606.16416,0.01033
3604.23573,0.01004
3602.30730,0.01108
3600.37887,0.01109
3598.45044,0.01033
3596.52201,0.00995
3594.59358,0.00869
3592.66515,0.00697
3590.73672,0.00723
3588.80829,0.00841
3586.87986,0.00785
3584.95143,0.00697
3583.02300,0.00698
3581.09457,0.00634
3579.16614,0.00504
3577.23771,0.00422
3575.30928,0.00353
3573.38085,0.00259
3571.45242,0.00239
3569.52399,0.00326
3567.59556,0.00425
3565.66713,0.00535
3563.73870,0.00723
3561.81027,0.00882
3559.88184,0.00908
3557.95341,0.00843
3556.02498,0.00775
3554.09655,0.00725
3552.16812,0.00668
3550.23969,0.00683
3548.31126,0.00837
3546.38283,0.00947
3544.45440,0.00852
3542.52597,0.00684
3540.59754,0.00613
3538.66911,0.00640
3536.74068,0.00647
3534.81225,0.00572
3532.88382,0.00494
3530.95539,0.00482
3529.02696,0.00502
3527.09853,0.00546
3525.17010,0.00630
3523.24167,0.00635
3521.31324,0.00516
3519.38481,0.00418
3517.45638,0.00390
3515.52795,0.00367
3513.59952,0.00348
3511.67109,0.00351
3509.74266,0.00338
3507.81423,0.00313
3505.88580,0.00358
3503.95737,0.00424
3502.02894,0.00411
3500.10051,0.00416
3498.17208,0.00511
3496.24365,0.00552
3494.31522,0.00453
3492.38679,0.00360
3490.45836,0.00399
3488.52993,0.00505
3486.60150,0.00569
3484.67307,0.00589
3482.74464,0.00573
3480.81621,0.00522
3478.88778,0.00496
3476.95935,0.00523
3475.03092,0.00534
3473.10249,0.00491
3471.17406,0.00437
3469.24563,0.00431
3467.31720,0.00470
3465.38877,0.00508
3463.46034,0.00529
3461.53191,0.00537
3459.60348,0.00525
3457.67505,0.00502
3455.74662,0.00506
3453.81819,0.00538
3451.88976,0.00573
3449.96133,0.00618
3448.03290,0.00656
3446.10447,0.00665
3444.17604,0.00670
3442.24761,0.00635
3440.31918,0.00580
3438.39075,0.00607
3436.46232,0.00666
3434.53389,0.00645
3432.60546,0.00600
3430.67703,0.00627
3428.74860,0.00679
3426.82017,0.00669
3424.89174,0.00642
3422.96331,0.00668
3421.03488,0.00688
3419.10645,0.00662
3417.17802,0.00676
3415.24959,0.00733
3413.32116,0.00745
3411.39273,0.00716
3409.46430,0.00732
3407.53587,0.00771
3405.60744,0.00777
3403.67901,0.00834
3401.75058,0.00961
3399.82215,0.01058
3397.89372,0.01018
3395.96529,0.01003
3394.03686,0.00986
3392.10843,0.00930
3390.18000,0.00881
3388.25157,0.00887
3386.32314,0.00926
3384.39471,0.00926
3382.46628,0.00895
3380.53785,0.00941
3378.60942,0.01068
3376.68099,0.01154
3374.75256,0.01133
3372.82413,0.01069
3370.89570,0.01059
3368.96727,0.01099
3367.03884,0.01138
3365.11041,0.01159
3363.18198,0.01169
3361.25355,0.01158
3359.32512,0.01142
3357.39669,0.01190
3355.46826,0.01270
3353.53983,0.01296
3351.61140,0.01312
3349.68297,0.01373
3347.75454,0.01422
3345.82611,0.01410
3343.89768,0.01383
3341.96925,0.01428
3340.04082,0.01558
3338.11239,0.01650
3336.18396,0.01633
3334.25553,0.01631
3332.32710,0.01721
3330.39867,0.01791
3328.47024,0.01798
3326.54181,0.01800
3324.61338,0.01785
3322.68495,0.01754
3320.75652,0.01776
3318.82809,0.01850
3316.89966,0.01915
3314.97122,0.01957
3313.04279,0.02008
3311.11436,0.02067
3309.18593,0.02081
3307.25750,0.02043
3305.32907,0.01992
3303.40064,0.01920
3301.47221,0.01847
3299.54378,0.01863
3297.61535,0.01983
3295.68692,0.02136
3293.75849,0.02237
3291.83006,0.02264
3289.90163,0.02263
3287.97320,0.02246
3286.04477,0.02198
3284.11634,0.02112
3282.18791,0.02002
3280.25948,0.01962
3278.33105,0.02045
3276.40262,0.02132
3274.47419,0.02112
3272.54576,0.02027
3270.61733,0.01949
3268.68890,0.01865
3266.76047,0.01774
3264.83204,0.01729
3262.90361,0.01747
3260.97518,0.01791
3259.04675,0.01810
3257.11832,0.01765
3255.18989,0.01676
3253.26146,0.01590
3251.33303,0.01543
3249.40460,0.01512
3247.47617,0.01457
3245.54774,0.01380
3243.61931,0.01299
3241.69088,0.01233
3239.76245,0.01178
3237.83402,0.01131
3235.90559,0.01081
3233.97716,0.01019
3232.04873,0.01001
3230.12030,0.01076
3228.19187,0.01176
3226.26344,0.01191
3224.33501,0.01119
3222.40658,0.01031
3220.47815,0.00940
3218.54972,0.00858
3216.62129,0.00821
3214.69286,0.00840
3212.76443,0.00926
3210.83600,0.01000
3208.90757,0.00960
3206.97914,0.00871
3205.05071,0.00818
3203.12228,0.00793
3201.19385,0.00796
3199.26542,0.00787
3197.33699,0.00716
3195.40856,0.00648
3193.48013,0.00646
3191.55170,0.00626
3189.62327,0.00550
3187.69484,0.00517
3185.76641,0.00579
3183.83798,0.00646
3181.90955,0.00615
3179.98112,0.00507
3178.05269,0.00393
3176.12426,0.00345
3174.19583,0.00409
3172.26740,0.00510
3170.33897,0.00531
3168.41054,0.00439
3166.48211,0.00298
3164.55368,0.00223
3162.62525,0.00259
3160.69682,0.00340
3158.76839,0.00374
3156.83996,0.00328
3154.91153,0.00270
3152.98310,0.00287
3151.05467,0.00344
3149.12624,0.00342
3147.19781,0.00274
3145.26938,0.00215
3143.34095,0.00193
3141.41252,0.00158
3139.48409,0.00114
3137.55566,0.00113
3135.62723,0.00164
3133.69880,0.00215
3131.77037,0.00198
3129.84194,0.00126
3127.91351,0.00059
3125.98508,0.00035
3124.05665,0.00053
3122.12822,0.00066
3120.19979,0.00056
3118.27136,0.00044
3116.34293,0.00027
3114.41450,-0.00001
3112.48607,-0.00009
3110.55764,0.00032
3108.62921,0.00092
3106.70078,0.00118
3104.77235,0.00133
3102.84392,0.00172
3100.91549,0.00190
3098.98706,0.00175
3097.05863,0.00151
3095.13020,0.00097
3093.20177,0.00025
3091.27334,0.00000
3089.34491,0.00049
3087.41648,0.00133
3085.48805,0.00183
3083.55962,0.00197
3081.63119,0.00216
3079.70276,0.00242
3077.77433,0.00232
3075.84590,0.00178
3073.91747,0.00131
3071.98904,0.00099
3070.06061,0.00080
3068.13218,0.00110
3066.20375,0.00152
3064.27532,0.00143
3062.34689,0.00120
3060.41846,0.00143
3058.49003,0.00185
3056.56160,0.00183
3054.63317,0.00157
3052.70474,0.00157
3050.77631,0.00161
3048.84788,0.00143
3046.91945,0.00107
3044.99102,0.00050
3043.06259,0.00009
3041.13416,0.00041
3039.20573,0.00104
3037.27730,0.00122
3035.34887,0.00119
3033.42044,0.00142
3031.49201,0.00163
3029.56358,0.00135
3027.63515,0.00079
3025.70672,0.00051
3023.77829,0.00062
3021.84986,0.00064
3019.92143,0.00029
3017.99300,0.00000
3016.06457,0.00020
3014.13614,0.00067
3012.20771,0.00082
3010.27928,0.00053
3008.35085,0.00023
3006.42242,0.00023
3004.49399,0.00035
3002.56556,0.00019
3000.63713,0.00000
2998.70870,0.00078
2996.78027,0.00140
2994.85184,0.00164
2992.92341,0.00144
2990.99498,0.00137
2989.06655,0.00187
2987.13812,0.00258
2985.20969,0.00322
2983.28126,0.00351
2981.35283,0.00318
2979.42440,0.00292
2977.49597,0.00352
2975.56754,0.00452
2973.63911,0.00517
2971.71068,0.00558
2969.78225,0.00578
2967.85382,0.00551
2965.92539,0.00531
2963.99696,0.00575
2962.06853,0.00625
2960.14010,0.00629
2958.21167,0.00621
2956.28324,0.00600
2954.35481,0.00545
2952.42638,0.00511
2950.49795,0.00525
2948.56952,0.00530
2946.64109,0.00485
2944.71266,0.00420
2942.78423,0.00400
2940.85580,0.00454
2938.92737,0.00541
2936.99894,0.00616
2935.07051,0.00628
2933.14208,0.00543
2931.21365,0.00442
2929.28522,0.00452
2927.35679,0.00550
2925.42836,0.00613
2923.49993,0.00610
2921.57150,0.00577
2919.64307,0.00504
2917.71464,0.00411
2915.78621,0.00349
2913.85778,0.00325
2911.92935,0.00324
2910.00092,0.00335
2908.07249,0.00318
2906.14406,0.00246
2904.21563,0.00192
2902.28720,0.00207
2900.35877,0.00216
2898.43034,0.00184
2896.50191,0.00162
2894.57348,0.00153
2892.64505,0.00125
2890.71662,0.00104
2888.78819,0.00132
2886.85976,0.00190
2884.93133,0.00249
2883.00290,0.00302
2881.07447,0.00327
2879.14604,0.00315
2877.21761,0.00300
2875.28918,0.00303
2873.36075,0.00287
2871.43232,0.00231
2869.50389,0.00193
2867.57546,0.00191
2865.64703,0.00195
2863.71860,0.00213
2861.79017,0.00220
2859.86174,0.00145
2857.93331,0.00025
2856.00488,-0.00032
2854.07645,0.00002
2852.14802,0.00093
2850.21959,0.00186
2848.29116,0.00219
2846.36273,0.00169
2844.43430,0.00100
2842.50587,0.00055
2840.57744,0.00017
2838.64901,-0.00001
2836.72058,0.00006
2834.79215,0.00022
2832.86372,0.00044
2830.93529,0.00058
2829.00686,0.00057
2827.07843,0.00051
2825.15000,0.00046
2823.22157,0.00048
2821.29314,0.00034
2819.36471,0.00006
2817.43628,0.00014
2815.50785,0.00042
2813.57942,0.00031
2811.65099,0.00009
2809.72256,0.00022
2807.79413,0.00053
2805.86570,0.00071
2803.93727,0.00073
2802.00884,0.00069
2800.08041,0.00055
2798.15198,0.00038
2796.22355,0.00022
2794.29512,-0.00010
2792.36669,-0.00038
2790.43826,-0.00020
2788.50983,0.00025
2786.58140,0.00036
2784.65297,-0.00000
2782.72454,-0.00030
2780.79611,-0.00026
2778.86768,-0.00015
2776.93925,-0.00024
2775.01082,-0.00020
2773.08239,0.00031
2771.15396,0.00087
2769.22553,0.00099
2767.29710,0.00103
2765.36867,0.00134
2763.44024,0.00165
2761.51181,0.00149
2759.58338,0.00089
2757.65495,0.00028
2755.72652,0.00001
2753.79809,0.00007
2751.86966,0.00006
2749.94123,0.00005
2748.01280,0.00045
2746.08437,0.00086
2744.15594,0.00079
2742.22751,0.00070
2740.29908,0.00090
2738.37065,0.00077
2736.44222,0.00021
2734.51379,-0.00015
2732.58536,-0.00023
2730.65693,-0.00026
2728.72850,-0.00010
2726.80007,0.00033
2724.87164,0.00060
2722.94321,0.00042
2721.01478,0.00009
2719.08635,0.00006
2717.15792,0.00037
2715.22949,0.00071
2713.30105,0.00087
2711.37262,0.00104
2709.44419,0.00132
2707.51576,0.00147
2705.58733,0.00124
2703.65890,0.00056
2701.73047,0.00000
2699.80204,-0.00003
2697.87361,0.00008
2695.94518,0.00012
2694.01675,0.00035
2692.08832,0.00063
2690.15989,0.00078
2688.23146,0.00090
2686.30303,0.00102
2684.37460,0.00077
2682.44617,0.00018
2680.51774,-0.00013
2678.58931,0.00004
2676.66088,0.00072
2674.73245,0.00160
2672.80402,0.00171
2670.87559,0.00097
2668.94716,0.00024
2667.01873,0.00013
2665.09030,0.00057
2663.16187,0.00084
2661.23344,0.00052
2659.30501,0.00008
2657.37658,0.00000
2655.44815,0.00032
2653.51972,0.00071
2651.59129,0.00080
2649.66286,0.00067
2647.73443,0.00051
2645.80600,0.00024
2643.87757,0.00012
2641.94914,0.00032
2640.02071,0.00042
2638.09228,0.00032
2636.16385,0.00030
2634.23542,0.00038
2632.30699,0.00046
2630.37856,0.00038
2628.45013,0.00011
2626.52170,0.00000
2624.59327,0.00020
2622.66484,0.00050
2620.73641,0.00072
2618.80798,0.00069
2616.87955,0.00059
2614.95112,0.00082
2613.02269,0.00135
2611.09426,0.00172
2609.16583,0.00165
2607.23740,0.00127
2605.30897,0.00092
2603.38054,0.00081
2601.45211,0.00092
2599.52368,0.00115
2597.59525,0.00139
2595.66682,0.00144
2593.73839,0.00119
2591.80996,0.00084
2589.88153,0.00046
2587.95310,-0.00001
2586.02467,-0.00013
2584.09624,0.00036
2582.16781,0.00093
2580.23938,0.00103
2578.31095,0.00077
2576.38252,0.00050
2574.45409,0.00046
2572.52566,0.00084
2570.59723,0.00133
2568.66880,0.00120
2566.74037,0.00045
2564.81194,0.00000
2562.88351,0.00020
2560.95508,0.00048
2559.02665,0.00047
2557.09822,0.00069
2555.16979,0.00110
2553.24136,0.00104
2551.31293,0.00080
2549.38450,0.00092
2547.45607,0.00108
2545.52764,0.00113
2543.59921,0.00140
2541.67078,0.00190
2539.74235,0.00221
2537.81392,0.00203
2535.88549,0.00148
2533.95706,0.00088
2532.02863,0.00059
2530.10020,0.00070
2528.17177,0.00087
2526.24334,0.00076
2524.31491,0.00039
2522.38648,0.00020
2520.45805,0.00057
2518.52962,0.00104
2516.60119,0.00107
2514.67276,0.00089
2512.74433,0.00094
2510.81590,0.00113
2508.88747,0.00105
2506.95904,0.00074
2505.03061,0.00051
2503.10218,0.00037
2501.17375,0.00020
2499.24532,0.00011
2497.31689,0.00042
2495.38846,0.00098
2493.46003,0.00109
2491.53160,0.00066
2489.60317,0.00020
2487.67474,0.00000
2485.74631,0.00013
2483.81788,0.00036
2481.88945,0.00036
2479.96102,0.00031
2478.03259,0.00041
2476.10416,0.00043
2474.17573,0.00045
2472.24730,0.00071
2470.31887,0.00088
2468.39044,0.00067
2466.46201,0.00047
2464.53358,0.00042
2462.60515,0.00035
2460.67672,0.00045
2458.74829,0.00070
2456.81986,0.00089
2454.89143,0.00110
2452.96300,0.00142
2451.03457,0.00142
2449.10614,0.00089
2447.17771,0.00035
2445.24928,0.00015
2443.32085,0.00016
2441.39242,0.00021
2439.46399,0.00016
2437.53556,0.00013
2435.60713,0.00015
2433.67870,-0.00007
2431.75027,-0.00006
2429.82184,-0.00006
2427.89341,-0.00005
2425.96498,-0.00005
2424.03655,-0.00004
2422.10812,-0.00004
2420.17969,-0.00004
2418.25126,-0.00004
2416.32283,-0.00004
2414.39440,-0.00003
2412.46597,-0.00003
2410.53754,-0.00002
2408.60911,-0.00002
2406.68068,-0.00001
2404.75225,-0.00001
2402.82382,-0.00000
2400.89539,0.00000
2398.96696,-0.00003
2397.03853,-0.00006
2395.11010,-0.00009
2393.18167,-0.00012
2391.25324,-0.00015
2389.32481,-0.00018
2387.39638,-0.00020
2385.46795,-0.00023
2383.53952,-0.00025
2381.61109,-0.00027
2379.68266,-0.00029
2377.75423,-0.00032
2375.82580,-0.00033
2373.89737,-0.00035
2371.96894,-0.00037
2370.04051,-0.00039
2368.11208,-0.00040
2366.18365,-0.00041
2364.25522,-0.00043
2362.32679,-0.00044
2360.39836,-0.00045
2358.46993,-0.00046
2356.54150,-0.00047
2354.61307,-0.00047
2352.68464,-0.00048
2350.75621,-0.00049
2348.82778,-0.00049
2346.89935,-0.00049
2344.97092,-0.00049
2343.04249,-0.00050
2341.11406,-0.00050
2339.18563,-0.00049
2337.25720,-0.00049
2335.32877,-0.00049
2333.40034,-0.00048
2331.47191,-0.00048
2329.54348,-0.00047
2327.61505,-0.00046
2325.68662,-0.00045
2323.75819,-0.00044
2321.82976,-0.00043
2319.90133,-0.00042
2317.97290,-0.00041
2316.04447,-0.00039
2314.11604,-0.00038
2312.18761,-0.00036
2310.25918,-0.00034
2308.33075,-0.00032
2306.40232,-0.00030
2304.47389,-0.00028
2302.54546,-0.00026
2300.61703,-0.00024
2298.68860,-0.00021
2296.76017,-0.00019
2294.83174,-0.00016
2292.90331,-0.00014
2290.97488,-0.00011
2289.04645,-0.00008
2287.11802,-0.00005
2285.18959,-0.00002
2283.26116,0.00002
2281.33273,0.00005
2279.40430,0.00009
2277.47587,0.00012
2275.54744,0.00016
2273.61901,0.00020
2271.69058,0.00024
2269.76215,0.00028
2267.83372,0.00032
2265.90529,0.00036
2263.97686,0.00041
2262.04843,0.00015
2260.12000,0.00000
2258.19157,0.00009
2256.26314,0.00039
2254.33471,0.00063
2252.40628,0.00059
2250.47785,0.00063
2248.54942,0.00141
2246.62099,0.00145
2244.69256,0.00126
2242.76413,0.00108
2240.83570,0.00109
2238.90727,0.00104
2236.97884,0.00076
2235.05041,0.00058
2233.12198,0.00068
2231.19355,0.00083
2229.26512,0.00103
2227.33669,0.00124
2225.40826,0.00139
2223.47983,0.00154
2221.55140,0.00141
2219.62297,0.00095
2217.69454,0.00078
2215.76611,0.00108
2213.83768,0.00145
2211.90925,0.00174
2209.98082,0.00185
2208.05239,0.00152
2206.12396,0.00085
2204.19553,0.00020
2202.26710,0.00000
2200.33867,0.00021
2198.41024,0.00031
2196.48181,0.00023
2194.55338,0.00039
2192.62495,0.00057
2190.69652,0.00051
2188.76809,0.00046
2186.83966,0.00059
2184.91123,0.00063
2182.98280,0.00043
2181.05437,0.00030
2179.12594,0.00023
2177.19751,0.00012
2175.26908,0.00030
2173.34065,0.00070
2171.41222,0.00078
2169.48379,0.00066
2167.55536,0.00071
2165.62693,0.00060
2163.69850,0.00029
2161.77007,0.00040
2159.84164,0.00092
2157.91321,0.00119
2155.98478,0.00102
2154.05635,0.00075
2152.12792,0.00068
2150.19949,0.00085
2148.27106,0.00105
2146.34263,0.00124
2144.41420,0.00145
2142.48577,0.00156
2140.55734,0.00139
2138.62891,0.00097
2136.70048,0.00074
2134.77205,0.00077
2132.84362,0.00056
2130.91519,0.00009
2128.98676,-0.00007
2127.05833,0.00015
2125.12990,0.00035
2123.20147,0.00041
2121.27304,0.00033
2119.34461,0.00028
2117.41618,0.00066
2115.48775,0.00109
2113.55932,0.00108
2111.63089,0.00098
2109.70245,0.00094
2107.77402,0.00070
2105.84559,0.00050
2103.91716,0.00057
2101.98873,0.00060
2100.06030,0.00038
2098.13187,0.00013
2096.20344,0.00001
2094.27501,0.00008
2092.34658,0.00035
2090.41815,0.00072
2088.48972,0.00077
2086.56129,0.00052
2084.63286,0.00055
2082.70443,0.00082
2080.77600,0.00082
2078.84757,0.00057
2076.91914,0.00039
2074.99071,0.00024
2073.06228,0.00023
2071.13385,0.00060
2069.20542,0.00128
2067.27699,0.00187
2065.34856,0.00184
2063.42013,0.00116
2061.49170,0.00062
2059.56327,0.00044
2057.63484,0.00037
2055.70641,0.00050
2053.77798,0.00068
2051.84955,0.00046
2049.92112,0.00003
2047.99269,0.00000
2046.06426,0.00037
2044.13583,0.00077
2042.20740,0.00097
2040.27897,0.00119
2038.35054,0.00136
2036.42211,0.00124
2034.49368,0.00099
2032.56525,0.00067
2030.63682,0.00023
2028.70839,0.00005
2026.77996,0.00023
2024.85153,0.00042
2022.92310,0.00038
2020.99467,0.00056
2019.06624,0.00135
2017.13781,0.00197
2015.20938,0.00187
2013.28095,0.00157
2011.35252,0.00143
2009.42409,0.00147
2007.49566,0.00156
2005.56723,0.00137
2003.63880,0.00102
2001.71037,0.00094
1999.78194,0.00116
1997.85351,0.00121
1995.92508,0.00108
1993.99665,0.00105
1992.06822,0.00105
1990.13979,0.00102
1988.21136,0.00098
1986.28293,0.00091
1984.35450,0.00101
1982.42607,0.00116
1980.49764,0.00101
1978.56921,0.00050
1976.64078,0.00003
1974.71235,0.00000
1972.78392,0.00024
1970.85549,0.00059
1968.92706,0.00086
1966.99863,0.00059
1965.07020,0.00025
1963.14177,0.00047
1961.21334,0.00076
1959.28491,0.00071
1957.35648,0.00054
1955.42805,0.00034
1953.49962,0.00027
1951.57119,0.00056
1949.64276,0.00104
1947.71433,0.00139
1945.78590,0.00166
1943.85747,0.00158
1941.92904,0.00089
1940.00061,0.00044
1938.07218,0.00049
1936.14375,0.00033
1934.21532,0.00000
1932.28689,0.00002
1930.35846,0.00037
1928.43003,0.00074
1926.50160,0.00121
1924.57317,0.00168
1922.64474,0.00159
1920.71631,0.00132
1918.78788,0.00112
1916.85945,0.00071
1914.93102,0.00066
1913.00259,0.00125
1911.07416,0.00170
1909.14573,0.00151
1907.21730,0.00110
1905.28887,0.00097
1903.36044,0.00085
1901.43201,0.00052
1899.50358,0.00028
1897.57515,0.00034
1895.64672,0.00048
1893.71829,0.00081
1891.78986,0.00153
1889.86143,0.00182
1887.93300,0.00138
1886.00457,0.00113
1884.07614,0.00121
1882.14771,0.00124
1880.21928,0.00113
1878.29085,0.00085
1876.36242,0.00038
1874.43399,0.00003
1872.50556,0.00055
1870.57713,0.00202
1868.64870,0.00308
1866.72027,0.00285
1864.79184,0.00220
1862.86341,0.00177
1860.93498,0.00163
1859.00655,0.00167
1857.07812,0.00145
1855.14969,0.00074
1853.22126,0.00007
1851.29283,0.00017
1849.36440,0.00125
1847.43597,0.00289
1845.50754,0.00415
1843.57911,0.00381
1841.65068,0.00259
1839.72225,0.00198
1837.79382,0.00179
1835.86539,0.00159
1833.93696,0.00169
1832.00853,0.00220
1830.08010,0.00230
1828.15167,0.00215
1826.22324,0.00239
1824.29481,0.00219
1822.36638,0.00146
1820.43795,0.00112
1818.50952,0.00115
1816.58109,0.00109
1814.65266,0.00085
1812.72423,0.00054
1810.79580,0.00023
1808.86737,0.00016
1806.93894,0.00052
1805.01051,0.00108
1803.08208,0.00137
1801.15365,0.00088
1799.22522,0.00025
1797.29679,0.00066
1795.36836,0.00188
1793.43993,0.00249
1791.51150,0.00167
1789.58307,0.00082
1787.65464,0.00110
1785.72621,0.00155
1783.79778,0.00150
1781.86935,0.00122
1779.94092,0.00065
1778.01249,0.00003
1776.08406,0.00009
1774.15563,0.00077
1772.22720,0.00130
1770.29877,0.00133
1768.37034,0.00087
1766.44191,0.00030
1764.51348,0.00062
1762.58505,0.00119
1760.65662,0.00094
1758.72819,0.00058
1756.79976,0.00034
1754.87133,0.00037
1752.94290,0.00124
1751.01447,0.00192
1749.08604,0.00142
1747.15761,0.00081
1745.22918,0.00093
1743.30075,0.00119
1741.37232,0.00090
1739.44389,0.00030
1737.51546,0.00082
1735.58703,0.00232
1733.65860,0.00243
1731.73017,0.00130
1729.80174,0.00050
1727.87331,0.00009
1725.94488,0.00012
1724.01645,0.00009
1722.08802,0.00000
1720.15959,0.00101
1718.23116,0.00325
1716.30273,0.00485
1714.37430,0.00471
1712.44587,0.00420
1710.51744,0.00430
1708.58901,0.00544
1706.66058,0.00741
1704.73215,0.00925
1702.80372,0.01078
1700.87529,0.01309
1698.94686,0.01739
1697.01843,0.02232
1695.09000,0.02485
1693.16157,0.02630
1691.23314,0.02878
1689.30471,0.03210
1687.37628,0.03606
1685.44785,0.04096
1683.51942,0.04600
1681.59099,0.04966
1679.66256,0.05222
1677.73413,0.05492
1675.80570,0.05823
1673.87727,0.06197
1671.94884,0.06661
1670.02041,0.07181
1668.09198,0.07624
1666.16355,0.08055
1664.23512,0.08590
1662.30669,0.09161
1660.37826,0.09624
1658.44983,0.09961
1656.52140,0.10239
1654.59297,0.10481
1652.66454,0.10698
1650.73611,0.10989
1648.80768,0.11201
1646.87925,0.10995
1644.95082,0.10547
1643.02239,0.10244
1641.09396,0.10031
1639.16553,0.09814
1637.23710,0.09494
1635.30867,0.08953
1633.38024,0.08449
1631.45181,0.08142
1629.52338,0.07859
1627.59495,0.07554
1625.66652,0.07347
1623.73809,0.07150
1621.80966,0.06874
1619.88123,0.06689
1617.95280,0.06499
1616.02437,0.06070
1614.09594,0.05602
1612.16751,0.05236
1610.23908,0.04822
1608.31065,0.04331
1606.38222,0.03927
1604.45379,0.03671
1602.52536,0.03455
1600.59693,0.03222
1598.66850,0.03026
1596.74007,0.02878
1594.81164,0.02747
1592.88321,0.02653
1590.95478,0.02603
1589.02635,0.02566
1587.09792,0.02556
1585.16949,0.02586
1583.24106,0.02629
1581.31263,0.02677
1579.38420,0.02765
1577.45577,0.02884
1575.52734,0.02975
1573.59891,0.03114
1571.67048,0.03325
1569.74205,0.03498
1567.81362,0.03649
1565.88519,0.03843
1563.95676,0.04007
1562.02833,0.04167
1560.09990,0.04526
1558.17147,0.05195
1556.24304,0.05837
1554.31461,0.06197
1552.38618,0.06413
1550.45775,0.06628
1548.52932,0.06828
1546.60089,0.06970
1544.67246,0.07057
1542.74403,0.07218
1540.81560,0.07468
1538.88717,0.07495
1536.95874,0.07425
1535.03031,0.07297
1533.10188,0.06970
1531.17345,0.06658
1529.24502,0.06515
1527.31659,0.06376
1525.38816,0.06252
1523.45973,0.06232
1521.53130,0.06115
1519.60287,0.05858
1517.67444,0.05538
1515.74601,0.05138
1513.81758,0.04825
1511.88915,0.04664
1509.96072,0.04568
1508.03229,0.04309
1506.10385,0.03676
1504.17542,0.03179
1502.24699,0.03011
1500.31856,0.02923
1498.39013,0.02709
1496.46170,0.02333
1494.53327,0.02003
1492.60484,0.01831
1490.67641,0.01636
1488.74798,0.01310
1486.81955,0.01034
1484.89112,0.00897
1482.96269,0.00803
1481.03426,0.00691
1479.10583,0.00645
1477.17740,0.00751
1475.24897,0.00975
1473.32054,0.01146
1471.39211,0.01112
1469.46368,0.01050
1467.53525,0.01089
1465.60682,0.01114
1463.67839,0.01062
1461.74996,0.01094
1459.82153,0.01297
1457.89310,0.01496
1455.96467,0.01479
1454.03624,0.01399
1452.10781,0.01378
1450.17938,0.01361
1448.25095,0.01278
1446.32252,0.01143
1444.39409,0.01032
1442.46566,0.00943
1440.53723,0.00887
1438.60880,0.00896
1436.68037,0.00898
1434.75194,0.00855
1432.82351,0.00837
1430.89508,0.00790
1428.96665,0.00681
1427.03822,0.00614
1425.10979,0.00600
1423.18136,0.00600
1421.25293,0.00679
1419.32450,0.00792
1417.39607,0.00803
1415.46764,0.00767
1413.53921,0.00756
1411.61078,0.00764
1409.68235,0.00807
1407.75392,0.00895
1405.82549,0.00967
1403.89706,0.00982
1401.96863,0.01032
1400.04020,0.01170
1398.11177,0.01330
1396.18334,0.01371
1394.25491,0.01220
1392.32648,0.01045
1390.39805,0.00986
1388.46962,0.00937
1386.54119,0.00799
1384.61276,0.00667
1382.68433,0.00598
1380.75590,0.00532
1378.82747,0.00459
1376.89904,0.00405
1374.97061,0.00338
1373.04218,0.00243
1371.11375,0.00164
1369.18532,0.00094
1367.25689,0.00038
1365.32846,0.00046
1363.40003,0.00081
1361.47160,0.00068
1359.54317,0.00032
1357.61474,0.00013
1355.68631,0.00000
1353.75788,-0.00004
1351.82945,0.00021
1349.90102,0.00059
1347.97259,0.00068
1346.04416,0.00056
1344.11573,0.00073
1342.18730,0.00142
1340.25887,0.00219
1338.33044,0.00254
1336.40201,0.00281
1334.47358,0.00351
1332.54515,0.00436
1330.61672,0.00471
1328.68829,0.00457
1326.75986,0.00461
1324.83143,0.00513
1322.90300,0.00589
1320.97457,0.00656
1319.04614,0.00693
1317.11771,0.00711
1315.18928,0.00739
1313.26085,0.00768
1311.33242,0.00773
1309.40399,0.00765
1307.47556,0.00772
1305.54713,0.00800
1303.61870,0.00827
1301.69027,0.00825
1299.76184,0.00808
1297.83341,0.00822
1295.90498,0.00865
1293.97655,0.00895
1292.04812,0.00902
1290.11969,0.00922
1288.19126,0.00972
1286.26283,0.01032
1284.33440,0.01085
1282.40597,0.01115
1280.47754,0.01125
1278.54911,0.01149
1276.62068,0.01213
1274.69225,0.01311
1272.76382,0.01429
1270.83539,0.01563
1268.90696,0.01693
1266.97853,0.01785
1265.05010,0.01862
1263.12167,0.01996
1261.19324,0.02198
1259.26481,0.02405
1257.33638,0.02588
1255.40795,0.02781
1253.47952,0.02980
1251.55109,0.03135
1249.62266,0.03259
1247.69423,0.03406
1245.76580,0.03593
1243.83737,0.03771
1241.90894,0.03905
1239.98051,0.04040
1238.05208,0.04205
1236.12365,0.04334
1234.19522,0.04406
1232.26679,0.04469
1230.33836,0.04522
1228.40993,0.04562
1226.48150,0.04645
1224.55307,0.04784
1222.62464,0.04891
1220.69621,0.04923
1218.76778,0.04934
1216.83935,0.04956
1214.91092,0.05025
1212.98249,0.05153
1211.05406,0.05271
1209.12563,0.05333
1207.19720,0.05378
1205.26877,0.05435
1203.34034,0.05479
1201.41191,0.05533
1199.48348,0.05585
1197.55505,0.05759
1195.62662,0.05975
1193.69819,0.06185
1191.76976,0.06419
1189.84133,0.06680
1187.91290,0.06934
1185.98447,0.07194
1184.05604,0.07472
1182.12761,0.07751
1180.19918,0.08038
1178.27075,0.08376
1176.34232,0.08791
1174.41389,0.09253
1172.48546,0.09735
1170.55703,0.10203
1168.62860,0.10654
1166.70017,0.11122
1164.77174,0.11554
1162.84331,0.11964
1160.91488,0.12516
1158.98645,0.13255
1157.05802,0.14078
1155.12959,0.14913
1153.20116,0.15701
1151.27273,0.16378
1149.34430,0.16956
1147.41587,0.17446
1145.48744,0.17785
1143.55901,0.17918
1141.63058,0.17884
1139.70215,0.17787
1137.77372,0.17719
1135.84529,0.17699
1133.91686,0.17723
1131.98843,0.17831
1130.06000,0.18035
1128.13157,0.18322
1126.20314,0.18656
1124.27471,0.18945
1122.34628,0.19216
1120.41785,0.19592
1118.48942,0.20097
1116.56099,0.20706
1114.63256,0.21307
1112.70413,0.21718
1110.77570,0.21899
1108.84727,0.21902
1106.91884,0.21794
1104.99041,0.21798
1103.06198,0.22166
1101.13355,0.22908
1099.20512,0.23874
1097.27669,0.25012
1095.34826,0.26280
1093.41983,0.27489
1091.49140,0.28501
1089.56297,0.29279
1087.63454,0.29666
1085.70611,0.29610
1083.77768,0.29378
1081.84925,0.29172
1079.92082,0.28913
1077.99239,0.28480
1076.06396,0.27891
1074.13553,0.27296
1072.20710,0.26755
1070.27867,0.26164
1068.35024,0.25556
1066.42181,0.25073
1064.49338,0.24638
1062.56495,0.24100
1060.63652,0.23493
1058.70809,0.22909
1056.77966,0.22397
1054.85123,0.21952
1052.92280,0.21486
1050.99437,0.20945
1049.06594,0.20344
1047.13751,0.19647
1045.20908,0.18850
1043.28065,0.18069
1041.35222,0.17328
1039.42379,0.16523
1037.49536,0.15654
1035.56693,0.14802
1033.63850,0.13960
1031.71007,0.13054
1029.78164,0.12068
1027.85321,0.11113
1025.92478,0.10286
1023.99635,0.09526
1022.06792,0.08746
1020.13949,0.07975
1018.21106,0.07334
1016.28263,0.06898
1014.35420,0.06605
1012.42577,0.06338
1010.49734,0.06026
1008.56891,0.05610
1006.64048,0.05029
1004.71205,0.04329
1002.78362,0.03629
1000.85519,0.03031
998.92676,0.02567
996.99833,0.02189
995.06990,0.01870
993.14147,0.01655
991.21304,0.01527
989.28461,0.01422
987.35618,0.01367
985.42775,0.01379
983.49932,0.01415
981.57089,0.01434
979.64246,0.01415
977.71403,0.01446
975.78560,0.01557
973.85717,0.01614
971.92874,0.01571
970.00031,0.01532
968.07188,0.01528
966.14345,0.01510
964.21502,0.01487
962.28659,0.01508
960.35816,0.01576
958.42973,0.01612
956.50130,0.01553
954.57287,0.01470
952.64444,0.01460
950.71601,0.01534
948.78758,0.01617
946.85915,0.01610
944.93072,0.01541
943.00229,0.01509
941.07386,0.01513
939.14543,0.01527
937.21700,0.01544
935.28857,0.01537
933.36014,0.01520
931.43171,0.01508
929.50328,0.01457
927.57485,0.01341
925.64642,0.01201
923.71799,0.01067
921.78956,0.00908
919.86113,0.00731
917.93270,0.00607
916.00427,0.00528
914.07584,0.00448
912.14741,0.00384
910.21898,0.00340
908.29055,0.00270
906.36212,0.00179
904.43368,0.00127
902.50525,0.00155
900.57682,0.00226
898.64839,0.00220
896.71996,0.00105
894.79153,0.00023
892.86310,0.00026
890.93467,0.00010
889.00624,0.00000
887.07781,0.00068
885.14938,0.00186
883.22095,0.00232
881.29252,0.00208
879.36409,0.00195
877.43566,0.00219
875.50723,0.00273
873.57880,0.00357
871.65037,0.00471
869.72194,0.00567
867.79351,0.00553
865.86508,0.00492
863.93665,0.00484
862.00822,0.00502
860.07979,0.00571
858.15136,0.00711
856.22293,0.00836
854.29450,0.00929
852.36607,0.01009
850.43764,0.01074
848.50921,0.01172
846.58078,0.01287
844.65235,0.01379
842.72392,0.01486
840.79549,0.01578
838.86706,0.01617
836.93863,0.01675
835.01020,0.01817
833.08177,0.01998
831.15334,0.02126
829.22491,0.02228
827.29648,0.02376
825.36805,0.02541
823.43962,0.02651
821.51119,0.02715
819.58276,0.02846
817.65433,0.03033
815.72590,0.03111
813.79747,0.03165
811.86904,0.03407
809.94061,0.03715
808.01218,0.03858
806.08375,0.03825
804.15532,0.03760
802.22689,0.03853
800.29846,0.04091
798.37003,0.04229
796.44160,0.04192
794.51317,0.04154
792.58474,0.04160
790.65631,0.04102
788.72788,0.04000
786.79945,0.03959
784.87102,0.03944
782.94259,0.03839
781.01416,0.03708
779.08573,0.03613
777.15730,0.03404
775.22887,0.03138
773.30044,0.02986
771.37201,0.02831
769.44358,0.02599
767.51515,0.02430
765.58672,0.02364
763.65829,0.02326
761.72986,0.02236
759.80143,0.02011
757.87300,0.01772
755.94457,0.01710
754.01614,0.01720
752.08771,0.01670
750.15928,0.01602
748.23085,0.01556
746.30242,0.01557
744.37399,0.01524
742.44556,0.01394
740.51713,0.01331
738.58870,0.01399
736.66027,0.01451
734.73184,0.01436
732.80341,0.01374
730.87498,0.01349
728.94655,0.01409
727.01812,0.01372
725.08969,0.01253
723.16126,0.01408
721.23283,0.01604
719.30440,0.01782
717.37597,0.01842
715.44754,0.01764
713.51911,0.01692
711.59068,0.01770
709.66225,0.01992
707.73382,0.02185
705.80539,0.02208
703.87696,0.02146
701.94853,0.02157
700.02010,0.02229
698.09167,0.02247
696.16324,0.02167
694.23481,0.02025
692.30638,0.01934
690.37795,0.01969
688.44952,0.01929
686.52109,0.01629
684.59266,0.01330
682.66423,0.01290
680.73580,0.01305
678.80737,0.01194
676.87894,0.01158
674.95051,0.01327
673.02208,0.01650
671.09365,0.02287
669.16522,0.03324
667.23679,0.04138
665.30836,0.04447
663.37993,0.04930
661.45150,0.05778
659.52307,0.06400
657.59464,0.06214
655.66621,0.05072
653.73778,0.03420
651.80935,0.02186
649.88092,0.01715
647.95249,0.01539
646.02406,0.01417
644.09563,0.01397
642.16720,0.01513
640.23877,0.01800
638.31034,0.02245
636.38191,0.02502
634.45348,0.02268
632.52505,0.01788
630.59662,0.01502
628.66819,0.01417
626.73976,0.01262
624.81133,0.01083
622.88290,0.01356
620.95447,0.02193
619.02604,0.02869
617.09761,0.02763
615.16918,0.02248
613.24075,0.01886
611.31232,0.01739
609.38389,0.01281
607.45546,0.01096
605.52703,0.00922
603.59860,0.00547
601.67017,0.00000
599.74174,0.00000
