4001.49232,0.00471
3999.56389,0.00484
3997.63546,0.00442
3995.70703,0.00377
3993.77860,0.00381
3991.85017,0.00463
3989.92174,0.00554
3987.99331,0.00603
3986.06488,0.00593
3984.13645,0.00532
3982.20802,0.00459
3980.27959,0.00433
3978.35116,0.00485
3976.42273,0.00563
3974.49430,0.00576
3972.56587,0.00513
3970.63744,0.00431
3968.70901,0.00349
3966.78058,0.00309
3964.85215,0.00370
3962.92372,0.00453
3960.99529,0.00409
3959.06686,0.00247
3957.13843,0.00081
3955.21000,0.00000
3953.28157,0.00068
3951.35314,0.00266
3949.42471,0.00444
3947.49628,0.00462
3945.56785,0.00380
3943.63942,0.00322
3941.71099,0.00324
3939.78256,0.00358
3937.85413,0.00359
3935.92570,0.00337
3933.99727,0.00363
3932.06884,0.00399
3930.14041,0.00386
3928.21198,0.00372
3926.28355,0.00353
3924.35512,0.00267
3922.42669,0.00200
3920.49826,0.00258
3918.56982,0.00376
3916.64139,0.00463
3914.71296,0.00500
3912.78453,0.00464
3910.85610,0.00355
3908.92767,0.00312
3906.99924,0.00451
3905.07081,0.00626
3903.14238,0.00631
3901.21395,0.00532
3899.28552,0.00429
3897.35709,0.00371
3895.42866,0.00468
3893.50023,0.00667
3891.57180,0.00724
3889.64337,0.00616
3887.71494,0.00501
3885.78651,0.00282
3883.85808,0.00021
3881.92965,0.00000
3880.00122,0.00126
3878.07279,0.00302
3876.14436,0.00464
3874.21593,0.00409
3872.28750,0.00211
3870.35907,0.00101
3868.43064,0.00133
3866.50221,0.00291
3864.57378,0.00366
3862.64535,0.00300
3860.71692,0.00303
3858.78849,0.00413
3856.86006,0.00591
3854.93163,0.00728
3853.00320,0.00595
3851.07477,0.00374
3849.14634,0.00356
3847.21791,0.00431
3845.28948,0.00405
3843.36105,0.00248
3841.43262,0.00146
3839.50419,0.00185
3837.57576,0.00231
3835.64733,0.00268
3833.71890,0.00277
3831.79047,0.00232
3829.86204,0.00260
3827.93361,0.00349
3826.00518,0.00346
3824.07675,0.00355
3822.14832,0.00416
3820.21989,0.00396
3818.29146,0.00474
3816.36303,0.00516
3814.43460,0.00320
3812.50617,0.00188
3810.57774,0.00230
3808.64931,0.00272
3806.72088,0.00246
3804.79245,0.00325
3802.86402,0.00438
3800.93559,0.00283
3799.00716,0.00160
3797.07873,0.00221
3795.15030,0.00223
3793.22187,0.00192
3791.29344,0.00183
3789.36501,0.00164
3787.43658,0.00175
3785.50815,0.00160
3783.57972,0.00068
3781.65129,0.00015
3779.72286,0.00007
3777.79443,0.00000
3775.86600,0.00051
3773.93757,0.00136
3772.00914,0.00173
3770.08071,0.00120
3768.15228,0.00068
3766.22385,0.00101
3764.29542,0.00152
3762.36699,0.00218
3760.43856,0.00230
3758.51013,0.00123
3756.58170,0.00096
3754.65327,0.00262
3752.72484,0.00482
3750.79641,0.00589
3748.86798,0.00657
3746.93955,0.00808
3745.01112,0.00832
3743.08269,0.00636
3741.15426,0.00575
3739.22583,0.00763
3737.29740,0.00899
3735.36897,0.00698
3733.44054,0.00365
3731.51211,0.00287
3729.58368,0.00430
3727.65525,0.00535
3725.72682,0.00485
3723.79839,0.00433
3721.86996,0.00411
3719.94153,0.00310
3718.01310,0.00190
3716.08467,0.00148
3714.15624,0.00185
3712.22781,0.00192
3710.29938,0.00088
3708.37095,0.00000
3706.44252,0.00016
3704.51409,0.00107
3702.58566,0.00160
3700.65723,0.00136
3698.72880,0.00131
3696.80037,0.00176
3694.87194,0.00256
3692.94351,0.00359
3691.01508,0.00358
3689.08665,0.00167
3687.15822,0.00070
3685.22979,0.00178
3683.30136,0.00306
3681.37293,0.00374
3679.44450,0.00480
3677.51607,0.00617
3675.58764,0.00500
3673.65921,0.00255
3671.73078,0.00306
3669.80235,0.00347
3667.87392,0.00223
3665.94549,0.00202
3664.01706,0.00255
3662.08863,0.00258
3660.16020,0.00249
3658.23177,0.00227
3656.30334,0.00099
3654.37491,0.00000
3652.44648,0.00083
3650.51805,0.00216
3648.58962,0.00334
3646.66119,0.00475
3644.73276,0.00542
3642.80433,0.00477
3640.87590,0.00330
3638.94747,0.00223
3637.01904,0.00196
3635.09061,0.00194
3633.16218,0.00232
3631.23375,0.00318
3629.30532,0.00259
3627.37689,0.00050
3625.44846,0.00042
3623.52003,0.00194
3621.59160,0.00284
3619.66317,0.00196
3617.73474,0.00050
3615.80631,0.00105
3613.87788,0.00284
3611.94945,0.00436
3610.02102,0.00567
3608.09259,0.00591
3606.16416,0.00505
3604.23573,0.00521
3602.30730,0.00639
3600.37887,0.00649
3598.45044,0.00528
3596.52201,0.00404
3594.59358,0.00297
3592.66515,0.00264
3590.73672,0.00388
3588.80829,0.00513
3586.87986,0.00461
3584.95143,0.00407
3583.02300,0.00448
3581.09457,0.00436
3579.16614,0.00332
3577.23771,0.00233
3575.30928,0.00166
3573.38085,0.00126
3571.45242,0.00143
3569.52399,0.00157
3567.59556,0.00064
3565.66713,0.00000
3563.73870,0.00135
3561.81027,0.00336
3559.88184,0.00439
3557.95341,0.00443
3556.02498,0.00406
3554.09655,0.00348
3552.16812,0.00278
3550.23969,0.00275
3548.31126,0.00370
3546.38283,0.00408
3544.45440,0.00300
3542.52597,0.00197
3540.59754,0.00218
3538.66911,0.00310
3536.74068,0.00382
3534.81225,0.00403
3532.88382,0.00404
3530.95539,0.00398
3529.02696,0.00383
3527.09853,0.00390
3525.17010,0.00401
3523.24167,0.00316
3521.31324,0.00198
3519.38481,0.00191
3517.45638,0.00239
3515.52795,0.00230
3513.59952,0.00214
3511.67109,0.00262
3509.74266,0.00306
3507.81423,0.00287
3505.88580,0.00245
3503.95737,0.00189
3502.02894,0.00134
3500.10051,0.00186
3498.17208,0.00333
3496.24365,0.00406
3494.31522,0.00335
3492.38679,0.00249
3490.45836,0.00245
3488.52993,0.00290
3486.60150,0.00345
3484.67307,0.00392
3482.74464,0.00394
3480.81621,0.00357
3478.88778,0.00348
3476.95935,0.00373
3475.03092,0.00369
3473.10249,0.00305
3471.17406,0.00208
3469.24563,0.00136
3467.31720,0.00133
3465.38877,0.00190
3463.46034,0.00279
3461.53191,0.00362
3459.60348,0.00374
3457.67505,0.00312
3455.74662,0.00257
3453.81819,0.00238
3451.88976,0.00216
3449.96133,0.00195
3448.03290,0.00212
3446.10447,0.00299
3444.17604,0.00448
3442.24761,0.00547
3440.31918,0.00539
3438.39075,0.00479
3436.46232,0.00396
3434.53389,0.00304
3432.60546,0.00261
3430.67703,0.00304
3428.74860,0.00352
3426.82017,0.00323
3424.89174,0.00283
3422.96331,0.00311
3421.03488,0.00332
3419.10645,0.00305
3417.17802,0.00353
3415.24959,0.00466
3413.32116,0.00477
3411.39273,0.00370
3409.46430,0.00316
3407.53587,0.00362
3405.60744,0.00423
3403.67901,0.00497
3401.75058,0.00583
3399.82215,0.00650
3397.89372,0.00604
3395.96529,0.00583
3394.03686,0.00533
3392.10843,0.00439
3390.18000,0.00385
3388.25157,0.00413
3386.32314,0.00460
3384.39471,0.00456
3382.46628,0.00436
3380.53785,0.00476
3378.60942,0.00549
3376.68099,0.00591
3374.75256,0.00595
3372.82413,0.00583
3370.89570,0.00587
3368.96727,0.00626
3367.03884,0.00698
3365.11041,0.00735
3363.18198,0.00682
3361.25355,0.00605
3359.32512,0.00581
3357.39669,0.00620
3355.46826,0.00665
3353.53983,0.00649
3351.61140,0.00620
3349.68297,0.00664
3347.75454,0.00750
3345.82611,0.00787
3343.89768,0.00772
3341.96925,0.00773
3340.04082,0.00825
3338.11239,0.00902
3336.18396,0.00975
3334.25553,0.01042
3332.32710,0.01103
3330.39867,0.01129
3328.47024,0.01120
3326.54181,0.01096
3324.61338,0.01028
3322.68495,0.00932
3320.75652,0.00907
3318.82809,0.00960
3316.89966,0.00993
3314.97122,0.01015
3313.04279,0.01115
3311.11436,0.01243
3309.18593,0.01263
3307.25750,0.01189
3305.32907,0.01113
3303.40064,0.01047
3301.47221,0.01020
3299.54378,0.01072
3297.61535,0.01174
3295.68692,0.01299
3293.75849,0.01402
3291.83006,0.01420
3289.90163,0.01391
3287.97320,0.01387
3286.04477,0.01384
3284.11634,0.01310
3282.18791,0.01176
3280.25948,0.01097
3278.33105,0.01137
3276.40262,0.01222
3274.47419,0.01245
3272.54576,0.01194
3270.61733,0.01127
3268.68890,0.01063
3266.76047,0.01013
3264.83204,0.01000
3262.90361,0.01033
3260.97518,0.01095
3259.04675,0.01123
3257.11832,0.01082
3255.18989,0.01015
3253.26146,0.00961
3251.33303,0.00930
3249.40460,0.00902
3247.47617,0.00859
3245.54774,0.00807
3243.61931,0.00759
3241.69088,0.00715
3239.76245,0.00660
3237.83402,0.00617
3235.90559,0.00587
3233.97716,0.00512
3232.04873,0.00450
3230.12030,0.00520
3228.19187,0.00664
3226.26344,0.00706
3224.33501,0.00624
3222.40658,0.00533
3220.47815,0.00498
3218.54972,0.00518
3216.62129,0.00554
3214.69286,0.00566
3212.76443,0.00570
3210.83600,0.00560
3208.90757,0.00512
3206.97914,0.00467
3205.05071,0.00447
3203.12228,0.00428
3201.19385,0.00425
3199.26542,0.00417
3197.33699,0.00348
3195.40856,0.00278
3193.48013,0.00268
3191.55170,0.00252
3189.62327,0.00216
3187.69484,0.00225
3185.76641,0.00288
3183.83798,0.00362
3181.90955,0.00393
3179.98112,0.00362
3178.05269,0.00272
3176.12426,0.00180
3174.19583,0.00187
3172.26740,0.00268
3170.33897,0.00313
3168.41054,0.00262
3166.48211,0.00152
3164.55368,0.00090
3162.62525,0.00113
3160.69682,0.00158
3158.76839,0.00173
3156.83996,0.00144
3154.91153,0.00103
3152.98310,0.00117
3151.05467,0.00190
3149.12624,0.00237
3147.19781,0.00216
3145.26938,0.00177
3143.34095,0.00158
3141.41252,0.00131
3139.48409,0.00098
3137.55566,0.00096
3135.62723,0.00126
3133.69880,0.00128
3131.77037,0.00068
3129.84194,0.00018
3127.91351,0.00029
3125.98508,0.00054
3124.05665,0.00061
3122.12822,0.00063
3120.19979,0.00070
3118.27136,0.00078
3116.34293,0.00077
3114.41450,0.00039
3112.48607,-0.00027
3110.55764,-0.00046
3108.62921,0.00001
3106.70078,0.00048
3104.77235,0.00079
3102.84392,0.00105
3100.91549,0.00124
3098.98706,0.00166
3097.05863,0.00210
3095.13020,0.00171
3093.20177,0.00069
3091.27334,0.00000
3089.34491,0.00004
3087.41648,0.00052
3085.48805,0.00110
3083.55962,0.00136
3081.63119,0.00160
3079.70276,0.00210
3077.77433,0.00222
3075.84590,0.00164
3073.91747,0.00123
3071.98904,0.00130
3070.06061,0.00142
3068.13218,0.00156
3066.20375,0.00145
3064.27532,0.00085
3062.34689,0.00053
3060.41846,0.00104
3058.49003,0.00173
3056.56160,0.00175
3054.63317,0.00138
3052.70474,0.00129
3050.77631,0.00137
3048.84788,0.00140
3046.91945,0.00126
3044.99102,0.00100
3043.06259,0.00104
3041.13416,0.00163
3039.20573,0.00211
3037.27730,0.00169
3035.34887,0.00084
3033.42044,0.00055
3031.49201,0.00064
3029.56358,0.00039
3027.63515,0.00002
3025.70672,0.00014
3023.77829,0.00063
3021.84986,0.00087
3019.92143,0.00058
3017.99300,0.00037
3016.06457,0.00082
3014.13614,0.00140
3012.20771,0.00129
3010.27928,0.00057
3008.35085,0.00000
3006.42242,0.00010
3004.49399,0.00074
3002.56556,0.00112
3000.63713,0.00099
2998.70870,0.00134
2996.78027,0.00149
2994.85184,0.00159
2992.92341,0.00133
2990.99498,0.00114
2989.06655,0.00172
2987.13812,0.00247
2985.20969,0.00275
2983.28126,0.00279
2981.35283,0.00261
2979.42440,0.00249
2977.49597,0.00298
2975.56754,0.00372
2973.63911,0.00406
2971.71068,0.00413
2969.78225,0.00397
2967.85382,0.00345
2965.92539,0.00312
2963.99696,0.00356
2962.06853,0.00426
2960.14010,0.00448
2958.21167,0.00421
2956.28324,0.00370
2954.35481,0.00304
2952.42638,0.00263
2950.49795,0.00283
2948.56952,0.00334
2946.64109,0.00349
2944.71266,0.00315
2942.78423,0.00282
2940.85580,0.00295
2938.92737,0.00361
2936.99894,0.00450
2935.07051,0.00484
2933.14208,0.00414
2931.21365,0.00304
2929.28522,0.00272
2927.35679,0.00327
2925.42836,0.00369
2923.49993,0.00379
2921.57150,0.00385
2919.64307,0.00348
2917.71464,0.00276
2915.78621,0.00212
2913.85778,0.00160
2911.92935,0.00140
2910.00092,0.00158
2908.07249,0.00174
2906.14406,0.00153
2904.21563,0.00131
2902.28720,0.00139
2900.35877,0.00131
2898.43034,0.00097
2896.50191,0.00078
2894.57348,0.00074
2892.64505,0.00075
2890.71662,0.00118
2888.78819,0.00194
2886.85976,0.00221
2884.93133,0.00195
2883.00290,0.00186
2881.07447,0.00210
2879.14604,0.00236
2877.21761,0.00239
2875.28918,0.00227
2873.36075,0.00210
2871.43232,0.00193
2869.50389,0.00203
2867.57546,0.00227
2865.64703,0.00240
2863.71860,0.00255
2861.79017,0.00245
2859.86174,0.00160
2857.93331,0.00046
2856.00488,0.00000
2854.07645,0.00044
2852.14802,0.00128
2850.21959,0.00188
2848.29116,0.00192
2846.36273,0.00144
2844.43430,0.00092
2842.50587,0.00068
2840.57744,0.00060
2838.64901,0.00079
2836.72058,0.00118
2834.79215,0.00128
2832.86372,0.00098
2830.93529,0.00065
2829.00686,0.00067
2827.07843,0.00088
2825.15000,0.00095
2823.22157,0.00100
2821.29314,0.00107
2819.36471,0.00106
2817.43628,0.00120
2815.50785,0.00125
2813.57942,0.00088
2811.65099,0.00053
2809.72256,0.00063
2807.79413,0.00093
2805.86570,0.00106
2803.93727,0.00100
2802.00884,0.00110
2800.08041,0.00146
2798.15198,0.00170
2796.22355,0.00142
2794.29512,0.00059
2792.36669,-0.00011
2790.43826,0.00002
2788.50983,0.00062
2786.58140,0.00092
2784.65297,0.00093
2782.72454,0.00091
2780.79611,0.00093
2778.86768,0.00078
2776.93925,0.00031
2775.01082,0.00010
2773.08239,0.00066
2771.15396,0.00127
2769.22553,0.00127
2767.29710,0.00137
2765.36867,0.00207
2763.44024,0.00246
2761.51181,0.00190
2759.58338,0.00100
2757.65495,0.00029
2755.72652,0.00000
2753.79809,0.00025
2751.86966,0.00064
2749.94123,0.00068
2748.01280,0.00079
2746.08437,0.00109
2744.15594,0.00120
2742.22751,0.00115
2740.29908,0.00106
2738.37065,0.00056
2736.44222,-0.00016
2734.51379,-0.00010
2732.58536,0.00049
2730.65693,0.00050
2728.72850,0.00020
2726.80007,0.00032
2724.87164,0.00053
2722.94321,0.00030
2721.01478,-0.00013
2719.08635,-0.00017
2717.15792,0.00016
2715.22949,0.00041
2713.30105,0.00048
2711.37262,0.00061
2709.44419,0.00090
2707.51576,0.00113
2705.58733,0.00101
2703.65890,0.00048
2701.73047,0.00000
2699.80204,0.00003
2697.87361,0.00029
2695.94518,0.00040
2694.01675,0.00057
2692.08832,0.00084
2690.15989,0.00100
2688.23146,0.00112
2686.30303,0.00134
2684.37460,0.00117
2682.44617,0.00052
2680.51774,0.00012
2678.58931,0.00038
2676.66088,0.00128
2674.73245,0.00225
2672.80402,0.00231
2670.87559,0.00158
2668.94716,0.00088
2667.01873,0.00053
2665.09030,0.00069
2663.16187,0.00105
2661.23344,0.00100
2659.30501,0.00064
2657.37658,0.00045
2655.44815,0.00054
2653.51972,0.00076
2651.59129,0.00085
2649.66286,0.00099
2647.73443,0.00104
2645.80600,0.00048
2643.87757,-0.00003
2641.94914,0.00026
2640.02071,0.00086
2638.09228,0.00122
2636.16385,0.00136
2634.23542,0.00125
2632.30699,0.00085
2630.37856,0.00035
2628.45013,0.00008
2626.52170,0.00024
2624.59327,0.00069
2622.66484,0.00121
2620.73641,0.00170
2618.80798,0.00182
2616.87955,0.00154
2614.95112,0.00141
2613.02269,0.00168
2611.09426,0.00197
2609.16583,0.00196
2607.23740,0.00182
2605.30897,0.00172
2603.38054,0.00156
2601.45211,0.00132
2599.52368,0.00129
2597.59525,0.00162
2595.66682,0.00201
2593.73839,0.00208
2591.80996,0.00169
2589.88153,0.00092
2587.95310,0.00017
2586.02467,0.00000
2584.09624,0.00044
2582.16781,0.00116
2580.23938,0.00164
2578.31095,0.00149
2576.38252,0.00090
2574.45409,0.00050
2572.52566,0.00073
2570.59723,0.00122
2568.66880,0.00128
2566.74037,0.00088
2564.81194,0.00049
2562.88351,0.00034
2560.95508,0.00025
2559.02665,0.00012
2557.09822,0.00030
2555.16979,0.00086
2553.24136,0.00112
2551.31293,0.00086
2549.38450,0.00065
2547.45607,0.00079
2545.52764,0.00117
2543.59921,0.00160
2541.67078,0.00201
2539.74235,0.00229
2537.81392,0.00213
2535.88549,0.00161
2533.95706,0.00115
2532.02863,0.00094
2530.10020,0.00091
2528.17177,0.00094
2526.24334,0.00075
2524.31491,0.00016
2522.38648,-0.00005
2520.45805,0.00072
2518.52962,0.00164
2516.60119,0.00183
2514.67276,0.00154
2512.74433,0.00124
2510.81590,0.00104
2508.88747,0.00093
2506.95904,0.00076
2505.03061,0.00041
2503.10218,0.00008
2501.17375,0.00002
2499.24532,0.00022
2497.31689,0.00076
2495.38846,0.00130
2493.46003,0.00123
2491.53160,0.00070
2489.60317,0.00025
2487.67474,0.00001
2485.74631,-0.00004
2483.81788,-0.00001
2481.88945,-0.00002
2479.96102,0.00008
2478.03259,0.00021
2476.10416,0.00016
2474.17573,0.00025
2472.24730,0.00073
2470.31887,0.00101
2468.39044,0.00070
2466.46201,0.00032
2464.53358,0.00011
2462.60515,0.00000
2460.67672,0.00012
2458.74829,0.00043
2456.81986,0.00065
2454.89143,0.00085
2452.96300,0.00111
2451.03457,0.00104
2449.10614,0.00060
2447.17771,0.00032
2445.24928,0.00029
2443.32085,0.00029
2441.39242,0.00021
2439.46399,0.00011
2437.53556,0.00011
2435.60713,0.00014
2433.67870,-0.00009
2431.75027,-0.00009
2429.82184,-0.00009
2427.89341,-0.00008
2425.96498,-0.00008
2424.03655,-0.00007
2422.10812,-0.00007
2420.17969,-0.00006
2418.25126,-0.00005
2416.32283,-0.00004
2414.39440,-0.00004
2412.46597,-0.00003
2410.53754,-0.00003
2408.60911,-0.00002
2406.68068,-0.00002
2404.75225,-0.00001
2402.82382,-0.00001
2400.89539,0.00000
2398.96696,-0.00004
2397.03853,-0.00008
2395.11010,-0.00012
2393.18167,-0.00015
2391.25324,-0.00019
2389.32481,-0.00022
2387.39638,-0.00025
2385.46795,-0.00029
2383.53952,-0.00032
2381.61109,-0.00034
2379.68266,-0.00037
2377.75423,-0.00040
2375.82580,-0.00042
2373.89737,-0.00045
2371.96894,-0.00047
2370.04051,-0.00049
2368.11208,-0.00051
2366.18365,-0.00053
2364.25522,-0.00055
2362.32679,-0.00057
2360.39836,-0.00058
2358.46993,-0.00059
2356.54150,-0.00061
2354.61307,-0.00062
2352.68464,-0.00063
2350.75621,-0.00064
2348.82778,-0.00065
2346.89935,-0.00065
2344.97092,-0.00066
2343.04249,-0.00066
2341.11406,-0.00067
2339.18563,-0.00067
2337.25720,-0.00067
2335.32877,-0.00067
2333.40034,-0.00067
2331.47191,-0.00066
2329.54348,-0.00066
2327.61505,-0.00065
2325.68662,-0.00065
2323.75819,-0.00064
2321.82976,-0.00063
2319.90133,-0.00062
2317.97290,-0.00061
2316.04447,-0.00059
2314.11604,-0.00058
2312.18761,-0.00057
2310.25918,-0.00055
2308.33075,-0.00053
2306.40232,-0.00051
2304.47389,-0.00049
2302.54546,-0.00047
2300.61703,-0.00045
2298.68860,-0.00042
2296.76017,-0.00040
2294.83174,-0.00037
2292.90331,-0.00034
2290.97488,-0.00032
2289.04645,-0.00029
2287.11802,-0.00025
2285.18959,-0.00022
2283.26116,-0.00019
2281.33273,-0.00015
2279.40430,-0.00012
2277.47587,-0.00008
2275.54744,-0.00004
2273.61901,0.00000
2271.69058,0.00004
2269.76215,0.00007
2267.83372,0.00011
2265.90529,0.00015
2263.97686,0.00019
2262.04843,-0.00001
2260.12000,-0.00001
2258.19157,0.00005
2256.26314,-0.00001
2254.33471,0.00003
2252.40628,0.00024
2250.47785,0.00067
2248.54942,0.00156
2246.62099,0.00144
2244.69256,0.00132
2242.76413,0.00135
2240.83570,0.00120
2238.90727,0.00085
2236.97884,0.00059
2235.05041,0.00062
2233.12198,0.00061
2231.19355,0.00038
2229.26512,0.00042
2227.33669,0.00084
2225.40826,0.00122
2223.47983,0.00136
2221.55140,0.00123
2219.62297,0.00100
2217.69454,0.00101
2215.76611,0.00122
2213.83768,0.00141
2211.90925,0.00160
2209.98082,0.00183
2208.05239,0.00174
2206.12396,0.00111
2204.19553,0.00032
2202.26710,0.00000
2200.33867,0.00035
2198.41024,0.00080
2196.48181,0.00078
2194.55338,0.00066
2192.62495,0.00068
2190.69652,0.00072
2188.76809,0.00081
2186.83966,0.00084
2184.91123,0.00063
2182.98280,0.00040
2181.05437,0.00030
2179.12594,0.00017
2177.19751,0.00000
2175.26908,0.00006
2173.34065,0.00031
2171.41222,0.00041
2169.48379,0.00040
2167.55536,0.00048
2165.62693,0.00052
2163.69850,0.00047
2161.77007,0.00051
2159.84164,0.00073
2157.91321,0.00096
2155.98478,0.00085
2154.05635,0.00061
2152.12792,0.00076
2150.19949,0.00113
2148.27106,0.00126
2146.34263,0.00115
2144.41420,0.00104
2142.48577,0.00102
2140.55734,0.00100
2138.62891,0.00083
2136.70048,0.00074
2134.77205,0.00080
2132.84362,0.00070
2130.91519,0.00044
2128.98676,0.00040
2127.05833,0.00060
2125.12990,0.00088
2123.20147,0.00101
2121.27304,0.00064
2119.34461,0.00000
2117.41618,0.00002
2115.48775,0.00061
2113.55932,0.00082
2111.63089,0.00071
2109.70245,0.00065
2107.77402,0.00039
2105.84559,0.00001
2103.91716,0.00007
2101.98873,0.00050
2100.06030,0.00075
2098.13187,0.00060
2096.20344,0.00024
2094.27501,0.00009
2092.34658,0.00026
2090.41815,0.00050
2088.48972,0.00052
2086.56129,0.00039
2084.63286,0.00053
2082.70443,0.00091
2080.77600,0.00109
2078.84757,0.00099
2076.91914,0.00068
2074.99071,0.00018
2073.06228,0.00000
2071.13385,0.00048
2069.20542,0.00139
2067.27699,0.00211
2065.34856,0.00204
2063.42013,0.00125
2061.49170,0.00070
2059.56327,0.00053
2057.63484,0.00041
2055.70641,0.00048
2053.77798,0.00062
2051.84955,0.00040
2049.92112,0.00007
2047.99269,0.00011
2046.06426,0.00032
2044.13583,0.00041
2042.20740,0.00044
2040.27897,0.00051
2038.35054,0.00066
2036.42211,0.00086
2034.49368,0.00096
2032.56525,0.00080
2030.63682,0.00029
2028.70839,-0.00021
2026.77996,-0.00023
2024.85153,0.00015
2022.92310,0.00044
2020.99467,0.00066
2019.06624,0.00113
2017.13781,0.00148
2015.20938,0.00150
2013.28095,0.00143
2011.35252,0.00140
2009.42409,0.00164
2007.49566,0.00204
2005.56723,0.00212
2003.63880,0.00189
2001.71037,0.00169
1999.78194,0.00157
1997.85351,0.00137
1995.92508,0.00109
1993.99665,0.00094
1992.06822,0.00096
1990.13979,0.00104
1988.21136,0.00105
1986.28293,0.00102
1984.35450,0.00110
1982.42607,0.00129
1980.49764,0.00135
1978.56921,0.00104
1976.64078,0.00053
1974.71235,0.00026
1972.78392,0.00026
1970.85549,0.00047
1968.92706,0.00066
1966.99863,0.00041
1965.07020,0.00018
1963.14177,0.00047
1961.21334,0.00081
1959.28491,0.00080
1957.35648,0.00058
1955.42805,0.00033
1953.49962,0.00029
1951.57119,0.00067
1949.64276,0.00123
1947.71433,0.00151
1945.78590,0.00144
1943.85747,0.00092
1941.92904,0.00012
1940.00061,0.00000
1938.07218,0.00042
1936.14375,0.00047
1934.21532,0.00018
1932.28689,0.00015
1930.35846,0.00038
1928.43003,0.00060
1926.50160,0.00091
1924.57317,0.00125
1922.64474,0.00111
1920.71631,0.00078
1918.78788,0.00063
1916.85945,0.00054
1914.93102,0.00065
1913.00259,0.00093
1911.07416,0.00101
1909.14573,0.00087
1907.21730,0.00074
1905.28887,0.00068
1903.36044,0.00056
1901.43201,0.00036
1899.50358,0.00023
1897.57515,0.00016
1895.64672,0.00010
1893.71829,0.00034
1891.78986,0.00099
1889.86143,0.00121
1887.93300,0.00073
1886.00457,0.00033
1884.07614,0.00024
1882.14771,0.00026
1880.21928,0.00023
1878.29085,0.00013
1876.36242,0.00006
1874.43399,0.00010
1872.50556,0.00053
1870.57713,0.00129
1868.64870,0.00163
1866.72027,0.00131
1864.79184,0.00100
1862.86341,0.00094
1860.93498,0.00107
1859.00655,0.00118
1857.07812,0.00099
1855.14969,0.00048
1853.22126,0.00000
1851.29283,0.00010
1849.36440,0.00107
1847.43597,0.00253
1845.50754,0.00343
1843.57911,0.00277
1841.65068,0.00164
1839.72225,0.00139
1837.79382,0.00164
1835.86539,0.00182
1833.93696,0.00196
1832.00853,0.00188
1830.08010,0.00122
1828.15167,0.00078
1826.22324,0.00102
1824.29481,0.00098
1822.36638,0.00067
1820.43795,0.00081
1818.50952,0.00110
1816.58109,0.00105
1814.65266,0.00080
1812.72423,0.00052
1810.79580,0.00025
1808.86737,0.00032
1806.93894,0.00088
1805.01051,0.00151
1803.08208,0.00159
1801.15365,0.00078
1799.22522,0.00000
1797.29679,0.00036
1795.36836,0.00135
1793.43993,0.00148
1791.51150,0.00049
1789.58307,0.00019
1787.65464,0.00117
1785.72621,0.00211
1783.79778,0.00226
1781.86935,0.00190
1779.94092,0.00135
1778.01249,0.00099
1776.08406,0.00094
1774.15563,0.00074
1772.22720,0.00020
1770.29877,0.00025
1768.37034,0.00085
1766.44191,0.00137
1764.51348,0.00199
1762.58505,0.00209
1760.65662,0.00122
1758.72819,0.00058
1756.79976,0.00061
1754.87133,0.00123
1752.94290,0.00216
1751.01447,0.00211
1749.08604,0.00073
1747.15761,0.00000
1745.22918,0.00060
1743.30075,0.00146
1741.37232,0.00148
1739.44389,0.00089
1737.51546,0.00108
1735.58703,0.00165
1733.65860,0.00078
1731.73017,-0.00024
1729.80174,-0.00004
1727.87331,0.00057
1725.94488,0.00111
1724.01645,0.00132
1722.08802,0.00138
1720.15959,0.00191
1718.23116,0.00242
1716.30273,0.00214
1714.37430,0.00200
1712.44587,0.00256
1710.51744,0.00320
1708.58901,0.00389
1706.66058,0.00506
1704.73215,0.00675
1702.80372,0.00859
1700.87529,0.01020
1698.94686,0.01185
1697.01843,0.01382
1695.09000,0.01556
1693.16157,0.01756
1691.23314,0.01997
1689.30471,0.02197
1687.37628,0.02379
1685.44785,0.02631
1683.51942,0.02971
1681.59099,0.03300
1679.66256,0.03549
1677.73413,0.03763
1675.80570,0.03978
1673.87727,0.04202
1671.94884,0.04468
1670.02041,0.04747
1668.09198,0.05016
1666.16355,0.05328
1664.23512,0.05688
1662.30669,0.06042
1660.37826,0.06362
1658.44983,0.06630
1656.52140,0.06801
1654.59297,0.06825
1652.66454,0.06803
1650.73611,0.07005
1648.80768,0.07155
1646.87925,0.06890
1644.95082,0.06525
1643.02239,0.06393
1641.09396,0.06338
1639.16553,0.06204
1637.23710,0.05886
1635.30867,0.05397
1633.38024,0.05064
1631.45181,0.04928
1629.52338,0.04773
1627.59495,0.04545
1625.66652,0.04320
1623.73809,0.04046
1621.80966,0.03757
1619.88123,0.03601
1617.95280,0.03430
1616.02437,0.03102
1614.09594,0.02852
1612.16751,0.02736
1610.23908,0.02570
1608.31065,0.02325
1606.38222,0.02135
1604.45379,0.02040
1602.52536,0.01953
1600.59693,0.01839
1598.66850,0.01740
1596.74007,0.01651
1594.81164,0.01552
1592.88321,0.01489
1590.95478,0.01474
1589.02635,0.01458
1587.09792,0.01452
1585.16949,0.01487
1583.24106,0.01545
1581.31263,0.01593
1579.38420,0.01616
1577.45577,0.01593
1575.52734,0.01568
1573.59891,0.01681
1571.67048,0.01860
1569.74205,0.01953
1567.81362,0.02028
1565.88519,0.02181
1563.95676,0.02345
1562.02833,0.02476
1560.09990,0.02586
1558.17147,0.02772
1556.24304,0.03160
1554.31461,0.03548
1552.38618,0.03826
1550.45775,0.04037
1548.52932,0.04217
1546.60089,0.04334
1544.67246,0.04314
1542.74403,0.04179
1540.81560,0.04087
1538.88717,0.04149
1536.95874,0.04272
1535.03031,0.04279
1533.10188,0.04106
1531.17345,0.03972
1529.24502,0.03938
1527.31659,0.03845
1525.38816,0.03720
1523.45973,0.03644
1521.53130,0.03507
1519.60287,0.03350
1517.67444,0.03191
1515.74601,0.02968
1513.81758,0.02804
1511.88915,0.02746
1509.96072,0.02722
1508.03229,0.02545
1506.10385,0.02099
1504.17542,0.01827
1502.24699,0.01818
1500.31856,0.01809
1498.39013,0.01641
1496.46170,0.01374
1494.53327,0.01196
1492.60484,0.01086
1490.67641,0.00835
1488.74798,0.00470
1486.81955,0.00302
1484.89112,0.00342
1482.96269,0.00391
1481.03426,0.00377
1479.10583,0.00389
1477.17740,0.00486
1475.24897,0.00595
1473.32054,0.00602
1471.39211,0.00534
1469.46368,0.00553
1467.53525,0.00651
1465.60682,0.00701
1463.67839,0.00690
1461.74996,0.00731
1459.82153,0.00820
1457.89310,0.00818
1455.96467,0.00716
1454.03624,0.00702
1452.10781,0.00765
1450.17938,0.00794
1448.25095,0.00738
1446.32252,0.00645
1444.39409,0.00588
1442.46566,0.00556
1440.53723,0.00546
1438.60880,0.00565
1436.68037,0.00532
1434.75194,0.00471
1432.82351,0.00464
1430.89508,0.00411
1428.96665,0.00292
1427.03822,0.00243
1425.10979,0.00258
1423.18136,0.00270
1421.25293,0.00318
1419.32450,0.00372
1417.39607,0.00379
1415.46764,0.00400
1413.53921,0.00423
1411.61078,0.00436
1409.68235,0.00492
1407.75392,0.00581
1405.82549,0.00616
1403.89706,0.00595
1401.96863,0.00615
1400.04020,0.00702
1398.11177,0.00785
1396.18334,0.00773
1394.25491,0.00657
1392.32648,0.00585
1390.39805,0.00611
1388.46962,0.00598
1386.54119,0.00478
1384.61276,0.00373
1382.68433,0.00342
1380.75590,0.00331
1378.82747,0.00314
1376.89904,0.00287
1374.97061,0.00225
1373.04218,0.00152
1371.11375,0.00110
1369.18532,0.00071
1367.25689,0.00039
1365.32846,0.00039
1363.40003,0.00043
1361.47160,0.00017
1359.54317,0.00011
1357.61474,0.00018
1355.68631,0.00009
1353.75788,0.00000
1351.82945,0.00008
1349.90102,0.00034
1347.97259,0.00045
1346.04416,0.00036
1344.11573,0.00026
1342.18730,0.00031
1340.25887,0.00035
1338.33044,0.00046
1336.40201,0.00094
1334.47358,0.00170
1332.54515,0.00237
1330.61672,0.00249
1328.68829,0.00200
1326.75986,0.00151
1324.83143,0.00147
1322.90300,0.00170
1320.97457,0.00185
1319.04614,0.00183
1317.11771,0.00186
1315.18928,0.00214
1313.26085,0.00250
1311.33242,0.00270
1309.40399,0.00272
1307.47556,0.00267
1305.54713,0.00268
1303.61870,0.00277
1301.69027,0.00281
1299.76184,0.00275
1297.83341,0.00271
1295.90498,0.00278
1293.97655,0.00281
1292.04812,0.00266
1290.11969,0.00244
1288.19126,0.00248
1286.26283,0.00287
1284.33440,0.00330
1282.40597,0.00349
1280.47754,0.00362
1278.54911,0.00407
1276.62068,0.00483
1274.69225,0.00563
1272.76382,0.00630
1270.83539,0.00709
1268.90696,0.00817
1266.97853,0.00930
1265.05010,0.01041
1263.12167,0.01187
1261.19324,0.01388
1259.26481,0.01627
1257.33638,0.01865
1255.40795,0.02104
1253.47952,0.02359
1251.55109,0.02590
1249.62266,0.02791
1247.69423,0.03005
1245.76580,0.03250
1243.83737,0.03509
1241.90894,0.03757
1239.98051,0.03990
1238.05208,0.04212
1236.12365,0.04398
1234.19522,0.04533
1232.26679,0.04664
1230.33836,0.04805
1228.40993,0.04925
1226.48150,0.05054
1224.55307,0.05235
1222.62464,0.05407
1220.69621,0.05497
1218.76778,0.05538
1216.83935,0.05589
1214.91092,0.05698
1212.98249,0.05863
1211.05406,0.06009
1209.12563,0.06095
1207.19720,0.06165
1205.26877,0.06270
1203.34034,0.06406
1201.41191,0.06548
1199.48348,0.06615
1197.55505,0.06733
1195.62662,0.06901
1193.69819,0.07102
1191.76976,0.07313
1189.84133,0.07508
1187.91290,0.07682
1185.98447,0.07868
1184.05604,0.08067
1182.12761,0.08262
1180.19918,0.08456
1178.27075,0.08666
1176.34232,0.08914
1174.41389,0.09188
1172.48546,0.09419
1170.55703,0.09558
1168.62860,0.09702
1166.70017,0.09956
1164.77174,0.10213
1162.84331,0.10385
1160.91488,0.10566
1158.98645,0.10802
1157.05802,0.11062
1155.12959,0.11325
1153.20116,0.11545
1151.27273,0.11732
1149.34430,0.11954
1147.41587,0.12188
1145.48744,0.12382
1143.55901,0.12545
1141.63058,0.12704
1139.70215,0.12894
1137.77372,0.13149
1135.84529,0.13461
1133.91686,0.13772
1131.98843,0.14056
1130.06000,0.14364
1128.13157,0.14766
1126.20314,0.15247
1124.27471,0.15701
1122.34628,0.16135
1120.41785,0.16649
1118.48942,0.17216
1116.56099,0.17800
1114.63256,0.18412
1112.70413,0.19042
1110.77570,0.19736
1108.84727,0.20488
1106.91884,0.21197
1104.99041,0.21878
1103.06198,0.22654
1101.13355,0.23552
1099.20512,0.24494
1097.27669,0.25446
1095.34826,0.26338
1093.41983,0.27077
1091.49140,0.27746
1089.56297,0.28417
1087.63454,0.28951
1085.70611,0.29356
1083.77768,0.29827
1081.84925,0.30298
1079.92082,0.30667
1077.99239,0.30974
1076.06396,0.31159
1074.13553,0.31247
1072.20710,0.31342
1070.27867,0.31405
1068.35024,0.31439
1066.42181,0.31487
1064.49338,0.31404
1062.56495,0.31069
1060.63652,0.30659
1058.70809,0.30350
1056.77966,0.30096
1054.85123,0.29816
1052.92280,0.29399
1050.99437,0.28774
1049.06594,0.28020
1047.13751,0.27183
1045.20908,0.26258
1043.28065,0.25308
1041.35222,0.24304
1039.42379,0.23126
1037.49536,0.21833
1035.56693,0.20544
1033.63850,0.19250
1031.71007,0.17934
1029.78164,0.16599
1027.85321,0.15318
1025.92478,0.14177
1023.99635,0.13093
1022.06792,0.11965
1020.13949,0.10866
1018.21106,0.09893
1016.28263,0.09042
1014.35420,0.08273
1012.42577,0.07512
1010.49734,0.06748
1008.56891,0.06053
1006.64048,0.05433
1004.71205,0.04830
1002.78362,0.04245
1000.85519,0.03716
998.92676,0.03267
996.99833,0.02912
995.06990,0.02658
993.14147,0.02491
991.21304,0.02368
989.28461,0.02284
987.35618,0.02297
985.42775,0.02388
983.49932,0.02467
981.57089,0.02518
979.64246,0.02606
977.71403,0.02789
975.78560,0.02967
973.85717,0.03004
971.92874,0.02974
970.00031,0.02996
968.07188,0.03030
966.14345,0.03009
964.21502,0.02955
962.28659,0.02957
960.35816,0.03055
958.42973,0.03130
956.50130,0.03059
954.57287,0.02880
952.64444,0.02748
950.71601,0.02760
948.78758,0.02826
946.85915,0.02800
944.93072,0.02716
943.00229,0.02692
941.07386,0.02693
939.14543,0.02652
937.21700,0.02592
935.28857,0.02526
933.36014,0.02465
931.43171,0.02416
929.50328,0.02339
927.57485,0.02191
925.64642,0.01989
923.71799,0.01796
921.78956,0.01626
919.86113,0.01461
917.93270,0.01306
916.00427,0.01155
914.07584,0.01008
912.14741,0.00879
910.21898,0.00759
908.29055,0.00604
906.36212,0.00429
904.43368,0.00341
902.50525,0.00392
900.57682,0.00472
898.64839,0.00416
896.71996,0.00239
894.79153,0.00120
892.86310,0.00092
890.93467,0.00042
889.00624,0.00000
887.07781,0.00055
885.14938,0.00150
883.22095,0.00142
881.29252,0.00077
879.36409,0.00077
877.43566,0.00126
875.50723,0.00141
873.57880,0.00115
871.65037,0.00131
869.72194,0.00210
867.79351,0.00239
865.86508,0.00197
863.93665,0.00187
862.00822,0.00236
860.07979,0.00317
858.15136,0.00432
856.22293,0.00567
854.29450,0.00663
852.36607,0.00705
850.43764,0.00730
848.50921,0.00806
846.58078,0.00939
844.65235,0.01116
842.72392,0.01367
840.79549,0.01599
838.86706,0.01710
836.93863,0.01805
835.01020,0.01981
833.08177,0.02174
831.15334,0.02347
829.22491,0.02581
827.29648,0.02864
825.36805,0.03103
823.43962,0.03294
821.51119,0.03464
819.58276,0.03668
817.65433,0.03908
815.72590,0.04097
813.79747,0.04239
811.86904,0.04410
809.94061,0.04596
808.01218,0.04738
806.08375,0.04830
804.15532,0.04900
802.22689,0.05025
800.29846,0.05235
798.37003,0.05377
796.44160,0.05329
794.51317,0.05195
792.58474,0.05140
790.65631,0.05226
788.72788,0.05362
786.79945,0.05364
784.87102,0.05213
782.94259,0.04987
781.01416,0.04754
779.08573,0.04560
777.15730,0.04293
775.22887,0.03935
773.30044,0.03645
771.37201,0.03404
769.44358,0.03110
767.51515,0.02820
765.58672,0.02627
763.65829,0.02492
761.72986,0.02291
759.80143,0.02018
757.87300,0.01846
755.94457,0.01817
754.01614,0.01776
752.08771,0.01703
750.15928,0.01672
748.23085,0.01670
746.30242,0.01689
744.37399,0.01656
742.44556,0.01467
740.51713,0.01300
738.58870,0.01367
736.66027,0.01531
734.73184,0.01610
732.80341,0.01564
730.87498,0.01465
728.94655,0.01409
727.01812,0.01303
725.08969,0.01206
723.16126,0.01443
721.23283,0.01648
719.30440,0.01831
717.37597,0.01929
715.44754,0.01852
713.51911,0.01727
711.59068,0.01716
709.66225,0.01827
707.73382,0.01932
705.80539,0.01947
703.87696,0.01949
701.94853,0.02022
700.02010,0.02121
698.09167,0.02197
696.16324,0.02252
694.23481,0.02236
692.30638,0.02133
690.37795,0.02032
688.44952,0.01932
686.52109,0.01771
684.59266,0.01613
682.66423,0.01547
680.73580,0.01489
678.80737,0.01305
676.87894,0.01057
674.95051,0.00968
673.02208,0.01137
671.09365,0.01257
669.16522,0.01168
667.23679,0.01364
665.30836,0.01712
663.37993,0.01701
661.45150,0.01502
659.52307,0.01497
657.59464,0.01662
655.66621,0.01497
653.73778,0.00852
651.80935,0.00444
649.88092,0.00621
647.95249,0.00823
646.02406,0.00749
644.09563,0.00653
642.16720,0.00753
640.23877,0.01137
638.31034,0.01693
636.38191,0.02080
634.45348,0.02050
632.52505,0.01740
630.59662,0.01461
628.66819,0.01336
626.73976,0.01308
624.81133,0.01235
622.88290,0.01314
620.95447,0.01881
619.02604,0.02308
617.09761,0.01764
615.16918,0.00878
613.24075,0.00513
611.31232,0.00626
609.38389,0.01091
607.45546,0.01740
605.52703,0.02026
603.59860,0.01438
601.67017,0.00428
599.74174,0.00000
