4001.49232,0.00238
3999.56389,0.00357
3997.63546,0.00417
3995.70703,0.00394
3993.77860,0.00379
3991.85017,0.00420
3989.92174,0.00478
3987.99331,0.00476
3986.06488,0.00384
3984.13645,0.00262
3982.20802,0.00182
3980.27959,0.00172
3978.35116,0.00207
3976.42273,0.00248
3974.49430,0.00271
3972.56587,0.00289
3970.63744,0.00297
3968.70901,0.00261
3966.78058,0.00208
3964.85215,0.00239
3962.92372,0.00345
3960.99529,0.00374
3959.06686,0.00263
3957.13843,0.00105
3955.21000,0.00001
3953.28157,0.00000
3951.35314,0.00089
3949.42471,0.00204
3947.49628,0.00287
3945.56785,0.00294
3943.63942,0.00211
3941.71099,0.00137
3939.78256,0.00185
3937.85413,0.00305
3935.92570,0.00385
3933.99727,0.00370
3932.06884,0.00246
3930.14041,0.00104
3928.21198,0.00060
3926.28355,0.00055
3924.35512,0.00010
3922.42669,0.00000
3920.49826,0.00087
3918.56982,0.00205
3916.64139,0.00275
3914.71296,0.00293
3912.78453,0.00253
3910.85610,0.00180
3908.92767,0.00206
3906.99924,0.00432
3905.07081,0.00744
3903.14238,0.00857
3901.21395,0.00633
3899.28552,0.00327
3897.35709,0.00179
3895.42866,0.00235
3893.50023,0.00415
3891.57180,0.00581
3889.64337,0.00657
3887.71494,0.00650
3885.78651,0.00479
3883.85808,0.00180
3881.92965,-0.00004
3880.00122,0.00035
3878.07279,0.00267
3876.14436,0.00504
3874.21593,0.00494
3872.28750,0.00253
3870.35907,0.00019
3868.43064,0.00000
3866.50221,0.00149
3864.57378,0.00193
3862.64535,0.00131
3860.71692,0.00206
3858.78849,0.00475
3856.86006,0.00827
3854.93163,0.00984
3853.00320,0.00697
3851.07477,0.00359
3849.14634,0.00397
3847.21791,0.00588
3845.28948,0.00633
3843.36105,0.00487
3841.43262,0.00304
3839.50419,0.00176
3837.57576,0.00069
3835.64733,0.00020
3833.71890,0.00064
3831.79047,0.00167
3829.86204,0.00332
3827.93361,0.00467
3826.00518,0.00475
3824.07675,0.00443
3822.14832,0.00417
3820.21989,0.00434
3818.29146,0.00556
3816.36303,0.00540
3814.43460,0.00310
3812.50617,0.00217
3810.57774,0.00338
3808.64931,0.00457
3806.72088,0.00488
3804.79245,0.00526
3802.86402,0.00518
3800.93559,0.00345
3799.00716,0.00197
3797.07873,0.00163
3795.15030,0.00140
3793.22187,0.00151
3791.29344,0.00190
3789.36501,0.00213
3787.43658,0.00270
3785.50815,0.00350
3783.57972,0.00355
3781.65129,0.00264
3779.72286,0.00115
3777.79443,0.00000
3775.86600,0.00016
3773.93757,0.00137
3772.00914,0.00253
3770.08071,0.00283
3768.15228,0.00235
3766.22385,0.00190
3764.29542,0.00233
3762.36699,0.00355
3760.43856,0.00397
3758.51013,0.00324
3756.58170,0.00352
3754.65327,0.00585
3752.72484,0.00898
3750.79641,0.01113
3748.86798,0.01115
3746.93955,0.01000
3745.01112,0.00874
3743.08269,0.00749
3741.15426,0.00832
3739.22583,0.01124
3737.29740,0.01347
3735.36897,0.01204
3733.44054,0.00718
3731.51211,0.00355
3729.58368,0.00348
3727.65525,0.00481
3725.72682,0.00538
3723.79839,0.00535
3721.86996,0.00476
3719.94153,0.00337
3718.01310,0.00239
3716.08467,0.00249
3714.15624,0.00262
3712.22781,0.00174
3710.29938,0.00050
3708.37095,0.00000
3706.44252,0.00079
3704.51409,0.00199
3702.58566,0.00235
3700.65723,0.00192
3698.72880,0.00167
3696.80037,0.00225
3694.87194,0.00358
3692.94351,0.00471
3691.01508,0.00410
3689.08665,0.00172
3687.15822,0.00002
3685.22979,0.00083
3683.30136,0.00295
3681.37293,0.00507
3679.44450,0.00741
3677.51607,0.00931
3675.58764,0.00835
3673.65921,0.00579
3671.73078,0.00555
3669.80235,0.00538
3667.87392,0.00368
3665.94549,0.00307
3664.01706,0.00390
3662.08863,0.00473
3660.16020,0.00523
3658.23177,0.00508
3656.30334,0.00399
3654.37491,0.00344
3652.44648,0.00379
3650.51805,0.00308
3648.58962,0.00206
3646.66119,0.00266
3644.73276,0.00429
3642.80433,0.00497
3640.87590,0.00436
3638.94747,0.00384
3637.01904,0.00398
3635.09061,0.00424
3633.16218,0.00462
3631.23375,0.00490
3629.30532,0.00358
3627.37689,0.00127
3625.44846,0.00103
3623.52003,0.00269
3621.59160,0.00387
3619.66317,0.00346
3617.73474,0.00284
3615.80631,0.00357
3613.87788,0.00522
3611.94945,0.00689
3610.02102,0.00765
3608.09259,0.00626
3606.16416,0.00397
3604.23573,0.00354
3602.30730,0.00475
3600.37887,0.00557
3598.45044,0.00553
3596.52201,0.00547
3594.59358,0.00581
3592.66515,0.00648
3590.73672,0.00736
3588.80829,0.00754
3586.87986,0.00648
3584.95143,0.00580
3583.02300,0.00628
3581.09457,0.00618
3579.16614,0.00479
3577.23771,0.00351
3575.30928,0.00314
3573.38085,0.00339
3571.45242,0.00386
3569.52399,0.00330
3567.59556,0.00112
3565.66713,0.00000
3563.73870,0.00163
3561.81027,0.00396
3559.88184,0.00494
3557.95341,0.00456
3556.02498,0.00380
3554.09655,0.00344
3552.16812,0.00378
3550.23969,0.00479
3548.31126,0.00614
3546.38283,0.00685
3544.45440,0.00589
3542.52597,0.00403
3540.59754,0.00307
3538.66911,0.00353
3536.74068,0.00450
3534.81225,0.00471
3532.88382,0.00398
3530.95539,0.00321
3529.02696,0.00310
3527.09853,0.00398
3525.17010,0.00517
3523.24167,0.00485
3521.31324,0.00302
3519.38481,0.00191
3517.45638,0.00218
3515.52795,0.00251
3513.59952,0.00256
3511.67109,0.00317
3509.74266,0.00425
3507.81423,0.00476
3505.88580,0.00423
3503.95737,0.00320
3502.02894,0.00254
3500.10051,0.00256
3498.17208,0.00275
3496.24365,0.00253
3494.31522,0.00205
3492.38679,0.00209
3490.45836,0.00302
3488.52993,0.00428
3486.60150,0.00500
3484.67307,0.00470
3482.74464,0.00361
3480.81621,0.00267
3478.88778,0.00257
3476.95935,0.00314
3475.03092,0.00374
3473.10249,0.00362
3471.17406,0.00259
3469.24563,0.00159
3467.31720,0.00150
3465.38877,0.00192
3463.46034,0.00241
3461.53191,0.00333
3459.60348,0.00426
3457.67505,0.00429
3455.74662,0.00368
3453.81819,0.00313
3451.88976,0.00295
3449.96133,0.00310
3448.03290,0.00347
3446.10447,0.00425
3444.17604,0.00508
3442.24761,0.00522
3440.31918,0.00459
3438.39075,0.00357
3436.46232,0.00261
3434.53389,0.00217
3432.60546,0.00265
3430.67703,0.00354
3428.74860,0.00386
3426.82017,0.00356
3424.89174,0.00331
3422.96331,0.00360
3421.03488,0.00382
3419.10645,0.00310
3417.17802,0.00256
3415.24959,0.00330
3413.32116,0.00418
3411.39273,0.00423
3409.46430,0.00427
3407.53587,0.00461
3405.60744,0.00475
3403.67901,0.00490
3401.75058,0.00498
3399.82215,0.00549
3397.89372,0.00616
3395.96529,0.00701
3394.03686,0.00736
3392.10843,0.00663
3390.18000,0.00505
3388.25157,0.00423
3386.32314,0.00498
3384.39471,0.00576
3382.46628,0.00545
3380.53785,0.00524
3378.60942,0.00599
3376.68099,0.00662
3374.75256,0.00627
3372.82413,0.00544
3370.89570,0.00506
3368.96727,0.00545
3367.03884,0.00605
3365.11041,0.00633
3363.18198,0.00662
3361.25355,0.00688
3359.32512,0.00671
3357.39669,0.00641
3355.46826,0.00588
3353.53983,0.00486
3351.61140,0.00434
3349.68297,0.00515
3347.75454,0.00671
3345.82611,0.00785
3343.89768,0.00773
3341.96925,0.00689
3340.04082,0.00680
3338.11239,0.00761
3336.18396,0.00821
3334.25553,0.00830
3332.32710,0.00857
3330.39867,0.00886
3328.47024,0.00866
3326.54181,0.00820
3324.61338,0.00756
3322.68495,0.00675
3320.75652,0.00650
3318.82809,0.00697
3316.89966,0.00734
3314.97122,0.00744
3313.04279,0.00824
3311.11436,0.00982
3309.18593,0.01048
3307.25750,0.00954
3305.32907,0.00848
3303.40064,0.00793
3301.47221,0.00747
3299.54378,0.00760
3297.61535,0.00874
3295.68692,0.00992
3293.75849,0.01029
3291.83006,0.01053
3289.90163,0.01123
3287.97320,0.01167
3286.04477,0.01126
3284.11634,0.01034
3282.18791,0.00952
3280.25948,0.00950
3278.33105,0.01051
3276.40262,0.01167
3274.47419,0.01192
3272.54576,0.01151
3270.61733,0.01117
3268.68890,0.01040
3266.76047,0.00909
3264.83204,0.00853
3262.90361,0.00898
3260.97518,0.00961
3259.04675,0.00999
3257.11832,0.00989
3255.18989,0.00944
3253.26146,0.00902
3251.33303,0.00900
3249.40460,0.00927
3247.47617,0.00928
3245.54774,0.00894
3243.61931,0.00855
3241.69088,0.00811
3239.76245,0.00738
3237.83402,0.00646
3235.90559,0.00553
3233.97716,0.00473
3232.04873,0.00474
3230.12030,0.00624
3228.19187,0.00812
3226.26344,0.00847
3224.33501,0.00748
3222.40658,0.00647
3220.47815,0.00560
3218.54972,0.00497
3216.62129,0.00494
3214.69286,0.00515
3212.76443,0.00569
3210.83600,0.00657
3208.90757,0.00676
3206.97914,0.00625
3205.05071,0.00585
3203.12228,0.00554
3201.19385,0.00546
3199.26542,0.00571
3197.33699,0.00563
3195.40856,0.00474
3193.48013,0.00355
3191.55170,0.00270
3189.62327,0.00252
3187.69484,0.00309
3185.76641,0.00414
3183.83798,0.00486
3181.90955,0.00468
3179.98112,0.00408
3178.05269,0.00332
3176.12426,0.00239
3174.19583,0.00210
3172.26740,0.00282
3170.33897,0.00367
3168.41054,0.00365
3166.48211,0.00273
3164.55368,0.00190
3162.62525,0.00203
3160.69682,0.00283
3158.76839,0.00337
3156.83996,0.00314
3154.91153,0.00242
3152.98310,0.00214
3151.05467,0.00278
3149.12624,0.00342
3147.19781,0.00321
3145.26938,0.00268
3143.34095,0.00234
3141.41252,0.00196
3139.48409,0.00176
3137.55566,0.00213
3135.62723,0.00258
3133.69880,0.00249
3131.77037,0.00180
3129.84194,0.00088
3127.91351,0.00043
3125.98508,0.00070
3124.05665,0.00091
3122.12822,0.00053
3120.19979,0.00020
3118.27136,0.00033
3116.34293,0.00064
3114.41450,0.00066
3112.48607,0.00038
3110.55764,0.00048
3108.62921,0.00079
3106.70078,0.00066
3104.77235,0.00064
3102.84392,0.00115
3100.91549,0.00139
3098.98706,0.00115
3097.05863,0.00094
3095.13020,0.00086
3093.20177,0.00070
3091.27334,0.00035
3089.34491,0.00002
3087.41648,0.00003
3085.48805,0.00039
3083.55962,0.00097
3081.63119,0.00163
3079.70276,0.00198
3077.77433,0.00135
3075.84590,0.00021
3073.91747,0.00000
3071.98904,0.00049
3070.06061,0.00069
3068.13218,0.00091
3066.20375,0.00126
3064.27532,0.00094
3062.34689,0.00005
3060.41846,-0.00019
3058.49003,0.00067
3056.56160,0.00170
3054.63317,0.00202
3052.70474,0.00190
3050.77631,0.00195
3048.84788,0.00185
3046.91945,0.00094
3044.99102,-0.00003
3043.06259,0.00000
3041.13416,0.00090
3039.20573,0.00170
3037.27730,0.00186
3035.34887,0.00160
3033.42044,0.00147
3031.49201,0.00148
3029.56358,0.00116
3027.63515,0.00060
3025.70672,0.00038
3023.77829,0.00060
3021.84986,0.00071
3019.92143,0.00046
3017.99300,0.00041
3016.06457,0.00096
3014.13614,0.00177
3012.20771,0.00230
3010.27928,0.00221
3008.35085,0.00157
3006.42242,0.00105
3004.49399,0.00103
3002.56556,0.00113
3000.63713,0.00142
2998.70870,0.00191
2996.78027,0.00225
2994.85184,0.00234
2992.92341,0.00184
2990.99498,0.00100
2989.06655,0.00075
2987.13812,0.00107
2985.20969,0.00161
2983.28126,0.00204
2981.35283,0.00187
2979.42440,0.00158
2977.49597,0.00214
2975.56754,0.00312
2973.63911,0.00335
2971.71068,0.00293
2969.78225,0.00253
2967.85382,0.00220
2965.92539,0.00226
2963.99696,0.00291
2962.06853,0.00325
2960.14010,0.00291
2958.21167,0.00242
2956.28324,0.00195
2954.35481,0.00163
2952.42638,0.00172
2950.49795,0.00195
2948.56952,0.00187
2946.64109,0.00158
2944.71266,0.00150
2942.78423,0.00184
2940.85580,0.00257
2938.92737,0.00347
2936.99894,0.00440
2935.07051,0.00475
2933.14208,0.00369
2931.21365,0.00206
2929.28522,0.00165
2927.35679,0.00261
2925.42836,0.00365
2923.49993,0.00420
2921.57150,0.00436
2919.64307,0.00389
2917.71464,0.00289
2915.78621,0.00199
2913.85778,0.00154
2911.92935,0.00148
2910.00092,0.00159
2908.07249,0.00168
2906.14406,0.00145
2904.21563,0.00099
2902.28720,0.00070
2900.35877,0.00058
2898.43034,0.00052
2896.50191,0.00047
2894.57348,0.00024
2892.64505,0.00004
2890.71662,0.00031
2888.78819,0.00098
2886.85976,0.00165
2884.93133,0.00223
2883.00290,0.00262
2881.07447,0.00262
2879.14604,0.00243
2877.21761,0.00216
2875.28918,0.00180
2873.36075,0.00161
2871.43232,0.00155
2869.50389,0.00132
2867.57546,0.00099
2865.64703,0.00110
2863.71860,0.00170
2861.79017,0.00218
2859.86174,0.00183
2857.93331,0.00072
2856.00488,0.00000
2854.07645,0.00035
2852.14802,0.00125
2850.21959,0.00178
2848.29116,0.00178
2846.36273,0.00147
2844.43430,0.00114
2842.50587,0.00104
2840.57744,0.00110
2838.64901,0.00132
2836.72058,0.00165
2834.79215,0.00179
2832.86372,0.00178
2830.93529,0.00193
2829.00686,0.00197
2827.07843,0.00153
2825.15000,0.00112
2823.22157,0.00124
2821.29314,0.00131
2819.36471,0.00102
2817.43628,0.00115
2815.50785,0.00184
2813.57942,0.00201
2811.65099,0.00150
2809.72256,0.00113
2807.79413,0.00114
2805.86570,0.00114
2803.93727,0.00093
2802.00884,0.00079
2800.08041,0.00088
2798.15198,0.00104
2796.22355,0.00100
2794.29512,0.00058
2792.36669,0.00007
2790.43826,0.00015
2788.50983,0.00070
2786.58140,0.00103
2784.65297,0.00110
2782.72454,0.00111
2780.79611,0.00102
2778.86768,0.00074
2776.93925,0.00025
2775.01082,0.00014
2773.08239,0.00074
2771.15396,0.00140
2769.22553,0.00147
2767.29710,0.00121
2765.36867,0.00136
2763.44024,0.00172
2761.51181,0.00141
2759.58338,0.00054
2757.65495,0.00000
2755.72652,0.00009
2753.79809,0.00057
2751.86966,0.00083
2749.94123,0.00076
2748.01280,0.00087
2746.08437,0.00122
2744.15594,0.00133
2742.22751,0.00123
2740.29908,0.00127
2738.37065,0.00114
2736.44222,0.00053
2734.51379,0.00004
2732.58536,0.00006
2730.65693,0.00019
2728.72850,0.00041
2726.80007,0.00083
2724.87164,0.00111
2722.94321,0.00118
2721.01478,0.00101
2719.08635,0.00049
2717.15792,0.00000
2715.22949,0.00002
2713.30105,0.00036
2711.37262,0.00065
2709.44419,0.00106
2707.51576,0.00157
2705.58733,0.00169
2703.65890,0.00126
2701.73047,0.00063
2699.80204,0.00029
2697.87361,0.00033
2695.94518,0.00051
2694.01675,0.00063
2692.08832,0.00061
2690.15989,0.00048
2688.23146,0.00051
2686.30303,0.00075
2684.37460,0.00075
2682.44617,0.00045
2680.51774,0.00041
2678.58931,0.00078
2676.66088,0.00149
2674.73245,0.00222
2672.80402,0.00222
2670.87559,0.00151
2668.94716,0.00062
2667.01873,0.00000
2665.09030,0.00011
2663.16187,0.00068
2661.23344,0.00089
2659.30501,0.00053
2657.37658,0.00015
2655.44815,0.00047
2653.51972,0.00119
2651.59129,0.00137
2649.66286,0.00126
2647.73443,0.00124
2645.80600,0.00100
2643.87757,0.00079
2641.94914,0.00075
2640.02071,0.00064
2638.09228,0.00069
2636.16385,0.00103
2634.23542,0.00125
2632.30699,0.00111
2630.37856,0.00077
2628.45013,0.00039
2626.52170,0.00000
2624.59327,0.00001
2622.66484,0.00071
2620.73641,0.00159
2618.80798,0.00187
2616.87955,0.00158
2614.95112,0.00146
2613.02269,0.00182
2611.09426,0.00218
2609.16583,0.00216
2607.23740,0.00184
2605.30897,0.00134
2603.38054,0.00093
2601.45211,0.00097
2599.52368,0.00142
2597.59525,0.00171
2595.66682,0.00168
2593.73839,0.00170
2591.80996,0.00170
2589.88153,0.00108
2587.95310,0.00011
2586.02467,-0.00017
2584.09624,0.00036
2582.16781,0.00112
2580.23938,0.00166
2578.31095,0.00153
2576.38252,0.00082
2574.45409,0.00051
2572.52566,0.00104
2570.59723,0.00154
2568.66880,0.00117
2566.74037,0.00046
2564.81194,0.00036
2562.88351,0.00069
2560.95508,0.00060
2559.02665,0.00012
2557.09822,0.00011
2555.16979,0.00062
2553.24136,0.00066
2551.31293,0.00015
2549.38450,0.00000
2547.45607,0.00023
2545.52764,0.00042
2543.59921,0.00076
2541.67078,0.00142
2539.74235,0.00206
2537.81392,0.00223
2535.88549,0.00183
2533.95706,0.00115
2532.02863,0.00069
2530.10020,0.00075
2528.17177,0.00097
2526.24334,0.00092
2524.31491,0.00051
2522.38648,0.00020
2520.45805,0.00070
2518.52962,0.00161
2516.60119,0.00180
2514.67276,0.00134
2512.74433,0.00105
2510.81590,0.00104
2508.88747,0.00114
2506.95904,0.00128
2505.03061,0.00120
2503.10218,0.00092
2501.17375,0.00070
2499.24532,0.00056
2497.31689,0.00068
2495.38846,0.00100
2493.46003,0.00098
2491.53160,0.00063
2489.60317,0.00040
2487.67474,0.00035
2485.74631,0.00052
2483.81788,0.00083
2481.88945,0.00082
2479.96102,0.00051
2478.03259,0.00029
2476.10416,0.00008
2474.17573,-0.00005
2472.24730,0.00029
2470.31887,0.00085
2468.39044,0.00084
2466.46201,0.00049
2464.53358,0.00038
2462.60515,0.00045
2460.67672,0.00073
2458.74829,0.00112
2456.81986,0.00104
2454.89143,0.00078
2452.96300,0.00102
2451.03457,0.00118
2449.10614,0.00064
2447.17771,0.00009
2445.24928,0.00002
2443.32085,0.00011
2441.39242,0.00020
2439.46399,0.00020
2437.53556,0.00012
2435.60713,0.00015
2433.67870,0.00008
2431.75027,0.00007
2429.82184,0.00006
2427.89341,0.00005
2425.96498,0.00004
2424.03655,0.00003
2422.10812,0.00002
2420.17969,0.00001
2418.25126,0.00001
2416.32283,0.00000
2414.39440,0.00000
2412.46597,-0.00000
2410.53754,-0.00000
2408.60911,-0.00001
2406.68068,-0.00001
2404.75225,-0.00000
2402.82382,-0.00000
2400.89539,0.00000
2398.96696,-0.00003
2397.03853,-0.00005
2395.11010,-0.00007
2393.18167,-0.00010
2391.25324,-0.00012
2389.32481,-0.00014
2387.39638,-0.00016
2385.46795,-0.00018
2383.53952,-0.00019
2381.61109,-0.00021
2379.68266,-0.00023
2377.75423,-0.00024
2375.82580,-0.00026
2373.89737,-0.00027
2371.96894,-0.00028
2370.04051,-0.00029
2368.11208,-0.00030
2366.18365,-0.00031
2364.25522,-0.00032
2362.32679,-0.00033
2360.39836,-0.00034
2358.46993,-0.00034
2356.54150,-0.00035
2354.61307,-0.00035
2352.68464,-0.00035
2350.75621,-0.00035
2348.82778,-0.00036
2346.89935,-0.00036
2344.97092,-0.00035
2343.04249,-0.00035
2341.11406,-0.00035
2339.18563,-0.00035
2337.25720,-0.00034
2335.32877,-0.00034
2333.40034,-0.00033
2331.47191,-0.00032
2329.54348,-0.00031
2327.61505,-0.00030
2325.68662,-0.00029
2323.75819,-0.00028
2321.82976,-0.00027
2319.90133,-0.00026
2317.97290,-0.00024
2316.04447,-0.00023
2314.11604,-0.00021
2312.18761,-0.00020
2310.25918,-0.00018
2308.33075,-0.00016
2306.40232,-0.00014
2304.47389,-0.00012
2302.54546,-0.00010
2300.61703,-0.00008
2298.68860,-0.00005
2296.76017,-0.00003
2294.83174,-0.00000
2292.90331,0.00002
2290.97488,0.00005
2289.04645,0.00008
2287.11802,0.00011
2285.18959,0.00014
2283.26116,0.00017
2281.33273,0.00020
2279.40430,0.00023
2277.47587,0.00027
2275.54744,0.00030
2273.61901,0.00034
2271.69058,0.00037
2269.76215,0.00041
2267.83372,0.00045
2265.90529,0.00049
2263.97686,0.00053
2262.04843,0.00038
2260.12000,0.00018
2258.19157,0.00006
2256.26314,0.00000
2254.33471,0.00000
2252.40628,0.00007
2250.47785,0.00038
2248.54942,0.00088
2246.62099,0.00071
2244.69256,0.00066
2242.76413,0.00073
2240.83570,0.00069
2238.90727,0.00033
2236.97884,-0.00001
2235.05041,0.00011
2233.12198,0.00042
2231.19355,0.00051
2229.26512,0.00058
2227.33669,0.00077
2225.40826,0.00098
2223.47983,0.00107
2221.55140,0.00091
2219.62297,0.00067
2217.69454,0.00070
2215.76611,0.00097
2213.83768,0.00137
2211.90925,0.00191
2209.98082,0.00220
2208.05239,0.00196
2206.12396,0.00146
2204.19553,0.00073
2202.26710,0.00004
2200.33867,0.00000
2198.41024,0.00024
2196.48181,0.00028
2194.55338,0.00037
2192.62495,0.00048
2190.69652,0.00043
2188.76809,0.00036
2186.83966,0.00032
2184.91123,0.00034
2182.98280,0.00052
2181.05437,0.00067
2179.12594,0.00043
2177.19751,0.00001
2175.26908,0.00000
2173.34065,0.00024
2171.41222,0.00033
2169.48379,0.00045
2167.55536,0.00080
2165.62693,0.00099
2163.69850,0.00081
2161.77007,0.00080
2159.84164,0.00113
2157.91321,0.00120
2155.98478,0.00088
2154.05635,0.00067
2152.12792,0.00086
2150.19949,0.00109
2148.27106,0.00090
2146.34263,0.00060
2144.41420,0.00068
2142.48577,0.00114
2140.55734,0.00160
2138.62891,0.00152
2136.70048,0.00102
2134.77205,0.00070
2132.84362,0.00059
2130.91519,0.00050
2128.98676,0.00050
2127.05833,0.00063
2125.12990,0.00078
2123.20147,0.00087
2121.27304,0.00060
2119.34461,0.00009
2117.41618,0.00016
2115.48775,0.00077
2113.55932,0.00115
2111.63089,0.00118
2109.70245,0.00098
2107.77402,0.00061
2105.84559,0.00039
2103.91716,0.00050
2101.98873,0.00072
2100.06030,0.00072
2098.13187,0.00039
2096.20344,0.00000
2094.27501,0.00000
2092.34658,0.00034
2090.41815,0.00078
2088.48972,0.00101
2086.56129,0.00094
2084.63286,0.00097
2082.70443,0.00107
2080.77600,0.00088
2078.84757,0.00067
2076.91914,0.00058
2074.99071,0.00041
2073.06228,0.00026
2071.13385,0.00051
2069.20542,0.00131
2067.27699,0.00236
2065.34856,0.00277
2063.42013,0.00201
2061.49170,0.00097
2059.56327,0.00044
2057.63484,0.00027
2055.70641,0.00030
2053.77798,0.00040
2051.84955,0.00025
2049.92112,0.00001
2047.99269,0.00000
2046.06426,0.00021
2044.13583,0.00034
2042.20740,0.00024
2040.27897,0.00014
2038.35054,0.00030
2036.42211,0.00060
2034.49368,0.00069
2032.56525,0.00045
2030.63682,0.00013
2028.70839,0.00003
2026.77996,0.00014
2024.85153,0.00022
2022.92310,0.00019
2020.99467,0.00041
2019.06624,0.00104
2017.13781,0.00157
2015.20938,0.00155
2013.28095,0.00120
2011.35252,0.00096
2009.42409,0.00110
2007.49566,0.00134
2005.56723,0.00134
2003.63880,0.00133
2001.71037,0.00146
1999.78194,0.00156
1997.85351,0.00157
1995.92508,0.00148
1993.99665,0.00135
1992.06822,0.00120
1990.13979,0.00090
1988.21136,0.00064
1986.28293,0.00080
1984.35450,0.00123
1982.42607,0.00155
1980.49764,0.00148
1978.56921,0.00098
1976.64078,0.00046
1974.71235,0.00024
1972.78392,0.00028
1970.85549,0.00048
1968.92706,0.00056
1966.99863,0.00034
1965.07020,0.00044
1963.14177,0.00103
1961.21334,0.00144
1959.28491,0.00136
1957.35648,0.00109
1955.42805,0.00082
1953.49962,0.00062
1951.57119,0.00070
1949.64276,0.00106
1947.71433,0.00142
1945.78590,0.00156
1943.85747,0.00120
1941.92904,0.00040
1940.00061,0.00000
1938.07218,0.00016
1936.14375,0.00024
1934.21532,0.00005
1932.28689,0.00002
1930.35846,0.00036
1928.43003,0.00086
1926.50160,0.00138
1924.57317,0.00178
1922.64474,0.00188
1920.71631,0.00174
1918.78788,0.00147
1916.85945,0.00115
1914.93102,0.00114
1913.00259,0.00147
1911.07416,0.00161
1909.14573,0.00131
1907.21730,0.00089
1905.28887,0.00071
1903.36044,0.00066
1901.43201,0.00061
1899.50358,0.00064
1897.57515,0.00067
1895.64672,0.00058
1893.71829,0.00069
1891.78986,0.00115
1889.86143,0.00135
1887.93300,0.00094
1886.00457,0.00035
1884.07614,0.00000
1882.14771,-0.00000
1880.21928,0.00016
1878.29085,0.00020
1876.36242,0.00015
1874.43399,0.00030
1872.50556,0.00078
1870.57713,0.00125
1868.64870,0.00130
1866.72027,0.00105
1864.79184,0.00089
1862.86341,0.00085
1860.93498,0.00085
1859.00655,0.00080
1857.07812,0.00059
1855.14969,0.00022
1853.22126,0.00000
1851.29283,0.00032
1849.36440,0.00128
1847.43597,0.00236
1845.50754,0.00277
1843.57911,0.00229
1841.65068,0.00165
1839.72225,0.00152
1837.79382,0.00193
1835.86539,0.00268
1833.93696,0.00320
1832.00853,0.00300
1830.08010,0.00222
1828.15167,0.00168
1826.22324,0.00159
1824.29481,0.00148
1822.36638,0.00119
1820.43795,0.00112
1818.50952,0.00143
1816.58109,0.00165
1814.65266,0.00132
1812.72423,0.00055
1810.79580,0.00000
1808.86737,0.00013
1806.93894,0.00084
1805.01051,0.00170
1803.08208,0.00207
1801.15365,0.00149
1799.22522,0.00073
1797.29679,0.00091
1795.36836,0.00149
1793.43993,0.00106
1791.51150,-0.00013
1789.58307,-0.00019
1787.65464,0.00105
1785.72621,0.00210
1783.79778,0.00196
1781.86935,0.00108
1779.94092,0.00057
1778.01249,0.00066
1776.08406,0.00066
1774.15563,0.00014
1772.22720,-0.00028
1770.29877,0.00023
1768.37034,0.00085
1766.44191,0.00098
1764.51348,0.00126
1762.58505,0.00187
1760.65662,0.00217
1758.72819,0.00187
1756.79976,0.00146
1754.87133,0.00166
1752.94290,0.00236
1751.01447,0.00233
1749.08604,0.00104
1747.15761,0.00018
1745.22918,0.00093
1743.30075,0.00212
1741.37232,0.00220
1739.44389,0.00145
1737.51546,0.00125
1735.58703,0.00122
1733.65860,0.00040
1731.73017,0.00000
1729.80174,0.00030
1727.87331,0.00051
1725.94488,0.00059
1724.01645,0.00086
1722.08802,0.00130
1720.15959,0.00153
1718.23116,0.00128
1716.30273,0.00111
1714.37430,0.00133
1712.44587,0.00199
1710.51744,0.00271
1708.58901,0.00342
1706.66058,0.00471
1704.73215,0.00664
1702.80372,0.00765
1700.87529,0.00711
1698.94686,0.00688
1697.01843,0.00848
1695.09000,0.01063
1693.16157,0.01243
1691.23314,0.01410
1689.30471,0.01582
1687.37628,0.01748
1685.44785,0.01863
1683.51942,0.01980
1681.59099,0.02152
1679.66256,0.02326
1677.73413,0.02468
1675.80570,0.02607
1673.87727,0.02744
1671.94884,0.02849
1670.02041,0.02947
1668.09198,0.03120
1666.16355,0.03345
1664.23512,0.03565
1662.30669,0.03793
1660.37826,0.04059
1658.44983,0.04290
1656.52140,0.04382
1654.59297,0.04323
1652.66454,0.04311
1650.73611,0.04523
1648.80768,0.04635
1646.87925,0.04412
1644.95082,0.04165
1643.02239,0.04130
1641.09396,0.04164
1639.16553,0.04095
1637.23710,0.03824
1635.30867,0.03448
1633.38024,0.03264
1631.45181,0.03255
1629.52338,0.03210
1627.59495,0.03076
1625.66652,0.02906
1623.73809,0.02714
1621.80966,0.02564
1619.88123,0.02467
1617.95280,0.02259
1616.02437,0.01930
1614.09594,0.01751
1612.16751,0.01727
1610.23908,0.01661
1608.31065,0.01517
1606.38222,0.01403
1604.45379,0.01360
1602.52536,0.01335
1600.59693,0.01281
1598.66850,0.01201
1596.74007,0.01113
1594.81164,0.01038
1592.88321,0.01017
1590.95478,0.01044
1589.02635,0.01054
1587.09792,0.01043
1585.16949,0.01064
1583.24106,0.01131
1581.31263,0.01195
1579.38420,0.01185
1577.45577,0.01084
1575.52734,0.01025
1573.59891,0.01139
1571.67048,0.01292
1569.74205,0.01366
1567.81362,0.01447
1565.88519,0.01600
1563.95676,0.01744
1562.02833,0.01753
1560.09990,0.01650
1558.17147,0.01753
1556.24304,0.02221
1554.31461,0.02611
1552.38618,0.02764
1550.45775,0.02807
1548.52932,0.02840
1546.60089,0.02841
1544.67246,0.02733
1542.74403,0.02514
1540.81560,0.02343
1538.88717,0.02504
1536.95874,0.02819
1535.03031,0.02963
1533.10188,0.02858
1531.17345,0.02712
1529.24502,0.02639
1527.31659,0.02574
1525.38816,0.02496
1523.45973,0.02420
1521.53130,0.02374
1519.60287,0.02382
1517.67444,0.02318
1515.74601,0.02158
1513.81758,0.02074
1511.88915,0.02114
1509.96072,0.02139
1508.03229,0.01917
1506.10385,0.01432
1504.17542,0.01201
1502.24699,0.01274
1500.31856,0.01317
1498.39013,0.01186
1496.46170,0.00989
1494.53327,0.00852
1492.60484,0.00726
1490.67641,0.00498
1488.74798,0.00247
1486.81955,0.00143
1484.89112,0.00175
1482.96269,0.00225
1481.03426,0.00243
1479.10583,0.00271
1477.17740,0.00344
1475.24897,0.00398
1473.32054,0.00357
1471.39211,0.00281
1469.46368,0.00296
1467.53525,0.00370
1465.60682,0.00422
1463.67839,0.00482
1461.74996,0.00584
1459.82153,0.00635
1457.89310,0.00529
1455.96467,0.00394
1454.03624,0.00426
1452.10781,0.00554
1450.17938,0.00598
1448.25095,0.00503
1446.32252,0.00367
1444.39409,0.00313
1442.46566,0.00329
1440.53723,0.00356
1438.60880,0.00367
1436.68037,0.00335
1434.75194,0.00282
1432.82351,0.00261
1430.89508,0.00220
1428.96665,0.00134
1427.03822,0.00096
1425.10979,0.00143
1423.18136,0.00245
1421.25293,0.00352
1419.32450,0.00378
1417.39607,0.00301
1415.46764,0.00228
1413.53921,0.00192
1411.61078,0.00193
1409.68235,0.00252
1407.75392,0.00331
1405.82549,0.00369
1403.89706,0.00360
1401.96863,0.00351
1400.04020,0.00385
1398.11177,0.00446
1396.18334,0.00459
1394.25491,0.00402
1392.32648,0.00374
1390.39805,0.00405
1388.46962,0.00403
1386.54119,0.00325
1384.61276,0.00254
1382.68433,0.00247
1380.75590,0.00269
1378.82747,0.00275
1376.89904,0.00244
1374.97061,0.00193
1373.04218,0.00155
1371.11375,0.00116
1369.18532,0.00064
1367.25689,0.00035
1365.32846,0.00047
1363.40003,0.00057
1361.47160,0.00039
1359.54317,0.00021
1357.61474,0.00023
1355.68631,0.00020
1353.75788,0.00005
1351.82945,0.00000
1349.90102,-0.00003
1347.97259,-0.00000
1346.04416,0.00000
1344.11573,0.00001
1342.18730,0.00012
1340.25887,0.00021
1338.33044,0.00015
1336.40201,0.00004
1334.47358,0.00032
1332.54515,0.00096
1330.61672,0.00139
1328.68829,0.00127
1326.75986,0.00091
1324.83143,0.00070
1322.90300,0.00069
1320.97457,0.00078
1319.04614,0.00093
1317.11771,0.00103
1315.18928,0.00099
1313.26085,0.00068
1311.33242,0.00010
1309.40399,-0.00028
1307.47556,-0.00013
1305.54713,0.00027
1303.61870,0.00047
1301.69027,0.00036
1299.76184,0.00016
1297.83341,0.00005
1295.90498,0.00003
1293.97655,0.00000
1292.04812,0.00003
1290.11969,0.00019
1288.19126,0.00026
1286.26283,0.00009
1284.33440,-0.00010
1282.40597,-0.00021
1280.47754,-0.00027
1278.54911,-0.00016
1276.62068,0.00025
1274.69225,0.00082
1272.76382,0.00144
1270.83539,0.00217
1268.90696,0.00315
1266.97853,0.00420
1265.05010,0.00501
1263.12167,0.00569
1261.19324,0.00675
1259.26481,0.00846
1257.33638,0.01035
1255.40795,0.01221
1253.47952,0.01414
1251.55109,0.01566
1249.62266,0.01665
1247.69423,0.01806
1245.76580,0.02053
1243.83737,0.02338
1241.90894,0.02568
1239.98051,0.02755
1238.05208,0.02942
1236.12365,0.03128
1234.19522,0.03308
1232.26679,0.03490
1230.33836,0.03651
1228.40993,0.03797
1226.48150,0.03989
1224.55307,0.04221
1222.62464,0.04391
1220.69621,0.04463
1218.76778,0.04501
1216.83935,0.04555
1214.91092,0.04679
1212.98249,0.04890
1211.05406,0.05081
1209.12563,0.05174
1207.19720,0.05223
1205.26877,0.05297
1203.34034,0.05377
1201.41191,0.05436
1199.48348,0.05539
1197.55505,0.05720
1195.62662,0.05920
1193.69819,0.06083
1191.76976,0.06229
1189.84133,0.06371
1187.91290,0.06491
1185.98447,0.06619
1184.05604,0.06788
1182.12761,0.06957
1180.19918,0.07088
1178.27075,0.07229
1176.34232,0.07431
1174.41389,0.07669
1172.48546,0.07882
1170.55703,0.08040
1168.62860,0.08186
1166.70017,0.08353
1164.77174,0.08486
1162.84331,0.08601
1160.91488,0.08799
1158.98645,0.09035
1157.05802,0.09199
1155.12959,0.09320
1153.20116,0.09422
1151.27273,0.09501
1149.34430,0.09634
1147.41587,0.09840
1145.48744,0.10033
1143.55901,0.10176
1141.63058,0.10300
1139.70215,0.10456
1137.77372,0.10676
1135.84529,0.10939
1133.91686,0.11203
1131.98843,0.11426
1130.06000,0.11599
1128.13157,0.11834
1126.20314,0.12232
1124.27471,0.12682
1122.34628,0.13078
1120.41785,0.13476
1118.48942,0.13898
1116.56099,0.14359
1114.63256,0.14914
1112.70413,0.15519
1110.77570,0.16081
1108.84727,0.16618
1106.91884,0.17185
1104.99041,0.17784
1103.06198,0.18417
1101.13355,0.19099
1099.20512,0.19788
1097.27669,0.20400
1095.34826,0.20909
1093.41983,0.21383
1091.49140,0.21917
1089.56297,0.22492
1087.63454,0.22981
1085.70611,0.23318
1083.77768,0.23584
1081.84925,0.23891
1079.92082,0.24217
1077.99239,0.24437
1076.06396,0.24543
1074.13553,0.24688
1072.20710,0.24898
1070.27867,0.25046
1068.35024,0.25131
1066.42181,0.25204
1064.49338,0.25250
1062.56495,0.25198
1060.63652,0.24987
1058.70809,0.24695
1056.77966,0.24451
1054.85123,0.24303
1052.92280,0.24145
1050.99437,0.23820
1049.06594,0.23300
1047.13751,0.22664
1045.20908,0.22065
1043.28065,0.21535
1041.35222,0.20853
1039.42379,0.19908
1037.49536,0.18885
1035.56693,0.17911
1033.63850,0.16957
1031.71007,0.15997
1029.78164,0.14983
1027.85321,0.13972
1025.92478,0.13106
1023.99635,0.12310
1022.06792,0.11423
1020.13949,0.10488
1018.21106,0.09657
1016.28263,0.08989
1014.35420,0.08413
1012.42577,0.07822
1010.49734,0.07200
1008.56891,0.06592
1006.64048,0.06029
1004.71205,0.05544
1002.78362,0.05134
1000.85519,0.04769
998.92676,0.04453
996.99833,0.04183
995.06990,0.03974
993.14147,0.03877
991.21304,0.03858
989.28461,0.03836
987.35618,0.03817
985.42775,0.03844
983.49932,0.03869
981.57089,0.03793
979.64246,0.03656
977.71403,0.03627
975.78560,0.03706
973.85717,0.03722
971.92874,0.03658
970.00031,0.03613
968.07188,0.03576
966.14345,0.03511
964.21502,0.03455
962.28659,0.03441
960.35816,0.03446
958.42973,0.03377
956.50130,0.03194
954.57287,0.03000
952.64444,0.02901
950.71601,0.02927
948.78758,0.02979
946.85915,0.02907
944.93072,0.02749
943.00229,0.02649
941.07386,0.02594
939.14543,0.02547
937.21700,0.02537
935.28857,0.02525
933.36014,0.02474
931.43171,0.02396
929.50328,0.02279
927.57485,0.02102
925.64642,0.01919
923.71799,0.01811
921.78956,0.01723
919.86113,0.01543
917.93270,0.01340
916.00427,0.01226
914.07584,0.01171
912.14741,0.01133
910.21898,0.01106
908.29055,0.01003
906.36212,0.00792
904.43368,0.00612
902.50525,0.00591
900.57682,0.00653
898.64839,0.00611
896.71996,0.00456
894.79153,0.00331
892.86310,0.00246
890.93467,0.00141
889.00624,0.00076
887.07781,0.00107
885.14938,0.00179
883.22095,0.00242
881.29252,0.00247
879.36409,0.00172
877.43566,0.00073
875.50723,0.00015
873.57880,0.00000
871.65037,0.00050
869.72194,0.00164
867.79351,0.00236
865.86508,0.00226
863.93665,0.00185
862.00822,0.00108
860.07979,0.00029
858.15136,0.00023
856.22293,0.00041
854.29450,0.00051
852.36607,0.00093
850.43764,0.00160
848.50921,0.00256
846.58078,0.00382
844.65235,0.00527
842.72392,0.00680
840.79549,0.00756
838.86706,0.00744
836.93863,0.00765
835.01020,0.00891
833.08177,0.01064
831.15334,0.01179
829.22491,0.01279
827.29648,0.01502
825.36805,0.01799
823.43962,0.01983
821.51119,0.02024
819.58276,0.02109
817.65433,0.02296
815.72590,0.02408
813.79747,0.02451
811.86904,0.02566
809.94061,0.02717
808.01218,0.02844
806.08375,0.02900
804.15532,0.02875
802.22689,0.02957
800.29846,0.03211
798.37003,0.03406
796.44160,0.03444
794.51317,0.03488
792.58474,0.03507
790.65631,0.03346
788.72788,0.03107
786.79945,0.02923
784.87102,0.02800
782.94259,0.02696
781.01416,0.02612
779.08573,0.02568
777.15730,0.02444
775.22887,0.02236
773.30044,0.02104
771.37201,0.01939
769.44358,0.01606
767.51515,0.01288
765.58672,0.01159
763.65829,0.01173
761.72986,0.01163
759.80143,0.00987
757.87300,0.00774
755.94457,0.00729
754.01614,0.00724
752.08771,0.00621
750.15928,0.00554
748.23085,0.00592
746.30242,0.00661
744.37399,0.00645
742.44556,0.00505
740.51713,0.00459
738.58870,0.00610
736.66027,0.00732
734.73184,0.00720
732.80341,0.00662
730.87498,0.00645
728.94655,0.00643
727.01812,0.00493
725.08969,0.00323
723.16126,0.00507
721.23283,0.00703
719.30440,0.00802
717.37597,0.00846
715.44754,0.00869
713.51911,0.00855
711.59068,0.00819
709.66225,0.00884
707.73382,0.01046
705.80539,0.01090
703.87696,0.00948
701.94853,0.00834
700.02010,0.00857
698.09167,0.00909
696.16324,0.00947
694.23481,0.01018
692.30638,0.01101
690.37795,0.01164
688.44952,0.01201
686.52109,0.01229
684.59266,0.01228
682.66423,0.01052
680.73580,0.00620
678.80737,0.00171
676.87894,-0.00024
674.95051,-0.00002
673.02208,0.00049
671.09365,0.00136
669.16522,0.00619
667.23679,0.01399
665.30836,0.01627
663.37993,0.01299
661.45150,0.00960
659.52307,0.00822
657.59464,0.00735
655.66621,0.00490
653.73778,0.00151
651.80935,0.00104
649.88092,0.00388
647.95249,0.00543
646.02406,0.00492
644.09563,0.00464
642.16720,0.00549
640.23877,0.00794
638.31034,0.01104
636.38191,0.01155
634.45348,0.00847
632.52505,0.00511
630.59662,0.00341
628.66819,0.00188
626.73976,0.00008
624.81133,0.00000
622.88290,0.00224
620.95447,0.00888
619.02604,0.01610
617.09761,0.01504
615.16918,0.00748
613.24075,0.00313
611.31232,0.00471
609.38389,0.00844
607.45546,0.01083
605.52703,0.01303
603.59860,0.01237
601.67017,0.00582
599.74174,0.00000
