4001.49232,0.00203
3999.56389,0.00302
3997.63546,0.00341
3995.70703,0.00269
3993.77860,0.00193
3991.85017,0.00191
3989.92174,0.00272
3987.99331,0.00388
3986.06488,0.00454
3984.13645,0.00445
3982.20802,0.00410
3980.27959,0.00389
3978.35116,0.00381
3976.42273,0.00362
3974.49430,0.00317
3972.56587,0.00290
3970.63744,0.00285
3968.70901,0.00249
3966.78058,0.00211
3964.85215,0.00268
3962.92372,0.00362
3960.99529,0.00331
3959.06686,0.00182
3957.13843,0.00049
3955.21000,0.00000
3953.28157,0.00037
3951.35314,0.00138
3949.42471,0.00266
3947.49628,0.00383
3945.56785,0.00423
3943.63942,0.00342
3941.71099,0.00230
3939.78256,0.00232
3937.85413,0.00323
3935.92570,0.00397
3933.99727,0.00420
3932.06884,0.00385
3930.14041,0.00317
3928.21198,0.00283
3926.28355,0.00276
3924.35512,0.00239
3922.42669,0.00201
3920.49826,0.00220
3918.56982,0.00252
3916.64139,0.00249
3914.71296,0.00255
3912.78453,0.00274
3910.85610,0.00285
3908.92767,0.00393
3906.99924,0.00669
3905.07081,0.00950
3903.14238,0.00992
3901.21395,0.00766
3899.28552,0.00492
3897.35709,0.00392
3895.42866,0.00543
3893.50023,0.00757
3891.57180,0.00780
3889.64337,0.00699
3887.71494,0.00698
3885.78651,0.00576
3883.85808,0.00264
3881.92965,0.00030
3880.00122,0.00007
3878.07279,0.00259
3876.14436,0.00627
3874.21593,0.00771
3872.28750,0.00627
3870.35907,0.00416
3868.43064,0.00394
3866.50221,0.00546
3864.57378,0.00507
3862.64535,0.00304
3860.71692,0.00381
3858.78849,0.00777
3856.86006,0.01185
3854.93163,0.01160
3853.00320,0.00498
3851.07477,0.00000
3849.14634,0.00184
3847.21791,0.00595
3845.28948,0.00807
3843.36105,0.00768
3841.43262,0.00615
3839.50419,0.00380
3837.57576,0.00101
3835.64733,0.00029
3833.71890,0.00180
3831.79047,0.00350
3829.86204,0.00511
3827.93361,0.00680
3826.00518,0.00788
3824.07675,0.00825
3822.14832,0.00719
3820.21989,0.00540
3818.29146,0.00558
3816.36303,0.00504
3814.43460,0.00262
3812.50617,0.00267
3810.57774,0.00532
3808.64931,0.00730
3806.72088,0.00765
3804.79245,0.00830
3802.86402,0.00800
3800.93559,0.00413
3799.00716,0.00098
3797.07873,0.00061
3795.15030,0.00052
3793.22187,0.00110
3791.29344,0.00278
3789.36501,0.00447
3787.43658,0.00564
3785.50815,0.00584
3783.57972,0.00507
3781.65129,0.00399
3779.72286,0.00225
3777.79443,0.00065
3775.86600,0.00131
3773.93757,0.00368
3772.00914,0.00549
3770.08071,0.00537
3768.15228,0.00418
3766.22385,0.00341
3764.29542,0.00366
3762.36699,0.00490
3760.43856,0.00522
3758.51013,0.00396
3756.58170,0.00439
3754.65327,0.00765
3752.72484,0.01024
3750.79641,0.00990
3748.86798,0.00988
3746.93955,0.01114
3745.01112,0.00950
3743.08269,0.00576
3741.15426,0.00672
3739.22583,0.01224
3737.29740,0.01600
3735.36897,0.01261
3733.44054,0.00488
3731.51211,0.00189
3729.58368,0.00495
3727.65525,0.00851
3725.72682,0.00917
3723.79839,0.00825
3721.86996,0.00680
3719.94153,0.00484
3718.01310,0.00424
3716.08467,0.00602
3714.15624,0.00837
3712.22781,0.00781
3710.29938,0.00341
3708.37095,0.00000
3706.44252,0.00074
3704.51409,0.00331
3702.58566,0.00425
3700.65723,0.00318
3698.72880,0.00262
3696.80037,0.00380
3694.87194,0.00610
3692.94351,0.00821
3691.01508,0.00790
3689.08665,0.00436
3687.15822,0.00158
3685.22979,0.00245
3683.30136,0.00488
3681.37293,0.00719
3679.44450,0.00983
3677.51607,0.01161
3675.58764,0.00947
3673.65921,0.00605
3671.73078,0.00548
3669.80235,0.00402
3667.87392,0.00164
3665.94549,0.00214
3664.01706,0.00425
3662.08863,0.00578
3660.16020,0.00677
3658.23177,0.00671
3656.30334,0.00527
3654.37491,0.00553
3652.44648,0.00855
3650.51805,0.00905
3648.58962,0.00407
3646.66119,0.00013
3644.73276,0.00142
3642.80433,0.00385
3640.87590,0.00456
3638.94747,0.00448
3637.01904,0.00475
3635.09061,0.00535
3633.16218,0.00665
3631.23375,0.00793
3629.30532,0.00565
3627.37689,0.00074
3625.44846,0.00000
3623.52003,0.00288
3621.59160,0.00485
3619.66317,0.00355
3617.73474,0.00101
3615.80631,0.00094
3613.87788,0.00282
3611.94945,0.00467
3610.02102,0.00563
3608.09259,0.00464
3606.16416,0.00277
3604.23573,0.00290
3602.30730,0.00439
3600.37887,0.00480
3598.45044,0.00431
3596.52201,0.00410
3594.59358,0.00378
3592.66515,0.00384
3590.73672,0.00501
3588.80829,0.00506
3586.87986,0.00269
3584.95143,0.00152
3583.02300,0.00289
3581.09457,0.00415
3579.16614,0.00430
3577.23771,0.00402
3575.30928,0.00327
3573.38085,0.00254
3571.45242,0.00285
3569.52399,0.00311
3567.59556,0.00158
3565.66713,0.00000
3563.73870,0.00075
3561.81027,0.00225
3559.88184,0.00274
3557.95341,0.00284
3556.02498,0.00321
3554.09655,0.00315
3552.16812,0.00247
3550.23969,0.00254
3548.31126,0.00393
3546.38283,0.00470
3544.45440,0.00335
3542.52597,0.00155
3540.59754,0.00148
3538.66911,0.00281
3536.74068,0.00377
3534.81225,0.00353
3532.88382,0.00292
3530.95539,0.00300
3529.02696,0.00368
3527.09853,0.00447
3525.17010,0.00503
3523.24167,0.00447
3521.31324,0.00268
3519.38481,0.00124
3517.45638,0.00101
3515.52795,0.00131
3513.59952,0.00167
3511.67109,0.00226
3509.74266,0.00277
3507.81423,0.00291
3505.88580,0.00303
3503.95737,0.00287
3502.02894,0.00199
3500.10051,0.00127
3498.17208,0.00154
3496.24365,0.00207
3494.31522,0.00197
3492.38679,0.00174
3490.45836,0.00214
3488.52993,0.00297
3486.60150,0.00366
3484.67307,0.00365
3482.74464,0.00259
3480.81621,0.00143
3478.88778,0.00153
3476.95935,0.00254
3475.03092,0.00323
3473.10249,0.00311
3471.17406,0.00260
3469.24563,0.00234
3467.31720,0.00264
3465.38877,0.00313
3463.46034,0.00319
3461.53191,0.00286
3459.60348,0.00271
3457.67505,0.00298
3455.74662,0.00325
3453.81819,0.00325
3451.88976,0.00346
3449.96133,0.00390
3448.03290,0.00391
3446.10447,0.00372
3444.17604,0.00383
3442.24761,0.00378
3440.31918,0.00348
3438.39075,0.00345
3436.46232,0.00356
3434.53389,0.00349
3432.60546,0.00361
3430.67703,0.00408
3428.74860,0.00428
3426.82017,0.00393
3424.89174,0.00369
3422.96331,0.00420
3421.03488,0.00478
3419.10645,0.00448
3417.17802,0.00415
3415.24959,0.00469
3413.32116,0.00506
3411.39273,0.00470
3409.46430,0.00460
3407.53587,0.00477
3405.60744,0.00481
3403.67901,0.00547
3401.75058,0.00625
3399.82215,0.00646
3397.89372,0.00617
3395.96529,0.00630
3394.03686,0.00613
3392.10843,0.00514
3390.18000,0.00427
3388.25157,0.00445
3386.32314,0.00532
3384.39471,0.00589
3382.46628,0.00585
3380.53785,0.00594
3378.60942,0.00642
3376.68099,0.00678
3374.75256,0.00669
3372.82413,0.00637
3370.89570,0.00621
3368.96727,0.00599
3367.03884,0.00582
3365.11041,0.00613
3363.18198,0.00642
3361.25355,0.00616
3359.32512,0.00575
3357.39669,0.00561
3355.46826,0.00545
3353.53983,0.00503
3351.61140,0.00479
3349.68297,0.00528
3347.75454,0.00643
3345.82611,0.00707
3343.89768,0.00646
3341.96925,0.00613
3340.04082,0.00737
3338.11239,0.00857
3336.18396,0.00809
3334.25553,0.00731
3332.32710,0.00798
3330.39867,0.00922
3328.47024,0.00978
3326.54181,0.00964
3324.61338,0.00864
3322.68495,0.00747
3320.75652,0.00736
3318.82809,0.00790
3316.89966,0.00815
3314.97122,0.00838
3313.04279,0.00926
3311.11436,0.01037
3309.18593,0.01053
3307.25750,0.00983
3305.32907,0.00930
3303.40064,0.00889
3301.47221,0.00831
3299.54378,0.00825
3297.61535,0.00917
3295.68692,0.01053
3293.75849,0.01142
3291.83006,0.01142
3289.90163,0.01095
3287.97320,0.01074
3286.04477,0.01105
3284.11634,0.01102
3282.18791,0.00994
3280.25948,0.00899
3278.33105,0.00948
3276.40262,0.01045
3274.47419,0.01058
3272.54576,0.01045
3270.61733,0.01065
3268.68890,0.01014
3266.76047,0.00884
3264.83204,0.00827
3262.90361,0.00891
3260.97518,0.00995
3259.04675,0.01053
3257.11832,0.01036
3255.18989,0.00972
3253.26146,0.00896
3251.33303,0.00869
3249.40460,0.00899
3247.47617,0.00898
3245.54774,0.00837
3243.61931,0.00779
3241.69088,0.00744
3239.76245,0.00700
3237.83402,0.00656
3235.90559,0.00623
3233.97716,0.00573
3232.04873,0.00533
3230.12030,0.00582
3228.19187,0.00690
3226.26344,0.00743
3224.33501,0.00731
3222.40658,0.00719
3220.47815,0.00712
3218.54972,0.00681
3216.62129,0.00602
3214.69286,0.00522
3212.76443,0.00539
3210.83600,0.00604
3208.90757,0.00596
3206.97914,0.00549
3205.05071,0.00526
3203.12228,0.00516
3201.19385,0.00533
3199.26542,0.00553
3197.33699,0.00491
3195.40856,0.00365
3193.48013,0.00281
3191.55170,0.00255
3189.62327,0.00260
3187.69484,0.00291
3185.76641,0.00362
3183.83798,0.00449
3181.90955,0.00469
3179.98112,0.00414
3178.05269,0.00306
3176.12426,0.00174
3174.19583,0.00135
3172.26740,0.00238
3170.33897,0.00357
3168.41054,0.00360
3166.48211,0.00248
3164.55368,0.00152
3162.62525,0.00165
3160.69682,0.00219
3158.76839,0.00223
3156.83996,0.00178
3154.91153,0.00162
3152.98310,0.00247
3151.05467,0.00385
3149.12624,0.00444
3147.19781,0.00387
3145.26938,0.00315
3143.34095,0.00270
3141.41252,0.00196
3139.48409,0.00131
3137.55566,0.00150
3135.62723,0.00209
3133.69880,0.00224
3131.77037,0.00175
3129.84194,0.00120
3127.91351,0.00105
3125.98508,0.00098
3124.05665,0.00046
3122.12822,0.00000
3120.19979,0.00044
3118.27136,0.00135
3116.34293,0.00173
3114.41450,0.00133
3112.48607,0.00065
3110.55764,0.00049
3108.62921,0.00083
3106.70078,0.00104
3104.77235,0.00129
3102.84392,0.00167
3100.91549,0.00181
3098.98706,0.00194
3097.05863,0.00191
3095.13020,0.00115
3093.20177,0.00021
3091.27334,0.00000
3089.34491,0.00042
3087.41648,0.00110
3085.48805,0.00166
3083.55962,0.00199
3081.63119,0.00212
3079.70276,0.00217
3077.77433,0.00208
3075.84590,0.00174
3073.91747,0.00146
3071.98904,0.00118
3070.06061,0.00089
3068.13218,0.00101
3066.20375,0.00113
3064.27532,0.00046
3062.34689,-0.00024
3060.41846,0.00020
3058.49003,0.00123
3056.56160,0.00160
3054.63317,0.00139
3052.70474,0.00118
3050.77631,0.00103
3048.84788,0.00100
3046.91945,0.00084
3044.99102,0.00022
3043.06259,-0.00023
3041.13416,0.00009
3039.20573,0.00064
3037.27730,0.00074
3035.34887,0.00060
3033.42044,0.00087
3031.49201,0.00146
3029.56358,0.00148
3027.63515,0.00081
3025.70672,0.00042
3023.77829,0.00055
3021.84986,0.00059
3019.92143,0.00031
3017.99300,0.00000
3016.06457,0.00004
3014.13614,0.00037
3012.20771,0.00052
3010.27928,0.00044
3008.35085,0.00039
3006.42242,0.00049
3004.49399,0.00064
3002.56556,0.00066
3000.63713,0.00075
2998.70870,0.00086
2996.78027,0.00084
2994.85184,0.00083
2992.92341,0.00052
2990.99498,0.00000
2989.06655,0.00004
2987.13812,0.00068
2985.20969,0.00138
2983.28126,0.00179
2981.35283,0.00167
2979.42440,0.00128
2977.49597,0.00147
2975.56754,0.00227
2973.63911,0.00280
2971.71068,0.00286
2969.78225,0.00276
2967.85382,0.00260
2965.92539,0.00275
2963.99696,0.00315
2962.06853,0.00310
2960.14010,0.00274
2958.21167,0.00269
2956.28324,0.00255
2954.35481,0.00200
2952.42638,0.00152
2950.49795,0.00146
2948.56952,0.00162
2946.64109,0.00154
2944.71266,0.00108
2942.78423,0.00084
2940.85580,0.00144
2938.92737,0.00251
2936.99894,0.00333
2935.07051,0.00363
2933.14208,0.00322
2931.21365,0.00255
2929.28522,0.00252
2927.35679,0.00328
2925.42836,0.00405
2923.49993,0.00417
2921.57150,0.00356
2919.64307,0.00262
2917.71464,0.00186
2915.78621,0.00141
2913.85778,0.00103
2911.92935,0.00087
2910.00092,0.00116
2908.07249,0.00148
2906.14406,0.00133
2904.21563,0.00104
2902.28720,0.00088
2900.35877,0.00056
2898.43034,0.00029
2896.50191,0.00038
2894.57348,0.00034
2892.64505,0.00005
2890.71662,0.00023
2888.78819,0.00096
2886.85976,0.00144
2884.93133,0.00165
2883.00290,0.00184
2881.07447,0.00179
2879.14604,0.00146
2877.21761,0.00096
2875.28918,0.00067
2873.36075,0.00085
2871.43232,0.00113
2869.50389,0.00118
2867.57546,0.00105
2865.64703,0.00105
2863.71860,0.00156
2861.79017,0.00202
2859.86174,0.00155
2857.93331,0.00043
2856.00488,-0.00027
2854.07645,0.00001
2852.14802,0.00098
2850.21959,0.00184
2848.29116,0.00212
2846.36273,0.00177
2844.43430,0.00112
2842.50587,0.00045
2840.57744,-0.00001
2838.64901,0.00000
2836.72058,0.00024
2834.79215,0.00046
2832.86372,0.00074
2830.93529,0.00088
2829.00686,0.00072
2827.07843,0.00050
2825.15000,0.00048
2823.22157,0.00051
2821.29314,0.00049
2819.36471,0.00055
2817.43628,0.00077
2815.50785,0.00087
2813.57942,0.00066
2811.65099,0.00049
2809.72256,0.00071
2807.79413,0.00116
2805.86570,0.00130
2803.93727,0.00098
2802.00884,0.00080
2800.08041,0.00104
2798.15198,0.00124
2796.22355,0.00096
2794.29512,0.00027
2792.36669,-0.00022
2790.43826,0.00003
2788.50983,0.00065
2786.58140,0.00080
2784.65297,0.00037
2782.72454,0.00013
2780.79611,0.00043
2778.86768,0.00055
2776.93925,0.00023
2775.01082,0.00023
2773.08239,0.00066
2771.15396,0.00107
2769.22553,0.00142
2767.29710,0.00189
2765.36867,0.00231
2763.44024,0.00230
2761.51181,0.00175
2759.58338,0.00088
2757.65495,0.00022
2755.72652,0.00019
2753.79809,0.00042
2751.86966,0.00046
2749.94123,0.00050
2748.01280,0.00086
2746.08437,0.00123
2744.15594,0.00134
2742.22751,0.00142
2740.29908,0.00149
2738.37065,0.00111
2736.44222,0.00038
2734.51379,0.00022
2732.58536,0.00074
2730.65693,0.00093
2728.72850,0.00057
2726.80007,0.00039
2724.87164,0.00051
2722.94321,0.00058
2721.01478,0.00048
2719.08635,0.00026
2717.15792,0.00028
2715.22949,0.00072
2713.30105,0.00119
2711.37262,0.00147
2709.44419,0.00173
2707.51576,0.00189
2705.58733,0.00151
2703.65890,0.00063
2701.73047,0.00009
2699.80204,0.00031
2697.87361,0.00052
2695.94518,0.00045
2694.01675,0.00065
2692.08832,0.00094
2690.15989,0.00090
2688.23146,0.00085
2686.30303,0.00101
2684.37460,0.00082
2682.44617,0.00024
2680.51774,0.00000
2678.58931,0.00028
2676.66088,0.00122
2674.73245,0.00237
2672.80402,0.00255
2670.87559,0.00184
2668.94716,0.00117
2667.01873,0.00064
2665.09030,0.00044
2663.16187,0.00078
2661.23344,0.00115
2659.30501,0.00107
2657.37658,0.00061
2655.44815,0.00030
2653.51972,0.00063
2651.59129,0.00114
2649.66286,0.00130
2647.73443,0.00110
2645.80600,0.00059
2643.87757,0.00022
2641.94914,0.00026
2640.02071,0.00032
2638.09228,0.00036
2636.16385,0.00053
2634.23542,0.00068
2632.30699,0.00059
2630.37856,0.00027
2628.45013,0.00000
2626.52170,0.00002
2624.59327,0.00020
2622.66484,0.00046
2620.73641,0.00069
2618.80798,0.00071
2616.87955,0.00060
2614.95112,0.00072
2613.02269,0.00122
2611.09426,0.00177
2609.16583,0.00191
2607.23740,0.00174
2605.30897,0.00153
2603.38054,0.00124
2601.45211,0.00101
2599.52368,0.00112
2597.59525,0.00137
2595.66682,0.00148
2593.73839,0.00152
2591.80996,0.00148
2589.88153,0.00112
2587.95310,0.00058
2586.02467,0.00045
2584.09624,0.00071
2582.16781,0.00090
2580.23938,0.00089
2578.31095,0.00077
2576.38252,0.00056
2574.45409,0.00035
2572.52566,0.00050
2570.59723,0.00095
2568.66880,0.00092
2566.74037,0.00030
2564.81194,0.00000
2562.88351,0.00028
2560.95508,0.00043
2559.02665,0.00028
2557.09822,0.00046
2555.16979,0.00097
2553.24136,0.00115
2551.31293,0.00092
2549.38450,0.00077
2547.45607,0.00082
2545.52764,0.00100
2543.59921,0.00134
2541.67078,0.00182
2539.74235,0.00216
2537.81392,0.00186
2535.88549,0.00112
2533.95706,0.00072
2532.02863,0.00074
2530.10020,0.00078
2528.17177,0.00075
2526.24334,0.00065
2524.31491,0.00033
2522.38648,0.00000
2520.45805,0.00020
2518.52962,0.00070
2516.60119,0.00086
2514.67276,0.00082
2512.74433,0.00088
2510.81590,0.00084
2508.88747,0.00068
2506.95904,0.00061
2505.03061,0.00062
2503.10218,0.00062
2501.17375,0.00052
2499.24532,0.00031
2497.31689,0.00050
2495.38846,0.00107
2493.46003,0.00119
2491.53160,0.00074
2489.60317,0.00023
2487.67474,-0.00005
2485.74631,0.00001
2483.81788,0.00019
2481.88945,0.00016
2479.96102,0.00004
2478.03259,0.00011
2476.10416,0.00024
2474.17573,0.00025
2472.24730,0.00036
2470.31887,0.00065
2468.39044,0.00065
2466.46201,0.00028
2464.53358,-0.00006
2462.60515,-0.00009
2460.67672,0.00021
2458.74829,0.00050
2456.81986,0.00045
2454.89143,0.00041
2452.96300,0.00072
2451.03457,0.00089
2449.10614,0.00057
2447.17771,0.00017
2445.24928,0.00000
2443.32085,0.00010
2441.39242,0.00029
2439.46399,0.00022
2437.53556,0.00009
2435.60713,0.00015
2433.67870,0.00008
2431.75027,0.00006
2429.82184,0.00005
2427.89341,0.00003
2425.96498,0.00002
2424.03655,0.00001
2422.10812,0.00000
2420.17969,-0.00001
2418.25126,-0.00001
2416.32283,-0.00002
2414.39440,-0.00002
2412.46597,-0.00002
2410.53754,-0.00002
2408.60911,-0.00002
2406.68068,-0.00002
2404.75225,-0.00001
2402.82382,-0.00001
2400.89539,0.00000
2398.96696,-0.00005
2397.03853,-0.00009
2395.11010,-0.00014
2393.18167,-0.00018
2391.25324,-0.00022
2389.32481,-0.00026
2387.39638,-0.00030
2385.46795,-0.00033
2383.53952,-0.00037
2381.61109,-0.00040
2379.68266,-0.00043
2377.75423,-0.00046
2375.82580,-0.00049
2373.89737,-0.00052
2371.96894,-0.00055
2370.04051,-0.00057
2368.11208,-0.00060
2366.18365,-0.00062
2364.25522,-0.00064
2362.32679,-0.00066
2360.39836,-0.00068
2358.46993,-0.00069
2356.54150,-0.00071
2354.61307,-0.00072
2352.68464,-0.00073
2350.75621,-0.00074
2348.82778,-0.00075
2346.89935,-0.00076
2344.97092,-0.00077
2343.04249,-0.00077
2341.11406,-0.00078
2339.18563,-0.00078
2337.25720,-0.00078
2335.32877,-0.00078
2333.40034,-0.00077
2331.47191,-0.00077
2329.54348,-0.00077
2327.61505,-0.00076
2325.68662,-0.00075
2323.75819,-0.00074
2321.82976,-0.00073
2319.90133,-0.00072
2317.97290,-0.00070
2316.04447,-0.00069
2314.11604,-0.00067
2312.18761,-0.00065
2310.25918,-0.00063
2308.33075,-0.00061
2306.40232,-0.00059
2304.47389,-0.00057
2302.54546,-0.00054
2300.61703,-0.00052
2298.68860,-0.00049
2296.76017,-0.00046
2294.83174,-0.00043
2292.90331,-0.00039
2290.97488,-0.00036
2289.04645,-0.00033
2287.11802,-0.00029
2285.18959,-0.00025
2283.26116,-0.00021
2281.33273,-0.00017
2279.40430,-0.00013
2277.47587,-0.00008
2275.54744,-0.00004
2273.61901,0.00001
2271.69058,0.00006
2269.76215,0.00011
2267.83372,0.00016
2265.90529,0.00021
2263.97686,0.00027
2262.04843,0.00004
2260.12000,0.00000
2258.19157,0.00013
2256.26314,0.00022
2254.33471,0.00025
2252.40628,0.00036
2250.47785,0.00068
2248.54942,0.00106
2246.62099,0.00087
2244.69256,0.00079
2242.76413,0.00077
2240.83570,0.00052
2238.90727,0.00015
2236.97884,-0.00002
2235.05041,0.00017
2233.12198,0.00037
2231.19355,0.00029
2229.26512,0.00032
2227.33669,0.00064
2225.40826,0.00095
2223.47983,0.00109
2221.55140,0.00100
2219.62297,0.00072
2217.69454,0.00057
2215.76611,0.00070
2213.83768,0.00092
2211.90925,0.00120
2209.98082,0.00142
2208.05239,0.00135
2206.12396,0.00099
2204.19553,0.00054
2202.26710,0.00047
2200.33867,0.00090
2198.41024,0.00105
2196.48181,0.00076
2194.55338,0.00076
2192.62495,0.00103
2190.69652,0.00107
2188.76809,0.00105
2186.83966,0.00121
2184.91123,0.00103
2182.98280,0.00037
2181.05437,0.00000
2179.12594,0.00003
2177.19751,0.00006
2175.26908,0.00012
2173.34065,0.00039
2171.41222,0.00061
2169.48379,0.00067
2167.55536,0.00065
2165.62693,0.00044
2163.69850,0.00019
2161.77007,0.00033
2159.84164,0.00080
2157.91321,0.00099
2155.98478,0.00074
2154.05635,0.00053
2152.12792,0.00072
2150.19949,0.00103
2148.27106,0.00115
2146.34263,0.00117
2144.41420,0.00129
2142.48577,0.00140
2140.55734,0.00128
2138.62891,0.00092
2136.70048,0.00062
2134.77205,0.00056
2132.84362,0.00042
2130.91519,0.00014
2128.98676,0.00004
2127.05833,0.00028
2125.12990,0.00059
2123.20147,0.00066
2121.27304,0.00039
2119.34461,0.00018
2117.41618,0.00054
2115.48775,0.00109
2113.55932,0.00118
2111.63089,0.00110
2109.70245,0.00107
2107.77402,0.00082
2105.84559,0.00065
2103.91716,0.00085
2101.98873,0.00104
2100.06030,0.00081
2098.13187,0.00033
2096.20344,0.00010
2094.27501,0.00030
2092.34658,0.00056
2090.41815,0.00066
2088.48972,0.00060
2086.56129,0.00043
2084.63286,0.00045
2082.70443,0.00073
2080.77600,0.00089
2078.84757,0.00074
2076.91914,0.00047
2074.99071,0.00023
2073.06228,0.00021
2071.13385,0.00060
2069.20542,0.00139
2067.27699,0.00212
2065.34856,0.00224
2063.42013,0.00174
2061.49170,0.00124
2059.56327,0.00086
2057.63484,0.00051
2055.70641,0.00041
2053.77798,0.00040
2051.84955,0.00024
2049.92112,0.00015
2047.99269,0.00033
2046.06426,0.00063
2044.13583,0.00073
2042.20740,0.00058
2040.27897,0.00050
2038.35054,0.00066
2036.42211,0.00090
2034.49368,0.00099
2032.56525,0.00073
2030.63682,0.00024
2028.70839,0.00000
2026.77996,0.00013
2024.85153,0.00033
2022.92310,0.00038
2020.99467,0.00058
2019.06624,0.00112
2017.13781,0.00145
2015.20938,0.00131
2013.28095,0.00121
2011.35252,0.00140
2009.42409,0.00177
2007.49566,0.00200
2005.56723,0.00180
2003.63880,0.00141
2001.71037,0.00121
1999.78194,0.00120
1997.85351,0.00129
1995.92508,0.00150
1993.99665,0.00175
1992.06822,0.00181
1990.13979,0.00162
1988.21136,0.00140
1986.28293,0.00138
1984.35450,0.00153
1982.42607,0.00163
1980.49764,0.00156
1978.56921,0.00125
1976.64078,0.00080
1974.71235,0.00053
1972.78392,0.00061
1970.85549,0.00111
1968.92706,0.00155
1966.99863,0.00135
1965.07020,0.00096
1963.14177,0.00101
1961.21334,0.00126
1959.28491,0.00137
1957.35648,0.00126
1955.42805,0.00103
1953.49962,0.00090
1951.57119,0.00103
1949.64276,0.00142
1947.71433,0.00203
1945.78590,0.00245
1943.85747,0.00194
1941.92904,0.00060
1940.00061,0.00000
1938.07218,0.00033
1936.14375,0.00055
1934.21532,0.00035
1932.28689,0.00038
1930.35846,0.00091
1928.43003,0.00169
1926.50160,0.00249
1924.57317,0.00284
1922.64474,0.00250
1920.71631,0.00208
1918.78788,0.00188
1916.85945,0.00161
1914.93102,0.00161
1913.00259,0.00208
1911.07416,0.00240
1909.14573,0.00210
1907.21730,0.00155
1905.28887,0.00127
1903.36044,0.00106
1901.43201,0.00069
1899.50358,0.00047
1897.57515,0.00062
1895.64672,0.00092
1893.71829,0.00133
1891.78986,0.00176
1889.86143,0.00165
1887.93300,0.00111
1886.00457,0.00089
1884.07614,0.00093
1882.14771,0.00090
1880.21928,0.00073
1878.29085,0.00052
1876.36242,0.00039
1874.43399,0.00064
1872.50556,0.00141
1870.57713,0.00199
1868.64870,0.00149
1866.72027,0.00057
1864.79184,0.00040
1862.86341,0.00085
1860.93498,0.00135
1859.00655,0.00152
1857.07812,0.00115
1855.14969,0.00043
1853.22126,0.00000
1851.29283,0.00042
1849.36440,0.00172
1847.43597,0.00311
1845.50754,0.00330
1843.57911,0.00189
1841.65068,0.00068
1839.72225,0.00080
1837.79382,0.00146
1835.86539,0.00202
1833.93696,0.00251
1832.00853,0.00251
1830.08010,0.00166
1828.15167,0.00098
1826.22324,0.00097
1824.29481,0.00071
1822.36638,0.00016
1820.43795,0.00009
1818.50952,0.00054
1816.58109,0.00106
1814.65266,0.00135
1812.72423,0.00120
1810.79580,0.00080
1808.86737,0.00082
1806.93894,0.00148
1805.01051,0.00218
1803.08208,0.00215
1801.15365,0.00123
1799.22522,0.00064
1797.29679,0.00146
1795.36836,0.00269
1793.43993,0.00240
1791.51150,0.00069
1789.58307,0.00020
1787.65464,0.00147
1785.72621,0.00273
1783.79778,0.00284
1781.86935,0.00216
1779.94092,0.00148
1778.01249,0.00145
1776.08406,0.00181
1774.15563,0.00145
1772.22720,0.00023
1770.29877,-0.00006
1768.37034,0.00073
1766.44191,0.00162
1764.51348,0.00234
1762.58505,0.00248
1760.65662,0.00178
1758.72819,0.00110
1756.79976,0.00106
1754.87133,0.00192
1752.94290,0.00330
1751.01447,0.00355
1749.08604,0.00186
1747.15761,0.00032
1745.22918,0.00040
1743.30075,0.00103
1741.37232,0.00094
1739.44389,0.00073
1737.51546,0.00170
1735.58703,0.00264
1733.65860,0.00150
1731.73017,0.00005
1729.80174,0.00000
1727.87331,0.00047
1725.94488,0.00100
1724.01645,0.00158
1722.08802,0.00235
1720.15959,0.00312
1718.23116,0.00269
1716.30273,0.00114
1714.37430,0.00067
1712.44587,0.00173
1710.51744,0.00292
1708.58901,0.00389
1706.66058,0.00540
1704.73215,0.00788
1702.80372,0.01009
1700.87529,0.01068
1698.94686,0.01012
1697.01843,0.01007
1695.09000,0.01105
1693.16157,0.01312
1691.23314,0.01579
1689.30471,0.01853
1687.37628,0.02124
1685.44785,0.02314
1683.51942,0.02395
1681.59099,0.02518
1679.66256,0.02755
1677.73413,0.03016
1675.80570,0.03224
1673.87727,0.03376
1671.94884,0.03492
1670.02041,0.03567
1668.09198,0.03717
1666.16355,0.04030
1664.23512,0.04367
1662.30669,0.04589
1660.37826,0.04766
1658.44983,0.05005
1656.52140,0.05221
1654.59297,0.05206
1652.66454,0.05009
1650.73611,0.05086
1648.80768,0.05192
1646.87925,0.04925
1644.95082,0.04665
1643.02239,0.04734
1641.09396,0.04880
1639.16553,0.04857
1637.23710,0.04536
1635.30867,0.04008
1633.38024,0.03699
1631.45181,0.03662
1629.52338,0.03629
1627.59495,0.03512
1625.66652,0.03371
1623.73809,0.03174
1621.80966,0.02965
1619.88123,0.02839
1617.95280,0.02631
1616.02437,0.02265
1614.09594,0.02046
1612.16751,0.02014
1610.23908,0.01929
1608.31065,0.01743
1606.38222,0.01602
1604.45379,0.01553
1602.52536,0.01508
1600.59693,0.01417
1598.66850,0.01304
1596.74007,0.01198
1594.81164,0.01131
1592.88321,0.01138
1590.95478,0.01180
1589.02635,0.01192
1587.09792,0.01180
1585.16949,0.01182
1583.24106,0.01233
1581.31263,0.01333
1579.38420,0.01403
1577.45577,0.01331
1575.52734,0.01206
1573.59891,0.01297
1571.67048,0.01507
1569.74205,0.01598
1567.81362,0.01634
1565.88519,0.01791
1563.95676,0.02031
1562.02833,0.02191
1560.09990,0.02141
1558.17147,0.02047
1556.24304,0.02305
1554.31461,0.02663
1552.38618,0.02895
1550.45775,0.03044
1548.52932,0.03185
1546.60089,0.03276
1544.67246,0.03172
1542.74403,0.02793
1540.81560,0.02354
1538.88717,0.02389
1536.95874,0.02783
1535.03031,0.03023
1533.10188,0.02944
1531.17345,0.02832
1529.24502,0.02831
1527.31659,0.02807
1525.38816,0.02755
1523.45973,0.02704
1521.53130,0.02543
1519.60287,0.02311
1517.67444,0.02089
1515.74601,0.01926
1513.81758,0.01925
1511.88915,0.02040
1509.96072,0.02090
1508.03229,0.01805
1506.10385,0.01201
1504.17542,0.00961
1502.24699,0.01101
1500.31856,0.01191
1498.39013,0.01037
1496.46170,0.00787
1494.53327,0.00688
1492.60484,0.00676
1490.67641,0.00496
1488.74798,0.00164
1486.81955,0.00000
1484.89112,0.00070
1482.96269,0.00195
1481.03426,0.00269
1479.10583,0.00337
1477.17740,0.00438
1475.24897,0.00480
1473.32054,0.00370
1471.39211,0.00248
1469.46368,0.00312
1467.53525,0.00459
1465.60682,0.00511
1463.67839,0.00522
1461.74996,0.00639
1459.82153,0.00756
1457.89310,0.00616
1455.96467,0.00338
1454.03624,0.00331
1452.10781,0.00504
1450.17938,0.00588
1448.25095,0.00507
1446.32252,0.00374
1444.39409,0.00327
1442.46566,0.00364
1440.53723,0.00424
1438.60880,0.00442
1436.68037,0.00361
1434.75194,0.00279
1432.82351,0.00297
1430.89508,0.00293
1428.96665,0.00221
1427.03822,0.00207
1425.10979,0.00265
1423.18136,0.00320
1421.25293,0.00359
1419.32450,0.00346
1417.39607,0.00279
1415.46764,0.00268
1413.53921,0.00318
1411.61078,0.00385
1409.68235,0.00470
1407.75392,0.00543
1405.82549,0.00546
1403.89706,0.00501
1401.96863,0.00504
1400.04020,0.00572
1398.11177,0.00630
1396.18334,0.00581
1394.25491,0.00444
1392.32648,0.00387
1390.39805,0.00431
1388.46962,0.00418
1386.54119,0.00298
1384.61276,0.00215
1382.68433,0.00225
1380.75590,0.00256
1378.82747,0.00269
1376.89904,0.00251
1374.97061,0.00189
1373.04218,0.00119
1371.11375,0.00082
1369.18532,0.00069
1367.25689,0.00093
1365.32846,0.00142
1363.40003,0.00133
1361.47160,0.00056
1359.54317,0.00016
1357.61474,0.00012
1355.68631,0.00007
1353.75788,0.00000
1351.82945,-0.00003
1349.90102,0.00004
1347.97259,0.00017
1346.04416,0.00039
1344.11573,0.00072
1342.18730,0.00089
1340.25887,0.00057
1338.33044,0.00001
1336.40201,-0.00004
1334.47358,0.00067
1332.54515,0.00146
1330.61672,0.00166
1328.68829,0.00121
1326.75986,0.00070
1324.83143,0.00065
1322.90300,0.00099
1320.97457,0.00128
1319.04614,0.00133
1317.11771,0.00127
1315.18928,0.00130
1313.26085,0.00123
1311.33242,0.00086
1309.40399,0.00045
1307.47556,0.00039
1305.54713,0.00061
1303.61870,0.00066
1301.69027,0.00036
1299.76184,0.00005
1297.83341,0.00005
1295.90498,0.00017
1293.97655,0.00017
1292.04812,0.00007
1290.11969,0.00000
1288.19126,-0.00005
1286.26283,-0.00006
1284.33440,-0.00001
1282.40597,0.00017
1280.47754,0.00040
1278.54911,0.00065
1276.62068,0.00095
1274.69225,0.00141
1272.76382,0.00220
1270.83539,0.00334
1268.90696,0.00463
1266.97853,0.00568
1265.05010,0.00647
1263.12167,0.00760
1261.19324,0.00955
1259.26481,0.01186
1257.33638,0.01394
1255.40795,0.01615
1253.47952,0.01880
1251.55109,0.02133
1249.62266,0.02351
1247.69423,0.02588
1245.76580,0.02871
1243.83737,0.03162
1241.90894,0.03429
1239.98051,0.03695
1238.05208,0.03973
1236.12365,0.04197
1234.19522,0.04359
1232.26679,0.04556
1230.33836,0.04799
1228.40993,0.05005
1226.48150,0.05194
1224.55307,0.05429
1222.62464,0.05647
1220.69621,0.05772
1218.76778,0.05852
1216.83935,0.05954
1214.91092,0.06121
1212.98249,0.06340
1211.05406,0.06515
1209.12563,0.06612
1207.19720,0.06701
1205.26877,0.06832
1203.34034,0.06968
1201.41191,0.07066
1199.48348,0.07177
1197.55505,0.07339
1195.62662,0.07521
1193.69819,0.07707
1191.76976,0.07920
1189.84133,0.08125
1187.91290,0.08277
1185.98447,0.08398
1184.05604,0.08532
1182.12761,0.08707
1180.19918,0.08925
1178.27075,0.09175
1176.34232,0.09430
1174.41389,0.09666
1172.48546,0.09878
1170.55703,0.10029
1168.62860,0.10153
1166.70017,0.10366
1164.77174,0.10623
1162.84331,0.10781
1160.91488,0.10894
1158.98645,0.11112
1157.05802,0.11401
1155.12959,0.11618
1153.20116,0.11747
1151.27273,0.11893
1149.34430,0.12126
1147.41587,0.12421
1145.48744,0.12717
1143.55901,0.12992
1141.63058,0.13257
1139.70215,0.13524
1137.77372,0.13824
1135.84529,0.14185
1133.91686,0.14542
1131.98843,0.14840
1130.06000,0.15149
1128.13157,0.15585
1126.20314,0.16199
1124.27471,0.16899
1122.34628,0.17554
1120.41785,0.18161
1118.48942,0.18768
1116.56099,0.19457
1114.63256,0.20274
1112.70413,0.21166
1110.77570,0.22067
1108.84727,0.22948
1106.91884,0.23855
1104.99041,0.24812
1103.06198,0.25771
1101.13355,0.26743
1099.20512,0.27725
1097.27669,0.28651
1095.34826,0.29452
1093.41983,0.30152
1091.49140,0.30909
1089.56297,0.31757
1087.63454,0.32554
1085.70611,0.33267
1083.77768,0.33933
1081.84925,0.34475
1079.92082,0.34875
1077.99239,0.35310
1076.06396,0.35803
1074.13553,0.36152
1072.20710,0.36307
1070.27867,0.36457
1068.35024,0.36781
1066.42181,0.37150
1064.49338,0.37322
1062.56495,0.37363
1060.63652,0.37323
1058.70809,0.37094
1056.77966,0.36709
1054.85123,0.36267
1052.92280,0.35805
1050.99437,0.35301
1049.06594,0.34632
1047.13751,0.33718
1045.20908,0.32673
1043.28065,0.31569
1041.35222,0.30303
1039.42379,0.28903
1037.49536,0.27561
1035.56693,0.26244
1033.63850,0.24766
1031.71007,0.23185
1029.78164,0.21618
1027.85321,0.20070
1025.92478,0.18590
1023.99635,0.17210
1022.06792,0.15856
1020.13949,0.14511
1018.21106,0.13276
1016.28263,0.12187
1014.35420,0.11184
1012.42577,0.10221
1010.49734,0.09287
1008.56891,0.08382
1006.64048,0.07582
1004.71205,0.06957
1002.78362,0.06413
1000.85519,0.05865
998.92676,0.05372
996.99833,0.04980
995.06990,0.04717
993.14147,0.04587
991.21304,0.04466
989.28461,0.04288
987.35618,0.04185
985.42775,0.04240
983.49932,0.04385
981.57089,0.04514
979.64246,0.04570
977.71403,0.04633
975.78560,0.04749
973.85717,0.04776
971.92874,0.04690
970.00031,0.04645
968.07188,0.04611
966.14345,0.04475
964.21502,0.04341
962.28659,0.04332
960.35816,0.04372
958.42973,0.04316
956.50130,0.04126
954.57287,0.03902
952.64444,0.03782
950.71601,0.03787
948.78758,0.03808
946.85915,0.03766
944.93072,0.03717
943.00229,0.03706
941.07386,0.03640
939.14543,0.03529
937.21700,0.03486
935.28857,0.03440
933.36014,0.03306
931.43171,0.03133
929.50328,0.02922
927.57485,0.02655
925.64642,0.02413
923.71799,0.02253
921.78956,0.02093
919.86113,0.01870
917.93270,0.01658
916.00427,0.01514
914.07584,0.01410
912.14741,0.01317
910.21898,0.01257
908.29055,0.01213
906.36212,0.01129
904.43368,0.01007
902.50525,0.00930
900.57682,0.00919
898.64839,0.00817
896.71996,0.00544
894.79153,0.00297
892.86310,0.00193
890.93467,0.00128
889.00624,0.00078
887.07781,0.00071
885.14938,0.00078
883.22095,0.00088
881.29252,0.00088
879.36409,0.00079
877.43566,0.00060
875.50723,0.00015
873.57880,0.00000
871.65037,0.00090
869.72194,0.00209
867.79351,0.00175
865.86508,0.00028
863.93665,-0.00041
862.00822,-0.00049
860.07979,-0.00044
858.15136,0.00015
856.22293,0.00141
854.29450,0.00297
852.36607,0.00392
850.43764,0.00402
848.50921,0.00441
846.58078,0.00567
844.65235,0.00770
842.72392,0.01018
840.79549,0.01172
838.86706,0.01222
836.93863,0.01349
835.01020,0.01610
833.08177,0.01920
831.15334,0.02184
829.22491,0.02375
827.29648,0.02569
825.36805,0.02829
823.43962,0.03081
821.51119,0.03233
819.58276,0.03423
817.65433,0.03726
815.72590,0.03942
813.79747,0.04092
811.86904,0.04364
809.94061,0.04631
808.01218,0.04705
806.08375,0.04616
804.15532,0.04521
802.22689,0.04628
800.29846,0.04933
798.37003,0.05184
796.44160,0.05262
794.51317,0.05290
792.58474,0.05303
790.65631,0.05229
788.72788,0.05135
786.79945,0.05081
784.87102,0.04984
782.94259,0.04811
781.01416,0.04639
779.08573,0.04450
777.15730,0.04151
775.22887,0.03847
773.30044,0.03629
771.37201,0.03384
769.44358,0.03083
767.51515,0.02818
765.58672,0.02664
763.65829,0.02578
761.72986,0.02397
759.80143,0.02128
757.87300,0.02001
755.94457,0.02070
754.01614,0.02101
752.08771,0.01977
750.15928,0.01855
748.23085,0.01814
746.30242,0.01791
744.37399,0.01728
742.44556,0.01619
740.51713,0.01558
738.58870,0.01579
736.66027,0.01608
734.73184,0.01612
732.80341,0.01543
730.87498,0.01508
728.94655,0.01644
727.01812,0.01710
725.08969,0.01583
723.16126,0.01580
721.23283,0.01608
719.30440,0.01722
717.37597,0.01864
715.44754,0.01894
713.51911,0.01864
711.59068,0.01917
709.66225,0.02109
707.73382,0.02276
705.80539,0.02219
703.87696,0.02071
701.94853,0.02102
700.02010,0.02284
698.09167,0.02447
696.16324,0.02520
694.23481,0.02452
692.30638,0.02310
690.37795,0.02290
688.44952,0.02328
686.52109,0.02186
684.59266,0.01913
682.66423,0.01717
680.73580,0.01626
678.80737,0.01583
676.87894,0.01613
674.95051,0.01683
673.02208,0.01669
671.09365,0.01470
669.16522,0.01303
667.23679,0.01555
665.30836,0.01716
663.37993,0.01446
661.45150,0.01224
659.52307,0.01431
657.59464,0.01758
655.66621,0.01503
653.73778,0.00609
651.80935,0.00000
649.88092,0.00079
647.95249,0.00383
646.02406,0.00691
644.09563,0.01071
642.16720,0.01391
640.23877,0.01630
638.31034,0.01871
636.38191,0.01981
634.45348,0.01803
632.52505,0.01512
630.59662,0.01350
628.66819,0.01238
626.73976,0.01029
624.81133,0.00889
622.88290,0.00988
620.95447,0.01496
619.02604,0.02061
617.09761,0.01880
615.16918,0.01137
613.24075,0.00865
611.31232,0.01231
609.38389,0.01725
607.45546,0.02165
605.52703,0.02266
603.59860,0.01364
601.67017,0.00153
599.74174,0.00000
