4001.49232,0.00068
3999.56389,0.00282
3997.63546,0.00282
3995.70703,0.00231
3993.77860,0.00210
3991.85017,0.00198
3989.92174,0.00166
3987.99331,0.00114
3986.06488,0.00070
3984.13645,0.00053
3982.20802,0.00067
3980.27959,0.00101
3978.35116,0.00130
3976.42273,0.00139
3974.49430,0.00128
3972.56587,0.00113
3970.63744,0.00092
3968.70901,0.00043
3966.78058,0.00000
3964.85215,0.00039
3962.92372,0.00123
3960.99529,0.00124
3959.06686,0.00078
3957.13843,0.00061
3955.21000,0.00050
3953.28157,0.00077
3951.35314,0.00198
3949.42471,0.00317
3947.49628,0.00308
3945.56785,0.00280
3943.63942,0.00282
3941.71099,0.00149
3939.78256,-0.00020
3937.85413,-0.00020
3935.92570,0.00117
3933.99727,0.00292
3932.06884,0.00310
3930.14041,0.00144
3928.21198,0.00045
3926.28355,0.00121
3924.35512,0.00150
3922.42669,0.00090
3920.49826,0.00158
3918.56982,0.00294
3916.64139,0.00296
3914.71296,0.00189
3912.78453,0.00117
3910.85610,0.00061
3908.92767,0.00041
3906.99924,0.00211
3905.07081,0.00501
3903.14238,0.00661
3901.21395,0.00661
3899.28552,0.00519
3897.35709,0.00262
3895.42866,0.00189
3893.50023,0.00359
3891.57180,0.00407
3889.64337,0.00265
3887.71494,0.00365
3885.78651,0.00525
3883.85808,0.00415
3881.92965,0.00379
3880.00122,0.00298
3878.07279,0.00111
3876.14436,0.00241
3874.21593,0.00506
3872.28750,0.00669
3870.35907,0.00714
3868.43064,0.00530
3866.50221,0.00545
3864.57378,0.00678
3862.64535,0.00492
3860.71692,0.00265
3858.78849,0.00279
3856.86006,0.00544
3854.93163,0.00829
3853.00320,0.00653
3851.07477,0.00251
3849.14634,0.00250
3847.21791,0.00457
3845.28948,0.00584
3843.36105,0.00535
3841.43262,0.00437
3839.50419,0.00458
3837.57576,0.00449
3835.64733,0.00387
3833.71890,0.00445
3831.79047,0.00508
3829.86204,0.00467
3827.93361,0.00420
3826.00518,0.00320
3824.07675,0.00337
3822.14832,0.00511
3820.21989,0.00370
3818.29146,0.00308
3816.36303,0.00563
3814.43460,0.00533
3812.50617,0.00398
3810.57774,0.00470
3808.64931,0.00630
3806.72088,0.00580
3804.79245,0.00428
3802.86402,0.00534
3800.93559,0.00453
3799.00716,0.00252
3797.07873,0.00306
3795.15030,0.00248
3793.22187,0.00110
3791.29344,0.00109
3789.36501,0.00169
3787.43658,0.00257
3785.50815,0.00290
3783.57972,0.00192
3781.65129,0.00174
3779.72286,0.00222
3777.79443,0.00105
3775.86600,0.00000
3773.93757,0.00049
3772.00914,0.00248
3770.08071,0.00417
3768.15228,0.00417
3766.22385,0.00406
3764.29542,0.00373
3762.36699,0.00461
3760.43856,0.00729
3758.51013,0.00825
3756.58170,0.00721
3754.65327,0.00766
3752.72484,0.01004
3750.79641,0.01095
3748.86798,0.01007
3746.93955,0.01257
3745.01112,0.01568
3743.08269,0.01236
3741.15426,0.00851
3739.22583,0.00908
3737.29740,0.01144
3735.36897,0.01163
3733.44054,0.00879
3731.51211,0.00631
3729.58368,0.00625
3727.65525,0.00828
3725.72682,0.00909
3723.79839,0.00754
3721.86996,0.00527
3719.94153,0.00317
3718.01310,0.00210
3716.08467,0.00236
3714.15624,0.00398
3712.22781,0.00508
3710.29938,0.00353
3708.37095,0.00123
3706.44252,0.00076
3704.51409,0.00209
3702.58566,0.00311
3700.65723,0.00182
3698.72880,0.00028
3696.80037,0.00000
3694.87194,0.00019
3692.94351,0.00172
3691.01508,0.00401
3689.08665,0.00369
3687.15822,0.00100
3685.22979,-0.00001
3683.30136,0.00094
3681.37293,0.00186
3679.44450,0.00274
3677.51607,0.00488
3675.58764,0.00546
3673.65921,0.00279
3671.73078,0.00402
3669.80235,0.00541
3667.87392,0.00232
3665.94549,0.00068
3664.01706,0.00137
3662.08863,0.00168
3660.16020,0.00172
3658.23177,0.00242
3656.30334,0.00190
3654.37491,0.00002
3652.44648,0.00151
3650.51805,0.00489
3648.58962,0.00395
3646.66119,0.00061
3644.73276,0.00000
3642.80433,0.00130
3640.87590,0.00179
3638.94747,0.00137
3637.01904,0.00101
3635.09061,0.00091
3633.16218,0.00147
3631.23375,0.00439
3629.30532,0.00692
3627.37689,0.00350
3625.44846,-0.00024
3623.52003,0.00000
3621.59160,0.00237
3619.66317,0.00355
3617.73474,0.00241
3615.80631,0.00251
3613.87788,0.00385
3611.94945,0.00364
3610.02102,0.00338
3608.09259,0.00309
3606.16416,0.00147
3604.23573,0.00108
3602.30730,0.00227
3600.37887,0.00236
3598.45044,0.00128
3596.52201,0.00100
3594.59358,0.00094
3592.66515,0.00015
3590.73672,0.00088
3588.80829,0.00329
3586.87986,0.00313
3584.95143,0.00067
3583.02300,-0.00007
3581.09457,0.00038
3579.16614,0.00025
3577.23771,-0.00012
3575.30928,-0.00032
3573.38085,-0.00065
3571.45242,-0.00029
3569.52399,0.00213
3567.59556,0.00446
3565.66713,0.00331
3563.73870,0.00143
3561.81027,0.00126
3559.88184,0.00110
3557.95341,0.00039
3556.02498,0.00031
3554.09655,0.00063
3552.16812,0.00020
3550.23969,-0.00006
3548.31126,0.00164
3546.38283,0.00361
3544.45440,0.00327
3542.52597,0.00162
3540.59754,0.00067
3538.66911,0.00070
3536.74068,0.00071
3534.81225,0.00013
3532.88382,-0.00021
3530.95539,0.00028
3529.02696,0.00126
3527.09853,0.00234
3525.17010,0.00314
3523.24167,0.00295
3521.31324,0.00201
3519.38481,0.00122
3517.45638,0.00045
3515.52795,-0.00028
3513.59952,-0.00026
3511.67109,0.00074
3509.74266,0.00159
3507.81423,0.00166
3505.88580,0.00230
3503.95737,0.00350
3502.02894,0.00329
3500.10051,0.00193
3498.17208,0.00087
3496.24365,0.00022
3494.31522,0.00000
3492.38679,0.00034
3490.45836,0.00091
3488.52993,0.00117
3486.60150,0.00109
3484.67307,0.00120
3482.74464,0.00155
3480.81621,0.00124
3478.88778,0.00042
3476.95935,0.00014
3475.03092,0.00049
3473.10249,0.00105
3471.17406,0.00160
3469.24563,0.00165
3467.31720,0.00098
3465.38877,0.00045
3463.46034,0.00084
3461.53191,0.00133
3459.60348,0.00112
3457.67505,0.00069
3455.74662,0.00059
3453.81819,0.00084
3451.88976,0.00105
3449.96133,0.00119
3448.03290,0.00133
3446.10447,0.00106
3444.17604,0.00099
3442.24761,0.00135
3440.31918,0.00159
3438.39075,0.00215
3436.46232,0.00247
3434.53389,0.00159
3432.60546,0.00027
3430.67703,0.00000
3428.74860,0.00101
3426.82017,0.00211
3424.89174,0.00247
3422.96331,0.00272
3421.03488,0.00300
3419.10645,0.00265
3417.17802,0.00225
3415.24959,0.00224
3413.32116,0.00208
3411.39273,0.00170
3409.46430,0.00140
3407.53587,0.00132
3405.60744,0.00154
3403.67901,0.00192
3401.75058,0.00230
3399.82215,0.00371
3397.89372,0.00413
3395.96529,0.00393
3394.03686,0.00369
3392.10843,0.00344
3390.18000,0.00304
3388.25157,0.00335
3386.32314,0.00405
3384.39471,0.00367
3382.46628,0.00234
3380.53785,0.00156
3378.60942,0.00173
3376.68099,0.00219
3374.75256,0.00256
3372.82413,0.00266
3370.89570,0.00261
3368.96727,0.00281
3367.03884,0.00342
3365.11041,0.00399
3363.18198,0.00422
3361.25355,0.00419
3359.32512,0.00418
3357.39669,0.00440
3355.46826,0.00451
3353.53983,0.00413
3351.61140,0.00333
3349.68297,0.00258
3347.75454,0.00260
3345.82611,0.00334
3343.89768,0.00401
3341.96925,0.00433
3340.04082,0.00473
3338.11239,0.00527
3336.18396,0.00546
3334.25553,0.00514
3332.32710,0.00464
3330.39867,0.00438
3328.47024,0.00473
3326.54181,0.00583
3324.61338,0.00668
3322.68495,0.00625
3320.75652,0.00523
3318.82809,0.00483
3316.89966,0.00498
3314.97122,0.00508
3313.04279,0.00517
3311.11436,0.00583
3309.18593,0.00677
3307.25750,0.00702
3305.32907,0.00666
3303.40064,0.00623
3301.47221,0.00603
3299.54378,0.00633
3297.61535,0.00678
3295.68692,0.00706
3293.75849,0.00744
3291.83006,0.00785
3289.90163,0.00770
3287.97320,0.00704
3286.04477,0.00649
3284.11634,0.00635
3282.18791,0.00654
3280.25948,0.00698
3278.33105,0.00768
3276.40262,0.00852
3274.47419,0.00898
3272.54576,0.00827
3270.61733,0.00669
3268.68890,0.00577
3266.76047,0.00589
3264.83204,0.00607
3262.90361,0.00595
3260.97518,0.00564
3259.04675,0.00536
3257.11832,0.00557
3255.18989,0.00592
3253.26146,0.00553
3251.33303,0.00495
3249.40460,0.00506
3247.47617,0.00550
3245.54774,0.00559
3243.61931,0.00534
3241.69088,0.00542
3239.76245,0.00566
3237.83402,0.00534
3235.90559,0.00473
3233.97716,0.00460
3232.04873,0.00491
3230.12030,0.00516
3228.19187,0.00506
3226.26344,0.00473
3224.33501,0.00471
3222.40658,0.00505
3220.47815,0.00524
3218.54972,0.00504
3216.62129,0.00486
3214.69286,0.00476
3212.76443,0.00433
3210.83600,0.00391
3208.90757,0.00373
3206.97914,0.00371
3205.05071,0.00364
3203.12228,0.00304
3201.19385,0.00252
3199.26542,0.00296
3197.33699,0.00355
3195.40856,0.00340
3193.48013,0.00314
3191.55170,0.00333
3189.62327,0.00373
3187.69484,0.00392
3185.76641,0.00371
3183.83798,0.00324
3181.90955,0.00297
3179.98112,0.00314
3178.05269,0.00311
3176.12426,0.00253
3174.19583,0.00194
3172.26740,0.00172
3170.33897,0.00180
3168.41054,0.00195
3166.48211,0.00209
3164.55368,0.00215
3162.62525,0.00204
3160.69682,0.00196
3158.76839,0.00188
3156.83996,0.00182
3154.91153,0.00230
3152.98310,0.00306
3151.05467,0.00307
3149.12624,0.00220
3147.19781,0.00114
3145.26938,0.00025
3143.34095,0.00000
3141.41252,0.00050
3139.48409,0.00111
3137.55566,0.00125
3135.62723,0.00130
3133.69880,0.00160
3131.77037,0.00176
3129.84194,0.00181
3127.91351,0.00178
3125.98508,0.00136
3124.05665,0.00121
3122.12822,0.00164
3120.19979,0.00196
3118.27136,0.00213
3116.34293,0.00246
3114.41450,0.00270
3112.48607,0.00262
3110.55764,0.00218
3108.62921,0.00148
3106.70078,0.00093
3104.77235,0.00099
3102.84392,0.00160
3100.91549,0.00187
3098.98706,0.00153
3097.05863,0.00128
3095.13020,0.00093
3093.20177,0.00043
3091.27334,0.00036
3089.34491,0.00051
3087.41648,0.00058
3085.48805,0.00071
3083.55962,0.00096
3081.63119,0.00111
3079.70276,0.00112
3077.77433,0.00108
3075.84590,0.00099
3073.91747,0.00072
3071.98904,0.00049
3070.06061,0.00069
3068.13218,0.00111
3066.20375,0.00118
3064.27532,0.00073
3062.34689,0.00016
3060.41846,0.00004
3058.49003,0.00044
3056.56160,0.00072
3054.63317,0.00043
3052.70474,0.00028
3050.77631,0.00076
3048.84788,0.00128
3046.91945,0.00136
3044.99102,0.00107
3043.06259,0.00055
3041.13416,0.00005
3039.20573,0.00000
3037.27730,0.00055
3035.34887,0.00137
3033.42044,0.00196
3031.49201,0.00207
3029.56358,0.00175
3027.63515,0.00131
3025.70672,0.00093
3023.77829,0.00065
3021.84986,0.00049
3019.92143,0.00041
3017.99300,0.00049
3016.06457,0.00075
3014.13614,0.00115
3012.20771,0.00163
3010.27928,0.00167
3008.35085,0.00120
3006.42242,0.00091
3004.49399,0.00092
3002.56556,0.00061
3000.63713,0.00000
2998.70870,0.00006
2996.78027,0.00058
2994.85184,0.00094
2992.92341,0.00113
2990.99498,0.00138
2989.06655,0.00165
2987.13812,0.00170
2985.20969,0.00153
2983.28126,0.00156
2981.35283,0.00187
2979.42440,0.00220
2977.49597,0.00219
2975.56754,0.00191
2973.63911,0.00181
2971.71068,0.00194
2969.78225,0.00206
2967.85382,0.00206
2965.92539,0.00205
2963.99696,0.00220
2962.06853,0.00240
2960.14010,0.00234
2958.21167,0.00215
2956.28324,0.00202
2954.35481,0.00202
2952.42638,0.00202
2950.49795,0.00197
2948.56952,0.00197
2946.64109,0.00189
2944.71266,0.00161
2942.78423,0.00137
2940.85580,0.00157
2938.92737,0.00220
2936.99894,0.00269
2935.07051,0.00271
2933.14208,0.00251
2931.21365,0.00233
2929.28522,0.00214
2927.35679,0.00185
2925.42836,0.00168
2923.49993,0.00172
2921.57150,0.00173
2919.64307,0.00173
2917.71464,0.00189
2915.78621,0.00192
2913.85778,0.00175
2911.92935,0.00156
2910.00092,0.00115
2908.07249,0.00068
2906.14406,0.00074
2904.21563,0.00110
2902.28720,0.00109
2900.35877,0.00076
2898.43034,0.00048
2896.50191,0.00031
2894.57348,0.00025
2892.64505,0.00040
2890.71662,0.00061
2888.78819,0.00064
2886.85976,0.00063
2884.93133,0.00080
2883.00290,0.00106
2881.07447,0.00109
2879.14604,0.00089
2877.21761,0.00087
2875.28918,0.00112
2873.36075,0.00133
2871.43232,0.00139
2869.50389,0.00127
2867.57546,0.00102
2865.64703,0.00095
2863.71860,0.00099
2861.79017,0.00077
2859.86174,0.00046
2857.93331,0.00053
2856.00488,0.00116
2854.07645,0.00178
2852.14802,0.00164
2850.21959,0.00094
2848.29116,0.00051
2846.36273,0.00046
2844.43430,0.00039
2842.50587,0.00042
2840.57744,0.00072
2838.64901,0.00078
2836.72058,0.00043
2834.79215,0.00016
2832.86372,0.00007
2830.93529,0.00000
2829.00686,0.00011
2827.07843,0.00051
2825.15000,0.00091
2823.22157,0.00102
2821.29314,0.00086
2819.36471,0.00065
2817.43628,0.00047
2815.50785,0.00045
2813.57942,0.00068
2811.65099,0.00082
2809.72256,0.00050
2807.79413,0.00016
2805.86570,0.00028
2803.93727,0.00059
2802.00884,0.00087
2800.08041,0.00113
2798.15198,0.00110
2796.22355,0.00095
2794.29512,0.00107
2792.36669,0.00114
2790.43826,0.00092
2788.50983,0.00082
2786.58140,0.00096
2784.65297,0.00098
2782.72454,0.00082
2780.79611,0.00073
2778.86768,0.00075
2776.93925,0.00087
2775.01082,0.00108
2773.08239,0.00110
2771.15396,0.00103
2769.22553,0.00114
2767.29710,0.00130
2765.36867,0.00137
2763.44024,0.00139
2761.51181,0.00132
2759.58338,0.00124
2757.65495,0.00123
2755.72652,0.00131
2753.79809,0.00139
2751.86966,0.00134
2749.94123,0.00109
2748.01280,0.00083
2746.08437,0.00080
2744.15594,0.00088
2742.22751,0.00076
2740.29908,0.00064
2738.37065,0.00081
2736.44222,0.00096
2734.51379,0.00089
2732.58536,0.00082
2730.65693,0.00086
2728.72850,0.00103
2726.80007,0.00117
2724.87164,0.00116
2722.94321,0.00105
2721.01478,0.00083
2719.08635,0.00050
2717.15792,0.00017
2715.22949,0.00004
2713.30105,0.00034
2711.37262,0.00077
2709.44419,0.00079
2707.51576,0.00047
2705.58733,0.00023
2703.65890,0.00008
2701.73047,0.00000
2699.80204,0.00018
2697.87361,0.00055
2695.94518,0.00067
2694.01675,0.00059
2692.08832,0.00071
2690.15989,0.00082
2688.23146,0.00058
2686.30303,0.00029
2684.37460,0.00025
2682.44617,0.00039
2680.51774,0.00062
2678.58931,0.00074
2676.66088,0.00055
2674.73245,0.00027
2672.80402,0.00024
2670.87559,0.00040
2668.94716,0.00035
2667.01873,0.00012
2665.09030,0.00016
2663.16187,0.00054
2661.23344,0.00098
2659.30501,0.00111
2657.37658,0.00087
2655.44815,0.00070
2653.51972,0.00082
2651.59129,0.00108
2649.66286,0.00130
2647.73443,0.00131
2645.80600,0.00122
2643.87757,0.00119
2641.94914,0.00117
2640.02071,0.00115
2638.09228,0.00115
2636.16385,0.00108
2634.23542,0.00096
2632.30699,0.00089
2630.37856,0.00091
2628.45013,0.00097
2626.52170,0.00104
2624.59327,0.00119
2622.66484,0.00129
2620.73641,0.00107
2618.80798,0.00063
2616.87955,0.00032
2614.95112,0.00043
2613.02269,0.00075
2611.09426,0.00079
2609.16583,0.00049
2607.23740,0.00015
2605.30897,0.00003
2603.38054,0.00005
2601.45211,0.00002
2599.52368,0.00000
2597.59525,0.00004
2595.66682,0.00019
2593.73839,0.00045
2591.80996,0.00065
2589.88153,0.00074
2587.95310,0.00071
2586.02467,0.00057
2584.09624,0.00048
2582.16781,0.00059
2580.23938,0.00081
2578.31095,0.00092
2576.38252,0.00101
2574.45409,0.00115
2572.52566,0.00117
2570.59723,0.00109
2568.66880,0.00099
2566.74037,0.00082
2564.81194,0.00060
2562.88351,0.00065
2560.95508,0.00092
2559.02665,0.00099
2557.09822,0.00087
2555.16979,0.00082
2553.24136,0.00081
2551.31293,0.00086
2549.38450,0.00096
2547.45607,0.00102
2545.52764,0.00102
2543.59921,0.00099
2541.67078,0.00100
2539.74235,0.00108
2537.81392,0.00102
2535.88549,0.00085
2533.95706,0.00081
2532.02863,0.00085
2530.10020,0.00076
2528.17177,0.00067
2526.24334,0.00071
2524.31491,0.00087
2522.38648,0.00104
2520.45805,0.00093
2518.52962,0.00060
2516.60119,0.00048
2514.67276,0.00048
2512.74433,0.00043
2510.81590,0.00053
2508.88747,0.00078
2506.95904,0.00082
2505.03061,0.00051
2503.10218,0.00011
2501.17375,0.00000
2499.24532,0.00028
2497.31689,0.00062
2495.38846,0.00074
2493.46003,0.00080
2491.53160,0.00085
2489.60317,0.00083
2487.67474,0.00086
2485.74631,0.00084
2483.81788,0.00066
2481.88945,0.00044
2479.96102,0.00023
2478.03259,0.00001
2476.10416,-0.00006
2474.17573,0.00002
2472.24730,0.00018
2470.31887,0.00047
2468.39044,0.00073
2466.46201,0.00064
2464.53358,0.00027
2462.60515,-0.00003
2460.67672,0.00005
2458.74829,0.00042
2456.81986,0.00071
2454.89143,0.00067
2452.96300,0.00043
2451.03457,0.00041
2449.10614,0.00061
2447.17771,0.00070
2445.24928,0.00052
2443.32085,0.00020
2441.39242,0.00000
2439.46399,0.00006
2437.53556,0.00038
2435.60713,0.00077
2433.67870,0.00102
2431.75027,0.00086
2429.82184,0.00048
2427.89341,0.00044
2425.96498,0.00064
2424.03655,0.00061
2422.10812,0.00058
2420.17969,0.00055
2418.25126,0.00052
2416.32283,0.00050
2414.39440,0.00047
2412.46597,0.00044
2410.53754,0.00042
2408.60911,0.00039
2406.68068,0.00037
2404.75225,0.00035
2402.82382,0.00033
2400.89539,0.00030
2398.96696,0.00028
2397.03853,0.00026
2395.11010,0.00025
2393.18167,0.00023
2391.25324,0.00021
2389.32481,0.00019
2387.39638,0.00018
2385.46795,0.00016
2383.53952,0.00015
2381.61109,0.00014
2379.68266,0.00012
2377.75423,0.00011
2375.82580,0.00010
2373.89737,0.00009
2371.96894,0.00008
2370.04051,0.00007
2368.11208,0.00006
2366.18365,0.00006
2364.25522,0.00005
2362.32679,0.00004
2360.39836,0.00004
2358.46993,0.00004
2356.54150,0.00003
2354.61307,0.00003
2352.68464,0.00003
2350.75621,0.00003
2348.82778,0.00003
2346.89935,0.00003
2344.97092,0.00003
2343.04249,0.00003
2341.11406,0.00004
2339.18563,0.00004
2337.25720,0.00004
2335.32877,0.00005
2333.40034,0.00006
2331.47191,0.00006
2329.54348,0.00007
2327.61505,0.00008
2325.68662,0.00009
2323.75819,0.00010
2321.82976,0.00011
2319.90133,0.00012
2317.97290,0.00014
2316.04447,0.00015
2314.11604,0.00016
2312.18761,0.00018
2310.25918,0.00019
2308.33075,0.00021
2306.40232,0.00023
2304.47389,0.00025
2302.54546,0.00026
2300.61703,0.00028
2298.68860,0.00030
2296.76017,0.00033
2294.83174,0.00035
2292.90331,0.00037
2290.97488,0.00039
2289.04645,0.00042
2287.11802,0.00044
2285.18959,0.00047
2283.26116,0.00050
2281.33273,0.00052
2279.40430,0.00055
2277.47587,0.00058
2275.54744,0.00061
2273.61901,0.00064
2271.69058,0.00067
2269.76215,0.00071
2267.83372,0.00074
2265.90529,0.00077
2263.97686,0.00081
2262.04843,0.00084
2260.12000,0.00088
2258.19157,0.00092
2256.26314,0.00095
2254.33471,0.00099
2252.40628,0.00103
2250.47785,0.00107
2248.54942,0.00111
2246.62099,0.00115
2244.69256,0.00120
2242.76413,0.00124
2240.83570,0.00091
2238.90727,0.00060
2236.97884,0.00038
2235.05041,0.00029
2233.12198,0.00034
2231.19355,0.00031
2229.26512,0.00013
2227.33669,0.00000
2225.40826,0.00001
2223.47983,0.00018
2221.55140,0.00040
2219.62297,0.00054
2217.69454,0.00057
2215.76611,0.00054
2213.83768,0.00048
2211.90925,0.00044
2209.98082,0.00043
2208.05239,0.00058
2206.12396,0.00080
2204.19553,0.00086
2202.26710,0.00076
2200.33867,0.00057
2198.41024,0.00039
2196.48181,0.00046
2194.55338,0.00069
2192.62495,0.00074
2190.69652,0.00083
2188.76809,0.00103
2186.83966,0.00098
2184.91123,0.00065
2182.98280,0.00044
2181.05437,0.00032
2179.12594,0.00016
2177.19751,0.00005
2175.26908,0.00014
2173.34065,0.00035
2171.41222,0.00043
2169.48379,0.00032
2167.55536,0.00030
2165.62693,0.00050
2163.69850,0.00071
2161.77007,0.00068
2159.84164,0.00051
2157.91321,0.00050
2155.98478,0.00046
2154.05635,0.00019
2152.12792,0.00000
2150.19949,0.00009
2148.27106,0.00038
2146.34263,0.00055
2144.41420,0.00040
2142.48577,0.00029
2140.55734,0.00053
2138.62891,0.00084
2136.70048,0.00087
2134.77205,0.00054
2132.84362,0.00018
2130.91519,0.00015
2128.98676,0.00031
2127.05833,0.00034
2125.12990,0.00016
2123.20147,0.00000
2121.27304,0.00001
2119.34461,0.00008
2117.41618,0.00019
2115.48775,0.00030
2113.55932,0.00025
2111.63089,0.00015
2109.70245,0.00021
2107.77402,0.00019
2105.84559,0.00001
2103.91716,-0.00006
2101.98873,0.00010
2100.06030,0.00032
2098.13187,0.00037
2096.20344,0.00050
2094.27501,0.00064
2092.34658,0.00068
2090.41815,0.00070
2088.48972,0.00069
2086.56129,0.00056
2084.63286,0.00040
2082.70443,0.00050
2080.77600,0.00074
2078.84757,0.00070
2076.91914,0.00055
2074.99071,0.00058
2073.06228,0.00076
2071.13385,0.00081
2069.20542,0.00069
2067.27699,0.00079
2065.34856,0.00098
2063.42013,0.00071
2061.49170,0.00043
2059.56327,0.00039
2057.63484,0.00020
2055.70641,0.00000
2053.77798,0.00005
2051.84955,0.00028
2049.92112,0.00043
2047.99269,0.00045
2046.06426,0.00041
2044.13583,0.00036
2042.20740,0.00032
2040.27897,0.00019
2038.35054,0.00012
2036.42211,0.00014
2034.49368,0.00012
2032.56525,0.00019
2030.63682,0.00040
2028.70839,0.00063
2026.77996,0.00076
2024.85153,0.00083
2022.92310,0.00082
2020.99467,0.00071
2019.06624,0.00073
2017.13781,0.00071
2015.20938,0.00036
2013.28095,0.00022
2011.35252,0.00047
2009.42409,0.00078
2007.49566,0.00076
2005.56723,0.00033
2003.63880,0.00000
2001.71037,0.00003
1999.78194,0.00023
1997.85351,0.00029
1995.92508,0.00030
1993.99665,0.00065
1992.06822,0.00084
1990.13979,0.00044
1988.21136,0.00040
1986.28293,0.00063
1984.35450,0.00058
1982.42607,0.00051
1980.49764,0.00060
1978.56921,0.00077
1976.64078,0.00083
1974.71235,0.00063
1972.78392,0.00022
1970.85549,0.00000
1968.92706,0.00035
1966.99863,0.00063
1965.07020,0.00040
1963.14177,0.00047
1961.21334,0.00084
1959.28491,0.00080
1957.35648,0.00062
1955.42805,0.00061
1953.49962,0.00067
1951.57119,0.00069
1949.64276,0.00049
1947.71433,0.00015
1945.78590,0.00021
1943.85747,0.00090
1941.92904,0.00096
1940.00061,0.00025
1938.07218,0.00009
1936.14375,0.00023
1934.21532,0.00019
1932.28689,0.00010
1930.35846,0.00011
1928.43003,0.00010
1926.50160,0.00011
1924.57317,0.00052
1922.64474,0.00074
1920.71631,0.00062
1918.78788,0.00103
1916.85945,0.00087
1914.93102,0.00023
1913.00259,0.00018
1911.07416,0.00041
1909.14573,0.00044
1907.21730,0.00024
1905.28887,0.00023
1903.36044,0.00040
1901.43201,0.00041
1899.50358,0.00021
1897.57515,0.00024
1895.64672,0.00047
1893.71829,0.00023
1891.78986,0.00007
1889.86143,0.00041
1887.93300,0.00049
1886.00457,0.00058
1884.07614,0.00083
1882.14771,0.00082
1880.21928,0.00086
1878.29085,0.00112
1876.36242,0.00122
1874.43399,0.00077
1872.50556,0.00028
1870.57713,0.00067
1868.64870,0.00102
1866.72027,0.00028
1864.79184,0.00000
1862.86341,0.00067
1860.93498,0.00130
1859.00655,0.00136
1857.07812,0.00113
1855.14969,0.00109
1853.22126,0.00130
1851.29283,0.00138
1849.36440,0.00135
1847.43597,0.00154
1845.50754,0.00248
1843.57911,0.00286
1841.65068,0.00205
1839.72225,0.00189
1837.79382,0.00219
1835.86539,0.00188
1833.93696,0.00128
1832.00853,0.00123
1830.08010,0.00113
1828.15167,0.00025
1826.22324,0.00025
1824.29481,0.00081
1822.36638,0.00079
1820.43795,0.00119
1818.50952,0.00180
1816.58109,0.00161
1814.65266,0.00081
1812.72423,0.00044
1810.79580,0.00034
1808.86737,0.00005
1806.93894,0.00000
1805.01051,0.00034
1803.08208,0.00120
1801.15365,0.00187
1799.22522,0.00147
1797.29679,0.00086
1795.36836,0.00114
1793.43993,0.00199
1791.51150,0.00177
1789.58307,0.00078
1787.65464,0.00117
1785.72621,0.00208
1783.79778,0.00184
1781.86935,0.00126
1779.94092,0.00077
1778.01249,0.00006
1776.08406,-0.00024
1774.15563,0.00039
1772.22720,0.00123
1770.29877,0.00130
1768.37034,0.00130
1766.44191,0.00065
1764.51348,0.00017
1762.58505,0.00070
1760.65662,0.00070
1758.72819,0.00095
1756.79976,0.00139
1754.87133,0.00079
1752.94290,0.00123
1751.01447,0.00258
1749.08604,0.00207
1747.15761,0.00057
1745.22918,0.00000
1743.30075,0.00014
1741.37232,0.00067
1739.44389,0.00071
1737.51546,0.00025
1735.58703,0.00173
1733.65860,0.00290
1731.73017,0.00160
1729.80174,0.00098
1727.87331,0.00094
1725.94488,0.00110
1724.01645,0.00118
1722.08802,0.00041
1720.15959,0.00062
1718.23116,0.00239
1716.30273,0.00305
1714.37430,0.00275
1712.44587,0.00319
1710.51744,0.00369
1708.58901,0.00396
1706.66058,0.00471
1704.73215,0.00563
1702.80372,0.00783
1700.87529,0.01203
1698.94686,0.01396
1697.01843,0.01499
1695.09000,0.01605
1693.16157,0.01611
1691.23314,0.01697
1689.30471,0.01697
1687.37628,0.01634
1685.44785,0.01893
1683.51942,0.02241
1681.59099,0.02311
1679.66256,0.02367
1677.73413,0.02496
1675.80570,0.02658
1673.87727,0.02665
1671.94884,0.02713
1670.02041,0.02938
1668.09198,0.03030
1666.16355,0.03082
1664.23512,0.03334
1662.30669,0.03603
1660.37826,0.03692
1658.44983,0.03695
1656.52140,0.03772
1654.59297,0.04102
1652.66454,0.04272
1650.73611,0.04081
1648.80768,0.04124
1646.87925,0.04179
1644.95082,0.03949
1643.02239,0.03800
1641.09396,0.03717
1639.16553,0.03592
1637.23710,0.03536
1635.30867,0.03393
1633.38024,0.03062
1631.45181,0.02869
1629.52338,0.02774
1627.59495,0.02578
1625.66652,0.02390
1623.73809,0.02289
1621.80966,0.02043
1619.88123,0.01795
1617.95280,0.01737
1616.02437,0.01567
1614.09594,0.01294
1612.16751,0.01195
1610.23908,0.01135
1608.31065,0.00971
1606.38222,0.00794
1604.45379,0.00700
1602.52536,0.00637
1600.59693,0.00546
1598.66850,0.00468
1596.74007,0.00441
1594.81164,0.00439
1592.88321,0.00442
1590.95478,0.00461
1589.02635,0.00477
1587.09792,0.00496
1585.16949,0.00555
1583.24106,0.00622
1581.31263,0.00613
1579.38420,0.00610
1577.45577,0.00788
1575.52734,0.00938
1573.59891,0.00931
1571.67048,0.01119
1569.74205,0.01382
1567.81362,0.01438
1565.88519,0.01460
1563.95676,0.01420
1562.02833,0.01422
1560.09990,0.01827
1558.17147,0.02170
1556.24304,0.02211
1554.31461,0.02338
1552.38618,0.02473
1550.45775,0.02541
1548.52932,0.02466
1546.60089,0.02359
1544.67246,0.02326
1542.74403,0.02335
1540.81560,0.02432
1538.88717,0.02432
1536.95874,0.02379
1535.03031,0.02526
1533.10188,0.02575
1531.17345,0.02402
1529.24502,0.02389
1527.31659,0.02452
1525.38816,0.02354
1523.45973,0.02294
1521.53130,0.02316
1519.60287,0.02207
1517.67444,0.02116
1515.74601,0.01986
1513.81758,0.01824
1511.88915,0.01721
1509.96072,0.01695
1508.03229,0.01776
1506.10385,0.01588
1504.17542,0.01242
1502.24699,0.01172
1500.31856,0.01206
1498.39013,0.01148
1496.46170,0.00936
1494.53327,0.00610
1492.60484,0.00446
1490.67641,0.00473
1488.74798,0.00402
1486.81955,0.00230
1484.89112,0.00137
1482.96269,0.00135
1481.03426,0.00109
1479.10583,0.00028
1477.17740,0.00000
1475.24897,0.00060
1473.32054,0.00197
1471.39211,0.00218
1469.46368,0.00163
1467.53525,0.00251
1465.60682,0.00373
1463.67839,0.00280
1461.74996,0.00092
1459.82153,0.00102
1457.89310,0.00273
1455.96467,0.00255
1454.03624,0.00164
1452.10781,0.00183
1450.17938,0.00217
1448.25095,0.00208
1446.32252,0.00127
1444.39409,0.00061
1442.46566,0.00052
1440.53723,0.00061
1438.60880,0.00180
1436.68037,0.00293
1434.75194,0.00178
1432.82351,0.00089
1430.89508,0.00108
1428.96665,0.00061
1427.03822,0.00017
1425.10979,0.00069
1423.18136,0.00095
1421.25293,0.00187
1419.32450,0.00371
1417.39607,0.00319
1415.46764,0.00165
1413.53921,0.00131
1411.61078,0.00144
1409.68235,0.00132
1407.75392,0.00155
1405.82549,0.00236
1403.89706,0.00232
1401.96863,0.00191
1400.04020,0.00266
1398.11177,0.00367
1396.18334,0.00440
1394.25491,0.00472
1392.32648,0.00429
1390.39805,0.00423
1388.46962,0.00441
1386.54119,0.00344
1384.61276,0.00220
1382.68433,0.00221
1380.75590,0.00267
1378.82747,0.00235
1376.89904,0.00150
1374.97061,0.00120
1373.04218,0.00105
1371.11375,0.00096
1369.18532,0.00105
1367.25689,0.00080
1365.32846,0.00100
1363.40003,0.00209
1361.47160,0.00212
1359.54317,0.00124
1357.61474,0.00091
1355.68631,0.00094
1353.75788,0.00080
1351.82945,0.00068
1349.90102,0.00082
1347.97259,0.00086
1346.04416,0.00048
1344.11573,0.00000
1342.18730,0.00008
1340.25887,0.00095
1338.33044,0.00122
1336.40201,0.00072
1334.47358,0.00034
1332.54515,0.00010
1330.61672,-0.00009
1328.68829,-0.00013
1326.75986,-0.00001
1324.83143,0.00014
1322.90300,0.00018
1320.97457,0.00018
1319.04614,0.00021
1317.11771,0.00016
1315.18928,0.00024
1313.26085,0.00038
1311.33242,0.00032
1309.40399,0.00034
1307.47556,0.00050
1305.54713,0.00065
1303.61870,0.00087
1301.69027,0.00105
1299.76184,0.00119
1297.83341,0.00139
1295.90498,0.00161
1293.97655,0.00188
1292.04812,0.00238
1290.11969,0.00315
1288.19126,0.00384
1286.26283,0.00412
1284.33440,0.00426
1282.40597,0.00483
1280.47754,0.00566
1278.54911,0.00632
1276.62068,0.00683
1274.69225,0.00743
1272.76382,0.00844
1270.83539,0.00975
1268.90696,0.01099
1266.97853,0.01209
1265.05010,0.01319
1263.12167,0.01458
1261.19324,0.01627
1259.26481,0.01815
1257.33638,0.02029
1255.40795,0.02257
1253.47952,0.02444
1251.55109,0.02598
1249.62266,0.02774
1247.69423,0.02986
1245.76580,0.03195
1243.83737,0.03367
1241.90894,0.03511
1239.98051,0.03665
1238.05208,0.03846
1236.12365,0.04026
1234.19522,0.04170
1232.26679,0.04290
1230.33836,0.04417
1228.40993,0.04556
1226.48150,0.04702
1224.55307,0.04829
1222.62464,0.04915
1220.69621,0.05005
1218.76778,0.05122
1216.83935,0.05218
1214.91092,0.05287
1212.98249,0.05370
1211.05406,0.05468
1209.12563,0.05563
1207.19720,0.05647
1205.26877,0.05719
1203.34034,0.05788
1201.41191,0.05868
1199.48348,0.05923
1197.55505,0.06028
1195.62662,0.06151
1193.69819,0.06243
1191.76976,0.06319
1189.84133,0.06421
1187.91290,0.06533
1185.98447,0.06618
1184.05604,0.06702
1182.12761,0.06808
1180.19918,0.06927
1178.27075,0.07062
1176.34232,0.07209
1174.41389,0.07345
1172.48546,0.07476
1170.55703,0.07619
1168.62860,0.07751
1166.70017,0.07857
1164.77174,0.07960
1162.84331,0.08082
1160.91488,0.08241
1158.98645,0.08430
1157.05802,0.08616
1155.12959,0.08777
1153.20116,0.08914
1151.27273,0.09021
1149.34430,0.09139
1147.41587,0.09288
1145.48744,0.09422
1143.55901,0.09540
1141.63058,0.09662
1139.70215,0.09755
1137.77372,0.09862
1135.84529,0.10051
1133.91686,0.10286
1131.98843,0.10529
1130.06000,0.10794
1128.13157,0.11073
1126.20314,0.11367
1124.27471,0.11683
1122.34628,0.12023
1120.41785,0.12390
1118.48942,0.12789
1116.56099,0.13236
1114.63256,0.13736
1112.70413,0.14275
1110.77570,0.14819
1108.84727,0.15364
1106.91884,0.15912
1104.99041,0.16431
1103.06198,0.16971
1101.13355,0.17621
1099.20512,0.18315
1097.27669,0.18939
1095.34826,0.19493
1093.41983,0.20024
1091.49140,0.20537
1089.56297,0.21019
1087.63454,0.21439
1085.70611,0.21769
1083.77768,0.22011
1081.84925,0.22219
1079.92082,0.22435
1077.99239,0.22623
1076.06396,0.22754
1074.13553,0.22821
1072.20710,0.22841
1070.27867,0.22846
1068.35024,0.22857
1066.42181,0.22881
1064.49338,0.22867
1062.56495,0.22792
1060.63652,0.22725
1058.70809,0.22673
1056.77966,0.22548
1054.85123,0.22324
1052.92280,0.22024
1050.99437,0.21660
1049.06594,0.21302
1047.13751,0.20983
1045.20908,0.20634
1043.28065,0.20182
1041.35222,0.19618
1039.42379,0.19009
1037.49536,0.18412
1035.56693,0.17780
1033.63850,0.17056
1031.71007,0.16269
1029.78164,0.15471
1027.85321,0.14669
1025.92478,0.13840
1023.99635,0.12995
1022.06792,0.12202
1020.13949,0.11464
1018.21106,0.10716
1016.28263,0.09958
1014.35420,0.09246
1012.42577,0.08585
1010.49734,0.07947
1008.56891,0.07327
1006.64048,0.06700
1004.71205,0.06047
1002.78362,0.05448
1000.85519,0.04949
998.92676,0.04498
996.99833,0.04077
995.06990,0.03713
993.14147,0.03412
991.21304,0.03175
989.28461,0.03004
987.35618,0.02898
985.42775,0.02841
983.49932,0.02804
981.57089,0.02780
979.64246,0.02792
977.71403,0.02851
975.78560,0.02907
973.85717,0.02911
971.92874,0.02864
970.00031,0.02792
968.07188,0.02759
966.14345,0.02777
964.21502,0.02767
962.28659,0.02708
960.35816,0.02644
958.42973,0.02570
956.50130,0.02454
954.57287,0.02331
952.64444,0.02258
950.71601,0.02218
948.78758,0.02174
946.85915,0.02123
944.93072,0.02026
943.00229,0.01882
941.07386,0.01797
939.14543,0.01804
937.21700,0.01792
935.28857,0.01705
933.36014,0.01600
931.43171,0.01496
929.50328,0.01361
927.57485,0.01253
925.64642,0.01205
923.71799,0.01150
921.78956,0.01067
919.86113,0.00994
917.93270,0.00924
916.00427,0.00847
914.07584,0.00789
912.14741,0.00759
910.21898,0.00727
908.29055,0.00682
906.36212,0.00624
904.43368,0.00548
902.50525,0.00466
900.57682,0.00390
898.64839,0.00337
896.71996,0.00314
894.79153,0.00281
892.86310,0.00223
890.93467,0.00188
889.00624,0.00183
887.07781,0.00167
885.14938,0.00125
883.22095,0.00066
881.29252,0.00025
879.36409,0.00026
877.43566,0.00034
875.50723,0.00010
873.57880,0.00000
871.65037,0.00007
869.72194,0.00016
867.79351,0.00017
865.86508,0.00008
863.93665,-0.00000
862.00822,0.00029
860.07979,0.00101
858.15136,0.00158
856.22293,0.00181
854.29450,0.00201
852.36607,0.00205
850.43764,0.00215
848.50921,0.00294
846.58078,0.00432
844.65235,0.00615
842.72392,0.00832
840.79549,0.00977
838.86706,0.01037
836.93863,0.01121
835.01020,0.01273
833.08177,0.01463
831.15334,0.01622
829.22491,0.01698
827.29648,0.01756
825.36805,0.01866
823.43962,0.02041
821.51119,0.02275
819.58276,0.02477
817.65433,0.02590
815.72590,0.02689
813.79747,0.02820
811.86904,0.02968
809.94061,0.03113
808.01218,0.03256
806.08375,0.03408
804.15532,0.03542
802.22689,0.03631
800.29846,0.03678
798.37003,0.03696
796.44160,0.03686
794.51317,0.03650
792.58474,0.03612
790.65631,0.03567
788.72788,0.03461
786.79945,0.03269
784.87102,0.03029
782.94259,0.02814
781.01416,0.02679
779.08573,0.02606
777.15730,0.02494
775.22887,0.02255
773.30044,0.01937
771.37201,0.01664
769.44358,0.01476
767.51515,0.01326
765.58672,0.01226
763.65829,0.01179
761.72986,0.01097
759.80143,0.00988
757.87300,0.00963
755.94457,0.01017
754.01614,0.01101
752.08771,0.01186
750.15928,0.01197
748.23085,0.01131
746.30242,0.01090
744.37399,0.01067
742.44556,0.01023
740.51713,0.00994
738.58870,0.00959
736.66027,0.00879
734.73184,0.00836
732.80341,0.00915
730.87498,0.01019
728.94655,0.00998
727.01812,0.00902
725.08969,0.00873
723.16126,0.01045
721.23283,0.01044
719.30440,0.01000
717.37597,0.00980
715.44754,0.00970
713.51911,0.00984
711.59068,0.01027
709.66225,0.01051
707.73382,0.01096
705.80539,0.01175
703.87696,0.01215
701.94853,0.01165
700.02010,0.01060
698.09167,0.00976
696.16324,0.00984
694.23481,0.01071
692.30638,0.01131
690.37795,0.01069
688.44952,0.00921
686.52109,0.00835
684.59266,0.00877
682.66423,0.00893
680.73580,0.00757
678.80737,0.00554
676.87894,0.00494
674.95051,0.00713
673.02208,0.01039
671.09365,0.01101
669.16522,0.00962
667.23679,0.01132
665.30836,0.01465
663.37993,0.01501
661.45150,0.01398
659.52307,0.01362
657.59464,0.01228
655.66621,0.00899
653.73778,0.00581
651.80935,0.00484
649.88092,0.00476
647.95249,0.00453
646.02406,0.00480
644.09563,0.00547
642.16720,0.00508
640.23877,0.00433
638.31034,0.00467
636.38191,0.00550
634.45348,0.00553
632.52505,0.00441
630.59662,0.00280
628.66819,0.00180
626.73976,0.00181
624.81133,0.00171
622.88290,0.00073
620.95447,0.00001
619.02604,-0.00004
617.09761,0.00329
615.16918,0.00810
613.24075,0.00791
611.31232,0.00350
609.38389,0.00244
607.45546,0.00473
605.52703,0.00491
603.59860,0.00286
601.67017,0.00114
599.74174,0.00000
