4001.49232,0.00045
3999.56389,0.00340
3997.63546,0.00353
3995.70703,0.00255
3993.77860,0.00178
3991.85017,0.00146
3989.92174,0.00144
3987.99331,0.00142
3986.06488,0.00121
3984.13645,0.00102
3982.20802,0.00098
3980.27959,0.00114
3978.35116,0.00115
3976.42273,0.00095
3974.49430,0.00068
3972.56587,0.00052
3970.63744,0.00036
3968.70901,0.00010
3966.78058,0.00002
3964.85215,0.00061
3962.92372,0.00144
3960.99529,0.00143
3959.06686,0.00076
3957.13843,0.00023
3955.21000,0.00000
3953.28157,0.00031
3951.35314,0.00152
3949.42471,0.00303
3947.49628,0.00356
3945.56785,0.00313
3943.63942,0.00241
3941.71099,0.00120
3939.78256,0.00002
3937.85413,0.00000
3935.92570,0.00128
3933.99727,0.00289
3932.06884,0.00303
3930.14041,0.00171
3928.21198,0.00088
3926.28355,0.00072
3924.35512,0.00029
3922.42669,0.00037
3920.49826,0.00180
3918.56982,0.00327
3916.64139,0.00302
3914.71296,0.00161
3912.78453,0.00069
3910.85610,0.00043
3908.92767,0.00093
3906.99924,0.00276
3905.07081,0.00571
3903.14238,0.00855
3901.21395,0.00899
3899.28552,0.00654
3897.35709,0.00403
3895.42866,0.00380
3893.50023,0.00476
3891.57180,0.00479
3889.64337,0.00477
3887.71494,0.00639
3885.78651,0.00762
3883.85808,0.00706
3881.92965,0.00624
3880.00122,0.00475
3878.07279,0.00372
3876.14436,0.00489
3874.21593,0.00690
3872.28750,0.00891
3870.35907,0.00987
3868.43064,0.00921
3866.50221,0.00884
3864.57378,0.00786
3862.64535,0.00607
3860.71692,0.00602
3858.78849,0.00781
3856.86006,0.00982
3854.93163,0.00945
3853.00320,0.00565
3851.07477,0.00419
3849.14634,0.00652
3847.21791,0.00892
3845.28948,0.00950
3843.36105,0.00884
3841.43262,0.00777
3839.50419,0.00650
3837.57576,0.00558
3835.64733,0.00603
3833.71890,0.00725
3831.79047,0.00750
3829.86204,0.00682
3827.93361,0.00611
3826.00518,0.00560
3824.07675,0.00604
3822.14832,0.00615
3820.21989,0.00465
3818.29146,0.00455
3816.36303,0.00585
3814.43460,0.00615
3812.50617,0.00626
3810.57774,0.00671
3808.64931,0.00680
3806.72088,0.00633
3804.79245,0.00622
3802.86402,0.00607
3800.93559,0.00421
3799.00716,0.00316
3797.07873,0.00330
3795.15030,0.00264
3793.22187,0.00196
3791.29344,0.00215
3789.36501,0.00269
3787.43658,0.00317
3785.50815,0.00293
3783.57972,0.00204
3781.65129,0.00134
3779.72286,0.00062
3777.79443,0.00000
3775.86600,0.00034
3773.93757,0.00156
3772.00914,0.00307
3770.08071,0.00441
3768.15228,0.00522
3766.22385,0.00553
3764.29542,0.00560
3762.36699,0.00653
3760.43856,0.00802
3758.51013,0.00910
3756.58170,0.01036
3754.65327,0.01212
3752.72484,0.01326
3750.79641,0.01356
3748.86798,0.01536
3746.93955,0.01904
3745.01112,0.02095
3743.08269,0.01781
3741.15426,0.01449
3739.22583,0.01453
3737.29740,0.01609
3735.36897,0.01616
3733.44054,0.01375
3731.51211,0.01202
3729.58368,0.01249
3727.65525,0.01372
3725.72682,0.01356
3723.79839,0.01144
3721.86996,0.00822
3719.94153,0.00540
3718.01310,0.00456
3716.08467,0.00547
3714.15624,0.00632
3712.22781,0.00551
3710.29938,0.00420
3708.37095,0.00419
3706.44252,0.00493
3704.51409,0.00518
3702.58566,0.00399
3700.65723,0.00214
3698.72880,0.00159
3696.80037,0.00223
3694.87194,0.00330
3692.94351,0.00455
3691.01508,0.00462
3689.08665,0.00308
3687.15822,0.00236
3685.22979,0.00311
3683.30136,0.00420
3681.37293,0.00462
3679.44450,0.00478
3677.51607,0.00558
3675.58764,0.00608
3673.65921,0.00636
3671.73078,0.00719
3669.80235,0.00575
3667.87392,0.00362
3665.94549,0.00339
3664.01706,0.00375
3662.08863,0.00362
3660.16020,0.00373
3658.23177,0.00402
3656.30334,0.00341
3654.37491,0.00290
3652.44648,0.00353
3650.51805,0.00292
3648.58962,0.00054
3646.66119,0.00000
3644.73276,0.00197
3642.80433,0.00363
3640.87590,0.00356
3638.94747,0.00291
3637.01904,0.00299
3635.09061,0.00352
3633.16218,0.00438
3631.23375,0.00600
3629.30532,0.00614
3627.37689,0.00376
3625.44846,0.00267
3623.52003,0.00355
3621.59160,0.00437
3619.66317,0.00407
3617.73474,0.00401
3615.80631,0.00543
3613.87788,0.00691
3611.94945,0.00766
3610.02102,0.00791
3608.09259,0.00642
3606.16416,0.00392
3604.23573,0.00319
3602.30730,0.00372
3600.37887,0.00334
3598.45044,0.00256
3596.52201,0.00262
3594.59358,0.00292
3592.66515,0.00293
3590.73672,0.00394
3588.80829,0.00519
3586.87986,0.00408
3584.95143,0.00210
3583.02300,0.00178
3581.09457,0.00206
3579.16614,0.00154
3577.23771,0.00079
3575.30928,0.00061
3573.38085,0.00096
3571.45242,0.00167
3569.52399,0.00262
3567.59556,0.00260
3565.66713,0.00146
3563.73870,0.00124
3561.81027,0.00178
3559.88184,0.00146
3557.95341,0.00072
3556.02498,0.00077
3554.09655,0.00100
3552.16812,0.00072
3550.23969,0.00127
3548.31126,0.00336
3546.38283,0.00481
3544.45440,0.00391
3542.52597,0.00229
3540.59754,0.00141
3538.66911,0.00099
3536.74068,0.00060
3534.81225,0.00036
3532.88382,0.00057
3530.95539,0.00127
3529.02696,0.00220
3527.09853,0.00329
3525.17010,0.00389
3523.24167,0.00310
3521.31324,0.00174
3519.38481,0.00082
3517.45638,0.00029
3515.52795,0.00010
3513.59952,0.00020
3511.67109,0.00061
3509.74266,0.00105
3507.81423,0.00170
3505.88580,0.00290
3503.95737,0.00383
3502.02894,0.00344
3500.10051,0.00213
3498.17208,0.00081
3496.24365,0.00000
3494.31522,0.00008
3492.38679,0.00073
3490.45836,0.00100
3488.52993,0.00075
3486.60150,0.00057
3484.67307,0.00072
3482.74464,0.00072
3480.81621,0.00044
3478.88778,0.00012
3476.95935,-0.00016
3475.03092,-0.00015
3473.10249,0.00033
3471.17406,0.00100
3469.24563,0.00128
3467.31720,0.00099
3465.38877,0.00071
3463.46034,0.00085
3461.53191,0.00115
3459.60348,0.00117
3457.67505,0.00092
3455.74662,0.00083
3453.81819,0.00098
3451.88976,0.00115
3449.96133,0.00126
3448.03290,0.00108
3446.10447,0.00059
3444.17604,0.00039
3442.24761,0.00035
3440.31918,0.00033
3438.39075,0.00071
3436.46232,0.00114
3434.53389,0.00093
3432.60546,0.00029
3430.67703,0.00002
3428.74860,0.00033
3426.82017,0.00071
3424.89174,0.00093
3422.96331,0.00145
3421.03488,0.00206
3419.10645,0.00186
3417.17802,0.00126
3415.24959,0.00113
3413.32116,0.00109
3411.39273,0.00059
3409.46430,0.00008
3407.53587,0.00017
3405.60744,0.00068
3403.67901,0.00110
3401.75058,0.00156
3399.82215,0.00355
3397.89372,0.00412
3395.96529,0.00389
3394.03686,0.00339
3392.10843,0.00295
3390.18000,0.00256
3388.25157,0.00240
3386.32314,0.00231
3384.39471,0.00159
3382.46628,0.00053
3380.53785,0.00000
3378.60942,0.00004
3376.68099,0.00033
3374.75256,0.00072
3372.82413,0.00082
3370.89570,0.00082
3368.96727,0.00123
3367.03884,0.00194
3365.11041,0.00244
3363.18198,0.00263
3361.25355,0.00263
3359.32512,0.00245
3357.39669,0.00229
3355.46826,0.00217
3353.53983,0.00184
3351.61140,0.00118
3349.68297,0.00048
3347.75454,0.00034
3345.82611,0.00092
3343.89768,0.00154
3341.96925,0.00165
3340.04082,0.00180
3338.11239,0.00248
3336.18396,0.00298
3334.25553,0.00244
3332.32710,0.00135
3330.39867,0.00094
3328.47024,0.00164
3326.54181,0.00277
3324.61338,0.00308
3322.68495,0.00210
3320.75652,0.00097
3318.82809,0.00071
3316.89966,0.00101
3314.97122,0.00137
3313.04279,0.00186
3311.11436,0.00257
3309.18593,0.00308
3307.25750,0.00305
3305.32907,0.00285
3303.40064,0.00275
3301.47221,0.00260
3299.54378,0.00256
3297.61535,0.00266
3295.68692,0.00282
3293.75849,0.00325
3291.83006,0.00380
3289.90163,0.00395
3287.97320,0.00368
3286.04477,0.00350
3284.11634,0.00355
3282.18791,0.00360
3280.25948,0.00374
3278.33105,0.00438
3276.40262,0.00546
3274.47419,0.00608
3272.54576,0.00555
3270.61733,0.00438
3268.68890,0.00369
3266.76047,0.00382
3264.83204,0.00419
3262.90361,0.00443
3260.97518,0.00452
3259.04675,0.00440
3257.11832,0.00429
3255.18989,0.00426
3253.26146,0.00413
3251.33303,0.00405
3249.40460,0.00430
3247.47617,0.00474
3245.54774,0.00496
3243.61931,0.00495
3241.69088,0.00505
3239.76245,0.00518
3237.83402,0.00490
3235.90559,0.00446
3233.97716,0.00457
3232.04873,0.00501
3230.12030,0.00509
3228.19187,0.00472
3226.26344,0.00420
3224.33501,0.00407
3222.40658,0.00464
3220.47815,0.00515
3218.54972,0.00493
3216.62129,0.00459
3214.69286,0.00445
3212.76443,0.00405
3210.83600,0.00350
3208.90757,0.00315
3206.97914,0.00311
3205.05071,0.00316
3203.12228,0.00282
3201.19385,0.00244
3199.26542,0.00273
3197.33699,0.00316
3195.40856,0.00309
3193.48013,0.00306
3191.55170,0.00351
3189.62327,0.00398
3187.69484,0.00402
3185.76641,0.00352
3183.83798,0.00264
3181.90955,0.00211
3179.98112,0.00239
3178.05269,0.00279
3176.12426,0.00253
3174.19583,0.00198
3172.26740,0.00192
3170.33897,0.00234
3168.41054,0.00271
3166.48211,0.00285
3164.55368,0.00280
3162.62525,0.00262
3160.69682,0.00234
3158.76839,0.00184
3156.83996,0.00152
3154.91153,0.00202
3152.98310,0.00289
3151.05467,0.00304
3149.12624,0.00228
3147.19781,0.00119
3145.26938,0.00038
3143.34095,0.00030
3141.41252,0.00086
3139.48409,0.00136
3137.55566,0.00139
3135.62723,0.00138
3133.69880,0.00160
3131.77037,0.00160
3129.84194,0.00146
3127.91351,0.00149
3125.98508,0.00147
3124.05665,0.00166
3122.12822,0.00231
3120.19979,0.00277
3118.27136,0.00282
3116.34293,0.00285
3114.41450,0.00291
3112.48607,0.00269
3110.55764,0.00211
3108.62921,0.00145
3106.70078,0.00104
3104.77235,0.00129
3102.84392,0.00202
3100.91549,0.00226
3098.98706,0.00183
3097.05863,0.00151
3095.13020,0.00134
3093.20177,0.00099
3091.27334,0.00075
3089.34491,0.00073
3087.41648,0.00078
3085.48805,0.00085
3083.55962,0.00097
3081.63119,0.00109
3079.70276,0.00115
3077.77433,0.00108
3075.84590,0.00083
3073.91747,0.00057
3071.98904,0.00053
3070.06061,0.00084
3068.13218,0.00115
3066.20375,0.00116
3064.27532,0.00102
3062.34689,0.00085
3060.41846,0.00079
3058.49003,0.00096
3056.56160,0.00101
3054.63317,0.00058
3052.70474,0.00028
3050.77631,0.00068
3048.84788,0.00124
3046.91945,0.00124
3044.99102,0.00079
3043.06259,0.00027
3041.13416,0.00000
3039.20573,0.00012
3037.27730,0.00071
3035.34887,0.00153
3033.42044,0.00215
3031.49201,0.00217
3029.56358,0.00167
3027.63515,0.00120
3025.70672,0.00096
3023.77829,0.00069
3021.84986,0.00044
3019.92143,0.00052
3017.99300,0.00092
3016.06457,0.00141
3014.13614,0.00198
3012.20771,0.00246
3010.27928,0.00235
3008.35085,0.00168
3006.42242,0.00104
3004.49399,0.00069
3002.56556,0.00038
3000.63713,0.00000
2998.70870,0.00019
2996.78027,0.00090
2994.85184,0.00145
2992.92341,0.00140
2990.99498,0.00117
2989.06655,0.00129
2987.13812,0.00142
2985.20969,0.00126
2983.28126,0.00118
2981.35283,0.00138
2979.42440,0.00160
2977.49597,0.00157
2975.56754,0.00138
2973.63911,0.00119
2971.71068,0.00095
2969.78225,0.00071
2967.85382,0.00059
2965.92539,0.00059
2963.99696,0.00069
2962.06853,0.00074
2960.14010,0.00060
2958.21167,0.00051
2956.28324,0.00057
2954.35481,0.00061
2952.42638,0.00056
2950.49795,0.00052
2948.56952,0.00051
2946.64109,0.00044
2944.71266,0.00021
2942.78423,0.00000
2940.85580,0.00009
2938.92737,0.00049
2936.99894,0.00088
2935.07051,0.00096
2933.14208,0.00080
2931.21365,0.00066
2929.28522,0.00066
2927.35679,0.00064
2925.42836,0.00068
2923.49993,0.00089
2921.57150,0.00095
2919.64307,0.00079
2917.71464,0.00079
2915.78621,0.00094
2913.85778,0.00103
2911.92935,0.00116
2910.00092,0.00120
2908.07249,0.00096
2906.14406,0.00086
2904.21563,0.00103
2902.28720,0.00106
2900.35877,0.00094
2898.43034,0.00090
2896.50191,0.00078
2894.57348,0.00059
2892.64505,0.00063
2890.71662,0.00070
2888.78819,0.00058
2886.85976,0.00057
2884.93133,0.00086
2883.00290,0.00114
2881.07447,0.00106
2879.14604,0.00081
2877.21761,0.00080
2875.28918,0.00093
2873.36075,0.00107
2871.43232,0.00118
2869.50389,0.00114
2867.57546,0.00094
2865.64703,0.00076
2863.71860,0.00064
2861.79017,0.00052
2859.86174,0.00040
2857.93331,0.00046
2856.00488,0.00094
2854.07645,0.00145
2852.14802,0.00130
2850.21959,0.00066
2848.29116,0.00029
2846.36273,0.00020
2844.43430,0.00000
2842.50587,-0.00003
2840.57744,0.00042
2838.64901,0.00085
2836.72058,0.00073
2834.79215,0.00038
2832.86372,0.00029
2830.93529,0.00039
2829.00686,0.00051
2827.07843,0.00073
2825.15000,0.00101
2823.22157,0.00098
2821.29314,0.00061
2819.36471,0.00029
2817.43628,0.00028
2815.50785,0.00058
2813.57942,0.00093
2811.65099,0.00097
2809.72256,0.00055
2807.79413,0.00010
2805.86570,0.00004
2803.93727,0.00029
2802.00884,0.00064
2800.08041,0.00092
2798.15198,0.00090
2796.22355,0.00068
2794.29512,0.00064
2792.36669,0.00077
2790.43826,0.00083
2788.50983,0.00084
2786.58140,0.00078
2784.65297,0.00065
2782.72454,0.00051
2780.79611,0.00035
2778.86768,0.00032
2776.93925,0.00055
2775.01082,0.00082
2773.08239,0.00081
2771.15396,0.00077
2769.22553,0.00100
2767.29710,0.00124
2765.36867,0.00121
2763.44024,0.00110
2761.51181,0.00103
2759.58338,0.00094
2757.65495,0.00093
2755.72652,0.00109
2753.79809,0.00107
2751.86966,0.00084
2749.94123,0.00067
2748.01280,0.00068
2746.08437,0.00081
2744.15594,0.00085
2742.22751,0.00059
2740.29908,0.00039
2738.37065,0.00052
2736.44222,0.00068
2734.51379,0.00069
2732.58536,0.00077
2730.65693,0.00095
2728.72850,0.00107
2726.80007,0.00108
2724.87164,0.00108
2722.94321,0.00105
2721.01478,0.00092
2719.08635,0.00064
2717.15792,0.00027
2715.22949,0.00000
2713.30105,0.00003
2711.37262,0.00030
2709.44419,0.00041
2707.51576,0.00028
2705.58733,0.00018
2703.65890,0.00018
2701.73047,0.00016
2699.80204,0.00015
2697.87361,0.00016
2695.94518,0.00019
2694.01675,0.00044
2692.08832,0.00090
2690.15989,0.00097
2688.23146,0.00048
2686.30303,0.00007
2684.37460,0.00004
2682.44617,0.00022
2680.51774,0.00047
2678.58931,0.00067
2676.66088,0.00062
2674.73245,0.00038
2672.80402,0.00028
2670.87559,0.00033
2668.94716,0.00020
2667.01873,0.00000
2665.09030,0.00012
2663.16187,0.00046
2661.23344,0.00087
2659.30501,0.00110
2657.37658,0.00079
2655.44815,0.00028
2653.51972,0.00022
2651.59129,0.00066
2649.66286,0.00110
2647.73443,0.00120
2645.80600,0.00110
2643.87757,0.00103
2641.94914,0.00103
2640.02071,0.00101
2638.09228,0.00094
2636.16385,0.00082
2634.23542,0.00069
2632.30699,0.00059
2630.37856,0.00060
2628.45013,0.00078
2626.52170,0.00114
2624.59327,0.00148
2622.66484,0.00147
2620.73641,0.00112
2618.80798,0.00079
2616.87955,0.00065
2614.95112,0.00076
2613.02269,0.00090
2611.09426,0.00081
2609.16583,0.00060
2607.23740,0.00046
2605.30897,0.00046
2603.38054,0.00057
2601.45211,0.00055
2599.52368,0.00029
2597.59525,0.00002
2595.66682,0.00000
2593.73839,0.00017
2591.80996,0.00039
2589.88153,0.00056
2587.95310,0.00067
2586.02467,0.00068
2584.09624,0.00066
2582.16781,0.00081
2580.23938,0.00113
2578.31095,0.00131
2576.38252,0.00120
2574.45409,0.00102
2572.52566,0.00098
2570.59723,0.00107
2568.66880,0.00107
2566.74037,0.00078
2564.81194,0.00051
2562.88351,0.00064
2560.95508,0.00096
2559.02665,0.00111
2557.09822,0.00110
2555.16979,0.00107
2553.24136,0.00105
2551.31293,0.00102
2549.38450,0.00090
2547.45607,0.00069
2545.52764,0.00057
2543.59921,0.00063
2541.67078,0.00085
2539.74235,0.00107
2537.81392,0.00110
2535.88549,0.00099
2533.95706,0.00094
2532.02863,0.00087
2530.10020,0.00077
2528.17177,0.00081
2526.24334,0.00085
2524.31491,0.00074
2522.38648,0.00066
2520.45805,0.00056
2518.52962,0.00043
2516.60119,0.00047
2514.67276,0.00053
2512.74433,0.00034
2510.81590,0.00010
2508.88747,0.00007
2506.95904,0.00020
2505.03061,0.00030
2503.10218,0.00036
2501.17375,0.00046
2499.24532,0.00065
2497.31689,0.00080
2495.38846,0.00073
2493.46003,0.00058
2491.53160,0.00057
2489.60317,0.00059
2487.67474,0.00064
2485.74631,0.00072
2483.81788,0.00076
2481.88945,0.00066
2479.96102,0.00033
2478.03259,-0.00000
2476.10416,0.00000
2474.17573,0.00021
2472.24730,0.00040
2470.31887,0.00061
2468.39044,0.00071
2466.46201,0.00057
2464.53358,0.00029
2462.60515,0.00008
2460.67672,0.00005
2458.74829,0.00016
2456.81986,0.00027
2454.89143,0.00027
2452.96300,0.00018
2451.03457,0.00028
2449.10614,0.00053
2447.17771,0.00051
2445.24928,0.00026
2443.32085,0.00013
2441.39242,0.00019
2439.46399,0.00035
2437.53556,0.00060
2435.60713,0.00087
2433.67870,0.00105
2431.75027,0.00099
2429.82184,0.00082
2427.89341,0.00085
2425.96498,0.00089
2424.03655,0.00089
2422.10812,0.00088
2420.17969,0.00088
2418.25126,0.00088
2416.32283,0.00087
2414.39440,0.00087
2412.46597,0.00087
2410.53754,0.00087
2408.60911,0.00086
2406.68068,0.00086
2404.75225,0.00086
2402.82382,0.00086
2400.89539,0.00086
2398.96696,0.00086
2397.03853,0.00086
2395.11010,0.00086
2393.18167,0.00086
2391.25324,0.00086
2389.32481,0.00086
2387.39638,0.00086
2385.46795,0.00086
2383.53952,0.00086
2381.61109,0.00086
2379.68266,0.00086
2377.75423,0.00086
2375.82580,0.00086
2373.89737,0.00087
2371.96894,0.00087
2370.04051,0.00087
2368.11208,0.00087
2366.18365,0.00088
2364.25522,0.00088
2362.32679,0.00088
2360.39836,0.00089
2358.46993,0.00089
2356.54150,0.00089
2354.61307,0.00090
2352.68464,0.00090
2350.75621,0.00091
2348.82778,0.00091
2346.89935,0.00092
2344.97092,0.00092
2343.04249,0.00093
2341.11406,0.00093
2339.18563,0.00094
2337.25720,0.00094
2335.32877,0.00095
2333.40034,0.00096
2331.47191,0.00096
2329.54348,0.00097
2327.61505,0.00098
2325.68662,0.00099
2323.75819,0.00099
2321.82976,0.00100
2319.90133,0.00101
2317.97290,0.00102
2316.04447,0.00103
2314.11604,0.00103
2312.18761,0.00104
2310.25918,0.00105
2308.33075,0.00106
2306.40232,0.00107
2304.47389,0.00108
2302.54546,0.00109
2300.61703,0.00110
2298.68860,0.00111
2296.76017,0.00112
2294.83174,0.00113
2292.90331,0.00114
2290.97488,0.00116
2289.04645,0.00117
2287.11802,0.00118
2285.18959,0.00119
2283.26116,0.00120
2281.33273,0.00122
2279.40430,0.00123
2277.47587,0.00124
2275.54744,0.00125
2273.61901,0.00127
2271.69058,0.00128
2269.76215,0.00129
2267.83372,0.00131
2265.90529,0.00132
2263.97686,0.00134
2262.04843,0.00135
2260.12000,0.00137
2258.19157,0.00138
2256.26314,0.00140
2254.33471,0.00141
2252.40628,0.00143
2250.47785,0.00144
2248.54942,0.00146
2246.62099,0.00148
2244.69256,0.00149
2242.76413,0.00151
2240.83570,0.00122
2238.90727,0.00090
2236.97884,0.00050
2235.05041,0.00023
2233.12198,0.00016
2231.19355,0.00011
2229.26512,0.00003
2227.33669,0.00000
2225.40826,0.00009
2223.47983,0.00026
2221.55140,0.00035
2219.62297,0.00037
2217.69454,0.00046
2215.76611,0.00048
2213.83768,0.00030
2211.90925,0.00020
2209.98082,0.00031
2208.05239,0.00053
2206.12396,0.00075
2204.19553,0.00086
2202.26710,0.00083
2200.33867,0.00064
2198.41024,0.00052
2196.48181,0.00063
2194.55338,0.00081
2192.62495,0.00084
2190.69652,0.00085
2188.76809,0.00088
2186.83966,0.00075
2184.91123,0.00059
2182.98280,0.00059
2181.05437,0.00051
2179.12594,0.00021
2177.19751,0.00000
2175.26908,0.00004
2173.34065,0.00025
2171.41222,0.00041
2169.48379,0.00052
2167.55536,0.00061
2165.62693,0.00063
2163.69850,0.00061
2161.77007,0.00056
2159.84164,0.00054
2157.91321,0.00058
2155.98478,0.00052
2154.05635,0.00029
2152.12792,0.00007
2150.19949,0.00004
2148.27106,0.00025
2146.34263,0.00040
2144.41420,0.00023
2142.48577,0.00017
2140.55734,0.00053
2138.62891,0.00097
2136.70048,0.00102
2134.77205,0.00061
2132.84362,0.00015
2130.91519,0.00000
2128.98676,0.00009
2127.05833,0.00016
2125.12990,0.00009
2123.20147,0.00000
2121.27304,0.00012
2119.34461,0.00041
2117.41618,0.00080
2115.48775,0.00107
2113.55932,0.00080
2111.63089,0.00023
2109.70245,-0.00001
2107.77402,0.00007
2105.84559,0.00022
2103.91716,0.00027
2101.98873,0.00024
2100.06030,0.00031
2098.13187,0.00041
2096.20344,0.00064
2094.27501,0.00079
2092.34658,0.00080
2090.41815,0.00070
2088.48972,0.00069
2086.56129,0.00067
2084.63286,0.00054
2082.70443,0.00053
2080.77600,0.00063
2078.84757,0.00058
2076.91914,0.00053
2074.99071,0.00057
2073.06228,0.00069
2071.13385,0.00082
2069.20542,0.00092
2067.27699,0.00097
2065.34856,0.00092
2063.42013,0.00072
2061.49170,0.00054
2059.56327,0.00036
2057.63484,0.00012
2055.70641,0.00000
2053.77798,0.00009
2051.84955,0.00019
2049.92112,0.00021
2047.99269,0.00026
2046.06426,0.00039
2044.13583,0.00043
2042.20740,0.00020
2040.27897,-0.00002
2038.35054,0.00003
2036.42211,0.00006
2034.49368,0.00000
2032.56525,0.00006
2030.63682,0.00024
2028.70839,0.00046
2026.77996,0.00068
2024.85153,0.00084
2022.92310,0.00088
2020.99467,0.00076
2019.06624,0.00058
2017.13781,0.00040
2015.20938,0.00027
2013.28095,0.00026
2011.35252,0.00039
2009.42409,0.00066
2007.49566,0.00064
2005.56723,0.00027
2003.63880,0.00007
2001.71037,0.00020
1999.78194,0.00035
1997.85351,0.00050
1995.92508,0.00079
1993.99665,0.00096
1992.06822,0.00082
1990.13979,0.00053
1988.21136,0.00044
1986.28293,0.00064
1984.35450,0.00073
1982.42607,0.00069
1980.49764,0.00078
1978.56921,0.00100
1976.64078,0.00105
1974.71235,0.00081
1972.78392,0.00053
1970.85549,0.00054
1968.92706,0.00065
1966.99863,0.00057
1965.07020,0.00054
1963.14177,0.00077
1961.21334,0.00097
1959.28491,0.00101
1957.35648,0.00092
1955.42805,0.00079
1953.49962,0.00081
1951.57119,0.00093
1949.64276,0.00093
1947.71433,0.00077
1945.78590,0.00086
1943.85747,0.00133
1941.92904,0.00148
1940.00061,0.00133
1938.07218,0.00113
1936.14375,0.00084
1934.21532,0.00069
1932.28689,0.00080
1930.35846,0.00100
1928.43003,0.00114
1926.50160,0.00122
1924.57317,0.00115
1922.64474,0.00109
1920.71631,0.00130
1918.78788,0.00152
1916.85945,0.00152
1914.93102,0.00157
1913.00259,0.00149
1911.07416,0.00108
1909.14573,0.00080
1907.21730,0.00083
1905.28887,0.00091
1903.36044,0.00089
1901.43201,0.00089
1899.50358,0.00091
1897.57515,0.00098
1895.64672,0.00114
1893.71829,0.00115
1891.78986,0.00085
1889.86143,0.00055
1887.93300,0.00082
1886.00457,0.00136
1884.07614,0.00154
1882.14771,0.00143
1880.21928,0.00138
1878.29085,0.00155
1876.36242,0.00171
1874.43399,0.00161
1872.50556,0.00125
1870.57713,0.00064
1868.64870,0.00000
1866.72027,0.00011
1864.79184,0.00106
1862.86341,0.00188
1860.93498,0.00222
1859.00655,0.00220
1857.07812,0.00201
1855.14969,0.00197
1853.22126,0.00220
1851.29283,0.00242
1849.36440,0.00246
1847.43597,0.00246
1845.50754,0.00266
1843.57911,0.00301
1841.65068,0.00349
1839.72225,0.00366
1837.79382,0.00335
1835.86539,0.00328
1833.93696,0.00330
1832.00853,0.00236
1830.08010,0.00086
1828.15167,0.00060
1826.22324,0.00123
1824.29481,0.00171
1822.36638,0.00205
1820.43795,0.00249
1818.50952,0.00270
1816.58109,0.00234
1814.65266,0.00147
1812.72423,0.00052
1810.79580,0.00002
1808.86737,0.00038
1806.93894,0.00115
1805.01051,0.00185
1803.08208,0.00242
1801.15365,0.00259
1799.22522,0.00251
1797.29679,0.00265
1795.36836,0.00261
1793.43993,0.00176
1791.51150,0.00118
1789.58307,0.00228
1787.65464,0.00389
1785.72621,0.00452
1783.79778,0.00387
1781.86935,0.00264
1779.94092,0.00198
1778.01249,0.00215
1776.08406,0.00188
1774.15563,0.00054
1772.22720,-0.00008
1770.29877,0.00181
1768.37034,0.00382
1766.44191,0.00394
1764.51348,0.00291
1762.58505,0.00198
1760.65662,0.00208
1758.72819,0.00312
1756.79976,0.00396
1754.87133,0.00434
1752.94290,0.00478
1751.01447,0.00464
1749.08604,0.00317
1747.15761,0.00218
1745.22918,0.00243
1743.30075,0.00275
1741.37232,0.00274
1739.44389,0.00289
1737.51546,0.00343
1735.58703,0.00372
1733.65860,0.00321
1731.73017,0.00309
1729.80174,0.00361
1727.87331,0.00420
1725.94488,0.00450
1724.01645,0.00447
1722.08802,0.00408
1720.15959,0.00305
1718.23116,0.00161
1716.30273,0.00179
1714.37430,0.00434
1712.44587,0.00717
1710.51744,0.00811
1708.58901,0.00723
1706.66058,0.00647
1704.73215,0.00794
1702.80372,0.01102
1700.87529,0.01325
1698.94686,0.01322
1697.01843,0.01275
1695.09000,0.01359
1693.16157,0.01468
1691.23314,0.01459
1689.30471,0.01272
1687.37628,0.01029
1685.44785,0.00905
1683.51942,0.01061
1681.59099,0.01348
1679.66256,0.01499
1677.73413,0.01457
1675.80570,0.01330
1673.87727,0.01197
1671.94884,0.01070
1670.02041,0.00989
1668.09198,0.01112
1666.16355,0.01309
1664.23512,0.01388
1662.30669,0.01425
1660.37826,0.01578
1658.44983,0.01697
1656.52140,0.01626
1654.59297,0.01494
1652.66454,0.01538
1650.73611,0.01776
1648.80768,0.01790
1646.87925,0.01503
1644.95082,0.01471
1643.02239,0.01651
1641.09396,0.01649
1639.16553,0.01383
1637.23710,0.01046
1635.30867,0.00940
1633.38024,0.01109
1631.45181,0.01226
1629.52338,0.01131
1627.59495,0.00948
1625.66652,0.00840
1623.73809,0.00795
1621.80966,0.00794
1619.88123,0.00729
1617.95280,0.00507
1616.02437,0.00329
1614.09594,0.00410
1612.16751,0.00511
1610.23908,0.00423
1608.31065,0.00255
1606.38222,0.00178
1604.45379,0.00165
1602.52536,0.00144
1600.59693,0.00117
1598.66850,0.00078
1596.74007,0.00024
1594.81164,0.00000
1592.88321,0.00046
1590.95478,0.00119
1589.02635,0.00167
1587.09792,0.00203
1585.16949,0.00267
1583.24106,0.00361
1581.31263,0.00404
1579.38420,0.00336
1577.45577,0.00249
1575.52734,0.00352
1573.59891,0.00636
1571.67048,0.00825
1569.74205,0.00872
1567.81362,0.00975
1565.88519,0.01120
1563.95676,0.01130
1562.02833,0.00971
1560.09990,0.00871
1558.17147,0.01092
1556.24304,0.01520
1554.31461,0.01796
1552.38618,0.01872
1550.45775,0.01831
1548.52932,0.01760
1546.60089,0.01627
1544.67246,0.01314
1542.74403,0.00878
1540.81560,0.00644
1538.88717,0.01110
1536.95874,0.01635
1535.03031,0.01720
1533.10188,0.01520
1531.17345,0.01476
1529.24502,0.01561
1527.31659,0.01551
1525.38816,0.01443
1523.45973,0.01326
1521.53130,0.01320
1519.60287,0.01441
1517.67444,0.01432
1515.74601,0.01373
1513.81758,0.01441
1511.88915,0.01463
1509.96072,0.01243
1508.03229,0.00865
1506.10385,0.00747
1504.17542,0.01042
1502.24699,0.01278
1500.31856,0.01174
1498.39013,0.00882
1496.46170,0.00716
1494.53327,0.00708
1492.60484,0.00643
1490.67641,0.00447
1488.74798,0.00312
1486.81955,0.00352
1484.89112,0.00443
1482.96269,0.00457
1481.03426,0.00426
1479.10583,0.00409
1477.17740,0.00363
1475.24897,0.00233
1473.32054,0.00142
1471.39211,0.00285
1469.46368,0.00521
1467.53525,0.00595
1465.60682,0.00510
1463.67839,0.00463
1461.74996,0.00426
1459.82153,0.00223
1457.89310,0.00000
1455.96467,0.00116
1454.03624,0.00383
1452.10781,0.00488
1450.17938,0.00392
1448.25095,0.00240
1446.32252,0.00160
1444.39409,0.00151
1442.46566,0.00157
1440.53723,0.00168
1438.60880,0.00216
1436.68037,0.00284
1434.75194,0.00323
1432.82351,0.00309
1430.89508,0.00235
1428.96665,0.00178
1427.03822,0.00192
1425.10979,0.00210
1423.18136,0.00225
1421.25293,0.00296
1419.32450,0.00374
1417.39607,0.00366
1415.46764,0.00314
1413.53921,0.00255
1411.61078,0.00201
1409.68235,0.00182
1407.75392,0.00178
1405.82549,0.00165
1403.89706,0.00158
1401.96863,0.00174
1400.04020,0.00220
1398.11177,0.00292
1396.18334,0.00335
1394.25491,0.00354
1392.32648,0.00404
1390.39805,0.00426
1388.46962,0.00349
1386.54119,0.00225
1384.61276,0.00178
1382.68433,0.00213
1380.75590,0.00257
1378.82747,0.00234
1376.89904,0.00111
1374.97061,0.00000
1373.04218,0.00018
1371.11375,0.00096
1369.18532,0.00095
1367.25689,0.00051
1365.32846,0.00046
1363.40003,0.00081
1361.47160,0.00120
1359.54317,0.00138
1357.61474,0.00119
1355.68631,0.00074
1353.75788,0.00043
1351.82945,0.00032
1349.90102,0.00026
1347.97259,0.00021
1346.04416,0.00008
1344.11573,0.00000
1342.18730,0.00026
1340.25887,0.00088
1338.33044,0.00137
1336.40201,0.00138
1334.47358,0.00102
1332.54515,0.00064
1330.61672,0.00051
1328.68829,0.00060
1326.75986,0.00081
1324.83143,0.00121
1322.90300,0.00159
1320.97457,0.00159
1319.04614,0.00155
1317.11771,0.00196
1315.18928,0.00246
1313.26085,0.00262
1311.33242,0.00268
1309.40399,0.00285
1307.47556,0.00309
1305.54713,0.00338
1303.61870,0.00373
1301.69027,0.00409
1299.76184,0.00447
1297.83341,0.00496
1295.90498,0.00548
1293.97655,0.00602
1292.04812,0.00674
1290.11969,0.00758
1288.19126,0.00823
1286.26283,0.00857
1284.33440,0.00881
1282.40597,0.00937
1280.47754,0.01029
1278.54911,0.01109
1276.62068,0.01160
1274.69225,0.01212
1272.76382,0.01293
1270.83539,0.01397
1268.90696,0.01497
1266.97853,0.01585
1265.05010,0.01664
1263.12167,0.01752
1261.19324,0.01849
1259.26481,0.01964
1257.33638,0.02092
1255.40795,0.02219
1253.47952,0.02316
1251.55109,0.02379
1249.62266,0.02452
1247.69423,0.02559
1245.76580,0.02666
1243.83737,0.02736
1241.90894,0.02787
1239.98051,0.02842
1238.05208,0.02887
1236.12365,0.02921
1234.19522,0.02957
1232.26679,0.02994
1230.33836,0.03040
1228.40993,0.03106
1226.48150,0.03176
1224.55307,0.03209
1222.62464,0.03198
1220.69621,0.03185
1218.76778,0.03188
1216.83935,0.03182
1214.91092,0.03180
1212.98249,0.03192
1211.05406,0.03193
1209.12563,0.03194
1207.19720,0.03206
1205.26877,0.03205
1203.34034,0.03191
1201.41191,0.03199
1199.48348,0.03209
1197.55505,0.03258
1195.62662,0.03284
1193.69819,0.03269
1191.76976,0.03261
1189.84133,0.03295
1187.91290,0.03353
1185.98447,0.03397
1184.05604,0.03420
1182.12761,0.03431
1180.19918,0.03440
1178.27075,0.03470
1176.34232,0.03526
1174.41389,0.03571
1172.48546,0.03586
1170.55703,0.03614
1168.62860,0.03669
1166.70017,0.03705
1164.77174,0.03718
1162.84331,0.03744
1160.91488,0.03790
1158.98645,0.03831
1157.05802,0.03858
1155.12959,0.03890
1153.20116,0.03925
1151.27273,0.03938
1149.34430,0.03944
1147.41587,0.03956
1145.48744,0.03947
1143.55901,0.03937
1141.63058,0.03950
1139.70215,0.03959
1137.77372,0.03956
1135.84529,0.03971
1133.91686,0.04019
1131.98843,0.04089
1130.06000,0.04156
1128.13157,0.04209
1126.20314,0.04268
1124.27471,0.04337
1122.34628,0.04395
1120.41785,0.04457
1118.48942,0.04555
1116.56099,0.04684
1114.63256,0.04817
1112.70413,0.04928
1110.77570,0.05000
1108.84727,0.05053
1106.91884,0.05128
1104.99041,0.05231
1103.06198,0.05363
1101.13355,0.05519
1099.20512,0.05666
1097.27669,0.05796
1095.34826,0.05944
1093.41983,0.06085
1091.49140,0.06148
1089.56297,0.06162
1087.63454,0.06192
1085.70611,0.06221
1083.77768,0.06221
1081.84925,0.06222
1079.92082,0.06238
1077.99239,0.06245
1076.06396,0.06225
1074.13553,0.06183
1072.20710,0.06123
1070.27867,0.06055
1068.35024,0.06013
1066.42181,0.06027
1064.49338,0.06057
1062.56495,0.06029
1060.63652,0.05935
1058.70809,0.05842
1056.77966,0.05785
1054.85123,0.05722
1052.92280,0.05597
1050.99437,0.05413
1049.06594,0.05248
1047.13751,0.05130
1045.20908,0.05004
1043.28065,0.04827
1041.35222,0.04590
1039.42379,0.04343
1037.49536,0.04140
1035.56693,0.03957
1033.63850,0.03751
1031.71007,0.03527
1029.78164,0.03306
1027.85321,0.03073
1025.92478,0.02814
1023.99635,0.02566
1022.06792,0.02379
1020.13949,0.02224
1018.21106,0.02028
1016.28263,0.01798
1014.35420,0.01598
1012.42577,0.01454
1010.49734,0.01327
1008.56891,0.01196
1006.64048,0.01064
1004.71205,0.00902
1002.78362,0.00735
1000.85519,0.00615
998.92676,0.00526
996.99833,0.00424
995.06990,0.00312
993.14147,0.00227
991.21304,0.00173
989.28461,0.00131
987.35618,0.00108
985.42775,0.00099
983.49932,0.00087
981.57089,0.00069
979.64246,0.00061
977.71403,0.00098
975.78560,0.00158
973.85717,0.00173
971.92874,0.00140
970.00031,0.00118
968.07188,0.00143
966.14345,0.00205
964.21502,0.00251
962.28659,0.00246
960.35816,0.00223
958.42973,0.00232
956.50130,0.00247
954.57287,0.00246
952.64444,0.00255
950.71601,0.00272
948.78758,0.00290
946.85915,0.00315
944.93072,0.00321
943.00229,0.00309
941.07386,0.00304
939.14543,0.00333
937.21700,0.00343
935.28857,0.00314
933.36014,0.00281
931.43171,0.00250
929.50328,0.00204
927.57485,0.00177
925.64642,0.00190
923.71799,0.00192
921.78956,0.00160
919.86113,0.00136
917.93270,0.00131
916.00427,0.00133
914.07584,0.00142
912.14741,0.00137
910.21898,0.00122
908.29055,0.00128
906.36212,0.00129
904.43368,0.00094
902.50525,0.00043
900.57682,0.00011
898.64839,0.00017
896.71996,0.00047
894.79153,0.00036
892.86310,0.00000
890.93467,0.00007
889.00624,0.00054
887.07781,0.00077
885.14938,0.00052
883.22095,0.00009
881.29252,-0.00007
879.36409,0.00021
877.43566,0.00053
875.50723,0.00066
873.57880,0.00098
871.65037,0.00147
869.72194,0.00187
867.79351,0.00216
865.86508,0.00211
863.93665,0.00180
862.00822,0.00188
860.07979,0.00245
858.15136,0.00277
856.22293,0.00265
854.29450,0.00252
852.36607,0.00230
850.43764,0.00210
848.50921,0.00231
846.58078,0.00275
844.65235,0.00357
842.72392,0.00477
840.79549,0.00533
838.86706,0.00517
836.93863,0.00520
835.01020,0.00560
833.08177,0.00631
831.15334,0.00702
829.22491,0.00714
827.29648,0.00695
825.36805,0.00725
823.43962,0.00817
821.51119,0.00940
819.58276,0.01046
817.65433,0.01109
815.72590,0.01147
813.79747,0.01200
811.86904,0.01302
809.94061,0.01416
808.01218,0.01502
806.08375,0.01593
804.15532,0.01684
802.22689,0.01710
800.29846,0.01715
798.37003,0.01775
796.44160,0.01845
794.51317,0.01856
792.58474,0.01793
790.65631,0.01684
788.72788,0.01568
786.79945,0.01442
784.87102,0.01316
782.94259,0.01217
781.01416,0.01175
779.08573,0.01199
777.15730,0.01195
775.22887,0.01072
773.30044,0.00876
771.37201,0.00711
769.44358,0.00570
767.51515,0.00421
765.58672,0.00358
763.65829,0.00402
761.72986,0.00386
759.80143,0.00293
757.87300,0.00298
755.94457,0.00409
754.01614,0.00506
752.08771,0.00537
750.15928,0.00479
748.23085,0.00397
746.30242,0.00400
744.37399,0.00439
742.44556,0.00443
740.51713,0.00450
738.58870,0.00456
736.66027,0.00425
734.73184,0.00439
732.80341,0.00568
730.87498,0.00677
728.94655,0.00638
727.01812,0.00531
725.08969,0.00518
723.16126,0.00831
721.23283,0.00982
719.30440,0.00988
717.37597,0.00932
715.44754,0.00889
713.51911,0.00880
711.59068,0.00908
709.66225,0.00973
707.73382,0.01065
705.80539,0.01107
703.87696,0.01053
701.94853,0.00956
700.02010,0.00886
698.09167,0.00877
696.16324,0.00933
694.23481,0.01031
692.30638,0.01089
690.37795,0.00979
688.44952,0.00704
686.52109,0.00527
684.59266,0.00586
682.66423,0.00657
680.73580,0.00531
678.80737,0.00295
676.87894,0.00157
674.95051,0.00193
673.02208,0.00379
671.09365,0.00752
669.16522,0.01094
667.23679,0.00996
665.30836,0.00801
663.37993,0.00831
661.45150,0.00929
659.52307,0.00843
657.59464,0.00572
655.66621,0.00296
653.73778,0.00144
651.80935,0.00077
649.88092,0.00076
647.95249,0.00139
646.02406,0.00354
644.09563,0.00627
642.16720,0.00692
640.23877,0.00588
638.31034,0.00571
636.38191,0.00670
634.45348,0.00711
632.52505,0.00607
630.59662,0.00412
628.66819,0.00234
626.73976,0.00110
624.81133,0.00030
622.88290,0.00000
620.95447,0.00091
619.02604,0.00287
617.09761,0.00653
615.16918,0.01005
613.24075,0.00893
611.31232,0.00439
609.38389,0.00217
607.45546,0.00295
605.52703,0.00326
603.59860,0.00270
601.67017,0.00180
599.74174,0.00000
