4001.49232,0.00162
3999.56389,0.00442
3997.63546,0.00461
3995.70703,0.00386
3993.77860,0.00315
3991.85017,0.00272
3989.92174,0.00245
3987.99331,0.00212
3986.06488,0.00184
3984.13645,0.00170
3982.20802,0.00169
3980.27959,0.00178
3978.35116,0.00178
3976.42273,0.00163
3974.49430,0.00136
3972.56587,0.00115
3970.63744,0.00097
3968.70901,0.00054
3966.78058,0.00008
3964.85215,0.00050
3962.92372,0.00146
3960.99529,0.00151
3959.06686,0.00084
3957.13843,0.00032
3955.21000,0.00000
3953.28157,0.00032
3951.35314,0.00169
3949.42471,0.00297
3947.49628,0.00269
3945.56785,0.00213
3943.63942,0.00228
3941.71099,0.00137
3939.78256,-0.00009
3937.85413,-0.00026
3935.92570,0.00085
3933.99727,0.00258
3932.06884,0.00291
3930.14041,0.00125
3928.21198,0.00015
3926.28355,0.00074
3924.35512,0.00074
3922.42669,0.00005
3920.49826,0.00100
3918.56982,0.00263
3916.64139,0.00253
3914.71296,0.00115
3912.78453,0.00044
3910.85610,0.00008
3908.92767,0.00000
3906.99924,0.00173
3905.07081,0.00478
3903.14238,0.00691
3901.21395,0.00752
3899.28552,0.00606
3897.35709,0.00308
3895.42866,0.00232
3893.50023,0.00433
3891.57180,0.00489
3889.64337,0.00336
3887.71494,0.00468
3885.78651,0.00687
3883.85808,0.00628
3881.92965,0.00633
3880.00122,0.00516
3878.07279,0.00247
3876.14436,0.00343
3874.21593,0.00619
3872.28750,0.00854
3870.35907,0.01004
3868.43064,0.00829
3866.50221,0.00771
3864.57378,0.00823
3862.64535,0.00597
3860.71692,0.00393
3858.78849,0.00445
3856.86006,0.00739
3854.93163,0.01047
3853.00320,0.00859
3851.07477,0.00415
3849.14634,0.00394
3847.21791,0.00591
3845.28948,0.00689
3843.36105,0.00609
3841.43262,0.00521
3839.50419,0.00566
3837.57576,0.00546
3835.64733,0.00507
3833.71890,0.00619
3831.79047,0.00674
3829.86204,0.00575
3827.93361,0.00496
3826.00518,0.00388
3824.07675,0.00398
3822.14832,0.00558
3820.21989,0.00396
3818.29146,0.00362
3816.36303,0.00674
3814.43460,0.00647
3812.50617,0.00461
3810.57774,0.00463
3808.64931,0.00574
3806.72088,0.00521
3804.79245,0.00412
3802.86402,0.00602
3800.93559,0.00579
3799.00716,0.00363
3797.07873,0.00364
3795.15030,0.00256
3793.22187,0.00108
3791.29344,0.00120
3789.36501,0.00177
3787.43658,0.00247
3785.50815,0.00259
3783.57972,0.00141
3781.65129,0.00122
3779.72286,0.00189
3777.79443,0.00092
3775.86600,0.00000
3773.93757,0.00048
3772.00914,0.00235
3770.08071,0.00389
3768.15228,0.00394
3766.22385,0.00419
3764.29542,0.00412
3762.36699,0.00507
3760.43856,0.00780
3758.51013,0.00896
3756.58170,0.00837
3754.65327,0.00914
3752.72484,0.01127
3750.79641,0.01143
3748.86798,0.01040
3746.93955,0.01397
3745.01112,0.01843
3743.08269,0.01508
3741.15426,0.01018
3739.22583,0.00982
3737.29740,0.01199
3735.36897,0.01305
3733.44054,0.01131
3731.51211,0.00910
3729.58368,0.00868
3727.65525,0.01041
3725.72682,0.01097
3723.79839,0.00902
3721.86996,0.00629
3719.94153,0.00385
3718.01310,0.00239
3716.08467,0.00209
3714.15624,0.00337
3712.22781,0.00494
3710.29938,0.00463
3708.37095,0.00315
3706.44252,0.00240
3704.51409,0.00299
3702.58566,0.00354
3700.65723,0.00219
3698.72880,0.00072
3696.80037,0.00035
3694.87194,0.00027
3692.94351,0.00136
3691.01508,0.00310
3689.08665,0.00264
3687.15822,0.00052
3685.22979,0.00011
3683.30136,0.00128
3681.37293,0.00188
3679.44450,0.00231
3677.51607,0.00489
3675.58764,0.00656
3673.65921,0.00401
3671.73078,0.00474
3669.80235,0.00577
3667.87392,0.00277
3665.94549,0.00132
3664.01706,0.00188
3662.08863,0.00199
3660.16020,0.00231
3658.23177,0.00365
3656.30334,0.00337
3654.37491,0.00113
3652.44648,0.00201
3650.51805,0.00434
3648.58962,0.00269
3646.66119,0.00000
3644.73276,0.00053
3642.80433,0.00268
3640.87590,0.00332
3638.94747,0.00274
3637.01904,0.00254
3635.09061,0.00259
3633.16218,0.00268
3631.23375,0.00494
3629.30532,0.00735
3627.37689,0.00445
3625.44846,0.00150
3623.52003,0.00216
3621.59160,0.00430
3619.66317,0.00492
3617.73474,0.00355
3615.80631,0.00403
3613.87788,0.00610
3611.94945,0.00671
3610.02102,0.00711
3608.09259,0.00668
3606.16416,0.00396
3604.23573,0.00242
3602.30730,0.00299
3600.37887,0.00289
3598.45044,0.00218
3596.52201,0.00280
3594.59358,0.00338
3592.66515,0.00230
3590.73672,0.00260
3588.80829,0.00496
3586.87986,0.00450
3584.95143,0.00151
3583.02300,0.00069
3581.09457,0.00146
3579.16614,0.00162
3577.23771,0.00120
3575.30928,0.00076
3573.38085,0.00016
3571.45242,0.00000
3569.52399,0.00155
3567.59556,0.00313
3565.66713,0.00206
3563.73870,0.00108
3561.81027,0.00185
3559.88184,0.00209
3557.95341,0.00134
3556.02498,0.00121
3554.09655,0.00160
3552.16812,0.00118
3550.23969,0.00083
3548.31126,0.00261
3546.38283,0.00460
3544.45440,0.00393
3542.52597,0.00201
3540.59754,0.00111
3538.66911,0.00133
3536.74068,0.00151
3534.81225,0.00084
3532.88382,0.00020
3530.95539,0.00041
3529.02696,0.00105
3527.09853,0.00182
3525.17010,0.00270
3523.24167,0.00286
3521.31324,0.00210
3519.38481,0.00134
3517.45638,0.00069
3515.52795,0.00012
3513.59952,0.00009
3511.67109,0.00066
3509.74266,0.00112
3507.81423,0.00111
3505.88580,0.00194
3503.95737,0.00337
3502.02894,0.00313
3500.10051,0.00152
3498.17208,0.00037
3496.24365,0.00000
3494.31522,0.00007
3492.38679,0.00052
3490.45836,0.00096
3488.52993,0.00106
3486.60150,0.00092
3484.67307,0.00103
3482.74464,0.00129
3480.81621,0.00080
3478.88778,-0.00021
3476.95935,-0.00066
3475.03092,-0.00031
3473.10249,0.00048
3471.17406,0.00139
3469.24563,0.00197
3467.31720,0.00188
3465.38877,0.00137
3463.46034,0.00128
3461.53191,0.00145
3459.60348,0.00116
3457.67505,0.00073
3455.74662,0.00075
3453.81819,0.00108
3451.88976,0.00107
3449.96133,0.00094
3448.03290,0.00101
3446.10447,0.00049
3444.17604,-0.00001
3442.24761,0.00012
3440.31918,0.00033
3438.39075,0.00094
3436.46232,0.00147
3434.53389,0.00115
3432.60546,0.00041
3430.67703,0.00000
3428.74860,0.00027
3426.82017,0.00085
3424.89174,0.00132
3422.96331,0.00205
3421.03488,0.00256
3419.10645,0.00196
3417.17802,0.00149
3415.24959,0.00187
3413.32116,0.00200
3411.39273,0.00142
3409.46430,0.00090
3407.53587,0.00088
3405.60744,0.00117
3403.67901,0.00142
3401.75058,0.00165
3399.82215,0.00325
3397.89372,0.00367
3395.96529,0.00343
3394.03686,0.00316
3392.10843,0.00288
3390.18000,0.00235
3388.25157,0.00237
3386.32314,0.00274
3384.39471,0.00237
3382.46628,0.00151
3380.53785,0.00113
3378.60942,0.00117
3376.68099,0.00120
3374.75256,0.00116
3372.82413,0.00104
3370.89570,0.00123
3368.96727,0.00203
3367.03884,0.00298
3365.11041,0.00343
3363.18198,0.00353
3361.25355,0.00341
3359.32512,0.00302
3357.39669,0.00276
3355.46826,0.00266
3353.53983,0.00236
3351.61140,0.00186
3349.68297,0.00139
3347.75454,0.00138
3345.82611,0.00208
3343.89768,0.00289
3341.96925,0.00304
3340.04082,0.00299
3338.11239,0.00356
3336.18396,0.00420
3334.25553,0.00390
3332.32710,0.00311
3330.39867,0.00284
3328.47024,0.00340
3326.54181,0.00445
3324.61338,0.00500
3322.68495,0.00441
3320.75652,0.00356
3318.82809,0.00340
3316.89966,0.00372
3314.97122,0.00397
3313.04279,0.00408
3311.11436,0.00462
3309.18593,0.00551
3307.25750,0.00570
3305.32907,0.00528
3303.40064,0.00495
3301.47221,0.00481
3299.54378,0.00498
3297.61535,0.00538
3295.68692,0.00578
3293.75849,0.00619
3291.83006,0.00658
3289.90163,0.00674
3287.97320,0.00667
3286.04477,0.00648
3284.11634,0.00627
3282.18791,0.00616
3280.25948,0.00633
3278.33105,0.00704
3276.40262,0.00793
3274.47419,0.00813
3272.54576,0.00732
3270.61733,0.00615
3268.68890,0.00553
3266.76047,0.00563
3264.83204,0.00587
3262.90361,0.00589
3260.97518,0.00568
3259.04675,0.00540
3257.11832,0.00543
3255.18989,0.00566
3253.26146,0.00559
3251.33303,0.00543
3249.40460,0.00559
3247.47617,0.00603
3245.54774,0.00631
3243.61931,0.00607
3241.69088,0.00579
3239.76245,0.00560
3237.83402,0.00501
3235.90559,0.00432
3233.97716,0.00432
3232.04873,0.00481
3230.12030,0.00512
3228.19187,0.00506
3226.26344,0.00467
3224.33501,0.00457
3222.40658,0.00508
3220.47815,0.00542
3218.54972,0.00507
3216.62129,0.00477
3214.69286,0.00464
3212.76443,0.00394
3210.83600,0.00326
3208.90757,0.00324
3206.97914,0.00363
3205.05071,0.00387
3203.12228,0.00336
3201.19385,0.00265
3199.26542,0.00272
3197.33699,0.00320
3195.40856,0.00332
3193.48013,0.00333
3191.55170,0.00358
3189.62327,0.00383
3187.69484,0.00384
3185.76641,0.00353
3183.83798,0.00304
3181.90955,0.00280
3179.98112,0.00311
3178.05269,0.00330
3176.12426,0.00285
3174.19583,0.00240
3172.26740,0.00246
3170.33897,0.00273
3168.41054,0.00270
3166.48211,0.00243
3164.55368,0.00220
3162.62525,0.00200
3160.69682,0.00180
3158.76839,0.00164
3156.83996,0.00168
3154.91153,0.00221
3152.98310,0.00295
3151.05467,0.00299
3149.12624,0.00206
3147.19781,0.00085
3145.26938,0.00003
3143.34095,0.00000
3141.41252,0.00057
3139.48409,0.00119
3137.55566,0.00145
3135.62723,0.00158
3133.69880,0.00176
3131.77037,0.00162
3129.84194,0.00139
3127.91351,0.00127
3125.98508,0.00104
3124.05665,0.00116
3122.12822,0.00158
3120.19979,0.00171
3118.27136,0.00190
3116.34293,0.00222
3114.41450,0.00214
3112.48607,0.00180
3110.55764,0.00152
3108.62921,0.00110
3106.70078,0.00051
3104.77235,0.00046
3102.84392,0.00120
3100.91549,0.00156
3098.98706,0.00107
3097.05863,0.00076
3095.13020,0.00065
3093.20177,0.00038
3091.27334,0.00021
3089.34491,0.00014
3087.41648,0.00008
3085.48805,0.00004
3083.55962,0.00003
3081.63119,0.00001
3079.70276,0.00003
3077.77433,0.00015
3075.84590,0.00026
3073.91747,0.00018
3071.98904,0.00000
3070.06061,0.00008
3068.13218,0.00037
3066.20375,0.00055
3064.27532,0.00048
3062.34689,0.00022
3060.41846,0.00004
3058.49003,0.00024
3056.56160,0.00047
3054.63317,0.00023
3052.70474,0.00013
3050.77631,0.00064
3048.84788,0.00111
3046.91945,0.00107
3044.99102,0.00072
3043.06259,0.00028
3041.13416,-0.00005
3039.20573,-0.00004
3037.27730,0.00021
3035.34887,0.00067
3033.42044,0.00120
3031.49201,0.00142
3029.56358,0.00114
3027.63515,0.00088
3025.70672,0.00073
3023.77829,0.00035
3021.84986,-0.00002
3019.92143,0.00000
3017.99300,0.00034
3016.06457,0.00079
3014.13614,0.00131
3012.20771,0.00184
3010.27928,0.00193
3008.35085,0.00142
3006.42242,0.00087
3004.49399,0.00055
3002.56556,0.00026
3000.63713,0.00000
2998.70870,0.00024
2996.78027,0.00082
2994.85184,0.00113
2992.92341,0.00098
2990.99498,0.00082
2989.06655,0.00101
2987.13812,0.00128
2985.20969,0.00123
2983.28126,0.00112
2981.35283,0.00129
2979.42440,0.00156
2977.49597,0.00157
2975.56754,0.00149
2973.63911,0.00157
2971.71068,0.00161
2969.78225,0.00142
2967.85382,0.00129
2965.92539,0.00138
2963.99696,0.00158
2962.06853,0.00173
2960.14010,0.00178
2958.21167,0.00174
2956.28324,0.00161
2954.35481,0.00145
2952.42638,0.00134
2950.49795,0.00124
2948.56952,0.00116
2946.64109,0.00100
2944.71266,0.00074
2942.78423,0.00059
2940.85580,0.00076
2938.92737,0.00128
2936.99894,0.00181
2935.07051,0.00204
2933.14208,0.00197
2931.21365,0.00177
2929.28522,0.00165
2927.35679,0.00168
2925.42836,0.00173
2923.49993,0.00170
2921.57150,0.00152
2919.64307,0.00139
2917.71464,0.00155
2915.78621,0.00158
2913.85778,0.00131
2911.92935,0.00122
2910.00092,0.00121
2908.07249,0.00100
2906.14406,0.00086
2904.21563,0.00077
2902.28720,0.00046
2900.35877,0.00019
2898.43034,0.00012
2896.50191,0.00009
2894.57348,0.00008
2892.64505,0.00020
2890.71662,0.00027
2888.78819,0.00019
2886.85976,0.00016
2884.93133,0.00044
2883.00290,0.00082
2881.07447,0.00079
2879.14604,0.00047
2877.21761,0.00037
2875.28918,0.00044
2873.36075,0.00052
2871.43232,0.00060
2869.50389,0.00057
2867.57546,0.00049
2865.64703,0.00048
2863.71860,0.00042
2861.79017,0.00023
2859.86174,0.00005
2857.93331,0.00001
2856.00488,0.00031
2854.07645,0.00075
2852.14802,0.00074
2850.21959,0.00032
2848.29116,0.00000
2846.36273,-0.00010
2844.43430,-0.00020
2842.50587,-0.00015
2840.57744,0.00023
2838.64901,0.00051
2836.72058,0.00030
2834.79215,0.00003
2832.86372,0.00009
2830.93529,0.00020
2829.00686,0.00023
2827.07843,0.00044
2825.15000,0.00076
2823.22157,0.00076
2821.29314,0.00045
2819.36471,0.00015
2817.43628,0.00000
2815.50785,0.00002
2813.57942,0.00035
2811.65099,0.00064
2809.72256,0.00050
2807.79413,0.00027
2805.86570,0.00031
2803.93727,0.00050
2802.00884,0.00072
2800.08041,0.00090
2798.15198,0.00084
2796.22355,0.00063
2794.29512,0.00065
2792.36669,0.00078
2790.43826,0.00081
2788.50983,0.00083
2786.58140,0.00081
2784.65297,0.00062
2782.72454,0.00042
2780.79611,0.00034
2778.86768,0.00033
2776.93925,0.00048
2775.01082,0.00066
2773.08239,0.00066
2771.15396,0.00066
2769.22553,0.00092
2767.29710,0.00120
2765.36867,0.00130
2763.44024,0.00126
2761.51181,0.00110
2759.58338,0.00092
2757.65495,0.00091
2755.72652,0.00107
2753.79809,0.00113
2751.86966,0.00103
2749.94123,0.00083
2748.01280,0.00065
2746.08437,0.00060
2744.15594,0.00058
2742.22751,0.00043
2740.29908,0.00031
2738.37065,0.00047
2736.44222,0.00072
2734.51379,0.00086
2732.58536,0.00093
2730.65693,0.00093
2728.72850,0.00090
2726.80007,0.00095
2724.87164,0.00114
2722.94321,0.00125
2721.01478,0.00102
2719.08635,0.00050
2717.15792,0.00007
2715.22949,-0.00009
2713.30105,0.00002
2711.37262,0.00034
2709.44419,0.00045
2707.51576,0.00021
2705.58733,0.00001
2703.65890,0.00000
2701.73047,0.00003
2699.80204,0.00022
2697.87361,0.00050
2695.94518,0.00057
2694.01675,0.00062
2692.08832,0.00094
2690.15989,0.00108
2688.23146,0.00062
2686.30303,0.00009
2684.37460,-0.00003
2682.44617,0.00019
2680.51774,0.00065
2678.58931,0.00098
2676.66088,0.00078
2674.73245,0.00039
2672.80402,0.00033
2670.87559,0.00043
2668.94716,0.00026
2667.01873,0.00000
2665.09030,0.00006
2663.16187,0.00042
2661.23344,0.00088
2659.30501,0.00110
2657.37658,0.00083
2655.44815,0.00042
2653.51972,0.00034
2651.59129,0.00067
2649.66286,0.00110
2647.73443,0.00125
2645.80600,0.00121
2643.87757,0.00113
2641.94914,0.00099
2640.02071,0.00083
2638.09228,0.00073
2636.16385,0.00063
2634.23542,0.00053
2632.30699,0.00054
2630.37856,0.00060
2628.45013,0.00080
2626.52170,0.00117
2624.59327,0.00145
2622.66484,0.00132
2620.73641,0.00084
2618.80798,0.00039
2616.87955,0.00017
2614.95112,0.00024
2613.02269,0.00038
2611.09426,0.00032
2609.16583,0.00020
2607.23740,0.00011
2605.30897,0.00008
2603.38054,0.00018
2601.45211,0.00026
2599.52368,0.00017
2597.59525,0.00000
2595.66682,-0.00003
2593.73839,0.00014
2591.80996,0.00038
2589.88153,0.00058
2587.95310,0.00066
2586.02467,0.00059
2584.09624,0.00045
2582.16781,0.00046
2580.23938,0.00068
2578.31095,0.00083
2576.38252,0.00073
2574.45409,0.00058
2572.52566,0.00057
2570.59723,0.00061
2568.66880,0.00054
2566.74037,0.00030
2564.81194,0.00004
2562.88351,0.00004
2560.95508,0.00029
2559.02665,0.00048
2557.09822,0.00060
2555.16979,0.00071
2553.24136,0.00075
2551.31293,0.00081
2549.38450,0.00083
2547.45607,0.00062
2545.52764,0.00034
2543.59921,0.00024
2541.67078,0.00040
2539.74235,0.00071
2537.81392,0.00090
2535.88549,0.00085
2533.95706,0.00077
2532.02863,0.00071
2530.10020,0.00066
2528.17177,0.00065
2526.24334,0.00069
2524.31491,0.00072
2522.38648,0.00075
2520.45805,0.00068
2518.52962,0.00047
2516.60119,0.00026
2514.67276,0.00008
2512.74433,0.00000
2510.81590,0.00019
2508.88747,0.00052
2506.95904,0.00070
2505.03061,0.00056
2503.10218,0.00025
2501.17375,0.00011
2499.24532,0.00036
2497.31689,0.00071
2495.38846,0.00081
2493.46003,0.00069
2491.53160,0.00055
2489.60317,0.00048
2487.67474,0.00050
2485.74631,0.00050
2483.81788,0.00043
2481.88945,0.00029
2479.96102,0.00007
2478.03259,-0.00011
2476.10416,-0.00005
2474.17573,0.00017
2472.24730,0.00043
2470.31887,0.00074
2468.39044,0.00096
2466.46201,0.00086
2464.53358,0.00044
2462.60515,0.00006
2460.67672,0.00010
2458.74829,0.00039
2456.81986,0.00062
2454.89143,0.00068
2452.96300,0.00060
2451.03457,0.00064
2449.10614,0.00082
2447.17771,0.00073
2445.24928,0.00031
2443.32085,0.00000
2441.39242,0.00000
2439.46399,0.00019
2437.53556,0.00050
2435.60713,0.00078
2433.67870,0.00094
2431.75027,0.00090
2429.82184,0.00073
2427.89341,0.00071
2425.96498,0.00065
2424.03655,0.00061
2422.10812,0.00058
2420.17969,0.00055
2418.25126,0.00052
2416.32283,0.00048
2414.39440,0.00045
2412.46597,0.00043
2410.53754,0.00040
2408.60911,0.00037
2406.68068,0.00034
2404.75225,0.00032
2402.82382,0.00029
2400.89539,0.00027
2398.96696,0.00025
2397.03853,0.00023
2395.11010,0.00021
2393.18167,0.00019
2391.25324,0.00017
2389.32481,0.00015
2387.39638,0.00013
2385.46795,0.00011
2383.53952,0.00010
2381.61109,0.00008
2379.68266,0.00007
2377.75423,0.00006
2375.82580,0.00004
2373.89737,0.00003
2371.96894,0.00002
2370.04051,0.00001
2368.11208,0.00001
2366.18365,-0.00000
2364.25522,-0.00001
2362.32679,-0.00001
2360.39836,-0.00002
2358.46993,-0.00002
2356.54150,-0.00003
2354.61307,-0.00003
2352.68464,-0.00003
2350.75621,-0.00003
2348.82778,-0.00003
2346.89935,-0.00003
2344.97092,-0.00003
2343.04249,-0.00002
2341.11406,-0.00002
2339.18563,-0.00001
2337.25720,-0.00001
2335.32877,-0.00000
2333.40034,0.00001
2331.47191,0.00002
2329.54348,0.00002
2327.61505,0.00003
2325.68662,0.00005
2323.75819,0.00006
2321.82976,0.00007
2319.90133,0.00009
2317.97290,0.00010
2316.04447,0.00012
2314.11604,0.00013
2312.18761,0.00015
2310.25918,0.00017
2308.33075,0.00019
2306.40232,0.00021
2304.47389,0.00023
2302.54546,0.00025
2300.61703,0.00027
2298.68860,0.00030
2296.76017,0.00032
2294.83174,0.00035
2292.90331,0.00037
2290.97488,0.00040
2289.04645,0.00043
2287.11802,0.00046
2285.18959,0.00049
2283.26116,0.00052
2281.33273,0.00055
2279.40430,0.00058
2277.47587,0.00062
2275.54744,0.00065
2273.61901,0.00069
2271.69058,0.00072
2269.76215,0.00076
2267.83372,0.00080
2265.90529,0.00084
2263.97686,0.00088
2262.04843,0.00092
2260.12000,0.00096
2258.19157,0.00100
2256.26314,0.00104
2254.33471,0.00109
2252.40628,0.00113
2250.47785,0.00118
2248.54942,0.00123
2246.62099,0.00128
2244.69256,0.00132
2242.76413,0.00137
2240.83570,0.00116
2238.90727,0.00085
2236.97884,0.00050
2235.05041,0.00032
2233.12198,0.00036
2231.19355,0.00036
2229.26512,0.00017
2227.33669,0.00000
2225.40826,0.00001
2223.47983,0.00022
2221.55140,0.00041
2219.62297,0.00048
2217.69454,0.00052
2215.76611,0.00050
2213.83768,0.00034
2211.90925,0.00016
2209.98082,0.00010
2208.05239,0.00019
2206.12396,0.00035
2204.19553,0.00052
2202.26710,0.00062
2200.33867,0.00055
2198.41024,0.00042
2196.48181,0.00053
2194.55338,0.00071
2192.62495,0.00069
2190.69652,0.00063
2188.76809,0.00069
2186.83966,0.00063
2184.91123,0.00053
2182.98280,0.00056
2181.05437,0.00050
2179.12594,0.00027
2177.19751,0.00010
2175.26908,0.00009
2173.34065,0.00025
2171.41222,0.00038
2169.48379,0.00040
2167.55536,0.00047
2165.62693,0.00058
2163.69850,0.00059
2161.77007,0.00053
2159.84164,0.00048
2157.91321,0.00045
2155.98478,0.00033
2154.05635,0.00014
2152.12792,0.00000
2150.19949,0.00009
2148.27106,0.00047
2146.34263,0.00072
2144.41420,0.00049
2142.48577,0.00023
2140.55734,0.00046
2138.62891,0.00091
2136.70048,0.00106
2134.77205,0.00082
2132.84362,0.00049
2130.91519,0.00033
2128.98676,0.00038
2127.05833,0.00044
2125.12990,0.00025
2123.20147,0.00000
2121.27304,0.00005
2119.34461,0.00029
2117.41618,0.00049
2115.48775,0.00057
2113.55932,0.00039
2111.63089,0.00011
2109.70245,0.00008
2107.77402,0.00024
2105.84559,0.00029
2103.91716,0.00015
2101.98873,0.00013
2100.06030,0.00037
2098.13187,0.00052
2096.20344,0.00063
2094.27501,0.00071
2092.34658,0.00070
2090.41815,0.00059
2088.48972,0.00045
2086.56129,0.00028
2084.63286,0.00019
2082.70443,0.00042
2080.77600,0.00080
2078.84757,0.00084
2076.91914,0.00064
2074.99071,0.00055
2073.06228,0.00070
2071.13385,0.00085
2069.20542,0.00083
2067.27699,0.00092
2065.34856,0.00111
2063.42013,0.00085
2061.49170,0.00057
2059.56327,0.00046
2057.63484,0.00019
2055.70641,0.00000
2053.77798,0.00014
2051.84955,0.00041
2049.92112,0.00055
2047.99269,0.00065
2046.06426,0.00077
2044.13583,0.00082
2042.20740,0.00065
2040.27897,0.00027
2038.35054,0.00008
2036.42211,0.00015
2034.49368,0.00019
2032.56525,0.00027
2030.63682,0.00046
2028.70839,0.00069
2026.77996,0.00086
2024.85153,0.00093
2022.92310,0.00086
2020.99467,0.00063
2019.06624,0.00055
2017.13781,0.00050
2015.20938,0.00025
2013.28095,0.00029
2011.35252,0.00066
2009.42409,0.00101
2007.49566,0.00093
2005.56723,0.00041
2003.63880,0.00008
2001.71037,0.00019
1999.78194,0.00038
1997.85351,0.00033
1995.92508,0.00019
1993.99665,0.00045
1992.06822,0.00065
1990.13979,0.00027
1988.21136,0.00021
1986.28293,0.00049
1984.35450,0.00064
1982.42607,0.00069
1980.49764,0.00069
1978.56921,0.00072
1976.64078,0.00072
1974.71235,0.00052
1972.78392,0.00020
1970.85549,0.00000
1968.92706,0.00024
1966.99863,0.00046
1965.07020,0.00033
1963.14177,0.00050
1961.21334,0.00081
1959.28491,0.00072
1957.35648,0.00053
1955.42805,0.00047
1953.49962,0.00048
1951.57119,0.00052
1949.64276,0.00045
1947.71433,0.00021
1945.78590,0.00024
1943.85747,0.00097
1941.92904,0.00115
1940.00061,0.00050
1938.07218,0.00025
1936.14375,0.00023
1934.21532,0.00016
1932.28689,0.00024
1930.35846,0.00043
1928.43003,0.00049
1926.50160,0.00039
1924.57317,0.00046
1922.64474,0.00030
1920.71631,0.00014
1918.78788,0.00082
1916.85945,0.00098
1914.93102,0.00054
1913.00259,0.00046
1911.07416,0.00052
1909.14573,0.00046
1907.21730,0.00027
1905.28887,0.00027
1903.36044,0.00044
1901.43201,0.00050
1899.50358,0.00041
1897.57515,0.00049
1895.64672,0.00066
1893.71829,0.00031
1891.78986,0.00003
1889.86143,0.00023
1887.93300,0.00032
1886.00457,0.00065
1884.07614,0.00109
1882.14771,0.00112
1880.21928,0.00119
1878.29085,0.00151
1876.36242,0.00164
1874.43399,0.00117
1872.50556,0.00054
1870.57713,0.00056
1868.64870,0.00056
1866.72027,0.00000
1864.79184,0.00023
1862.86341,0.00125
1860.93498,0.00205
1859.00655,0.00228
1857.07812,0.00219
1855.14969,0.00218
1853.22126,0.00224
1851.29283,0.00214
1849.36440,0.00186
1847.43597,0.00175
1845.50754,0.00265
1843.57911,0.00337
1841.65068,0.00308
1839.72225,0.00321
1837.79382,0.00343
1835.86539,0.00302
1833.93696,0.00233
1832.00853,0.00183
1830.08010,0.00117
1828.15167,0.00031
1826.22324,0.00068
1824.29481,0.00153
1822.36638,0.00174
1820.43795,0.00228
1818.50952,0.00284
1816.58109,0.00240
1814.65266,0.00124
1812.72423,0.00056
1810.79580,0.00038
1808.86737,0.00033
1806.93894,0.00056
1805.01051,0.00104
1803.08208,0.00181
1801.15365,0.00225
1799.22522,0.00170
1797.29679,0.00102
1795.36836,0.00114
1793.43993,0.00183
1791.51150,0.00190
1789.58307,0.00164
1787.65464,0.00267
1785.72621,0.00375
1783.79778,0.00320
1781.86935,0.00210
1779.94092,0.00132
1778.01249,0.00061
1776.08406,0.00005
1774.15563,0.00000
1772.22720,0.00056
1770.29877,0.00159
1768.37034,0.00274
1766.44191,0.00245
1764.51348,0.00162
1762.58505,0.00159
1760.65662,0.00135
1758.72819,0.00190
1756.79976,0.00276
1754.87133,0.00228
1752.94290,0.00241
1751.01447,0.00290
1749.08604,0.00151
1747.15761,0.00000
1745.22918,-0.00001
1743.30075,0.00060
1741.37232,0.00113
1739.44389,0.00100
1737.51546,0.00054
1735.58703,0.00214
1733.65860,0.00318
1731.73017,0.00194
1729.80174,0.00180
1727.87331,0.00228
1725.94488,0.00265
1724.01645,0.00257
1722.08802,0.00130
1720.15959,0.00045
1718.23116,0.00072
1716.30273,0.00099
1714.37430,0.00211
1712.44587,0.00408
1710.51744,0.00509
1708.58901,0.00501
1706.66058,0.00519
1704.73215,0.00592
1702.80372,0.00832
1700.87529,0.01242
1698.94686,0.01389
1697.01843,0.01512
1695.09000,0.01690
1693.16157,0.01718
1691.23314,0.01745
1689.30471,0.01629
1687.37628,0.01456
1685.44785,0.01649
1683.51942,0.02017
1681.59099,0.02171
1679.66256,0.02285
1677.73413,0.02406
1675.80570,0.02506
1673.87727,0.02429
1671.94884,0.02405
1670.02041,0.02595
1668.09198,0.02729
1666.16355,0.02852
1664.23512,0.03131
1662.30669,0.03394
1660.37826,0.03493
1658.44983,0.03499
1656.52140,0.03547
1654.59297,0.03820
1652.66454,0.03920
1650.73611,0.03723
1648.80768,0.03789
1646.87925,0.03854
1644.95082,0.03704
1643.02239,0.03659
1641.09396,0.03593
1639.16553,0.03382
1637.23710,0.03233
1635.30867,0.03122
1633.38024,0.02939
1631.45181,0.02861
1629.52338,0.02789
1627.59495,0.02560
1625.66652,0.02346
1623.73809,0.02257
1621.80966,0.02065
1619.88123,0.01853
1617.95280,0.01768
1616.02437,0.01575
1614.09594,0.01348
1612.16751,0.01283
1610.23908,0.01185
1608.31065,0.00970
1606.38222,0.00786
1604.45379,0.00709
1602.52536,0.00662
1600.59693,0.00575
1598.66850,0.00476
1596.74007,0.00409
1594.81164,0.00374
1592.88321,0.00373
1590.95478,0.00414
1589.02635,0.00462
1587.09792,0.00509
1585.16949,0.00581
1583.24106,0.00649
1581.31263,0.00618
1579.38420,0.00552
1577.45577,0.00652
1575.52734,0.00788
1573.59891,0.00848
1571.67048,0.01073
1569.74205,0.01302
1567.81362,0.01336
1565.88519,0.01378
1563.95676,0.01341
1562.02833,0.01292
1560.09990,0.01611
1558.17147,0.01905
1556.24304,0.02009
1554.31461,0.02224
1552.38618,0.02405
1550.45775,0.02474
1548.52932,0.02371
1546.60089,0.02168
1544.67246,0.01902
1542.74403,0.01648
1540.81560,0.01749
1538.88717,0.02050
1536.95874,0.02209
1535.03031,0.02372
1533.10188,0.02343
1531.17345,0.02135
1529.24502,0.02116
1527.31659,0.02130
1525.38816,0.01967
1523.45973,0.01883
1521.53130,0.01938
1519.60287,0.01909
1517.67444,0.01888
1515.74601,0.01817
1513.81758,0.01698
1511.88915,0.01562
1509.96072,0.01402
1508.03229,0.01359
1506.10385,0.01252
1504.17542,0.01114
1502.24699,0.01155
1500.31856,0.01155
1498.39013,0.01010
1496.46170,0.00788
1494.53327,0.00527
1492.60484,0.00387
1490.67641,0.00355
1488.74798,0.00248
1486.81955,0.00150
1484.89112,0.00161
1482.96269,0.00215
1481.03426,0.00204
1479.10583,0.00115
1477.17740,0.00037
1475.24897,0.00000
1473.32054,0.00076
1471.39211,0.00166
1469.46368,0.00223
1467.53525,0.00350
1465.60682,0.00440
1463.67839,0.00324
1461.74996,0.00125
1459.82153,0.00065
1457.89310,0.00136
1455.96467,0.00148
1454.03624,0.00185
1452.10781,0.00285
1450.17938,0.00318
1448.25095,0.00276
1446.32252,0.00191
1444.39409,0.00146
1442.46566,0.00144
1440.53723,0.00138
1438.60880,0.00250
1436.68037,0.00379
1434.75194,0.00278
1432.82351,0.00194
1430.89508,0.00221
1428.96665,0.00195
1427.03822,0.00168
1425.10979,0.00200
1423.18136,0.00188
1421.25293,0.00268
1419.32450,0.00468
1417.39607,0.00444
1415.46764,0.00324
1413.53921,0.00308
1411.61078,0.00321
1409.68235,0.00304
1407.75392,0.00315
1405.82549,0.00371
1403.89706,0.00353
1401.96863,0.00314
1400.04020,0.00389
1398.11177,0.00476
1396.18334,0.00531
1394.25491,0.00555
1392.32648,0.00525
1390.39805,0.00534
1388.46962,0.00545
1386.54119,0.00429
1384.61276,0.00294
1382.68433,0.00294
1380.75590,0.00337
1378.82747,0.00291
1376.89904,0.00174
1374.97061,0.00110
1373.04218,0.00099
1371.11375,0.00115
1369.18532,0.00135
1367.25689,0.00086
1365.32846,0.00076
1363.40003,0.00148
1361.47160,0.00148
1359.54317,0.00092
1357.61474,0.00088
1355.68631,0.00099
1353.75788,0.00091
1351.82945,0.00081
1349.90102,0.00085
1347.97259,0.00084
1346.04416,0.00053
1344.11573,0.00000
1342.18730,-0.00003
1340.25887,0.00062
1338.33044,0.00094
1336.40201,0.00075
1334.47358,0.00063
1332.54515,0.00051
1330.61672,0.00038
1328.68829,0.00030
1326.75986,0.00032
1324.83143,0.00039
1322.90300,0.00035
1320.97457,0.00018
1319.04614,0.00006
1317.11771,0.00004
1315.18928,0.00015
1313.26085,0.00012
1311.33242,-0.00013
1309.40399,-0.00020
1307.47556,-0.00015
1305.54713,-0.00022
1303.61870,-0.00022
1301.69027,-0.00018
1299.76184,-0.00027
1297.83341,-0.00031
1295.90498,-0.00019
1293.97655,0.00000
1292.04812,0.00011
1290.11969,0.00040
1288.19126,0.00073
1286.26283,0.00079
1284.33440,0.00067
1282.40597,0.00082
1280.47754,0.00124
1278.54911,0.00160
1276.62068,0.00175
1274.69225,0.00185
1272.76382,0.00224
1270.83539,0.00297
1268.90696,0.00383
1266.97853,0.00471
1265.05010,0.00555
1263.12167,0.00652
1261.19324,0.00777
1259.26481,0.00930
1257.33638,0.01116
1255.40795,0.01320
1253.47952,0.01486
1251.55109,0.01615
1249.62266,0.01764
1247.69423,0.01946
1245.76580,0.02129
1243.83737,0.02288
1241.90894,0.02430
1239.98051,0.02582
1238.05208,0.02738
1236.12365,0.02885
1234.19522,0.03024
1232.26679,0.03161
1230.33836,0.03303
1228.40993,0.03465
1226.48150,0.03646
1224.55307,0.03798
1222.62464,0.03894
1220.69621,0.03991
1218.76778,0.04121
1216.83935,0.04239
1214.91092,0.04335
1212.98249,0.04445
1211.05406,0.04568
1209.12563,0.04696
1207.19720,0.04828
1205.26877,0.04941
1203.34034,0.05039
1201.41191,0.05164
1199.48348,0.05292
1197.55505,0.05456
1195.62662,0.05603
1193.69819,0.05723
1191.76976,0.05866
1189.84133,0.06061
1187.91290,0.06278
1185.98447,0.06485
1184.05604,0.06674
1182.12761,0.06841
1180.19918,0.07003
1178.27075,0.07189
1176.34232,0.07411
1174.41389,0.07636
1172.48546,0.07843
1170.55703,0.08070
1168.62860,0.08316
1166.70017,0.08535
1164.77174,0.08743
1162.84331,0.09000
1160.91488,0.09308
1158.98645,0.09617
1157.05802,0.09905
1155.12959,0.10182
1153.20116,0.10442
1151.27273,0.10675
1149.34430,0.10899
1147.41587,0.11120
1145.48744,0.11315
1143.55901,0.11481
1141.63058,0.11613
1139.70215,0.11721
1137.77372,0.11860
1135.84529,0.12057
1133.91686,0.12296
1131.98843,0.12590
1130.06000,0.12955
1128.13157,0.13317
1126.20314,0.13637
1124.27471,0.13974
1122.34628,0.14368
1120.41785,0.14819
1118.48942,0.15356
1116.56099,0.15962
1114.63256,0.16571
1112.70413,0.17145
1110.77570,0.17655
1108.84727,0.18117
1106.91884,0.18611
1104.99041,0.19172
1103.06198,0.19811
1101.13355,0.20545
1099.20512,0.21322
1097.27669,0.22094
1095.34826,0.22881
1093.41983,0.23672
1091.49140,0.24352
1089.56297,0.24856
1087.63454,0.25234
1085.70611,0.25487
1083.77768,0.25606
1081.84925,0.25687
1079.92082,0.25770
1077.99239,0.25791
1076.06396,0.25754
1074.13553,0.25714
1072.20710,0.25690
1070.27867,0.25665
1068.35024,0.25631
1066.42181,0.25604
1064.49338,0.25566
1062.56495,0.25489
1060.63652,0.25383
1058.70809,0.25255
1056.77966,0.25075
1054.85123,0.24848
1052.92280,0.24550
1050.99437,0.24137
1049.06594,0.23682
1047.13751,0.23244
1045.20908,0.22782
1043.28065,0.22223
1041.35222,0.21528
1039.42379,0.20775
1037.49536,0.20054
1035.56693,0.19327
1033.63850,0.18519
1031.71007,0.17648
1029.78164,0.16771
1027.85321,0.15890
1025.92478,0.14988
1023.99635,0.14093
1022.06792,0.13255
1020.13949,0.12483
1018.21106,0.11737
1016.28263,0.10988
1014.35420,0.10270
1012.42577,0.09628
1010.49734,0.09048
1008.56891,0.08491
1006.64048,0.07903
1004.71205,0.07242
1002.78362,0.06581
1000.85519,0.06026
998.92676,0.05572
996.99833,0.05167
995.06990,0.04809
993.14147,0.04506
991.21304,0.04252
989.28461,0.04059
987.35618,0.03937
985.42775,0.03851
983.49932,0.03780
981.57089,0.03739
979.64246,0.03736
977.71403,0.03755
975.78560,0.03740
973.85717,0.03662
971.92874,0.03558
970.00031,0.03452
968.07188,0.03369
966.14345,0.03334
964.21502,0.03300
962.28659,0.03223
960.35816,0.03131
958.42973,0.03039
956.50130,0.02922
954.57287,0.02794
952.64444,0.02692
950.71601,0.02620
948.78758,0.02558
946.85915,0.02484
944.93072,0.02373
943.00229,0.02245
941.07386,0.02164
939.14543,0.02129
937.21700,0.02065
935.28857,0.01954
933.36014,0.01841
931.43171,0.01728
929.50328,0.01595
927.57485,0.01478
925.64642,0.01388
923.71799,0.01281
921.78956,0.01164
919.86113,0.01066
917.93270,0.00968
916.00427,0.00871
914.07584,0.00807
912.14741,0.00747
910.21898,0.00669
908.29055,0.00597
906.36212,0.00522
904.43368,0.00436
902.50525,0.00356
900.57682,0.00284
898.64839,0.00247
896.71996,0.00258
894.79153,0.00258
892.86310,0.00204
890.93467,0.00153
889.00624,0.00155
887.07781,0.00155
885.14938,0.00101
883.22095,0.00028
881.29252,0.00000
879.36409,0.00002
877.43566,0.00014
875.50723,0.00003
873.57880,0.00004
871.65037,0.00028
869.72194,0.00059
867.79351,0.00093
865.86508,0.00105
863.93665,0.00096
862.00822,0.00114
860.07979,0.00170
858.15136,0.00212
856.22293,0.00226
854.29450,0.00239
852.36607,0.00225
850.43764,0.00209
848.50921,0.00277
846.58078,0.00403
844.65235,0.00546
842.72392,0.00705
840.79549,0.00826
838.86706,0.00911
836.93863,0.01026
835.01020,0.01171
833.08177,0.01346
831.15334,0.01526
829.22491,0.01628
827.29648,0.01688
825.36805,0.01802
823.43962,0.01971
821.51119,0.02156
819.58276,0.02309
817.65433,0.02423
815.72590,0.02536
813.79747,0.02684
811.86904,0.02880
809.94061,0.03067
808.01218,0.03195
806.08375,0.03326
804.15532,0.03476
802.22689,0.03583
800.29846,0.03688
798.37003,0.03838
796.44160,0.03924
794.51317,0.03869
792.58474,0.03741
790.65631,0.03623
788.72788,0.03527
786.79945,0.03404
784.87102,0.03238
782.94259,0.03065
781.01416,0.02934
779.08573,0.02855
777.15730,0.02738
775.22887,0.02477
773.30044,0.02117
771.37201,0.01793
769.44358,0.01573
767.51515,0.01421
765.58672,0.01325
763.65829,0.01295
761.72986,0.01259
759.80143,0.01187
757.87300,0.01157
755.94457,0.01198
754.01614,0.01284
752.08771,0.01370
750.15928,0.01386
748.23085,0.01351
746.30242,0.01339
744.37399,0.01333
742.44556,0.01318
740.51713,0.01308
738.58870,0.01265
736.66027,0.01193
734.73184,0.01205
732.80341,0.01357
730.87498,0.01507
728.94655,0.01511
727.01812,0.01449
725.08969,0.01476
723.16126,0.01802
721.23283,0.01931
719.30440,0.01923
717.37597,0.01856
715.44754,0.01786
713.51911,0.01753
711.59068,0.01806
709.66225,0.01893
707.73382,0.02000
705.80539,0.02093
703.87696,0.02109
701.94853,0.02050
700.02010,0.01964
698.09167,0.01870
696.16324,0.01811
694.23481,0.01854
692.30638,0.01950
690.37795,0.01922
688.44952,0.01735
686.52109,0.01597
684.59266,0.01611
682.66423,0.01606
680.73580,0.01463
678.80737,0.01274
676.87894,0.01229
674.95051,0.01432
673.02208,0.01792
671.09365,0.02206
669.16522,0.02563
667.23679,0.02679
665.30836,0.02730
663.37993,0.02911
661.45150,0.03155
659.52307,0.03207
657.59464,0.02849
655.66621,0.02159
653.73778,0.01495
651.80935,0.01136
649.88092,0.00981
647.95249,0.00824
646.02406,0.00747
644.09563,0.00753
642.16720,0.00824
640.23877,0.00859
638.31034,0.00833
636.38191,0.00751
634.45348,0.00676
632.52505,0.00616
630.59662,0.00537
628.66819,0.00459
626.73976,0.00341
624.81133,0.00187
622.88290,0.00106
620.95447,0.00098
619.02604,0.00008
617.09761,0.00184
615.16918,0.00480
613.24075,0.00345
611.31232,0.00000
609.38389,0.00003
607.45546,0.00317
605.52703,0.00449
603.59860,0.00333
601.67017,0.00217
599.74174,0.00000
