4001.49232,0.00117
3999.56389,0.00392
3997.63546,0.00412
3995.70703,0.00336
3993.77860,0.00268
3991.85017,0.00228
3989.92174,0.00215
3987.99331,0.00206
3986.06488,0.00183
3984.13645,0.00163
3982.20802,0.00159
3980.27959,0.00171
3978.35116,0.00166
3976.42273,0.00146
3974.49430,0.00140
3972.56587,0.00145
3970.63744,0.00120
3968.70901,0.00051
3966.78058,0.00000
3964.85215,0.00040
3962.92372,0.00133
3960.99529,0.00155
3959.06686,0.00114
3957.13843,0.00083
3955.21000,0.00071
3953.28157,0.00108
3951.35314,0.00226
3949.42471,0.00344
3947.49628,0.00336
3945.56785,0.00254
3943.63942,0.00181
3941.71099,0.00074
3939.78256,-0.00034
3937.85413,-0.00047
3935.92570,0.00052
3933.99727,0.00184
3932.06884,0.00197
3930.14041,0.00095
3928.21198,0.00048
3926.28355,0.00053
3924.35512,0.00014
3922.42669,0.00017
3920.49826,0.00129
3918.56982,0.00221
3916.64139,0.00175
3914.71296,0.00076
3912.78453,0.00026
3910.85610,0.00000
3908.92767,0.00017
3906.99924,0.00139
3905.07081,0.00352
3903.14238,0.00587
3901.21395,0.00658
3899.28552,0.00484
3897.35709,0.00285
3895.42866,0.00261
3893.50023,0.00323
3891.57180,0.00310
3889.64337,0.00329
3887.71494,0.00507
3885.78651,0.00616
3883.85808,0.00535
3881.92965,0.00436
3880.00122,0.00300
3878.07279,0.00227
3876.14436,0.00356
3874.21593,0.00529
3872.28750,0.00677
3870.35907,0.00740
3868.43064,0.00679
3866.50221,0.00668
3864.57378,0.00606
3862.64535,0.00444
3860.71692,0.00424
3858.78849,0.00595
3856.86006,0.00817
3854.93163,0.00805
3853.00320,0.00416
3851.07477,0.00228
3849.14634,0.00425
3847.21791,0.00649
3845.28948,0.00712
3843.36105,0.00662
3841.43262,0.00591
3839.50419,0.00508
3837.57576,0.00422
3835.64733,0.00436
3833.71890,0.00536
3831.79047,0.00555
3829.86204,0.00484
3827.93361,0.00413
3826.00518,0.00363
3824.07675,0.00406
3822.14832,0.00428
3820.21989,0.00312
3818.29146,0.00345
3816.36303,0.00500
3814.43460,0.00526
3812.50617,0.00515
3810.57774,0.00534
3808.64931,0.00510
3806.72088,0.00440
3804.79245,0.00464
3802.86402,0.00525
3800.93559,0.00375
3799.00716,0.00263
3797.07873,0.00284
3795.15030,0.00222
3793.22187,0.00125
3791.29344,0.00106
3789.36501,0.00135
3787.43658,0.00173
3785.50815,0.00153
3783.57972,0.00089
3781.65129,0.00062
3779.72286,0.00036
3777.79443,0.00000
3775.86600,0.00023
3773.93757,0.00116
3772.00914,0.00233
3770.08071,0.00327
3768.15228,0.00383
3766.22385,0.00418
3764.29542,0.00449
3762.36699,0.00557
3760.43856,0.00708
3758.51013,0.00808
3756.58170,0.00929
3754.65327,0.01106
3752.72484,0.01211
3750.79641,0.01196
3748.86798,0.01317
3746.93955,0.01633
3745.01112,0.01781
3743.08269,0.01482
3741.15426,0.01200
3739.22583,0.01186
3737.29740,0.01212
3735.36897,0.01098
3733.44054,0.00906
3731.51211,0.00843
3729.58368,0.00926
3727.65525,0.01023
3725.72682,0.00976
3723.79839,0.00785
3721.86996,0.00549
3719.94153,0.00365
3718.01310,0.00333
3716.08467,0.00410
3714.15624,0.00446
3712.22781,0.00343
3710.29938,0.00256
3708.37095,0.00297
3706.44252,0.00361
3704.51409,0.00372
3702.58566,0.00282
3700.65723,0.00140
3698.72880,0.00105
3696.80037,0.00172
3694.87194,0.00277
3692.94351,0.00398
3691.01508,0.00401
3689.08665,0.00237
3687.15822,0.00153
3685.22979,0.00229
3683.30136,0.00343
3681.37293,0.00384
3679.44450,0.00404
3677.51607,0.00514
3675.58764,0.00593
3673.65921,0.00587
3671.73078,0.00615
3669.80235,0.00480
3667.87392,0.00318
3665.94549,0.00327
3664.01706,0.00369
3662.08863,0.00353
3660.16020,0.00369
3658.23177,0.00424
3656.30334,0.00410
3654.37491,0.00390
3652.44648,0.00435
3650.51805,0.00305
3648.58962,0.00016
3646.66119,0.00000
3644.73276,0.00239
3642.80433,0.00424
3640.87590,0.00418
3638.94747,0.00347
3637.01904,0.00347
3635.09061,0.00388
3633.16218,0.00454
3631.23375,0.00604
3629.30532,0.00622
3627.37689,0.00380
3625.44846,0.00243
3623.52003,0.00301
3621.59160,0.00371
3619.66317,0.00353
3617.73474,0.00354
3615.80631,0.00471
3613.87788,0.00567
3611.94945,0.00600
3610.02102,0.00630
3608.09259,0.00545
3606.16416,0.00371
3604.23573,0.00334
3602.30730,0.00391
3600.37887,0.00353
3598.45044,0.00266
3596.52201,0.00249
3594.59358,0.00257
3592.66515,0.00253
3590.73672,0.00340
3588.80829,0.00439
3586.87986,0.00323
3584.95143,0.00140
3583.02300,0.00109
3581.09457,0.00132
3579.16614,0.00097
3577.23771,0.00039
3575.30928,0.00015
3573.38085,0.00035
3571.45242,0.00105
3569.52399,0.00225
3567.59556,0.00266
3565.66713,0.00173
3563.73870,0.00150
3561.81027,0.00204
3559.88184,0.00161
3557.95341,0.00067
3556.02498,0.00065
3554.09655,0.00095
3552.16812,0.00057
3550.23969,0.00065
3548.31126,0.00221
3546.38283,0.00355
3544.45440,0.00311
3542.52597,0.00204
3540.59754,0.00149
3538.66911,0.00127
3536.74068,0.00109
3534.81225,0.00089
3532.88382,0.00074
3530.95539,0.00079
3529.02696,0.00123
3527.09853,0.00228
3525.17010,0.00323
3523.24167,0.00303
3521.31324,0.00218
3519.38481,0.00135
3517.45638,0.00048
3515.52795,-0.00013
3513.59952,-0.00015
3511.67109,0.00013
3509.74266,0.00061
3507.81423,0.00142
3505.88580,0.00258
3503.95737,0.00340
3502.02894,0.00316
3500.10051,0.00209
3498.17208,0.00088
3496.24365,0.00016
3494.31522,0.00033
3492.38679,0.00089
3490.45836,0.00094
3488.52993,0.00055
3486.60150,0.00039
3484.67307,0.00052
3482.74464,0.00051
3480.81621,0.00026
3478.88778,-0.00014
3476.95935,-0.00049
3475.03092,-0.00039
3473.10249,0.00019
3471.17406,0.00075
3469.24563,0.00090
3467.31720,0.00073
3465.38877,0.00067
3463.46034,0.00100
3461.53191,0.00133
3459.60348,0.00109
3457.67505,0.00050
3455.74662,0.00018
3453.81819,0.00025
3451.88976,0.00041
3449.96133,0.00054
3448.03290,0.00040
3446.10447,-0.00000
3444.17604,-0.00013
3442.24761,-0.00009
3440.31918,0.00015
3438.39075,0.00089
3436.46232,0.00151
3434.53389,0.00128
3432.60546,0.00047
3430.67703,0.00002
3428.74860,0.00041
3426.82017,0.00104
3424.89174,0.00132
3422.96331,0.00160
3421.03488,0.00189
3419.10645,0.00172
3417.17802,0.00159
3415.24959,0.00172
3413.32116,0.00151
3411.39273,0.00084
3409.46430,0.00018
3407.53587,0.00000
3405.60744,0.00047
3403.67901,0.00118
3401.75058,0.00193
3399.82215,0.00398
3397.89372,0.00463
3395.96529,0.00447
3394.03686,0.00398
3392.10843,0.00334
3390.18000,0.00260
3388.25157,0.00236
3386.32314,0.00252
3384.39471,0.00213
3382.46628,0.00122
3380.53785,0.00065
3378.60942,0.00050
3376.68099,0.00036
3374.75256,0.00030
3372.82413,0.00046
3370.89570,0.00101
3368.96727,0.00180
3367.03884,0.00232
3365.11041,0.00238
3363.18198,0.00238
3361.25355,0.00248
3359.32512,0.00238
3357.39669,0.00214
3355.46826,0.00188
3353.53983,0.00145
3351.61140,0.00082
3349.68297,0.00021
3347.75454,0.00010
3345.82611,0.00068
3343.89768,0.00143
3341.96925,0.00189
3340.04082,0.00247
3338.11239,0.00340
3336.18396,0.00392
3334.25553,0.00341
3332.32710,0.00244
3330.39867,0.00210
3328.47024,0.00273
3326.54181,0.00366
3324.61338,0.00383
3322.68495,0.00299
3320.75652,0.00213
3318.82809,0.00200
3316.89966,0.00224
3314.97122,0.00245
3313.04279,0.00278
3311.11436,0.00348
3309.18593,0.00421
3307.25750,0.00428
3305.32907,0.00381
3303.40064,0.00333
3301.47221,0.00293
3299.54378,0.00281
3297.61535,0.00303
3295.68692,0.00347
3293.75849,0.00401
3291.83006,0.00451
3289.90163,0.00469
3287.97320,0.00441
3286.04477,0.00408
3284.11634,0.00413
3282.18791,0.00447
3280.25948,0.00486
3278.33105,0.00530
3276.40262,0.00584
3274.47419,0.00621
3272.54576,0.00586
3270.61733,0.00477
3268.68890,0.00397
3266.76047,0.00415
3264.83204,0.00463
3262.90361,0.00457
3260.97518,0.00406
3259.04675,0.00373
3257.11832,0.00398
3255.18989,0.00424
3253.26146,0.00398
3251.33303,0.00370
3249.40460,0.00380
3247.47617,0.00393
3245.54774,0.00373
3243.61931,0.00346
3241.69088,0.00355
3239.76245,0.00378
3237.83402,0.00356
3235.90559,0.00320
3233.97716,0.00343
3232.04873,0.00400
3230.12030,0.00427
3228.19187,0.00406
3226.26344,0.00360
3224.33501,0.00342
3222.40658,0.00371
3220.47815,0.00392
3218.54972,0.00368
3216.62129,0.00344
3214.69286,0.00334
3212.76443,0.00300
3210.83600,0.00254
3208.90757,0.00235
3206.97914,0.00250
3205.05071,0.00247
3203.12228,0.00192
3201.19385,0.00156
3199.26542,0.00191
3197.33699,0.00226
3195.40856,0.00215
3193.48013,0.00218
3191.55170,0.00274
3189.62327,0.00324
3187.69484,0.00316
3185.76641,0.00262
3183.83798,0.00199
3181.90955,0.00177
3179.98112,0.00215
3178.05269,0.00244
3176.12426,0.00209
3174.19583,0.00154
3172.26740,0.00139
3170.33897,0.00158
3168.41054,0.00175
3166.48211,0.00184
3164.55368,0.00188
3162.62525,0.00175
3160.69682,0.00142
3158.76839,0.00101
3156.83996,0.00090
3154.91153,0.00152
3152.98310,0.00236
3151.05467,0.00239
3149.12624,0.00152
3147.19781,0.00054
3145.26938,0.00000
3143.34095,0.00006
3141.41252,0.00065
3139.48409,0.00108
3137.55566,0.00107
3135.62723,0.00101
3133.69880,0.00113
3131.77037,0.00123
3129.84194,0.00126
3127.91351,0.00121
3125.98508,0.00093
3124.05665,0.00091
3122.12822,0.00134
3120.19979,0.00172
3118.27136,0.00196
3116.34293,0.00214
3114.41450,0.00218
3112.48607,0.00213
3110.55764,0.00198
3108.62921,0.00143
3106.70078,0.00062
3104.77235,0.00041
3102.84392,0.00111
3100.91549,0.00161
3098.98706,0.00132
3097.05863,0.00101
3095.13020,0.00094
3093.20177,0.00072
3091.27334,0.00043
3089.34491,0.00031
3087.41648,0.00043
3085.48805,0.00064
3083.55962,0.00070
3081.63119,0.00065
3079.70276,0.00074
3077.77433,0.00080
3075.84590,0.00059
3073.91747,0.00022
3071.98904,0.00006
3070.06061,0.00038
3068.13218,0.00098
3066.20375,0.00121
3064.27532,0.00085
3062.34689,0.00024
3060.41846,0.00002
3058.49003,0.00035
3056.56160,0.00077
3054.63317,0.00076
3052.70474,0.00059
3050.77631,0.00076
3048.84788,0.00110
3046.91945,0.00120
3044.99102,0.00089
3043.06259,0.00036
3041.13416,0.00000
3039.20573,0.00007
3037.27730,0.00053
3035.34887,0.00102
3033.42044,0.00136
3031.49201,0.00146
3029.56358,0.00136
3027.63515,0.00134
3025.70672,0.00125
3023.77829,0.00080
3021.84986,0.00032
3019.92143,0.00025
3017.99300,0.00045
3016.06457,0.00070
3014.13614,0.00116
3012.20771,0.00186
3010.27928,0.00208
3008.35085,0.00152
3006.42242,0.00085
3004.49399,0.00049
3002.56556,0.00024
3000.63713,0.00000
2998.70870,0.00038
2996.78027,0.00114
2994.85184,0.00144
2992.92341,0.00117
2990.99498,0.00107
2989.06655,0.00138
2987.13812,0.00155
2985.20969,0.00136
2983.28126,0.00135
2981.35283,0.00151
2979.42440,0.00150
2977.49597,0.00141
2975.56754,0.00156
2973.63911,0.00179
2971.71068,0.00172
2969.78225,0.00135
2967.85382,0.00107
2965.92539,0.00114
2963.99696,0.00145
2962.06853,0.00163
2960.14010,0.00153
2958.21167,0.00140
2956.28324,0.00145
2954.35481,0.00152
2952.42638,0.00146
2950.49795,0.00136
2948.56952,0.00131
2946.64109,0.00119
2944.71266,0.00087
2942.78423,0.00064
2940.85580,0.00088
2938.92737,0.00149
2936.99894,0.00198
2935.07051,0.00206
2933.14208,0.00189
2931.21365,0.00176
2929.28522,0.00174
2927.35679,0.00170
2925.42836,0.00163
2923.49993,0.00166
2921.57150,0.00166
2919.64307,0.00158
2917.71464,0.00158
2915.78621,0.00160
2913.85778,0.00155
2911.92935,0.00142
2910.00092,0.00106
2908.07249,0.00063
2906.14406,0.00063
2904.21563,0.00086
2902.28720,0.00079
2900.35877,0.00050
2898.43034,0.00038
2896.50191,0.00038
2894.57348,0.00035
2892.64505,0.00033
2890.71662,0.00022
2888.78819,0.00000
2886.85976,0.00000
2884.93133,0.00035
2883.00290,0.00077
2881.07447,0.00082
2879.14604,0.00058
2877.21761,0.00053
2875.28918,0.00063
2873.36075,0.00068
2871.43232,0.00065
2869.50389,0.00060
2867.57546,0.00057
2865.64703,0.00062
2863.71860,0.00062
2861.79017,0.00050
2859.86174,0.00036
2857.93331,0.00031
2856.00488,0.00055
2854.07645,0.00092
2852.14802,0.00082
2850.21959,0.00025
2848.29116,-0.00013
2846.36273,-0.00018
2844.43430,-0.00023
2842.50587,-0.00020
2840.57744,0.00010
2838.64901,0.00037
2836.72058,0.00027
2834.79215,0.00009
2832.86372,0.00016
2830.93529,0.00020
2829.00686,0.00008
2827.07843,0.00024
2825.15000,0.00064
2823.22157,0.00071
2821.29314,0.00038
2819.36471,0.00011
2817.43628,0.00014
2815.50785,0.00037
2813.57942,0.00073
2811.65099,0.00083
2809.72256,0.00040
2807.79413,0.00004
2805.86570,0.00019
2803.93727,0.00055
2802.00884,0.00085
2800.08041,0.00105
2798.15198,0.00091
2796.22355,0.00058
2794.29512,0.00049
2792.36669,0.00054
2790.43826,0.00061
2788.50983,0.00083
2786.58140,0.00097
2784.65297,0.00081
2782.72454,0.00056
2780.79611,0.00036
2778.86768,0.00022
2776.93925,0.00034
2775.01082,0.00062
2773.08239,0.00075
2771.15396,0.00084
2769.22553,0.00106
2767.29710,0.00121
2765.36867,0.00118
2763.44024,0.00116
2761.51181,0.00113
2759.58338,0.00113
2757.65495,0.00115
2755.72652,0.00117
2753.79809,0.00107
2751.86966,0.00091
2749.94123,0.00087
2748.01280,0.00085
2746.08437,0.00075
2744.15594,0.00056
2742.22751,0.00035
2740.29908,0.00035
2738.37065,0.00058
2736.44222,0.00060
2734.51379,0.00042
2732.58536,0.00049
2730.65693,0.00074
2728.72850,0.00089
2726.80007,0.00088
2724.87164,0.00083
2722.94321,0.00078
2721.01478,0.00068
2719.08635,0.00046
2717.15792,0.00025
2715.22949,0.00014
2713.30105,0.00029
2711.37262,0.00062
2709.44419,0.00063
2707.51576,0.00026
2705.58733,0.00000
2703.65890,0.00003
2701.73047,0.00018
2699.80204,0.00038
2697.87361,0.00067
2695.94518,0.00081
2694.01675,0.00080
2692.08832,0.00096
2690.15989,0.00108
2688.23146,0.00087
2686.30303,0.00059
2684.37460,0.00051
2682.44617,0.00056
2680.51774,0.00076
2678.58931,0.00087
2676.66088,0.00061
2674.73245,0.00032
2672.80402,0.00038
2670.87559,0.00050
2668.94716,0.00028
2667.01873,-0.00001
2665.09030,0.00000
2663.16187,0.00033
2661.23344,0.00087
2659.30501,0.00123
2657.37658,0.00101
2655.44815,0.00055
2653.51972,0.00047
2651.59129,0.00086
2649.66286,0.00136
2647.73443,0.00149
2645.80600,0.00126
2643.87757,0.00108
2641.94914,0.00102
2640.02071,0.00104
2638.09228,0.00111
2636.16385,0.00109
2634.23542,0.00092
2632.30699,0.00088
2630.37856,0.00105
2628.45013,0.00128
2626.52170,0.00151
2624.59327,0.00165
2622.66484,0.00157
2620.73641,0.00129
2618.80798,0.00094
2616.87955,0.00061
2614.95112,0.00050
2613.02269,0.00060
2611.09426,0.00060
2609.16583,0.00046
2607.23740,0.00031
2605.30897,0.00028
2603.38054,0.00036
2601.45211,0.00035
2599.52368,0.00016
2597.59525,0.00000
2595.66682,0.00004
2593.73839,0.00024
2591.80996,0.00044
2589.88153,0.00055
2587.95310,0.00059
2586.02467,0.00054
2584.09624,0.00041
2582.16781,0.00041
2580.23938,0.00062
2578.31095,0.00082
2576.38252,0.00082
2574.45409,0.00073
2572.52566,0.00075
2570.59723,0.00086
2568.66880,0.00078
2566.74037,0.00042
2564.81194,0.00015
2562.88351,0.00033
2560.95508,0.00073
2559.02665,0.00091
2557.09822,0.00093
2555.16979,0.00094
2553.24136,0.00094
2551.31293,0.00100
2549.38450,0.00099
2547.45607,0.00078
2545.52764,0.00061
2543.59921,0.00065
2541.67078,0.00073
2539.74235,0.00076
2537.81392,0.00072
2535.88549,0.00069
2533.95706,0.00072
2532.02863,0.00077
2530.10020,0.00080
2528.17177,0.00083
2526.24334,0.00074
2524.31491,0.00066
2522.38648,0.00075
2520.45805,0.00071
2518.52962,0.00039
2516.60119,0.00016
2514.67276,0.00006
2512.74433,0.00000
2510.81590,0.00010
2508.88747,0.00030
2506.95904,0.00041
2505.03061,0.00039
2503.10218,0.00030
2501.17375,0.00021
2499.24532,0.00028
2497.31689,0.00053
2495.38846,0.00069
2493.46003,0.00066
2491.53160,0.00058
2489.60317,0.00058
2487.67474,0.00069
2485.74631,0.00073
2483.81788,0.00056
2481.88945,0.00028
2479.96102,0.00005
2478.03259,-0.00006
2476.10416,-0.00003
2474.17573,0.00009
2472.24730,0.00023
2470.31887,0.00051
2468.39044,0.00083
2466.46201,0.00078
2464.53358,0.00041
2462.60515,0.00017
2460.67672,0.00031
2458.74829,0.00062
2456.81986,0.00082
2454.89143,0.00075
2452.96300,0.00054
2451.03457,0.00051
2449.10614,0.00063
2447.17771,0.00059
2445.24928,0.00035
2443.32085,0.00010
2441.39242,0.00000
2439.46399,0.00009
2437.53556,0.00038
2435.60713,0.00072
2433.67870,0.00102
2431.75027,0.00108
2429.82184,0.00097
2427.89341,0.00097
2425.96498,0.00096
2424.03655,0.00092
2422.10812,0.00088
2420.17969,0.00085
2418.25126,0.00082
2416.32283,0.00078
2414.39440,0.00075
2412.46597,0.00072
2410.53754,0.00069
2408.60911,0.00066
2406.68068,0.00063
2404.75225,0.00060
2402.82382,0.00058
2400.89539,0.00055
2398.96696,0.00052
2397.03853,0.00050
2395.11010,0.00048
2393.18167,0.00045
2391.25324,0.00043
2389.32481,0.00041
2387.39638,0.00039
2385.46795,0.00037
2383.53952,0.00035
2381.61109,0.00033
2379.68266,0.00031
2377.75423,0.00030
2375.82580,0.00028
2373.89737,0.00027
2371.96894,0.00025
2370.04051,0.00024
2368.11208,0.00023
2366.18365,0.00022
2364.25522,0.00020
2362.32679,0.00020
2360.39836,0.00019
2358.46993,0.00018
2356.54150,0.00017
2354.61307,0.00016
2352.68464,0.00016
2350.75621,0.00015
2348.82778,0.00015
2346.89935,0.00015
2344.97092,0.00014
2343.04249,0.00014
2341.11406,0.00014
2339.18563,0.00014
2337.25720,0.00014
2335.32877,0.00014
2333.40034,0.00015
2331.47191,0.00015
2329.54348,0.00015
2327.61505,0.00016
2325.68662,0.00016
2323.75819,0.00017
2321.82976,0.00018
2319.90133,0.00019
2317.97290,0.00019
2316.04447,0.00020
2314.11604,0.00021
2312.18761,0.00023
2310.25918,0.00024
2308.33075,0.00025
2306.40232,0.00027
2304.47389,0.00028
2302.54546,0.00030
2300.61703,0.00031
2298.68860,0.00033
2296.76017,0.00035
2294.83174,0.00037
2292.90331,0.00039
2290.97488,0.00041
2289.04645,0.00043
2287.11802,0.00045
2285.18959,0.00047
2283.26116,0.00050
2281.33273,0.00052
2279.40430,0.00055
2277.47587,0.00057
2275.54744,0.00060
2273.61901,0.00063
2271.69058,0.00066
2269.76215,0.00069
2267.83372,0.00072
2265.90529,0.00075
2263.97686,0.00078
2262.04843,0.00081
2260.12000,0.00085
2258.19157,0.00088
2256.26314,0.00092
2254.33471,0.00095
2252.40628,0.00099
2250.47785,0.00103
2248.54942,0.00107
2246.62099,0.00111
2244.69256,0.00115
2242.76413,0.00119
2240.83570,0.00093
2238.90727,0.00067
2236.97884,0.00039
2235.05041,0.00016
2233.12198,0.00006
2231.19355,0.00002
2229.26512,0.00000
2227.33669,0.00002
2225.40826,0.00013
2223.47983,0.00032
2221.55140,0.00048
2219.62297,0.00044
2217.69454,0.00033
2215.76611,0.00025
2213.83768,0.00015
2211.90925,0.00008
2209.98082,0.00016
2208.05239,0.00040
2206.12396,0.00060
2204.19553,0.00063
2202.26710,0.00062
2200.33867,0.00055
2198.41024,0.00045
2196.48181,0.00051
2194.55338,0.00067
2192.62495,0.00069
2190.69652,0.00073
2188.76809,0.00086
2186.83966,0.00085
2184.91123,0.00069
2182.98280,0.00056
2181.05437,0.00042
2179.12594,0.00021
2177.19751,0.00010
2175.26908,0.00013
2173.34065,0.00027
2171.41222,0.00042
2169.48379,0.00051
2167.55536,0.00060
2165.62693,0.00070
2163.69850,0.00072
2161.77007,0.00061
2159.84164,0.00058
2157.91321,0.00073
2155.98478,0.00072
2154.05635,0.00038
2152.12792,0.00002
2150.19949,0.00000
2148.27106,0.00034
2146.34263,0.00068
2144.41420,0.00066
2142.48577,0.00059
2140.55734,0.00083
2138.62891,0.00117
2136.70048,0.00117
2134.77205,0.00072
2132.84362,0.00019
2130.91519,-0.00004
2128.98676,-0.00001
2127.05833,0.00012
2125.12990,0.00016
2123.20147,0.00014
2121.27304,0.00020
2119.34461,0.00041
2117.41618,0.00069
2115.48775,0.00090
2113.55932,0.00075
2111.63089,0.00038
2109.70245,0.00019
2107.77402,0.00023
2105.84559,0.00030
2103.91716,0.00025
2101.98873,0.00012
2100.06030,0.00008
2098.13187,0.00019
2096.20344,0.00056
2094.27501,0.00084
2092.34658,0.00082
2090.41815,0.00067
2088.48972,0.00066
2086.56129,0.00062
2084.63286,0.00052
2082.70443,0.00060
2080.77600,0.00082
2078.84757,0.00083
2076.91914,0.00074
2074.99071,0.00069
2073.06228,0.00069
2071.13385,0.00071
2069.20542,0.00073
2067.27699,0.00081
2065.34856,0.00085
2063.42013,0.00067
2061.49170,0.00045
2059.56327,0.00031
2057.63484,0.00012
2055.70641,0.00000
2053.77798,0.00010
2051.84955,0.00025
2049.92112,0.00034
2047.99269,0.00043
2046.06426,0.00060
2044.13583,0.00069
2042.20740,0.00044
2040.27897,0.00006
2038.35054,-0.00004
2036.42211,0.00006
2034.49368,0.00018
2032.56525,0.00032
2030.63682,0.00047
2028.70839,0.00058
2026.77996,0.00061
2024.85153,0.00068
2022.92310,0.00079
2020.99467,0.00080
2019.06624,0.00067
2017.13781,0.00043
2015.20938,0.00020
2013.28095,0.00016
2011.35252,0.00042
2009.42409,0.00086
2007.49566,0.00089
2005.56723,0.00039
2003.63880,0.00000
2001.71037,-0.00001
1999.78194,0.00010
1997.85351,0.00022
1995.92508,0.00045
1993.99665,0.00059
1992.06822,0.00048
1990.13979,0.00032
1988.21136,0.00034
1986.28293,0.00043
1984.35450,0.00031
1982.42607,0.00012
1980.49764,0.00011
1978.56921,0.00027
1976.64078,0.00039
1974.71235,0.00025
1972.78392,-0.00001
1970.85549,0.00000
1968.92706,0.00018
1966.99863,0.00018
1965.07020,0.00018
1963.14177,0.00037
1961.21334,0.00053
1959.28491,0.00052
1957.35648,0.00041
1955.42805,0.00032
1953.49962,0.00038
1951.57119,0.00052
1949.64276,0.00050
1947.71433,0.00029
1945.78590,0.00025
1943.85747,0.00050
1941.92904,0.00056
1940.00061,0.00045
1938.07218,0.00031
1936.14375,0.00010
1934.21532,0.00001
1932.28689,0.00012
1930.35846,0.00028
1928.43003,0.00040
1926.50160,0.00043
1924.57317,0.00027
1922.64474,0.00018
1920.71631,0.00050
1918.78788,0.00083
1916.85945,0.00085
1914.93102,0.00089
1913.00259,0.00085
1911.07416,0.00050
1909.14573,0.00018
1907.21730,0.00012
1905.28887,0.00016
1903.36044,0.00025
1901.43201,0.00046
1899.50358,0.00061
1897.57515,0.00066
1895.64672,0.00072
1893.71829,0.00070
1891.78986,0.00047
1889.86143,0.00027
1887.93300,0.00058
1886.00457,0.00111
1884.07614,0.00131
1882.14771,0.00125
1880.21928,0.00131
1878.29085,0.00165
1876.36242,0.00194
1874.43399,0.00182
1872.50556,0.00137
1870.57713,0.00068
1868.64870,0.00000
1866.72027,0.00012
1864.79184,0.00107
1862.86341,0.00191
1860.93498,0.00232
1859.00655,0.00245
1857.07812,0.00245
1855.14969,0.00248
1853.22126,0.00261
1851.29283,0.00257
1849.36440,0.00237
1847.43597,0.00227
1845.50754,0.00253
1843.57911,0.00304
1841.65068,0.00370
1839.72225,0.00402
1837.79382,0.00370
1835.86539,0.00343
1833.93696,0.00328
1832.00853,0.00241
1830.08010,0.00117
1828.15167,0.00106
1826.22324,0.00164
1824.29481,0.00209
1822.36638,0.00251
1820.43795,0.00304
1818.50952,0.00328
1816.58109,0.00290
1814.65266,0.00202
1812.72423,0.00102
1810.79580,0.00043
1808.86737,0.00069
1806.93894,0.00136
1805.01051,0.00195
1803.08208,0.00234
1801.15365,0.00240
1799.22522,0.00236
1797.29679,0.00258
1795.36836,0.00271
1793.43993,0.00211
1791.51150,0.00155
1789.58307,0.00234
1787.65464,0.00365
1785.72621,0.00414
1783.79778,0.00352
1781.86935,0.00242
1779.94092,0.00179
1778.01249,0.00186
1776.08406,0.00154
1774.15563,0.00038
1772.22720,0.00000
1770.29877,0.00177
1768.37034,0.00350
1766.44191,0.00341
1764.51348,0.00234
1762.58505,0.00146
1760.65662,0.00151
1758.72819,0.00238
1756.79976,0.00304
1754.87133,0.00327
1752.94290,0.00338
1751.01447,0.00285
1749.08604,0.00145
1747.15761,0.00088
1745.22918,0.00133
1743.30075,0.00165
1741.37232,0.00165
1739.44389,0.00177
1737.51546,0.00212
1735.58703,0.00223
1733.65860,0.00174
1731.73017,0.00170
1729.80174,0.00223
1727.87331,0.00279
1725.94488,0.00304
1724.01645,0.00300
1722.08802,0.00266
1720.15959,0.00167
1718.23116,0.00010
1716.30273,0.00000
1714.37430,0.00240
1712.44587,0.00523
1710.51744,0.00629
1708.58901,0.00573
1706.66058,0.00543
1704.73215,0.00715
1702.80372,0.01018
1700.87529,0.01259
1698.94686,0.01346
1697.01843,0.01413
1695.09000,0.01571
1693.16157,0.01719
1691.23314,0.01746
1689.30471,0.01619
1687.37628,0.01455
1685.44785,0.01419
1683.51942,0.01662
1681.59099,0.02017
1679.66256,0.02227
1677.73413,0.02258
1675.80570,0.02224
1673.87727,0.02184
1671.94884,0.02139
1670.02041,0.02146
1668.09198,0.02344
1666.16355,0.02590
1664.23512,0.02718
1662.30669,0.02811
1660.37826,0.03009
1658.44983,0.03166
1656.52140,0.03148
1654.59297,0.03084
1652.66454,0.03179
1650.73611,0.03412
1648.80768,0.03407
1646.87925,0.03106
1644.95082,0.03018
1643.02239,0.03119
1641.09396,0.03057
1639.16553,0.02758
1637.23710,0.02377
1635.30867,0.02186
1633.38024,0.02260
1631.45181,0.02299
1629.52338,0.02135
1627.59495,0.01879
1625.66652,0.01700
1623.73809,0.01597
1621.80966,0.01536
1619.88123,0.01417
1617.95280,0.01143
1616.02437,0.00890
1614.09594,0.00876
1612.16751,0.00893
1610.23908,0.00748
1608.31065,0.00544
1606.38222,0.00436
1604.45379,0.00392
1602.52536,0.00345
1600.59693,0.00295
1598.66850,0.00231
1596.74007,0.00150
1594.81164,0.00104
1592.88321,0.00136
1590.95478,0.00197
1589.02635,0.00237
1587.09792,0.00269
1585.16949,0.00335
1583.24106,0.00433
1581.31263,0.00488
1579.38420,0.00441
1577.45577,0.00383
1575.52734,0.00510
1573.59891,0.00796
1571.67048,0.00978
1569.74205,0.01021
1567.81362,0.01132
1565.88519,0.01304
1563.95676,0.01343
1562.02833,0.01187
1560.09990,0.01054
1558.17147,0.01258
1556.24304,0.01736
1554.31461,0.02080
1552.38618,0.02213
1550.45775,0.02231
1548.52932,0.02213
1546.60089,0.02103
1544.67246,0.01780
1542.74403,0.01344
1540.81560,0.01172
1538.88717,0.01670
1536.95874,0.02175
1535.03031,0.02243
1533.10188,0.02044
1531.17345,0.01988
1529.24502,0.02043
1527.31659,0.02005
1525.38816,0.01886
1523.45973,0.01760
1521.53130,0.01725
1519.60287,0.01819
1517.67444,0.01808
1515.74601,0.01734
1513.81758,0.01744
1511.88915,0.01685
1509.96072,0.01395
1508.03229,0.00987
1506.10385,0.00864
1504.17542,0.01129
1502.24699,0.01330
1500.31856,0.01218
1498.39013,0.00919
1496.46170,0.00707
1494.53327,0.00641
1492.60484,0.00534
1490.67641,0.00302
1488.74798,0.00132
1486.81955,0.00161
1484.89112,0.00256
1482.96269,0.00271
1481.03426,0.00230
1479.10583,0.00203
1477.17740,0.00156
1475.24897,0.00046
1473.32054,0.00000
1471.39211,0.00170
1469.46368,0.00405
1467.53525,0.00480
1465.60682,0.00407
1463.67839,0.00371
1461.74996,0.00348
1459.82153,0.00178
1457.89310,-0.00013
1455.96467,0.00100
1454.03624,0.00345
1452.10781,0.00438
1450.17938,0.00341
1448.25095,0.00188
1446.32252,0.00114
1444.39409,0.00130
1442.46566,0.00167
1440.53723,0.00195
1438.60880,0.00229
1436.68037,0.00265
1434.75194,0.00284
1432.82351,0.00274
1430.89508,0.00214
1428.96665,0.00170
1427.03822,0.00193
1425.10979,0.00216
1423.18136,0.00238
1421.25293,0.00313
1419.32450,0.00389
1417.39607,0.00380
1415.46764,0.00335
1413.53921,0.00291
1411.61078,0.00257
1409.68235,0.00264
1407.75392,0.00286
1405.82549,0.00293
1403.89706,0.00303
1401.96863,0.00330
1400.04020,0.00374
1398.11177,0.00439
1396.18334,0.00493
1394.25491,0.00531
1392.32648,0.00580
1390.39805,0.00581
1388.46962,0.00477
1386.54119,0.00343
1384.61276,0.00305
1382.68433,0.00348
1380.75590,0.00384
1378.82747,0.00352
1376.89904,0.00226
1374.97061,0.00116
1373.04218,0.00115
1371.11375,0.00173
1369.18532,0.00158
1367.25689,0.00110
1365.32846,0.00101
1363.40003,0.00115
1361.47160,0.00126
1359.54317,0.00132
1357.61474,0.00118
1355.68631,0.00077
1353.75788,0.00045
1351.82945,0.00030
1349.90102,0.00020
1347.97259,0.00017
1346.04416,0.00014
1344.11573,0.00005
1342.18730,0.00000
1340.25887,0.00009
1338.33044,0.00044
1336.40201,0.00072
1334.47358,0.00060
1332.54515,0.00018
1330.61672,-0.00015
1328.68829,-0.00026
1326.75986,-0.00019
1324.83143,0.00008
1322.90300,0.00025
1320.97457,0.00002
1319.04614,-0.00016
1317.11771,0.00007
1315.18928,0.00030
1313.26085,0.00020
1311.33242,0.00012
1309.40399,0.00025
1307.47556,0.00047
1305.54713,0.00070
1303.61870,0.00091
1301.69027,0.00100
1299.76184,0.00107
1297.83341,0.00134
1295.90498,0.00179
1293.97655,0.00228
1292.04812,0.00281
1290.11969,0.00337
1288.19126,0.00393
1286.26283,0.00439
1284.33440,0.00470
1282.40597,0.00520
1280.47754,0.00609
1278.54911,0.00703
1276.62068,0.00777
1274.69225,0.00841
1272.76382,0.00927
1270.83539,0.01049
1268.90696,0.01186
1266.97853,0.01327
1265.05010,0.01476
1263.12167,0.01630
1261.19324,0.01781
1259.26481,0.01962
1257.33638,0.02194
1255.40795,0.02455
1253.47952,0.02685
1251.55109,0.02867
1249.62266,0.03053
1247.69423,0.03274
1245.76580,0.03504
1243.83737,0.03703
1241.90894,0.03871
1239.98051,0.04042
1238.05208,0.04224
1236.12365,0.04396
1234.19522,0.04548
1232.26679,0.04688
1230.33836,0.04827
1228.40993,0.04981
1226.48150,0.05154
1224.55307,0.05304
1222.62464,0.05398
1220.69621,0.05477
1218.76778,0.05581
1216.83935,0.05683
1214.91092,0.05772
1212.98249,0.05861
1211.05406,0.05937
1209.12563,0.06016
1207.19720,0.06121
1205.26877,0.06226
1203.34034,0.06317
1201.41191,0.06413
1199.48348,0.06480
1197.55505,0.06576
1195.62662,0.06658
1193.69819,0.06705
1191.76976,0.06765
1189.84133,0.06885
1187.91290,0.07036
1185.98447,0.07176
1184.05604,0.07294
1182.12761,0.07387
1180.19918,0.07465
1178.27075,0.07559
1176.34232,0.07684
1174.41389,0.07819
1172.48546,0.07949
1170.55703,0.08100
1168.62860,0.08268
1166.70017,0.08397
1164.77174,0.08481
1162.84331,0.08574
1160.91488,0.08717
1158.98645,0.08902
1157.05802,0.09069
1155.12959,0.09193
1153.20116,0.09306
1151.27273,0.09430
1149.34430,0.09588
1147.41587,0.09778
1145.48744,0.09954
1143.55901,0.10118
1141.63058,0.10296
1139.70215,0.10483
1137.77372,0.10690
1135.84529,0.10932
1133.91686,0.11200
1131.98843,0.11497
1130.06000,0.11812
1128.13157,0.12119
1126.20314,0.12440
1124.27471,0.12809
1122.34628,0.13210
1120.41785,0.13640
1118.48942,0.14121
1116.56099,0.14653
1114.63256,0.15210
1112.70413,0.15762
1110.77570,0.16302
1108.84727,0.16857
1106.91884,0.17441
1104.99041,0.18008
1103.06198,0.18562
1101.13355,0.19134
1099.20512,0.19676
1097.27669,0.20154
1095.34826,0.20630
1093.41983,0.21122
1091.49140,0.21552
1089.56297,0.21883
1087.63454,0.22178
1085.70611,0.22470
1083.77768,0.22736
1081.84925,0.22982
1079.92082,0.23213
1077.99239,0.23403
1076.06396,0.23564
1074.13553,0.23710
1072.20710,0.23821
1070.27867,0.23886
1068.35024,0.23903
1066.42181,0.23864
1064.49338,0.23781
1062.56495,0.23687
1060.63652,0.23584
1058.70809,0.23455
1056.77966,0.23243
1054.85123,0.22945
1052.92280,0.22581
1050.99437,0.22111
1049.06594,0.21577
1047.13751,0.21041
1045.20908,0.20477
1043.28065,0.19845
1041.35222,0.19120
1039.42379,0.18321
1037.49536,0.17505
1035.56693,0.16668
1033.63850,0.15779
1031.71007,0.14858
1029.78164,0.13944
1027.85321,0.13048
1025.92478,0.12157
1023.99635,0.11270
1022.06792,0.10429
1020.13949,0.09653
1018.21106,0.08902
1016.28263,0.08145
1014.35420,0.07413
1012.42577,0.06753
1010.49734,0.06154
1008.56891,0.05597
1006.64048,0.05066
1004.71205,0.04531
1002.78362,0.04041
1000.85519,0.03658
998.92676,0.03351
996.99833,0.03064
995.06990,0.02779
993.14147,0.02523
991.21304,0.02316
989.28461,0.02163
987.35618,0.02085
985.42775,0.02068
983.49932,0.02074
981.57089,0.02093
979.64246,0.02133
977.71403,0.02198
975.78560,0.02244
973.85717,0.02226
971.92874,0.02157
970.00031,0.02079
968.07188,0.02039
966.14345,0.02044
964.21502,0.02036
962.28659,0.01992
960.35816,0.01944
958.42973,0.01892
956.50130,0.01808
954.57287,0.01724
952.64444,0.01681
950.71601,0.01654
948.78758,0.01619
946.85915,0.01578
944.93072,0.01520
943.00229,0.01450
941.07386,0.01415
939.14543,0.01420
937.21700,0.01398
935.28857,0.01313
933.36014,0.01205
931.43171,0.01101
929.50328,0.00992
927.57485,0.00901
925.64642,0.00839
923.71799,0.00773
921.78956,0.00706
919.86113,0.00663
917.93270,0.00623
916.00427,0.00578
914.07584,0.00550
912.14741,0.00528
910.21898,0.00504
908.29055,0.00484
906.36212,0.00445
904.43368,0.00386
902.50525,0.00316
900.57682,0.00252
898.64839,0.00238
896.71996,0.00254
894.79153,0.00222
892.86310,0.00151
890.93467,0.00115
889.00624,0.00122
887.07781,0.00121
885.14938,0.00084
883.22095,0.00034
881.29252,0.00000
879.36409,0.00008
877.43566,0.00018
875.50723,0.00001
873.57880,-0.00003
871.65037,0.00018
869.72194,0.00039
867.79351,0.00052
865.86508,0.00025
863.93665,-0.00026
862.00822,-0.00021
860.07979,0.00059
858.15136,0.00147
856.22293,0.00198
854.29450,0.00217
852.36607,0.00198
850.43764,0.00182
848.50921,0.00239
846.58078,0.00357
844.65235,0.00500
842.72392,0.00636
840.79549,0.00709
838.86706,0.00768
836.93863,0.00905
835.01020,0.01084
833.08177,0.01269
831.15334,0.01436
829.22491,0.01522
827.29648,0.01575
825.36805,0.01685
823.43962,0.01849
821.51119,0.02047
819.58276,0.02233
817.65433,0.02380
815.72590,0.02516
813.79747,0.02652
811.86904,0.02800
809.94061,0.02963
808.01218,0.03098
806.08375,0.03212
804.15532,0.03326
802.22689,0.03405
800.29846,0.03446
798.37003,0.03488
796.44160,0.03509
794.51317,0.03459
792.58474,0.03348
790.65631,0.03219
788.72788,0.03079
786.79945,0.02904
784.87102,0.02709
782.94259,0.02526
781.01416,0.02373
779.08573,0.02250
777.15730,0.02095
775.22887,0.01833
773.30044,0.01492
771.37201,0.01180
769.44358,0.00950
767.51515,0.00779
765.58672,0.00670
763.65829,0.00631
761.72986,0.00576
759.80143,0.00469
757.87300,0.00413
755.94457,0.00450
754.01614,0.00526
752.08771,0.00590
750.15928,0.00578
748.23085,0.00523
746.30242,0.00535
744.37399,0.00559
742.44556,0.00518
740.51713,0.00465
738.58870,0.00412
736.66027,0.00345
734.73184,0.00349
732.80341,0.00454
730.87498,0.00518
728.94655,0.00486
727.01812,0.00447
725.08969,0.00468
723.16126,0.00726
721.23283,0.00804
719.30440,0.00778
717.37597,0.00731
715.44754,0.00698
713.51911,0.00708
711.59068,0.00753
709.66225,0.00810
707.73382,0.00893
705.80539,0.00973
703.87696,0.00954
701.94853,0.00835
700.02010,0.00725
698.09167,0.00659
696.16324,0.00602
694.23481,0.00607
692.30638,0.00701
690.37795,0.00734
688.44952,0.00614
686.52109,0.00552
684.59266,0.00680
682.66423,0.00766
680.73580,0.00625
678.80737,0.00362
676.87894,0.00192
674.95051,0.00236
673.02208,0.00500
671.09365,0.00986
669.16522,0.01382
667.23679,0.01163
665.30836,0.00746
663.37993,0.00617
661.45150,0.00673
659.52307,0.00648
657.59464,0.00470
655.66621,0.00236
653.73778,0.00078
651.80935,0.00039
649.88092,0.00000
647.95249,0.00013
646.02406,0.00230
644.09563,0.00543
642.16720,0.00700
640.23877,0.00677
638.31034,0.00566
636.38191,0.00452
634.45348,0.00430
632.52505,0.00435
630.59662,0.00335
628.66819,0.00197
626.73976,0.00114
624.81133,0.00073
622.88290,0.00170
620.95447,0.00430
619.02604,0.00625
617.09761,0.00857
615.16918,0.01019
613.24075,0.00651
611.31232,0.00166
609.38389,0.00275
607.45546,0.00670
605.52703,0.00656
603.59860,0.00287
601.67017,0.00045
599.74174,0.00000
