4001.49232,0.00019
3999.56389,0.00204
3997.63546,0.00241
3995.70703,0.00216
3993.77860,0.00177
3991.85017,0.00137
3989.92174,0.00111
3987.99331,0.00109
3986.06488,0.00117
3984.13645,0.00113
3982.20802,0.00100
3980.27959,0.00098
3978.35116,0.00087
3976.42273,0.00067
3974.49430,0.00064
3972.56587,0.00076
3970.63744,0.00070
3968.70901,0.00034
3966.78058,0.00000
3964.85215,0.00024
3962.92372,0.00089
3960.99529,0.00108
3959.06686,0.00082
3957.13843,0.00062
3955.21000,0.00059
3953.28157,0.00084
3951.35314,0.00157
3949.42471,0.00242
3947.49628,0.00270
3945.56785,0.00271
3943.63942,0.00267
3941.71099,0.00187
3939.78256,0.00073
3937.85413,0.00037
3935.92570,0.00102
3933.99727,0.00210
3932.06884,0.00238
3930.14041,0.00173
3928.21198,0.00133
3926.28355,0.00128
3924.35512,0.00087
3922.42669,0.00072
3920.49826,0.00161
3918.56982,0.00281
3916.64139,0.00313
3914.71296,0.00275
3912.78453,0.00231
3910.85610,0.00166
3908.92767,0.00118
3906.99924,0.00181
3905.07081,0.00352
3903.14238,0.00558
3901.21395,0.00672
3899.28552,0.00562
3897.35709,0.00340
3895.42866,0.00245
3893.50023,0.00284
3891.57180,0.00284
3889.64337,0.00268
3887.71494,0.00370
3885.78651,0.00446
3883.85808,0.00422
3881.92965,0.00424
3880.00122,0.00333
3878.07279,0.00205
3876.14436,0.00236
3874.21593,0.00337
3872.28750,0.00473
3870.35907,0.00582
3868.43064,0.00562
3866.50221,0.00566
3864.57378,0.00541
3862.64535,0.00389
3860.71692,0.00273
3858.78849,0.00257
3856.86006,0.00311
3854.93163,0.00375
3853.00320,0.00334
3851.07477,0.00305
3849.14634,0.00392
3847.21791,0.00467
3845.28948,0.00424
3843.36105,0.00301
3841.43262,0.00235
3839.50419,0.00284
3837.57576,0.00346
3835.64733,0.00400
3833.71890,0.00457
3831.79047,0.00419
3829.86204,0.00316
3827.93361,0.00243
3826.00518,0.00192
3824.07675,0.00225
3822.14832,0.00257
3820.21989,0.00156
3818.29146,0.00214
3816.36303,0.00403
3814.43460,0.00404
3812.50617,0.00311
3810.57774,0.00269
3808.64931,0.00250
3806.72088,0.00196
3804.79245,0.00220
3802.86402,0.00346
3800.93559,0.00322
3799.00716,0.00260
3797.07873,0.00269
3795.15030,0.00182
3793.22187,0.00057
3791.29344,0.00004
3789.36501,0.00007
3787.43658,0.00047
3785.50815,0.00053
3783.57972,-0.00001
3781.65129,-0.00007
3779.72286,0.00030
3777.79443,0.00024
3775.86600,0.00000
3773.93757,0.00010
3772.00914,0.00087
3770.08071,0.00188
3768.15228,0.00253
3766.22385,0.00288
3764.29542,0.00277
3762.36699,0.00316
3760.43856,0.00418
3758.51013,0.00444
3756.58170,0.00404
3754.65327,0.00424
3752.72484,0.00515
3750.79641,0.00596
3748.86798,0.00715
3746.93955,0.00969
3745.01112,0.01112
3743.08269,0.00875
3741.15426,0.00627
3739.22583,0.00648
3737.29740,0.00810
3735.36897,0.00902
3733.44054,0.00804
3731.51211,0.00654
3729.58368,0.00611
3727.65525,0.00632
3725.72682,0.00581
3723.79839,0.00468
3721.86996,0.00355
3719.94153,0.00240
3718.01310,0.00159
3716.08467,0.00144
3714.15624,0.00186
3712.22781,0.00248
3710.29938,0.00297
3708.37095,0.00305
3706.44252,0.00279
3704.51409,0.00275
3702.58566,0.00258
3700.65723,0.00175
3698.72880,0.00095
3696.80037,0.00032
3694.87194,0.00000
3692.94351,0.00077
3691.01508,0.00222
3689.08665,0.00239
3687.15822,0.00137
3685.22979,0.00072
3683.30136,0.00067
3681.37293,0.00044
3679.44450,0.00019
3677.51607,0.00090
3675.58764,0.00156
3673.65921,0.00174
3671.73078,0.00326
3669.80235,0.00382
3667.87392,0.00262
3665.94549,0.00177
3664.01706,0.00126
3662.08863,0.00066
3660.16020,0.00073
3658.23177,0.00137
3656.30334,0.00101
3654.37491,0.00000
3652.44648,0.00005
3650.51805,0.00076
3648.58962,0.00098
3646.66119,0.00121
3644.73276,0.00205
3642.80433,0.00263
3640.87590,0.00234
3638.94747,0.00187
3637.01904,0.00186
3635.09061,0.00196
3633.16218,0.00236
3631.23375,0.00426
3629.30532,0.00627
3627.37689,0.00584
3625.44846,0.00488
3623.52003,0.00510
3621.59160,0.00601
3619.66317,0.00671
3617.73474,0.00710
3615.80631,0.00797
3613.87788,0.00877
3611.94945,0.00921
3610.02102,0.00979
3608.09259,0.00943
3606.16416,0.00809
3604.23573,0.00759
3602.30730,0.00773
3600.37887,0.00709
3598.45044,0.00604
3596.52201,0.00549
3594.59358,0.00493
3592.66515,0.00406
3590.73672,0.00412
3588.80829,0.00492
3586.87986,0.00451
3584.95143,0.00327
3583.02300,0.00265
3581.09457,0.00237
3579.16614,0.00197
3577.23771,0.00160
3575.30928,0.00124
3573.38085,0.00079
3571.45242,0.00080
3569.52399,0.00204
3567.59556,0.00362
3565.66713,0.00413
3563.73870,0.00437
3561.81027,0.00470
3559.88184,0.00444
3557.95341,0.00405
3556.02498,0.00416
3554.09655,0.00416
3552.16812,0.00368
3550.23969,0.00369
3548.31126,0.00479
3546.38283,0.00574
3544.45440,0.00542
3542.52597,0.00430
3540.59754,0.00326
3538.66911,0.00266
3536.74068,0.00230
3534.81225,0.00175
3532.88382,0.00114
3530.95539,0.00087
3529.02696,0.00094
3527.09853,0.00141
3525.17010,0.00207
3523.24167,0.00227
3521.31324,0.00200
3519.38481,0.00148
3517.45638,0.00061
3515.52795,-0.00028
3513.59952,-0.00068
3511.67109,-0.00046
3509.74266,-0.00008
3507.81423,0.00025
3505.88580,0.00086
3503.95737,0.00143
3502.02894,0.00131
3500.10051,0.00073
3498.17208,0.00015
3496.24365,-0.00025
3494.31522,-0.00007
3492.38679,0.00053
3490.45836,0.00075
3488.52993,0.00035
3486.60150,0.00000
3484.67307,0.00008
3482.74464,0.00028
3480.81621,0.00022
3478.88778,0.00002
3476.95935,-0.00007
3475.03092,0.00019
3473.10249,0.00079
3471.17406,0.00133
3469.24563,0.00127
3467.31720,0.00074
3465.38877,0.00038
3463.46034,0.00052
3461.53191,0.00088
3459.60348,0.00103
3457.67505,0.00084
3455.74662,0.00065
3453.81819,0.00068
3451.88976,0.00077
3449.96133,0.00101
3448.03290,0.00118
3446.10447,0.00088
3444.17604,0.00055
3442.24761,0.00051
3440.31918,0.00077
3438.39075,0.00138
3436.46232,0.00181
3434.53389,0.00155
3432.60546,0.00107
3430.67703,0.00113
3428.74860,0.00195
3426.82017,0.00270
3424.89174,0.00291
3422.96331,0.00317
3421.03488,0.00360
3419.10645,0.00374
3417.17802,0.00382
3415.24959,0.00399
3413.32116,0.00391
3411.39273,0.00354
3409.46430,0.00338
3407.53587,0.00374
3405.60744,0.00434
3403.67901,0.00481
3401.75058,0.00541
3399.82215,0.00682
3397.89372,0.00720
3395.96529,0.00721
3394.03686,0.00724
3392.10843,0.00732
3390.18000,0.00750
3388.25157,0.00804
3386.32314,0.00866
3384.39471,0.00861
3382.46628,0.00800
3380.53785,0.00783
3378.60942,0.00822
3376.68099,0.00871
3374.75256,0.00927
3372.82413,0.00982
3370.89570,0.01029
3368.96727,0.01086
3367.03884,0.01171
3365.11041,0.01266
3363.18198,0.01338
3361.25355,0.01396
3359.32512,0.01464
3357.39669,0.01526
3355.46826,0.01558
3353.53983,0.01559
3351.61140,0.01546
3349.68297,0.01543
3347.75454,0.01588
3345.82611,0.01694
3343.89768,0.01814
3341.96925,0.01888
3340.04082,0.01941
3338.11239,0.02021
3336.18396,0.02107
3334.25553,0.02145
3332.32710,0.02147
3330.39867,0.02171
3328.47024,0.02258
3326.54181,0.02393
3324.61338,0.02481
3322.68495,0.02471
3320.75652,0.02458
3318.82809,0.02517
3316.89966,0.02587
3314.97122,0.02611
3313.04279,0.02627
3311.11436,0.02707
3309.18593,0.02828
3307.25750,0.02907
3305.32907,0.02936
3303.40064,0.02945
3301.47221,0.02945
3299.54378,0.02963
3297.61535,0.02998
3295.68692,0.03031
3293.75849,0.03070
3291.83006,0.03116
3289.90163,0.03129
3287.97320,0.03094
3286.04477,0.03046
3284.11634,0.03015
3282.18791,0.02989
3280.25948,0.02958
3278.33105,0.02950
3276.40262,0.02964
3274.47419,0.02936
3272.54576,0.02815
3270.61733,0.02643
3268.68890,0.02518
3266.76047,0.02470
3264.83204,0.02438
3262.90361,0.02381
3260.97518,0.02294
3259.04675,0.02192
3257.11832,0.02116
3255.18989,0.02060
3253.26146,0.01989
3251.33303,0.01925
3249.40460,0.01883
3247.47617,0.01831
3245.54774,0.01752
3243.61931,0.01668
3241.69088,0.01613
3239.76245,0.01579
3237.83402,0.01518
3235.90559,0.01432
3233.97716,0.01372
3232.04873,0.01360
3230.12030,0.01373
3228.19187,0.01374
3226.26344,0.01333
3224.33501,0.01289
3222.40658,0.01279
3220.47815,0.01260
3218.54972,0.01196
3216.62129,0.01134
3214.69286,0.01090
3212.76443,0.01034
3210.83600,0.00984
3208.90757,0.00969
3206.97914,0.00984
3205.05071,0.00986
3203.12228,0.00925
3201.19385,0.00842
3199.26542,0.00824
3197.33699,0.00851
3195.40856,0.00854
3193.48013,0.00850
3191.55170,0.00868
3189.62327,0.00880
3187.69484,0.00854
3185.76641,0.00780
3183.83798,0.00675
3181.90955,0.00602
3179.98112,0.00604
3178.05269,0.00623
3176.12426,0.00583
3174.19583,0.00505
3172.26740,0.00457
3170.33897,0.00450
3168.41054,0.00439
3166.48211,0.00408
3164.55368,0.00370
3162.62525,0.00342
3160.69682,0.00321
3158.76839,0.00275
3156.83996,0.00227
3154.91153,0.00245
3152.98310,0.00308
3151.05467,0.00306
3149.12624,0.00212
3147.19781,0.00099
3145.26938,0.00022
3143.34095,0.00000
3141.41252,0.00023
3139.48409,0.00050
3137.55566,0.00046
3135.62723,0.00035
3133.69880,0.00045
3131.77037,0.00062
3129.84194,0.00082
3127.91351,0.00084
3125.98508,0.00049
3124.05665,0.00034
3122.12822,0.00068
3120.19979,0.00094
3118.27136,0.00104
3116.34293,0.00129
3114.41450,0.00147
3112.48607,0.00128
3110.55764,0.00087
3108.62921,0.00045
3106.70078,0.00011
3104.77235,0.00020
3102.84392,0.00087
3100.91549,0.00130
3098.98706,0.00113
3097.05863,0.00088
3095.13020,0.00069
3093.20177,0.00048
3091.27334,0.00051
3089.34491,0.00073
3087.41648,0.00089
3085.48805,0.00094
3083.55962,0.00093
3081.63119,0.00092
3079.70276,0.00107
3077.77433,0.00134
3075.84590,0.00151
3073.91747,0.00151
3071.98904,0.00154
3070.06061,0.00171
3068.13218,0.00183
3066.20375,0.00178
3064.27532,0.00181
3062.34689,0.00193
3060.41846,0.00192
3058.49003,0.00182
3056.56160,0.00167
3054.63317,0.00142
3052.70474,0.00128
3050.77631,0.00149
3048.84788,0.00180
3046.91945,0.00180
3044.99102,0.00137
3043.06259,0.00079
3041.13416,0.00052
3039.20573,0.00069
3037.27730,0.00105
3035.34887,0.00136
3033.42044,0.00155
3031.49201,0.00150
3029.56358,0.00136
3027.63515,0.00127
3025.70672,0.00098
3023.77829,0.00041
3021.84986,0.00000
3019.92143,0.00004
3017.99300,0.00029
3016.06457,0.00050
3014.13614,0.00072
3012.20771,0.00101
3010.27928,0.00105
3008.35085,0.00073
3006.42242,0.00043
3004.49399,0.00031
3002.56556,0.00017
3000.63713,0.00000
2998.70870,0.00047
2996.78027,0.00117
2994.85184,0.00160
2992.92341,0.00183
2990.99498,0.00235
2989.06655,0.00323
2987.13812,0.00388
2985.20969,0.00420
2983.28126,0.00473
2981.35283,0.00564
2979.42440,0.00653
2977.49597,0.00703
2975.56754,0.00733
2973.63911,0.00785
2971.71068,0.00857
2969.78225,0.00921
2967.85382,0.00975
2965.92539,0.01024
2963.99696,0.01074
2962.06853,0.01120
2960.14010,0.01139
2958.21167,0.01136
2956.28324,0.01126
2954.35481,0.01098
2952.42638,0.01051
2950.49795,0.01008
2948.56952,0.00979
2946.64109,0.00951
2944.71266,0.00928
2942.78423,0.00933
2940.85580,0.00976
2938.92737,0.01046
2936.99894,0.01108
2935.07051,0.01129
2933.14208,0.01116
2931.21365,0.01102
2929.28522,0.01093
2927.35679,0.01073
2925.42836,0.01042
2923.49993,0.00998
2921.57150,0.00929
2919.64307,0.00860
2917.71464,0.00811
2915.78621,0.00751
2913.85778,0.00680
2911.92935,0.00639
2910.00092,0.00608
2908.07249,0.00556
2906.14406,0.00514
2904.21563,0.00494
2902.28720,0.00460
2900.35877,0.00408
2898.43034,0.00367
2896.50191,0.00341
2894.57348,0.00322
2892.64505,0.00312
2890.71662,0.00301
2888.78819,0.00277
2886.85976,0.00274
2884.93133,0.00322
2883.00290,0.00390
2881.07447,0.00422
2879.14604,0.00426
2877.21761,0.00452
2875.28918,0.00490
2873.36075,0.00508
2871.43232,0.00505
2869.50389,0.00480
2867.57546,0.00427
2865.64703,0.00370
2863.71860,0.00317
2861.79017,0.00263
2859.86174,0.00222
2857.93331,0.00210
2856.00488,0.00240
2854.07645,0.00274
2852.14802,0.00237
2850.21959,0.00141
2848.29116,0.00073
2846.36273,0.00044
2844.43430,0.00017
2842.50587,0.00009
2840.57744,0.00035
2838.64901,0.00054
2836.72058,0.00028
2834.79215,-0.00008
2832.86372,-0.00015
2830.93529,-0.00002
2829.00686,0.00013
2827.07843,0.00037
2825.15000,0.00070
2823.22157,0.00072
2821.29314,0.00033
2819.36471,0.00002
2817.43628,0.00003
2815.50785,0.00013
2813.57942,0.00025
2811.65099,0.00029
2809.72256,0.00013
2807.79413,0.00000
2805.86570,0.00009
2803.93727,0.00030
2802.00884,0.00053
2800.08041,0.00078
2798.15198,0.00079
2796.22355,0.00060
2794.29512,0.00053
2792.36669,0.00058
2790.43826,0.00062
2788.50983,0.00065
2786.58140,0.00051
2784.65297,0.00026
2782.72454,0.00011
2780.79611,0.00007
2778.86768,0.00001
2776.93925,-0.00000
2775.01082,0.00006
2773.08239,0.00000
2771.15396,0.00000
2769.22553,0.00016
2767.29710,0.00025
2765.36867,0.00032
2763.44024,0.00055
2761.51181,0.00068
2759.58338,0.00053
2757.65495,0.00043
2755.72652,0.00050
2753.79809,0.00047
2751.86966,0.00034
2749.94123,0.00029
2748.01280,0.00033
2746.08437,0.00047
2744.15594,0.00055
2742.22751,0.00041
2740.29908,0.00032
2738.37065,0.00049
2736.44222,0.00062
2734.51379,0.00059
2732.58536,0.00058
2730.65693,0.00059
2728.72850,0.00063
2726.80007,0.00074
2724.87164,0.00088
2722.94321,0.00099
2721.01478,0.00086
2719.08635,0.00048
2717.15792,0.00013
2715.22949,-0.00003
2713.30105,0.00005
2711.37262,0.00022
2709.44419,0.00019
2707.51576,0.00004
2705.58733,0.00000
2703.65890,0.00002
2701.73047,0.00007
2699.80204,0.00015
2697.87361,0.00025
2695.94518,0.00035
2694.01675,0.00056
2692.08832,0.00087
2690.15989,0.00086
2688.23146,0.00037
2686.30303,-0.00000
2684.37460,0.00013
2682.44617,0.00050
2680.51774,0.00087
2678.58931,0.00107
2676.66088,0.00086
2674.73245,0.00047
2672.80402,0.00040
2670.87559,0.00053
2668.94716,0.00034
2667.01873,0.00000
2665.09030,0.00002
2663.16187,0.00041
2661.23344,0.00096
2659.30501,0.00125
2657.37658,0.00098
2655.44815,0.00052
2653.51972,0.00040
2651.59129,0.00067
2649.66286,0.00098
2647.73443,0.00105
2645.80600,0.00102
2643.87757,0.00101
2641.94914,0.00096
2640.02071,0.00102
2638.09228,0.00117
2636.16385,0.00108
2634.23542,0.00080
2632.30699,0.00071
2630.37856,0.00085
2628.45013,0.00107
2626.52170,0.00127
2624.59327,0.00144
2622.66484,0.00139
2620.73641,0.00112
2618.80798,0.00090
2616.87955,0.00085
2614.95112,0.00095
2613.02269,0.00102
2611.09426,0.00085
2609.16583,0.00063
2607.23740,0.00055
2605.30897,0.00058
2603.38054,0.00057
2601.45211,0.00040
2599.52368,0.00012
2597.59525,0.00000
2595.66682,0.00009
2593.73839,0.00031
2591.80996,0.00049
2589.88153,0.00060
2587.95310,0.00065
2586.02467,0.00061
2584.09624,0.00053
2582.16781,0.00060
2580.23938,0.00080
2578.31095,0.00087
2576.38252,0.00081
2574.45409,0.00077
2572.52566,0.00072
2570.59723,0.00060
2568.66880,0.00041
2566.74037,0.00013
2564.81194,0.00000
2562.88351,0.00029
2560.95508,0.00069
2559.02665,0.00082
2557.09822,0.00089
2555.16979,0.00098
2553.24136,0.00088
2551.31293,0.00066
2549.38450,0.00058
2547.45607,0.00051
2545.52764,0.00033
2543.59921,0.00025
2541.67078,0.00040
2539.74235,0.00058
2537.81392,0.00053
2535.88549,0.00038
2533.95706,0.00038
2532.02863,0.00041
2530.10020,0.00040
2528.17177,0.00048
2526.24334,0.00054
2524.31491,0.00056
2522.38648,0.00062
2520.45805,0.00060
2518.52962,0.00038
2516.60119,0.00018
2514.67276,0.00006
2512.74433,0.00001
2510.81590,0.00015
2508.88747,0.00035
2506.95904,0.00036
2505.03061,0.00025
2503.10218,0.00013
2501.17375,0.00008
2499.24532,0.00021
2497.31689,0.00040
2495.38846,0.00045
2493.46003,0.00046
2491.53160,0.00053
2489.60317,0.00061
2487.67474,0.00069
2485.74631,0.00077
2483.81788,0.00072
2481.88945,0.00045
2479.96102,0.00012
2478.03259,0.00000
2476.10416,0.00014
2474.17573,0.00030
2472.24730,0.00037
2470.31887,0.00054
2468.39044,0.00073
2466.46201,0.00063
2464.53358,0.00030
2462.60515,0.00005
2460.67672,0.00008
2458.74829,0.00040
2456.81986,0.00081
2454.89143,0.00094
2452.96300,0.00079
2451.03457,0.00078
2449.10614,0.00093
2447.17771,0.00085
2445.24928,0.00046
2443.32085,0.00008
2441.39242,0.00003
2439.46399,0.00025
2437.53556,0.00063
2435.60713,0.00092
2433.67870,0.00103
2431.75027,0.00100
2429.82184,0.00091
2427.89341,0.00084
2425.96498,0.00068
2424.03655,0.00064
2422.10812,0.00059
2420.17969,0.00055
2418.25126,0.00051
2416.32283,0.00047
2414.39440,0.00043
2412.46597,0.00039
2410.53754,0.00035
2408.60911,0.00031
2406.68068,0.00028
2404.75225,0.00024
2402.82382,0.00021
2400.89539,0.00018
2398.96696,0.00014
2397.03853,0.00011
2395.11010,0.00008
2393.18167,0.00006
2391.25324,0.00003
2389.32481,0.00000
2387.39638,-0.00002
2385.46795,-0.00005
2383.53952,-0.00007
2381.61109,-0.00010
2379.68266,-0.00012
2377.75423,-0.00014
2375.82580,-0.00016
2373.89737,-0.00018
2371.96894,-0.00019
2370.04051,-0.00021
2368.11208,-0.00022
2366.18365,-0.00024
2364.25522,-0.00025
2362.32679,-0.00026
2360.39836,-0.00028
2358.46993,-0.00029
2356.54150,-0.00030
2354.61307,-0.00030
2352.68464,-0.00031
2350.75621,-0.00032
2348.82778,-0.00032
2346.89935,-0.00033
2344.97092,-0.00033
2343.04249,-0.00033
2341.11406,-0.00033
2339.18563,-0.00033
2337.25720,-0.00033
2335.32877,-0.00033
2333.40034,-0.00033
2331.47191,-0.00032
2329.54348,-0.00032
2327.61505,-0.00031
2325.68662,-0.00031
2323.75819,-0.00030
2321.82976,-0.00029
2319.90133,-0.00028
2317.97290,-0.00027
2316.04447,-0.00025
2314.11604,-0.00024
2312.18761,-0.00023
2310.25918,-0.00021
2308.33075,-0.00020
2306.40232,-0.00018
2304.47389,-0.00016
2302.54546,-0.00014
2300.61703,-0.00012
2298.68860,-0.00010
2296.76017,-0.00008
2294.83174,-0.00005
2292.90331,-0.00003
2290.97488,-0.00000
2289.04645,0.00002
2287.11802,0.00005
2285.18959,0.00008
2283.26116,0.00011
2281.33273,0.00014
2279.40430,0.00017
2277.47587,0.00020
2275.54744,0.00024
2273.61901,0.00027
2271.69058,0.00031
2269.76215,0.00034
2267.83372,0.00038
2265.90529,0.00042
2263.97686,0.00046
2262.04843,0.00050
2260.12000,0.00054
2258.19157,0.00058
2256.26314,0.00063
2254.33471,0.00067
2252.40628,0.00072
2250.47785,0.00076
2248.54942,0.00081
2246.62099,0.00086
2244.69256,0.00091
2242.76413,0.00096
2240.83570,0.00074
2238.90727,0.00051
2236.97884,0.00031
2235.05041,0.00017
2233.12198,0.00010
2231.19355,0.00006
2229.26512,0.00000
2227.33669,-0.00000
2225.40826,0.00009
2223.47983,0.00025
2221.55140,0.00035
2219.62297,0.00044
2217.69454,0.00057
2215.76611,0.00061
2213.83768,0.00043
2211.90925,0.00026
2209.98082,0.00029
2208.05239,0.00047
2206.12396,0.00061
2204.19553,0.00060
2202.26710,0.00055
2200.33867,0.00037
2198.41024,0.00016
2196.48181,0.00030
2194.55338,0.00065
2192.62495,0.00080
2190.69652,0.00079
2188.76809,0.00076
2186.83966,0.00061
2184.91123,0.00045
2182.98280,0.00047
2181.05437,0.00044
2179.12594,0.00022
2177.19751,0.00004
2175.26908,0.00000
2173.34065,0.00006
2171.41222,0.00012
2169.48379,0.00021
2167.55536,0.00040
2165.62693,0.00054
2163.69850,0.00055
2161.77007,0.00050
2159.84164,0.00048
2157.91321,0.00054
2155.98478,0.00052
2154.05635,0.00034
2152.12792,0.00018
2150.19949,0.00021
2148.27106,0.00041
2146.34263,0.00053
2144.41420,0.00039
2142.48577,0.00034
2140.55734,0.00062
2138.62891,0.00087
2136.70048,0.00075
2134.77205,0.00042
2132.84362,0.00017
2130.91519,0.00013
2128.98676,0.00027
2127.05833,0.00037
2125.12990,0.00021
2123.20147,0.00000
2121.27304,0.00002
2119.34461,0.00025
2117.41618,0.00049
2115.48775,0.00063
2113.55932,0.00055
2111.63089,0.00032
2109.70245,0.00022
2107.77402,0.00028
2105.84559,0.00029
2103.91716,0.00019
2101.98873,0.00009
2100.06030,0.00013
2098.13187,0.00012
2096.20344,0.00018
2094.27501,0.00021
2092.34658,0.00023
2090.41815,0.00027
2088.48972,0.00037
2086.56129,0.00035
2084.63286,0.00021
2082.70443,0.00028
2080.77600,0.00047
2078.84757,0.00042
2076.91914,0.00017
2074.99071,0.00002
2073.06228,0.00009
2071.13385,0.00029
2069.20542,0.00045
2067.27699,0.00058
2065.34856,0.00062
2063.42013,0.00048
2061.49170,0.00036
2059.56327,0.00026
2057.63484,0.00007
2055.70641,-0.00005
2053.77798,0.00004
2051.84955,0.00019
2049.92112,0.00027
2047.99269,0.00033
2046.06426,0.00038
2044.13583,0.00038
2042.20740,0.00019
2040.27897,-0.00002
2038.35054,-0.00002
2036.42211,0.00004
2034.49368,0.00006
2032.56525,0.00022
2030.63682,0.00044
2028.70839,0.00057
2026.77996,0.00061
2024.85153,0.00066
2022.92310,0.00064
2020.99467,0.00042
2019.06624,0.00017
2017.13781,0.00009
2015.20938,0.00016
2013.28095,0.00030
2011.35252,0.00047
2009.42409,0.00062
2007.49566,0.00049
2005.56723,0.00014
2003.63880,0.00000
2001.71037,0.00014
1999.78194,0.00027
1997.85351,0.00023
1995.92508,0.00022
1993.99665,0.00033
1992.06822,0.00041
1990.13979,0.00039
1988.21136,0.00041
1986.28293,0.00051
1984.35450,0.00048
1982.42607,0.00034
1980.49764,0.00032
1978.56921,0.00051
1976.64078,0.00062
1974.71235,0.00043
1972.78392,0.00015
1970.85549,0.00004
1968.92706,0.00005
1966.99863,0.00000
1965.07020,0.00007
1963.14177,0.00039
1961.21334,0.00062
1959.28491,0.00053
1957.35648,0.00027
1955.42805,0.00008
1953.49962,0.00009
1951.57119,0.00027
1949.64276,0.00037
1947.71433,0.00026
1945.78590,0.00022
1943.85747,0.00047
1941.92904,0.00063
1940.00061,0.00064
1938.07218,0.00057
1936.14375,0.00034
1934.21532,0.00011
1932.28689,0.00004
1930.35846,0.00014
1928.43003,0.00026
1926.50160,0.00026
1924.57317,0.00009
1922.64474,-0.00005
1920.71631,0.00020
1918.78788,0.00065
1916.85945,0.00083
1914.93102,0.00078
1913.00259,0.00057
1911.07416,0.00020
1909.14573,0.00000
1907.21730,0.00010
1905.28887,0.00030
1903.36044,0.00043
1901.43201,0.00048
1899.50358,0.00043
1897.57515,0.00037
1895.64672,0.00032
1893.71829,0.00019
1891.78986,0.00001
1889.86143,0.00000
1887.93300,0.00037
1886.00457,0.00085
1884.07614,0.00100
1882.14771,0.00087
1880.21928,0.00080
1878.29085,0.00097
1876.36242,0.00114
1874.43399,0.00098
1872.50556,0.00062
1870.57713,0.00030
1868.64870,0.00015
1866.72027,0.00041
1864.79184,0.00100
1862.86341,0.00140
1860.93498,0.00155
1859.00655,0.00156
1857.07812,0.00152
1855.14969,0.00157
1853.22126,0.00174
1851.29283,0.00174
1849.36440,0.00143
1847.43597,0.00125
1845.50754,0.00153
1843.57911,0.00216
1841.65068,0.00278
1839.72225,0.00300
1837.79382,0.00265
1835.86539,0.00221
1833.93696,0.00188
1832.00853,0.00131
1830.08010,0.00058
1828.15167,0.00051
1826.22324,0.00096
1824.29481,0.00130
1822.36638,0.00156
1820.43795,0.00193
1818.50952,0.00213
1816.58109,0.00189
1814.65266,0.00131
1812.72423,0.00066
1810.79580,0.00029
1808.86737,0.00044
1806.93894,0.00087
1805.01051,0.00117
1803.08208,0.00135
1801.15365,0.00133
1799.22522,0.00115
1797.29679,0.00106
1795.36836,0.00118
1793.43993,0.00121
1791.51150,0.00123
1789.58307,0.00173
1787.65464,0.00240
1785.72621,0.00253
1783.79778,0.00204
1781.86935,0.00135
1779.94092,0.00089
1778.01249,0.00075
1776.08406,0.00048
1774.15563,0.00006
1772.22720,0.00018
1770.29877,0.00131
1768.37034,0.00208
1766.44191,0.00171
1764.51348,0.00085
1762.58505,0.00018
1760.65662,0.00016
1758.72819,0.00084
1756.79976,0.00132
1754.87133,0.00126
1752.94290,0.00112
1751.01447,0.00082
1749.08604,0.00019
1747.15761,0.00000
1745.22918,0.00024
1743.30075,0.00041
1741.37232,0.00055
1739.44389,0.00073
1737.51546,0.00104
1735.58703,0.00140
1733.65860,0.00144
1731.73017,0.00157
1729.80174,0.00185
1727.87331,0.00195
1725.94488,0.00180
1724.01645,0.00140
1722.08802,0.00084
1720.15959,0.00040
1718.23116,0.00058
1716.30273,0.00233
1714.37430,0.00509
1712.44587,0.00729
1710.51744,0.00821
1708.58901,0.00858
1706.66058,0.00971
1704.73215,0.01234
1702.80372,0.01615
1700.87529,0.02107
1698.94686,0.02680
1697.01843,0.03266
1695.09000,0.03798
1693.16157,0.04197
1691.23314,0.04497
1689.30471,0.04753
1687.37628,0.05068
1685.44785,0.05651
1683.51942,0.06550
1681.59099,0.07306
1679.66256,0.07760
1677.73413,0.08115
1675.80570,0.08559
1673.87727,0.09098
1671.94884,0.09704
1670.02041,0.10484
1668.09198,0.11366
1666.16355,0.12097
1664.23512,0.12803
1662.30669,0.13691
1660.37826,0.14587
1658.44983,0.15212
1656.52140,0.15614
1654.59297,0.16046
1652.66454,0.16552
1650.73611,0.16845
1648.80768,0.16752
1646.87925,0.16253
1644.95082,0.15725
1643.02239,0.15361
1641.09396,0.14969
1639.16553,0.14451
1637.23710,0.13777
1635.30867,0.13010
1633.38024,0.12433
1631.45181,0.11996
1629.52338,0.11465
1627.59495,0.10848
1625.66652,0.10298
1623.73809,0.09784
1621.80966,0.09300
1619.88123,0.08882
1617.95280,0.08345
1616.02437,0.07636
1614.09594,0.07054
1612.16751,0.06581
1610.23908,0.06015
1608.31065,0.05406
1606.38222,0.04928
1604.45379,0.04596
1602.52536,0.04328
1600.59693,0.04092
1598.66850,0.03885
1596.74007,0.03713
1594.81164,0.03609
1592.88321,0.03583
1590.95478,0.03590
1589.02635,0.03593
1587.09792,0.03609
1585.16949,0.03662
1583.24106,0.03735
1581.31263,0.03773
1579.38420,0.03787
1577.45577,0.03887
1575.52734,0.04135
1573.59891,0.04419
1571.67048,0.04640
1569.74205,0.04852
1567.81362,0.05138
1565.88519,0.05431
1563.95676,0.05613
1562.02833,0.05749
1560.09990,0.06242
1558.17147,0.07294
1556.24304,0.08217
1554.31461,0.08767
1552.38618,0.09184
1550.45775,0.09594
1548.52932,0.09967
1546.60089,0.10205
1544.67246,0.10298
1542.74403,0.10414
1540.81560,0.10661
1538.88717,0.10955
1536.95874,0.11060
1535.03031,0.10888
1533.10188,0.10515
1531.17345,0.10226
1529.24502,0.10052
1527.31659,0.09803
1525.38816,0.09458
1523.45973,0.09103
1521.53130,0.08780
1519.60287,0.08539
1517.67444,0.08217
1515.74601,0.07788
1513.81758,0.07413
1511.88915,0.07029
1509.96072,0.06511
1508.03229,0.05847
1506.10385,0.05228
1504.17542,0.04934
1502.24699,0.04733
1500.31856,0.04365
1498.39013,0.03842
1496.46170,0.03328
1494.53327,0.02937
1492.60484,0.02587
1490.67641,0.02151
1488.74798,0.01724
1486.81955,0.01467
1484.89112,0.01315
1482.96269,0.01159
1481.03426,0.01013
1479.10583,0.00929
1477.17740,0.00895
1475.24897,0.00917
1473.32054,0.01089
1471.39211,0.01373
1469.46368,0.01570
1467.53525,0.01607
1465.60682,0.01551
1463.67839,0.01523
1461.74996,0.01520
1459.82153,0.01479
1457.89310,0.01493
1455.96467,0.01682
1454.03624,0.01853
1452.10781,0.01869
1450.17938,0.01764
1448.25095,0.01642
1446.32252,0.01576
1444.39409,0.01557
1442.46566,0.01540
1440.53723,0.01509
1438.60880,0.01472
1436.68037,0.01390
1434.75194,0.01265
1432.82351,0.01143
1430.89508,0.01016
1428.96665,0.00914
1427.03822,0.00865
1425.10979,0.00833
1423.18136,0.00832
1421.25293,0.00912
1419.32450,0.01012
1417.39607,0.01038
1415.46764,0.01031
1413.53921,0.01029
1411.61078,0.01045
1409.68235,0.01106
1407.75392,0.01195
1405.82549,0.01282
1403.89706,0.01364
1401.96863,0.01448
1400.04020,0.01534
1398.11177,0.01628
1396.18334,0.01719
1394.25491,0.01782
1392.32648,0.01806
1390.39805,0.01761
1388.46962,0.01619
1386.54119,0.01433
1384.61276,0.01295
1382.68433,0.01184
1380.75590,0.01033
1378.82747,0.00824
1376.89904,0.00589
1374.97061,0.00408
1373.04218,0.00355
1371.11375,0.00359
1369.18532,0.00310
1367.25689,0.00221
1365.32846,0.00153
1363.40003,0.00102
1361.47160,0.00062
1359.54317,0.00037
1357.61474,0.00015
1355.68631,0.00000
1353.75788,-0.00003
1351.82945,0.00009
1349.90102,0.00017
1347.97259,0.00019
1346.04416,0.00015
1344.11573,0.00007
1342.18730,0.00000
1340.25887,0.00001
1338.33044,0.00046
1336.40201,0.00118
1334.47358,0.00161
1332.54515,0.00160
1330.61672,0.00151
1328.68829,0.00165
1326.75986,0.00205
1324.83143,0.00256
1322.90300,0.00297
1320.97457,0.00315
1319.04614,0.00338
1317.11771,0.00388
1315.18928,0.00438
1313.26085,0.00456
1311.33242,0.00460
1309.40399,0.00466
1307.47556,0.00466
1305.54713,0.00462
1303.61870,0.00458
1301.69027,0.00433
1299.76184,0.00390
1297.83341,0.00356
1295.90498,0.00343
1293.97655,0.00339
1292.04812,0.00335
1290.11969,0.00335
1288.19126,0.00339
1286.26283,0.00337
1284.33440,0.00322
1282.40597,0.00319
1280.47754,0.00341
1278.54911,0.00372
1276.62068,0.00398
1274.69225,0.00411
1272.76382,0.00430
1270.83539,0.00484
1268.90696,0.00570
1266.97853,0.00660
1265.05010,0.00746
1263.12167,0.00851
1261.19324,0.00984
1259.26481,0.01149
1257.33638,0.01335
1255.40795,0.01515
1253.47952,0.01664
1251.55109,0.01795
1249.62266,0.01940
1247.69423,0.02092
1245.76580,0.02233
1243.83737,0.02360
1241.90894,0.02487
1239.98051,0.02622
1238.05208,0.02753
1236.12365,0.02867
1234.19522,0.02956
1232.26679,0.03029
1230.33836,0.03113
1228.40993,0.03222
1226.48150,0.03349
1224.55307,0.03466
1222.62464,0.03553
1220.69621,0.03636
1218.76778,0.03736
1216.83935,0.03822
1214.91092,0.03884
1212.98249,0.03953
1211.05406,0.04041
1209.12563,0.04149
1207.19720,0.04255
1205.26877,0.04336
1203.34034,0.04413
1201.41191,0.04523
1199.48348,0.04636
1197.55505,0.04818
1195.62662,0.04994
1193.69819,0.05138
1191.76976,0.05327
1189.84133,0.05599
1187.91290,0.05900
1185.98447,0.06188
1184.05604,0.06469
1182.12761,0.06758
1180.19918,0.07075
1178.27075,0.07451
1176.34232,0.07884
1174.41389,0.08345
1172.48546,0.08826
1170.55703,0.09325
1168.62860,0.09793
1166.70017,0.10179
1164.77174,0.10527
1162.84331,0.10943
1160.91488,0.11486
1158.98645,0.12132
1157.05802,0.12829
1155.12959,0.13522
1153.20116,0.14141
1151.27273,0.14636
1149.34430,0.15024
1147.41587,0.15313
1145.48744,0.15484
1143.55901,0.15556
1141.63058,0.15554
1139.70215,0.15531
1137.77372,0.15578
1135.84529,0.15719
1133.91686,0.15930
1131.98843,0.16235
1130.06000,0.16633
1128.13157,0.17030
1126.20314,0.17392
1124.27471,0.17804
1122.34628,0.18315
1120.41785,0.18918
1118.48942,0.19614
1116.56099,0.20357
1114.63256,0.21044
1112.70413,0.21592
1110.77570,0.21956
1108.84727,0.22198
1106.91884,0.22476
1104.99041,0.22870
1103.06198,0.23397
1101.13355,0.24067
1099.20512,0.24843
1097.27669,0.25705
1095.34826,0.26669
1093.41983,0.27627
1091.49140,0.28384
1089.56297,0.28870
1087.63454,0.29125
1085.70611,0.29191
1083.77768,0.29112
1081.84925,0.28947
1079.92082,0.28697
1077.99239,0.28338
1076.06396,0.27906
1074.13553,0.27484
1072.20710,0.27111
1070.27867,0.26729
1068.35024,0.26340
1066.42181,0.26041
1064.49338,0.25827
1062.56495,0.25608
1060.63652,0.25369
1058.70809,0.25165
1056.77966,0.24980
1054.85123,0.24759
1052.92280,0.24476
1050.99437,0.24129
1049.06594,0.23757
1047.13751,0.23369
1045.20908,0.22930
1043.28065,0.22423
1041.35222,0.21872
1039.42379,0.21318
1037.49536,0.20761
1035.56693,0.20165
1033.63850,0.19513
1031.71007,0.18794
1029.78164,0.18000
1027.85321,0.17170
1025.92478,0.16359
1023.99635,0.15590
1022.06792,0.14884
1020.13949,0.14232
1018.21106,0.13592
1016.28263,0.12940
1014.35420,0.12317
1012.42577,0.11766
1010.49734,0.11230
1008.56891,0.10601
1006.64048,0.09839
1004.71205,0.09003
1002.78362,0.08218
1000.85519,0.07552
998.92676,0.06981
996.99833,0.06478
995.06990,0.06036
993.14147,0.05658
991.21304,0.05352
989.28461,0.05127
987.35618,0.04991
985.42775,0.04914
983.49932,0.04854
981.57089,0.04801
979.64246,0.04782
977.71403,0.04814
975.78560,0.04823
973.85717,0.04736
971.92874,0.04602
970.00031,0.04488
968.07188,0.04407
966.14345,0.04329
964.21502,0.04207
962.28659,0.04047
960.35816,0.03907
958.42973,0.03808
956.50130,0.03713
954.57287,0.03589
952.64444,0.03465
950.71601,0.03351
948.78758,0.03230
946.85915,0.03118
944.93072,0.03017
943.00229,0.02915
941.07386,0.02831
939.14543,0.02779
937.21700,0.02717
935.28857,0.02610
933.36014,0.02476
931.43171,0.02321
929.50328,0.02139
927.57485,0.01980
925.64642,0.01858
923.71799,0.01711
921.78956,0.01538
919.86113,0.01392
917.93270,0.01265
916.00427,0.01148
914.07584,0.01051
912.14741,0.00937
910.21898,0.00802
908.29055,0.00692
906.36212,0.00613
904.43368,0.00550
902.50525,0.00497
900.57682,0.00439
898.64839,0.00387
896.71996,0.00347
894.79153,0.00291
892.86310,0.00219
890.93467,0.00174
889.00624,0.00165
887.07781,0.00147
885.14938,0.00097
883.22095,0.00044
881.29252,0.00035
879.36409,0.00046
877.43566,0.00065
875.50723,0.00038
873.57880,0.00006
871.65037,0.00000
869.72194,-0.00006
867.79351,-0.00006
865.86508,0.00007
863.93665,0.00022
862.00822,0.00056
860.07979,0.00132
858.15136,0.00224
856.22293,0.00299
854.29450,0.00330
852.36607,0.00320
850.43764,0.00360
848.50921,0.00493
846.58078,0.00635
844.65235,0.00790
842.72392,0.00985
840.79549,0.01129
838.86706,0.01205
836.93863,0.01322
835.01020,0.01511
833.08177,0.01728
831.15334,0.01908
829.22491,0.01996
827.29648,0.02039
825.36805,0.02121
823.43962,0.02253
821.51119,0.02413
819.58276,0.02579
817.65433,0.02739
815.72590,0.02895
813.79747,0.03038
811.86904,0.03171
809.94061,0.03297
808.01218,0.03422
806.08375,0.03567
804.15532,0.03703
802.22689,0.03786
800.29846,0.03855
798.37003,0.03953
796.44160,0.04020
794.51317,0.04002
792.58474,0.03910
790.65631,0.03790
788.72788,0.03673
786.79945,0.03517
784.87102,0.03316
782.94259,0.03121
781.01416,0.02974
779.08573,0.02895
777.15730,0.02771
775.22887,0.02489
773.30044,0.02149
771.37201,0.01890
769.44358,0.01693
767.51515,0.01514
765.58672,0.01404
763.65829,0.01386
761.72986,0.01383
759.80143,0.01350
757.87300,0.01343
755.94457,0.01383
754.01614,0.01457
752.08771,0.01535
750.15928,0.01532
748.23085,0.01458
746.30242,0.01413
744.37399,0.01396
742.44556,0.01356
740.51713,0.01296
738.58870,0.01232
736.66027,0.01173
734.73184,0.01181
732.80341,0.01280
730.87498,0.01368
728.94655,0.01414
727.01812,0.01462
725.08969,0.01480
723.16126,0.01614
721.23283,0.01678
719.30440,0.01769
717.37597,0.01849
715.44754,0.01863
713.51911,0.01840
711.59068,0.01891
709.66225,0.01992
707.73382,0.02125
705.80539,0.02247
703.87696,0.02279
701.94853,0.02216
700.02010,0.02100
698.09167,0.01938
696.16324,0.01782
694.23481,0.01738
692.30638,0.01771
690.37795,0.01692
688.44952,0.01455
686.52109,0.01272
684.59266,0.01292
682.66423,0.01387
680.73580,0.01365
678.80737,0.01222
676.87894,0.01184
674.95051,0.01425
673.02208,0.01824
671.09365,0.02196
669.16522,0.02495
667.23679,0.02727
665.30836,0.02939
663.37993,0.03215
661.45150,0.03590
659.52307,0.03846
657.59464,0.03649
655.66621,0.02984
653.73778,0.02206
651.80935,0.01618
649.88092,0.01278
647.95249,0.01165
646.02406,0.01242
644.09563,0.01305
642.16720,0.01172
640.23877,0.00979
638.31034,0.00921
636.38191,0.00847
634.45348,0.00815
632.52505,0.00796
630.59662,0.00720
628.66819,0.00573
626.73976,0.00403
624.81133,0.00267
622.88290,0.00289
620.95447,0.00325
619.02604,0.00268
617.09761,0.00435
615.16918,0.00838
613.24075,0.00784
611.31232,0.00312
609.38389,0.00016
607.45546,0.00000
605.52703,0.00038
603.59860,0.00076
601.67017,0.00286
599.74174,0.00000
