4001.49232,0.00075
3999.56389,0.00251
3997.63546,0.00270
3995.70703,0.00221
3993.77860,0.00159
3991.85017,0.00104
3989.92174,0.00090
3987.99331,0.00110
3986.06488,0.00114
3984.13645,0.00085
3982.20802,0.00055
3980.27959,0.00047
3978.35116,0.00031
3976.42273,0.00012
3974.49430,0.00031
3972.56587,0.00080
3970.63744,0.00098
3968.70901,0.00066
3966.78058,0.00019
3964.85215,0.00000
3962.92372,0.00006
3960.99529,0.00006
3959.06686,0.00005
3957.13843,0.00014
3955.21000,0.00043
3953.28157,0.00106
3951.35314,0.00190
3949.42471,0.00246
3947.49628,0.00252
3945.56785,0.00273
3943.63942,0.00294
3941.71099,0.00207
3939.78256,0.00060
3937.85413,0.00000
3935.92570,0.00076
3933.99727,0.00187
3932.06884,0.00183
3930.14041,0.00082
3928.21198,0.00028
3926.28355,0.00026
3924.35512,0.00013
3922.42669,0.00042
3920.49826,0.00137
3918.56982,0.00193
3916.64139,0.00172
3914.71296,0.00153
3912.78453,0.00158
3910.85610,0.00148
3908.92767,0.00167
3906.99924,0.00261
3905.07081,0.00373
3903.14238,0.00451
3901.21395,0.00453
3899.28552,0.00350
3897.35709,0.00256
3895.42866,0.00282
3893.50023,0.00337
3891.57180,0.00288
3889.64337,0.00251
3887.71494,0.00352
3885.78651,0.00422
3883.85808,0.00398
3881.92965,0.00389
3880.00122,0.00303
3878.07279,0.00219
3876.14436,0.00294
3874.21593,0.00426
3872.28750,0.00539
3870.35907,0.00546
3868.43064,0.00464
3866.50221,0.00463
3864.57378,0.00416
3862.64535,0.00263
3860.71692,0.00228
3858.78849,0.00338
3856.86006,0.00439
3854.93163,0.00336
3853.00320,0.00041
3851.07477,0.00000
3849.14634,0.00233
3847.21791,0.00447
3845.28948,0.00513
3843.36105,0.00479
3841.43262,0.00440
3839.50419,0.00415
3837.57576,0.00377
3835.64733,0.00388
3833.71890,0.00434
3831.79047,0.00407
3829.86204,0.00345
3827.93361,0.00331
3826.00518,0.00349
3824.07675,0.00406
3822.14832,0.00392
3820.21989,0.00245
3818.29146,0.00257
3816.36303,0.00381
3814.43460,0.00393
3812.50617,0.00375
3810.57774,0.00384
3808.64931,0.00370
3806.72088,0.00315
3804.79245,0.00304
3802.86402,0.00307
3800.93559,0.00181
3799.00716,0.00118
3797.07873,0.00127
3795.15030,0.00053
3793.22187,0.00002
3791.29344,0.00040
3789.36501,0.00094
3787.43658,0.00139
3785.50815,0.00141
3783.57972,0.00090
3781.65129,0.00051
3779.72286,0.00025
3777.79443,0.00000
3775.86600,0.00011
3773.93757,0.00057
3772.00914,0.00128
3770.08071,0.00185
3768.15228,0.00201
3766.22385,0.00189
3764.29542,0.00185
3762.36699,0.00293
3760.43856,0.00463
3758.51013,0.00555
3756.58170,0.00608
3754.65327,0.00699
3752.72484,0.00765
3750.79641,0.00767
3748.86798,0.00883
3746.93955,0.01116
3745.01112,0.01132
3743.08269,0.00820
3741.15426,0.00614
3739.22583,0.00646
3737.29740,0.00698
3735.36897,0.00656
3733.44054,0.00581
3731.51211,0.00572
3729.58368,0.00630
3727.65525,0.00687
3725.72682,0.00653
3723.79839,0.00531
3721.86996,0.00367
3719.94153,0.00215
3718.01310,0.00177
3716.08467,0.00260
3714.15624,0.00337
3712.22781,0.00290
3710.29938,0.00230
3708.37095,0.00291
3706.44252,0.00394
3704.51409,0.00440
3702.58566,0.00361
3700.65723,0.00197
3698.72880,0.00106
3696.80037,0.00115
3694.87194,0.00204
3692.94351,0.00349
3691.01508,0.00381
3689.08665,0.00207
3687.15822,0.00077
3685.22979,0.00121
3683.30136,0.00221
3681.37293,0.00253
3679.44450,0.00240
3677.51607,0.00270
3675.58764,0.00289
3673.65921,0.00316
3671.73078,0.00445
3669.80235,0.00441
3667.87392,0.00314
3665.94549,0.00250
3664.01706,0.00209
3662.08863,0.00155
3660.16020,0.00169
3658.23177,0.00236
3656.30334,0.00246
3654.37491,0.00253
3652.44648,0.00335
3650.51805,0.00299
3648.58962,0.00084
3646.66119,0.00000
3644.73276,0.00140
3642.80433,0.00290
3640.87590,0.00303
3638.94747,0.00244
3637.01904,0.00223
3635.09061,0.00234
3633.16218,0.00279
3631.23375,0.00395
3629.30532,0.00396
3627.37689,0.00190
3625.44846,0.00091
3623.52003,0.00175
3621.59160,0.00285
3619.66317,0.00304
3617.73474,0.00290
3615.80631,0.00362
3613.87788,0.00419
3611.94945,0.00392
3610.02102,0.00361
3608.09259,0.00291
3606.16416,0.00183
3604.23573,0.00168
3602.30730,0.00207
3600.37887,0.00181
3598.45044,0.00143
3596.52201,0.00167
3594.59358,0.00185
3592.66515,0.00172
3590.73672,0.00219
3588.80829,0.00271
3586.87986,0.00199
3584.95143,0.00118
3583.02300,0.00139
3581.09457,0.00172
3579.16614,0.00152
3577.23771,0.00106
3575.30928,0.00061
3573.38085,0.00033
3571.45242,0.00045
3569.52399,0.00097
3567.59556,0.00091
3565.66713,0.00024
3563.73870,0.00057
3561.81027,0.00151
3559.88184,0.00153
3557.95341,0.00098
3556.02498,0.00087
3554.09655,0.00084
3552.16812,0.00046
3550.23969,0.00052
3548.31126,0.00159
3546.38283,0.00258
3544.45440,0.00242
3542.52597,0.00160
3540.59754,0.00093
3538.66911,0.00065
3536.74068,0.00063
3534.81225,0.00051
3532.88382,0.00022
3530.95539,0.00015
3529.02696,0.00057
3527.09853,0.00144
3525.17010,0.00220
3523.24167,0.00219
3521.31324,0.00175
3519.38481,0.00128
3517.45638,0.00059
3515.52795,0.00000
3513.59952,0.00000
3511.67109,0.00057
3509.74266,0.00107
3507.81423,0.00129
3505.88580,0.00170
3503.95737,0.00223
3502.02894,0.00229
3500.10051,0.00173
3498.17208,0.00087
3496.24365,0.00035
3494.31522,0.00068
3492.38679,0.00123
3490.45836,0.00112
3488.52993,0.00065
3486.60150,0.00052
3484.67307,0.00068
3482.74464,0.00062
3480.81621,0.00031
3478.88778,0.00010
3476.95935,0.00000
3475.03092,0.00007
3473.10249,0.00063
3471.17406,0.00153
3469.24563,0.00198
3467.31720,0.00164
3465.38877,0.00102
3463.46034,0.00072
3461.53191,0.00071
3459.60348,0.00059
3457.67505,0.00043
3455.74662,0.00069
3453.81819,0.00126
3451.88976,0.00161
3449.96133,0.00144
3448.03290,0.00079
3446.10447,0.00026
3444.17604,0.00032
3442.24761,0.00032
3440.31918,0.00016
3438.39075,0.00042
3436.46232,0.00087
3434.53389,0.00086
3432.60546,0.00050
3430.67703,0.00035
3428.74860,0.00084
3426.82017,0.00156
3424.89174,0.00178
3422.96331,0.00162
3421.03488,0.00138
3419.10645,0.00091
3417.17802,0.00068
3415.24959,0.00105
3413.32116,0.00134
3411.39273,0.00118
3409.46430,0.00099
3407.53587,0.00076
3405.60744,0.00038
3403.67901,0.00018
3401.75058,0.00047
3399.82215,0.00183
3397.89372,0.00239
3395.96529,0.00246
3394.03686,0.00205
3392.10843,0.00147
3390.18000,0.00117
3388.25157,0.00141
3386.32314,0.00169
3384.39471,0.00128
3382.46628,0.00047
3380.53785,0.00007
3378.60942,0.00012
3376.68099,0.00039
3374.75256,0.00094
3372.82413,0.00139
3370.89570,0.00140
3368.96727,0.00124
3367.03884,0.00125
3365.11041,0.00126
3363.18198,0.00124
3361.25355,0.00137
3359.32512,0.00162
3357.39669,0.00171
3355.46826,0.00151
3353.53983,0.00111
3351.61140,0.00061
3349.68297,0.00010
3347.75454,0.00001
3345.82611,0.00069
3343.89768,0.00165
3341.96925,0.00196
3340.04082,0.00183
3338.11239,0.00220
3336.18396,0.00289
3334.25553,0.00289
3332.32710,0.00210
3330.39867,0.00141
3328.47024,0.00151
3326.54181,0.00225
3324.61338,0.00271
3322.68495,0.00223
3320.75652,0.00150
3318.82809,0.00145
3316.89966,0.00186
3314.97122,0.00202
3313.04279,0.00188
3311.11436,0.00187
3309.18593,0.00217
3307.25750,0.00244
3305.32907,0.00253
3303.40064,0.00248
3301.47221,0.00223
3299.54378,0.00209
3297.61535,0.00221
3295.68692,0.00226
3293.75849,0.00220
3291.83006,0.00241
3289.90163,0.00263
3287.97320,0.00234
3286.04477,0.00186
3284.11634,0.00182
3282.18791,0.00212
3280.25948,0.00256
3278.33105,0.00313
3276.40262,0.00358
3274.47419,0.00363
3272.54576,0.00320
3270.61733,0.00240
3268.68890,0.00188
3266.76047,0.00207
3264.83204,0.00254
3262.90361,0.00268
3260.97518,0.00237
3259.04675,0.00195
3257.11832,0.00190
3255.18989,0.00209
3253.26146,0.00225
3251.33303,0.00242
3249.40460,0.00268
3247.47617,0.00292
3245.54774,0.00279
3243.61931,0.00230
3241.69088,0.00202
3239.76245,0.00213
3237.83402,0.00212
3235.90559,0.00188
3233.97716,0.00182
3232.04873,0.00208
3230.12030,0.00256
3228.19187,0.00291
3226.26344,0.00291
3224.33501,0.00300
3222.40658,0.00333
3220.47815,0.00322
3218.54972,0.00253
3216.62129,0.00215
3214.69286,0.00220
3212.76443,0.00189
3210.83600,0.00131
3208.90757,0.00108
3206.97914,0.00124
3205.05071,0.00136
3203.12228,0.00095
3201.19385,0.00047
3199.26542,0.00075
3197.33699,0.00150
3195.40856,0.00182
3193.48013,0.00177
3191.55170,0.00199
3189.62327,0.00247
3187.69484,0.00257
3185.76641,0.00209
3183.83798,0.00153
3181.90955,0.00135
3179.98112,0.00147
3178.05269,0.00152
3176.12426,0.00129
3174.19583,0.00091
3172.26740,0.00065
3170.33897,0.00068
3168.41054,0.00086
3166.48211,0.00097
3164.55368,0.00100
3162.62525,0.00113
3160.69682,0.00148
3158.76839,0.00169
3156.83996,0.00167
3154.91153,0.00187
3152.98310,0.00231
3151.05467,0.00244
3149.12624,0.00198
3147.19781,0.00106
3145.26938,0.00016
3143.34095,0.00000
3141.41252,0.00041
3139.48409,0.00065
3137.55566,0.00055
3135.62723,0.00057
3133.69880,0.00091
3131.77037,0.00130
3129.84194,0.00170
3127.91351,0.00197
3125.98508,0.00168
3124.05665,0.00124
3122.12822,0.00121
3120.19979,0.00138
3118.27136,0.00164
3116.34293,0.00207
3114.41450,0.00234
3112.48607,0.00219
3110.55764,0.00180
3108.62921,0.00144
3106.70078,0.00131
3104.77235,0.00174
3102.84392,0.00249
3100.91549,0.00264
3098.98706,0.00209
3097.05863,0.00169
3095.13020,0.00160
3093.20177,0.00137
3091.27334,0.00098
3089.34491,0.00072
3087.41648,0.00074
3085.48805,0.00106
3083.55962,0.00132
3081.63119,0.00134
3079.70276,0.00140
3077.77433,0.00162
3075.84590,0.00166
3073.91747,0.00122
3071.98904,0.00068
3070.06061,0.00069
3068.13218,0.00092
3066.20375,0.00077
3064.27532,0.00039
3062.34689,0.00021
3060.41846,0.00042
3058.49003,0.00101
3056.56160,0.00143
3054.63317,0.00125
3052.70474,0.00097
3050.77631,0.00119
3048.84788,0.00165
3046.91945,0.00177
3044.99102,0.00134
3043.06259,0.00063
3041.13416,0.00007
3039.20573,0.00000
3037.27730,0.00037
3035.34887,0.00079
3033.42044,0.00108
3031.49201,0.00123
3029.56358,0.00117
3027.63515,0.00099
3025.70672,0.00076
3023.77829,0.00042
3021.84986,0.00026
3019.92143,0.00054
3017.99300,0.00089
3016.06457,0.00092
3014.13614,0.00096
3012.20771,0.00135
3010.27928,0.00164
3008.35085,0.00152
3006.42242,0.00121
3004.49399,0.00085
3002.56556,0.00049
3000.63713,0.00029
2998.70870,0.00068
2996.78027,0.00097
2994.85184,0.00089
2992.92341,0.00065
2990.99498,0.00060
2989.06655,0.00068
2987.13812,0.00075
2985.20969,0.00091
2983.28126,0.00123
2981.35283,0.00140
2979.42440,0.00134
2977.49597,0.00126
2975.56754,0.00113
2973.63911,0.00103
2971.71068,0.00112
2969.78225,0.00114
2967.85382,0.00098
2965.92539,0.00102
2963.99696,0.00137
2962.06853,0.00154
2960.14010,0.00129
2958.21167,0.00108
2956.28324,0.00121
2954.35481,0.00138
2952.42638,0.00139
2950.49795,0.00146
2948.56952,0.00163
2946.64109,0.00154
2944.71266,0.00099
2942.78423,0.00041
2940.85580,0.00019
2938.92737,0.00039
2936.99894,0.00086
2935.07051,0.00128
2933.14208,0.00149
2931.21365,0.00151
2929.28522,0.00144
2927.35679,0.00140
2925.42836,0.00144
2923.49993,0.00150
2921.57150,0.00148
2919.64307,0.00152
2917.71464,0.00179
2915.78621,0.00196
2913.85778,0.00188
2911.92935,0.00176
2910.00092,0.00139
2908.07249,0.00080
2906.14406,0.00079
2904.21563,0.00126
2902.28720,0.00134
2900.35877,0.00098
2898.43034,0.00076
2896.50191,0.00075
2894.57348,0.00072
2892.64505,0.00079
2890.71662,0.00093
2888.78819,0.00092
2886.85976,0.00096
2884.93133,0.00132
2883.00290,0.00174
2881.07447,0.00166
2879.14604,0.00139
2877.21761,0.00153
2875.28918,0.00177
2873.36075,0.00167
2871.43232,0.00149
2869.50389,0.00146
2867.57546,0.00159
2865.64703,0.00171
2863.71860,0.00150
2861.79017,0.00101
2859.86174,0.00065
2857.93331,0.00064
2856.00488,0.00115
2854.07645,0.00177
2852.14802,0.00175
2850.21959,0.00120
2848.29116,0.00083
2846.36273,0.00064
2844.43430,0.00035
2842.50587,0.00030
2840.57744,0.00080
2838.64901,0.00128
2836.72058,0.00115
2834.79215,0.00085
2832.86372,0.00096
2830.93529,0.00107
2829.00686,0.00091
2827.07843,0.00103
2825.15000,0.00151
2823.22157,0.00166
2821.29314,0.00122
2819.36471,0.00068
2817.43628,0.00053
2815.50785,0.00077
2813.57942,0.00106
2811.65099,0.00108
2809.72256,0.00070
2807.79413,0.00025
2805.86570,0.00023
2803.93727,0.00059
2802.00884,0.00093
2800.08041,0.00114
2798.15198,0.00116
2796.22355,0.00103
2794.29512,0.00105
2792.36669,0.00119
2790.43826,0.00118
2788.50983,0.00113
2786.58140,0.00109
2784.65297,0.00094
2782.72454,0.00073
2780.79611,0.00059
2778.86768,0.00058
2776.93925,0.00079
2775.01082,0.00105
2773.08239,0.00103
2771.15396,0.00093
2769.22553,0.00100
2767.29710,0.00106
2765.36867,0.00101
2763.44024,0.00102
2761.51181,0.00103
2759.58338,0.00099
2757.65495,0.00103
2755.72652,0.00114
2753.79809,0.00118
2751.86966,0.00113
2749.94123,0.00106
2748.01280,0.00093
2746.08437,0.00088
2744.15594,0.00086
2742.22751,0.00064
2740.29908,0.00052
2738.37065,0.00068
2736.44222,0.00085
2734.51379,0.00097
2732.58536,0.00106
2730.65693,0.00101
2728.72850,0.00096
2726.80007,0.00106
2724.87164,0.00127
2722.94321,0.00138
2721.01478,0.00115
2719.08635,0.00056
2717.15792,0.00004
2715.22949,0.00000
2713.30105,0.00027
2711.37262,0.00050
2709.44419,0.00057
2707.51576,0.00061
2705.58733,0.00060
2703.65890,0.00050
2701.73047,0.00038
2699.80204,0.00041
2697.87361,0.00059
2695.94518,0.00069
2694.01675,0.00078
2692.08832,0.00102
2690.15989,0.00095
2688.23146,0.00050
2686.30303,0.00029
2684.37460,0.00054
2682.44617,0.00082
2680.51774,0.00100
2678.58931,0.00119
2676.66088,0.00118
2674.73245,0.00084
2672.80402,0.00048
2670.87559,0.00034
2668.94716,0.00022
2667.01873,0.00004
2665.09030,0.00015
2663.16187,0.00057
2661.23344,0.00102
2659.30501,0.00123
2657.37658,0.00104
2655.44815,0.00068
2653.51972,0.00058
2651.59129,0.00091
2649.66286,0.00129
2647.73443,0.00128
2645.80600,0.00105
2643.87757,0.00099
2641.94914,0.00106
2640.02071,0.00108
2638.09228,0.00116
2636.16385,0.00119
2634.23542,0.00099
2632.30699,0.00073
2630.37856,0.00077
2628.45013,0.00116
2626.52170,0.00152
2624.59327,0.00161
2622.66484,0.00146
2620.73641,0.00114
2618.80798,0.00085
2616.87955,0.00075
2614.95112,0.00075
2613.02269,0.00073
2611.09426,0.00067
2609.16583,0.00052
2607.23740,0.00034
2605.30897,0.00026
2603.38054,0.00024
2601.45211,0.00017
2599.52368,0.00005
2597.59525,0.00000
2595.66682,0.00001
2593.73839,0.00009
2591.80996,0.00032
2589.88153,0.00058
2587.95310,0.00065
2586.02467,0.00052
2584.09624,0.00038
2582.16781,0.00055
2580.23938,0.00085
2578.31095,0.00082
2576.38252,0.00058
2574.45409,0.00063
2572.52566,0.00092
2570.59723,0.00106
2568.66880,0.00091
2566.74037,0.00065
2564.81194,0.00057
2562.88351,0.00074
2560.95508,0.00093
2559.02665,0.00102
2557.09822,0.00108
2555.16979,0.00103
2553.24136,0.00086
2551.31293,0.00077
2549.38450,0.00076
2547.45607,0.00060
2545.52764,0.00040
2543.59921,0.00039
2541.67078,0.00056
2539.74235,0.00078
2537.81392,0.00092
2535.88549,0.00096
2533.95706,0.00096
2532.02863,0.00093
2530.10020,0.00092
2528.17177,0.00095
2526.24334,0.00093
2524.31491,0.00080
2522.38648,0.00064
2520.45805,0.00050
2518.52962,0.00038
2516.60119,0.00032
2514.67276,0.00031
2512.74433,0.00032
2510.81590,0.00054
2508.88747,0.00088
2506.95904,0.00096
2505.03061,0.00065
2503.10218,0.00031
2501.17375,0.00021
2499.24532,0.00036
2497.31689,0.00068
2495.38846,0.00091
2493.46003,0.00094
2491.53160,0.00088
2489.60317,0.00076
2487.67474,0.00074
2485.74631,0.00077
2483.81788,0.00068
2481.88945,0.00054
2479.96102,0.00035
2478.03259,0.00005
2476.10416,0.00000
2474.17573,0.00023
2472.24730,0.00035
2470.31887,0.00042
2468.39044,0.00065
2466.46201,0.00071
2464.53358,0.00044
2462.60515,0.00023
2460.67672,0.00032
2458.74829,0.00056
2456.81986,0.00076
2454.89143,0.00071
2452.96300,0.00044
2451.03457,0.00031
2449.10614,0.00044
2447.17771,0.00049
2445.24928,0.00031
2443.32085,0.00015
2441.39242,0.00025
2439.46399,0.00048
2437.53556,0.00074
2435.60713,0.00102
2433.67870,0.00117
2431.75027,0.00108
2429.82184,0.00094
2427.89341,0.00093
2425.96498,0.00082
2424.03655,0.00082
2422.10812,0.00082
2420.17969,0.00081
2418.25126,0.00081
2416.32283,0.00081
2414.39440,0.00081
2412.46597,0.00081
2410.53754,0.00081
2408.60911,0.00081
2406.68068,0.00081
2404.75225,0.00081
2402.82382,0.00081
2400.89539,0.00081
2398.96696,0.00081
2397.03853,0.00081
2395.11010,0.00081
2393.18167,0.00081
2391.25324,0.00081
2389.32481,0.00081
2387.39638,0.00081
2385.46795,0.00081
2383.53952,0.00082
2381.61109,0.00082
2379.68266,0.00082
2377.75423,0.00082
2375.82580,0.00082
2373.89737,0.00082
2371.96894,0.00082
2370.04051,0.00083
2368.11208,0.00083
2366.18365,0.00083
2364.25522,0.00083
2362.32679,0.00083
2360.39836,0.00084
2358.46993,0.00084
2356.54150,0.00084
2354.61307,0.00084
2352.68464,0.00085
2350.75621,0.00085
2348.82778,0.00085
2346.89935,0.00086
2344.97092,0.00086
2343.04249,0.00086
2341.11406,0.00087
2339.18563,0.00087
2337.25720,0.00087
2335.32877,0.00088
2333.40034,0.00088
2331.47191,0.00089
2329.54348,0.00089
2327.61505,0.00089
2325.68662,0.00090
2323.75819,0.00090
2321.82976,0.00091
2319.90133,0.00091
2317.97290,0.00092
2316.04447,0.00092
2314.11604,0.00093
2312.18761,0.00093
2310.25918,0.00094
2308.33075,0.00094
2306.40232,0.00095
2304.47389,0.00095
2302.54546,0.00096
2300.61703,0.00097
2298.68860,0.00097
2296.76017,0.00098
2294.83174,0.00098
2292.90331,0.00099
2290.97488,0.00100
2289.04645,0.00100
2287.11802,0.00101
2285.18959,0.00102
2283.26116,0.00102
2281.33273,0.00103
2279.40430,0.00104
2277.47587,0.00104
2275.54744,0.00105
2273.61901,0.00106
2271.69058,0.00107
2269.76215,0.00107
2267.83372,0.00108
2265.90529,0.00109
2263.97686,0.00110
2262.04843,0.00111
2260.12000,0.00111
2258.19157,0.00112
2256.26314,0.00113
2254.33471,0.00114
2252.40628,0.00115
2250.47785,0.00116
2248.54942,0.00117
2246.62099,0.00117
2244.69256,0.00118
2242.76413,0.00119
2240.83570,0.00106
2238.90727,0.00072
2236.97884,0.00035
2235.05041,0.00027
2233.12198,0.00044
2231.19355,0.00047
2229.26512,0.00027
2227.33669,0.00003
2225.40826,0.00000
2223.47983,0.00019
2221.55140,0.00041
2219.62297,0.00055
2217.69454,0.00056
2215.76611,0.00041
2213.83768,0.00026
2211.90925,0.00027
2209.98082,0.00039
2208.05239,0.00064
2206.12396,0.00086
2204.19553,0.00091
2202.26710,0.00088
2200.33867,0.00074
2198.41024,0.00054
2196.48181,0.00054
2194.55338,0.00074
2192.62495,0.00091
2190.69652,0.00107
2188.76809,0.00104
2186.83966,0.00070
2184.91123,0.00041
2182.98280,0.00046
2181.05437,0.00057
2179.12594,0.00043
2177.19751,0.00017
2175.26908,0.00010
2173.34065,0.00030
2171.41222,0.00039
2169.48379,0.00036
2167.55536,0.00053
2165.62693,0.00074
2163.69850,0.00071
2161.77007,0.00052
2159.84164,0.00031
2157.91321,0.00022
2155.98478,0.00031
2154.05635,0.00032
2152.12792,0.00018
2150.19949,0.00016
2148.27106,0.00038
2146.34263,0.00052
2144.41420,0.00040
2142.48577,0.00034
2140.55734,0.00050
2138.62891,0.00073
2136.70048,0.00076
2134.77205,0.00040
2132.84362,0.00000
2130.91519,0.00007
2128.98676,0.00042
2127.05833,0.00058
2125.12990,0.00039
2123.20147,0.00010
2121.27304,0.00004
2119.34461,0.00024
2117.41618,0.00047
2115.48775,0.00059
2113.55932,0.00047
2111.63089,0.00014
2109.70245,0.00000
2107.77402,0.00022
2105.84559,0.00048
2103.91716,0.00046
2101.98873,0.00036
2100.06030,0.00041
2098.13187,0.00047
2096.20344,0.00059
2094.27501,0.00072
2092.34658,0.00081
2090.41815,0.00076
2088.48972,0.00072
2086.56129,0.00067
2084.63286,0.00054
2082.70443,0.00063
2080.77600,0.00093
2078.84757,0.00098
2076.91914,0.00081
2074.99071,0.00068
2073.06228,0.00064
2071.13385,0.00068
2069.20542,0.00079
2067.27699,0.00098
2065.34856,0.00102
2063.42013,0.00081
2061.49170,0.00061
2059.56327,0.00048
2057.63484,0.00025
2055.70641,0.00011
2053.77798,0.00031
2051.84955,0.00058
2049.92112,0.00070
2047.99269,0.00073
2046.06426,0.00074
2044.13583,0.00073
2042.20740,0.00060
2040.27897,0.00047
2038.35054,0.00053
2036.42211,0.00065
2034.49368,0.00071
2032.56525,0.00072
2030.63682,0.00078
2028.70839,0.00096
2026.77996,0.00123
2024.85153,0.00136
2022.92310,0.00116
2020.99467,0.00086
2019.06624,0.00078
2017.13781,0.00078
2015.20938,0.00067
2013.28095,0.00056
2011.35252,0.00064
2009.42409,0.00083
2007.49566,0.00070
2005.56723,0.00027
2003.63880,0.00000
2001.71037,0.00005
1999.78194,0.00021
1997.85351,0.00040
1995.92508,0.00063
1993.99665,0.00069
1992.06822,0.00054
1990.13979,0.00043
1988.21136,0.00052
1986.28293,0.00069
1984.35450,0.00069
1982.42607,0.00059
1980.49764,0.00064
1978.56921,0.00082
1976.64078,0.00092
1974.71235,0.00084
1972.78392,0.00075
1970.85549,0.00081
1968.92706,0.00086
1966.99863,0.00075
1965.07020,0.00072
1963.14177,0.00099
1961.21334,0.00123
1959.28491,0.00126
1957.35648,0.00119
1955.42805,0.00112
1953.49962,0.00116
1951.57119,0.00131
1949.64276,0.00134
1947.71433,0.00120
1945.78590,0.00123
1943.85747,0.00146
1941.92904,0.00141
1940.00061,0.00112
1938.07218,0.00083
1936.14375,0.00063
1934.21532,0.00069
1932.28689,0.00094
1930.35846,0.00109
1928.43003,0.00107
1926.50160,0.00103
1924.57317,0.00093
1922.64474,0.00077
1920.71631,0.00082
1918.78788,0.00102
1916.85945,0.00112
1914.93102,0.00123
1913.00259,0.00127
1911.07416,0.00108
1909.14573,0.00087
1907.21730,0.00081
1905.28887,0.00082
1903.36044,0.00084
1901.43201,0.00090
1899.50358,0.00093
1897.57515,0.00095
1895.64672,0.00103
1893.71829,0.00108
1891.78986,0.00100
1889.86143,0.00086
1887.93300,0.00090
1886.00457,0.00106
1884.07614,0.00100
1882.14771,0.00076
1880.21928,0.00070
1878.29085,0.00097
1876.36242,0.00125
1874.43399,0.00124
1872.50556,0.00110
1870.57713,0.00092
1868.64870,0.00061
1866.72027,0.00050
1864.79184,0.00079
1862.86341,0.00108
1860.93498,0.00122
1859.00655,0.00132
1857.07812,0.00136
1855.14969,0.00139
1853.22126,0.00137
1851.29283,0.00125
1849.36440,0.00106
1847.43597,0.00098
1845.50754,0.00124
1843.57911,0.00174
1841.65068,0.00234
1839.72225,0.00266
1837.79382,0.00234
1835.86539,0.00177
1833.93696,0.00135
1832.00853,0.00085
1830.08010,0.00029
1828.15167,0.00022
1826.22324,0.00056
1824.29481,0.00076
1822.36638,0.00099
1820.43795,0.00141
1818.50952,0.00167
1816.58109,0.00148
1814.65266,0.00095
1812.72423,0.00038
1810.79580,0.00003
1808.86737,0.00021
1806.93894,0.00066
1805.01051,0.00095
1803.08208,0.00094
1801.15365,0.00066
1799.22522,0.00051
1797.29679,0.00082
1795.36836,0.00131
1793.43993,0.00138
1791.51150,0.00108
1789.58307,0.00127
1787.65464,0.00190
1785.72621,0.00218
1783.79778,0.00174
1781.86935,0.00093
1779.94092,0.00043
1778.01249,0.00048
1776.08406,0.00053
1774.15563,0.00014
1772.22720,0.00000
1770.29877,0.00086
1768.37034,0.00172
1766.44191,0.00169
1764.51348,0.00126
1762.58505,0.00093
1760.65662,0.00099
1758.72819,0.00141
1756.79976,0.00174
1754.87133,0.00203
1752.94290,0.00254
1751.01447,0.00267
1749.08604,0.00189
1747.15761,0.00120
1745.22918,0.00108
1743.30075,0.00105
1741.37232,0.00104
1739.44389,0.00117
1737.51546,0.00147
1735.58703,0.00157
1733.65860,0.00114
1731.73017,0.00113
1729.80174,0.00167
1727.87331,0.00212
1725.94488,0.00227
1724.01645,0.00218
1722.08802,0.00200
1720.15959,0.00171
1718.23116,0.00123
1716.30273,0.00132
1714.37430,0.00257
1712.44587,0.00410
1710.51744,0.00473
1708.58901,0.00446
1706.66058,0.00407
1704.73215,0.00450
1702.80372,0.00606
1700.87529,0.00800
1698.94686,0.00912
1697.01843,0.00944
1695.09000,0.00965
1693.16157,0.00995
1691.23314,0.00991
1689.30471,0.00908
1687.37628,0.00822
1685.44785,0.00821
1683.51942,0.00936
1681.59099,0.01094
1679.66256,0.01196
1677.73413,0.01215
1675.80570,0.01190
1673.87727,0.01161
1671.94884,0.01153
1670.02041,0.01163
1668.09198,0.01238
1666.16355,0.01359
1664.23512,0.01451
1662.30669,0.01519
1660.37826,0.01622
1658.44983,0.01704
1656.52140,0.01702
1654.59297,0.01665
1652.66454,0.01702
1650.73611,0.01859
1648.80768,0.01915
1646.87925,0.01753
1644.95082,0.01646
1643.02239,0.01663
1641.09396,0.01639
1639.16553,0.01521
1637.23710,0.01357
1635.30867,0.01237
1633.38024,0.01223
1631.45181,0.01212
1629.52338,0.01114
1627.59495,0.00981
1625.66652,0.00891
1623.73809,0.00816
1621.80966,0.00750
1619.88123,0.00700
1617.95280,0.00602
1616.02437,0.00480
1614.09594,0.00445
1612.16751,0.00436
1610.23908,0.00345
1608.31065,0.00216
1606.38222,0.00156
1604.45379,0.00164
1602.52536,0.00178
1600.59693,0.00170
1598.66850,0.00133
1596.74007,0.00078
1594.81164,0.00047
1592.88321,0.00065
1590.95478,0.00105
1589.02635,0.00137
1587.09792,0.00168
1585.16949,0.00219
1583.24106,0.00288
1581.31263,0.00325
1579.38420,0.00310
1577.45577,0.00305
1575.52734,0.00400
1573.59891,0.00577
1571.67048,0.00705
1569.74205,0.00746
1567.81362,0.00804
1565.88519,0.00898
1563.95676,0.00931
1562.02833,0.00875
1560.09990,0.00863
1558.17147,0.01037
1556.24304,0.01301
1554.31461,0.01447
1552.38618,0.01479
1550.45775,0.01459
1548.52932,0.01422
1546.60089,0.01347
1544.67246,0.01185
1542.74403,0.01001
1540.81560,0.00948
1538.88717,0.01184
1536.95874,0.01430
1535.03031,0.01455
1533.10188,0.01313
1531.17345,0.01249
1529.24502,0.01272
1527.31659,0.01240
1525.38816,0.01138
1523.45973,0.01031
1521.53130,0.01001
1519.60287,0.01074
1517.67444,0.01076
1515.74601,0.01011
1513.81758,0.00999
1511.88915,0.00966
1509.96072,0.00823
1508.03229,0.00635
1506.10385,0.00584
1504.17542,0.00706
1502.24699,0.00803
1500.31856,0.00760
1498.39013,0.00626
1496.46170,0.00501
1494.53327,0.00415
1492.60484,0.00325
1490.67641,0.00203
1488.74798,0.00128
1486.81955,0.00145
1484.89112,0.00183
1482.96269,0.00177
1481.03426,0.00142
1479.10583,0.00116
1477.17740,0.00086
1475.24897,0.00036
1473.32054,0.00031
1471.39211,0.00138
1469.46368,0.00274
1467.53525,0.00321
1465.60682,0.00271
1463.67839,0.00224
1461.74996,0.00201
1459.82153,0.00142
1457.89310,0.00079
1455.96467,0.00127
1454.03624,0.00220
1452.10781,0.00244
1450.17938,0.00174
1448.25095,0.00078
1446.32252,0.00031
1444.39409,0.00041
1442.46566,0.00063
1440.53723,0.00076
1438.60880,0.00094
1436.68037,0.00113
1434.75194,0.00128
1432.82351,0.00130
1430.89508,0.00090
1428.96665,0.00047
1427.03822,0.00050
1425.10979,0.00059
1423.18136,0.00071
1421.25293,0.00123
1419.32450,0.00169
1417.39607,0.00151
1415.46764,0.00120
1413.53921,0.00090
1411.61078,0.00052
1409.68235,0.00040
1407.75392,0.00057
1405.82549,0.00070
1403.89706,0.00070
1401.96863,0.00072
1400.04020,0.00085
1398.11177,0.00121
1396.18334,0.00172
1394.25491,0.00229
1392.32648,0.00283
1390.39805,0.00296
1388.46962,0.00244
1386.54119,0.00170
1384.61276,0.00149
1382.68433,0.00169
1380.75590,0.00175
1378.82747,0.00134
1376.89904,0.00052
1374.97061,0.00000
1373.04218,0.00035
1371.11375,0.00102
1369.18532,0.00111
1367.25689,0.00087
1365.32846,0.00087
1363.40003,0.00104
1361.47160,0.00115
1359.54317,0.00120
1357.61474,0.00118
1355.68631,0.00106
1353.75788,0.00099
1351.82945,0.00103
1349.90102,0.00113
1347.97259,0.00123
1346.04416,0.00119
1344.11573,0.00100
1342.18730,0.00081
1340.25887,0.00084
1338.33044,0.00122
1336.40201,0.00173
1334.47358,0.00196
1332.54515,0.00190
1330.61672,0.00189
1328.68829,0.00212
1326.75986,0.00246
1324.83143,0.00278
1322.90300,0.00291
1320.97457,0.00278
1319.04614,0.00270
1317.11771,0.00297
1315.18928,0.00338
1313.26085,0.00364
1311.33242,0.00386
1309.40399,0.00413
1307.47556,0.00432
1305.54713,0.00451
1303.61870,0.00482
1301.69027,0.00509
1299.76184,0.00522
1297.83341,0.00532
1295.90498,0.00554
1293.97655,0.00593
1292.04812,0.00648
1290.11969,0.00711
1288.19126,0.00760
1286.26283,0.00778
1284.33440,0.00783
1282.40597,0.00819
1280.47754,0.00881
1278.54911,0.00932
1276.62068,0.00964
1274.69225,0.00987
1272.76382,0.01018
1270.83539,0.01069
1268.90696,0.01130
1266.97853,0.01187
1265.05010,0.01239
1263.12167,0.01299
1261.19324,0.01367
1259.26481,0.01451
1257.33638,0.01547
1255.40795,0.01636
1253.47952,0.01684
1251.55109,0.01704
1249.62266,0.01743
1247.69423,0.01797
1245.76580,0.01833
1243.83737,0.01861
1241.90894,0.01900
1239.98051,0.01932
1238.05208,0.01941
1236.12365,0.01954
1234.19522,0.01979
1232.26679,0.01989
1230.33836,0.01990
1228.40993,0.02026
1226.48150,0.02088
1224.55307,0.02107
1222.62464,0.02066
1220.69621,0.02030
1218.76778,0.02037
1216.83935,0.02048
1214.91092,0.02040
1212.98249,0.02020
1211.05406,0.01984
1209.12563,0.01966
1207.19720,0.01985
1205.26877,0.01992
1203.34034,0.01974
1201.41191,0.01977
1199.48348,0.01961
1197.55505,0.01967
1195.62662,0.01957
1193.69819,0.01926
1191.76976,0.01910
1189.84133,0.01926
1187.91290,0.01945
1185.98447,0.01957
1184.05604,0.01973
1182.12761,0.01967
1180.19918,0.01933
1178.27075,0.01913
1176.34232,0.01928
1174.41389,0.01938
1172.48546,0.01929
1170.55703,0.01944
1168.62860,0.01982
1166.70017,0.01986
1164.77174,0.01949
1162.84331,0.01932
1160.91488,0.01956
1158.98645,0.01980
1157.05802,0.01976
1155.12959,0.01968
1153.20116,0.01965
1151.27273,0.01957
1149.34430,0.01966
1147.41587,0.01994
1145.48744,0.02003
1143.55901,0.02004
1141.63058,0.02022
1139.70215,0.02031
1137.77372,0.02027
1135.84529,0.02044
1133.91686,0.02089
1131.98843,0.02143
1130.06000,0.02200
1128.13157,0.02240
1126.20314,0.02242
1124.27471,0.02231
1122.34628,0.02239
1120.41785,0.02276
1118.48942,0.02338
1116.56099,0.02412
1114.63256,0.02480
1112.70413,0.02544
1110.77570,0.02601
1108.84727,0.02643
1106.91884,0.02681
1104.99041,0.02693
1103.06198,0.02697
1101.13355,0.02757
1099.20512,0.02834
1097.27669,0.02845
1095.34826,0.02838
1093.41983,0.02863
1091.49140,0.02872
1089.56297,0.02869
1087.63454,0.02892
1085.70611,0.02910
1083.77768,0.02909
1081.84925,0.02942
1079.92082,0.03013
1077.99239,0.03047
1076.06396,0.03022
1074.13553,0.02999
1072.20710,0.03006
1070.27867,0.03025
1068.35024,0.03048
1066.42181,0.03079
1064.49338,0.03098
1062.56495,0.03082
1060.63652,0.03047
1058.70809,0.03001
1056.77966,0.02944
1054.85123,0.02911
1052.92280,0.02878
1050.99437,0.02774
1049.06594,0.02666
1047.13751,0.02624
1045.20908,0.02586
1043.28065,0.02499
1041.35222,0.02371
1039.42379,0.02231
1037.49536,0.02111
1035.56693,0.02017
1033.63850,0.01938
1031.71007,0.01852
1029.78164,0.01734
1027.85321,0.01595
1025.92478,0.01453
1023.99635,0.01320
1022.06792,0.01226
1020.13949,0.01163
1018.21106,0.01066
1016.28263,0.00924
1014.35420,0.00805
1012.42577,0.00736
1010.49734,0.00669
1008.56891,0.00603
1006.64048,0.00538
1004.71205,0.00444
1002.78362,0.00354
1000.85519,0.00317
998.92676,0.00308
996.99833,0.00284
995.06990,0.00237
993.14147,0.00176
991.21304,0.00112
989.28461,0.00067
987.35618,0.00051
985.42775,0.00050
983.49932,0.00049
981.57089,0.00034
979.64246,0.00032
977.71403,0.00074
975.78560,0.00125
973.85717,0.00133
971.92874,0.00118
970.00031,0.00118
968.07188,0.00151
966.14345,0.00206
964.21502,0.00249
962.28659,0.00263
960.35816,0.00251
958.42973,0.00222
956.50130,0.00184
954.57287,0.00162
952.64444,0.00181
950.71601,0.00217
948.78758,0.00235
946.85915,0.00237
944.93072,0.00228
943.00229,0.00196
941.07386,0.00173
939.14543,0.00204
937.21700,0.00242
935.28857,0.00236
933.36014,0.00217
931.43171,0.00196
929.50328,0.00140
927.57485,0.00090
925.64642,0.00084
923.71799,0.00089
921.78956,0.00082
919.86113,0.00091
917.93270,0.00118
916.00427,0.00139
914.07584,0.00161
912.14741,0.00183
910.21898,0.00185
908.29055,0.00168
906.36212,0.00147
904.43368,0.00129
902.50525,0.00103
900.57682,0.00055
898.64839,0.00032
896.71996,0.00055
894.79153,0.00073
892.86310,0.00065
890.93467,0.00057
889.00624,0.00055
887.07781,0.00046
885.14938,0.00046
883.22095,0.00049
881.29252,0.00028
879.36409,0.00008
877.43566,0.00007
875.50723,0.00007
873.57880,0.00012
871.65037,0.00026
869.72194,0.00045
867.79351,0.00089
865.86508,0.00139
863.93665,0.00149
862.00822,0.00151
860.07979,0.00190
858.15136,0.00218
856.22293,0.00190
854.29450,0.00123
852.36607,0.00037
850.43764,0.00000
848.50921,0.00055
846.58078,0.00117
844.65235,0.00141
842.72392,0.00165
840.79549,0.00177
838.86706,0.00173
836.93863,0.00183
835.01020,0.00215
833.08177,0.00275
831.15334,0.00314
829.22491,0.00273
827.29648,0.00228
825.36805,0.00277
823.43962,0.00370
821.51119,0.00408
819.58276,0.00390
817.65433,0.00404
815.72590,0.00474
813.79747,0.00547
811.86904,0.00626
809.94061,0.00694
808.01218,0.00713
806.08375,0.00760
804.15532,0.00852
802.22689,0.00881
800.29846,0.00860
798.37003,0.00881
796.44160,0.00927
794.51317,0.00955
792.58474,0.00947
790.65631,0.00872
788.72788,0.00741
786.79945,0.00626
784.87102,0.00564
782.94259,0.00526
781.01416,0.00515
779.08573,0.00569
777.15730,0.00619
775.22887,0.00550
773.30044,0.00399
771.37201,0.00296
769.44358,0.00256
767.51515,0.00206
765.58672,0.00147
763.65829,0.00137
761.72986,0.00132
759.80143,0.00074
757.87300,0.00040
755.94457,0.00123
754.01614,0.00290
752.08771,0.00399
750.15928,0.00351
748.23085,0.00237
746.30242,0.00194
744.37399,0.00196
742.44556,0.00210
740.51713,0.00249
738.58870,0.00244
736.66027,0.00152
734.73184,0.00104
732.80341,0.00222
730.87498,0.00380
728.94655,0.00389
727.01812,0.00289
725.08969,0.00227
723.16126,0.00351
721.23283,0.00390
719.30440,0.00408
717.37597,0.00422
715.44754,0.00383
713.51911,0.00338
711.59068,0.00332
709.66225,0.00381
707.73382,0.00479
705.80539,0.00592
703.87696,0.00654
701.94853,0.00645
700.02010,0.00597
698.09167,0.00533
696.16324,0.00480
694.23481,0.00487
692.30638,0.00535
690.37795,0.00491
688.44952,0.00343
686.52109,0.00303
684.59266,0.00422
682.66423,0.00448
680.73580,0.00259
678.80737,0.00001
676.87894,-0.00149
674.95051,-0.00089
673.02208,0.00174
671.09365,0.00481
669.16522,0.00638
667.23679,0.00626
665.30836,0.00586
663.37993,0.00546
661.45150,0.00525
659.52307,0.00516
657.59464,0.00448
655.66621,0.00298
653.73778,0.00145
651.80935,0.00066
649.88092,0.00024
647.95249,0.00001
646.02406,0.00175
644.09563,0.00519
642.16720,0.00782
640.23877,0.00921
638.31034,0.00976
636.38191,0.00910
634.45348,0.00764
632.52505,0.00614
630.59662,0.00508
628.66819,0.00461
626.73976,0.00396
624.81133,0.00288
622.88290,0.00365
620.95447,0.00532
619.02604,0.00583
617.09761,0.00792
615.16918,0.01174
613.24075,0.01191
611.31232,0.00848
609.38389,0.00691
607.45546,0.00877
605.52703,0.01002
603.59860,0.00790
601.67017,0.00361
599.74174,0.00000
