4001.49232,-0.00067
3999.56389,0.00241
3997.63546,0.00301
3995.70703,0.00263
3993.77860,0.00214
3991.85017,0.00169
3989.92174,0.00129
3987.99331,0.00106
3986.06488,0.00113
3984.13645,0.00126
3982.20802,0.00123
3980.27959,0.00123
3978.35116,0.00122
3976.42273,0.00099
3974.49430,0.00058
3972.56587,0.00040
3970.63744,0.00040
3968.70901,0.00020
3966.78058,0.00000
3964.85215,0.00055
3962.92372,0.00147
3960.99529,0.00150
3959.06686,0.00094
3957.13843,0.00057
3955.21000,0.00031
3953.28157,0.00059
3951.35314,0.00188
3949.42471,0.00318
3947.49628,0.00305
3945.56785,0.00260
3943.63942,0.00285
3941.71099,0.00213
3939.78256,0.00065
3937.85413,0.00016
3935.92570,0.00085
3933.99727,0.00243
3932.06884,0.00300
3930.14041,0.00174
3928.21198,0.00085
3926.28355,0.00149
3924.35512,0.00155
3922.42669,0.00072
3920.49826,0.00148
3918.56982,0.00327
3916.64139,0.00361
3914.71296,0.00246
3912.78453,0.00157
3910.85610,0.00099
3908.92767,0.00078
3906.99924,0.00241
3905.07081,0.00561
3903.14238,0.00801
3901.21395,0.00856
3899.28552,0.00698
3897.35709,0.00385
3895.42866,0.00258
3893.50023,0.00425
3891.57180,0.00523
3889.64337,0.00408
3887.71494,0.00512
3885.78651,0.00706
3883.85808,0.00640
3881.92965,0.00625
3880.00122,0.00526
3878.07279,0.00282
3876.14436,0.00368
3874.21593,0.00627
3872.28750,0.00832
3870.35907,0.00964
3868.43064,0.00807
3866.50221,0.00748
3864.57378,0.00825
3862.64535,0.00676
3860.71692,0.00490
3858.78849,0.00477
3856.86006,0.00695
3854.93163,0.00989
3853.00320,0.00894
3851.07477,0.00545
3849.14634,0.00505
3847.21791,0.00639
3845.28948,0.00720
3843.36105,0.00659
3841.43262,0.00571
3839.50419,0.00626
3837.57576,0.00658
3835.64733,0.00630
3833.71890,0.00695
3831.79047,0.00707
3829.86204,0.00589
3827.93361,0.00506
3826.00518,0.00392
3824.07675,0.00363
3822.14832,0.00503
3820.21989,0.00399
3818.29146,0.00399
3816.36303,0.00699
3814.43460,0.00665
3812.50617,0.00464
3810.57774,0.00446
3808.64931,0.00563
3806.72088,0.00533
3804.79245,0.00420
3802.86402,0.00611
3800.93559,0.00633
3799.00716,0.00426
3797.07873,0.00403
3795.15030,0.00295
3793.22187,0.00143
3791.29344,0.00134
3789.36501,0.00179
3787.43658,0.00248
3785.50815,0.00263
3783.57972,0.00139
3781.65129,0.00111
3779.72286,0.00194
3777.79443,0.00115
3775.86600,0.00000
3773.93757,0.00010
3772.00914,0.00192
3770.08071,0.00399
3768.15228,0.00472
3766.22385,0.00516
3764.29542,0.00465
3762.36699,0.00475
3760.43856,0.00686
3758.51013,0.00802
3756.58170,0.00740
3754.65327,0.00786
3752.72484,0.01044
3750.79641,0.01262
3748.86798,0.01307
3746.93955,0.01607
3745.01112,0.01959
3743.08269,0.01576
3741.15426,0.00997
3739.22583,0.00878
3737.29740,0.01151
3735.36897,0.01449
3733.44054,0.01413
3731.51211,0.01197
3729.58368,0.01097
3727.65525,0.01222
3725.72682,0.01276
3723.79839,0.01105
3721.86996,0.00831
3719.94153,0.00548
3718.01310,0.00348
3716.08467,0.00256
3714.15624,0.00343
3712.22781,0.00584
3710.29938,0.00684
3708.37095,0.00489
3706.44252,0.00264
3704.51409,0.00213
3702.58566,0.00234
3700.65723,0.00127
3698.72880,0.00044
3696.80037,0.00070
3694.87194,0.00095
3692.94351,0.00182
3691.01508,0.00295
3689.08665,0.00245
3687.15822,0.00095
3685.22979,0.00071
3683.30136,0.00149
3681.37293,0.00177
3679.44450,0.00202
3677.51607,0.00432
3675.58764,0.00595
3673.65921,0.00376
3671.73078,0.00484
3669.80235,0.00638
3667.87392,0.00361
3665.94549,0.00169
3664.01706,0.00165
3662.08863,0.00134
3660.16020,0.00127
3658.23177,0.00233
3656.30334,0.00221
3654.37491,0.00000
3652.44648,0.00035
3650.51805,0.00293
3648.58962,0.00300
3646.66119,0.00119
3644.73276,0.00081
3642.80433,0.00142
3640.87590,0.00108
3638.94747,0.00024
3637.01904,0.00011
3635.09061,0.00037
3633.16218,0.00068
3631.23375,0.00320
3629.30532,0.00653
3627.37689,0.00450
3625.44846,0.00100
3623.52003,0.00021
3621.59160,0.00108
3619.66317,0.00156
3617.73474,0.00120
3615.80631,0.00240
3613.87788,0.00428
3611.94945,0.00447
3610.02102,0.00503
3608.09259,0.00534
3606.16416,0.00312
3604.23573,0.00157
3602.30730,0.00229
3600.37887,0.00250
3598.45044,0.00168
3596.52201,0.00221
3594.59358,0.00321
3592.66515,0.00244
3590.73672,0.00243
3588.80829,0.00450
3586.87986,0.00427
3584.95143,0.00132
3583.02300,0.00009
3581.09457,0.00058
3579.16614,0.00082
3577.23771,0.00075
3575.30928,0.00070
3573.38085,0.00024
3571.45242,0.00000
3569.52399,0.00173
3567.59556,0.00417
3565.66713,0.00381
3563.73870,0.00263
3561.81027,0.00293
3559.88184,0.00309
3557.95341,0.00232
3556.02498,0.00186
3554.09655,0.00206
3552.16812,0.00197
3550.23969,0.00215
3548.31126,0.00425
3546.38283,0.00657
3544.45440,0.00625
3542.52597,0.00423
3540.59754,0.00278
3538.66911,0.00258
3536.74068,0.00290
3534.81225,0.00261
3532.88382,0.00201
3530.95539,0.00211
3529.02696,0.00281
3527.09853,0.00357
3525.17010,0.00406
3523.24167,0.00374
3521.31324,0.00279
3519.38481,0.00210
3517.45638,0.00138
3515.52795,0.00053
3513.59952,0.00028
3511.67109,0.00090
3509.74266,0.00145
3507.81423,0.00143
3505.88580,0.00219
3503.95737,0.00359
3502.02894,0.00336
3500.10051,0.00174
3498.17208,0.00052
3496.24365,-0.00002
3494.31522,0.00000
3492.38679,0.00056
3490.45836,0.00114
3488.52993,0.00134
3486.60150,0.00119
3484.67307,0.00122
3482.74464,0.00144
3480.81621,0.00096
3478.88778,0.00009
3476.95935,-0.00007
3475.03092,0.00036
3473.10249,0.00085
3471.17406,0.00125
3469.24563,0.00137
3467.31720,0.00098
3465.38877,0.00061
3463.46034,0.00097
3461.53191,0.00129
3459.60348,0.00082
3457.67505,0.00038
3455.74662,0.00065
3453.81819,0.00107
3451.88976,0.00088
3449.96133,0.00061
3448.03290,0.00082
3446.10447,0.00052
3444.17604,0.00000
3442.24761,0.00009
3440.31918,0.00054
3438.39075,0.00143
3436.46232,0.00208
3434.53389,0.00175
3432.60546,0.00093
3430.67703,0.00051
3428.74860,0.00093
3426.82017,0.00163
3424.89174,0.00210
3422.96331,0.00290
3421.03488,0.00378
3419.10645,0.00361
3417.17802,0.00317
3415.24959,0.00335
3413.32116,0.00344
3411.39273,0.00303
3409.46430,0.00264
3407.53587,0.00263
3405.60744,0.00292
3403.67901,0.00334
3401.75058,0.00391
3399.82215,0.00592
3397.89372,0.00661
3395.96529,0.00628
3394.03686,0.00564
3392.10843,0.00505
3390.18000,0.00436
3388.25157,0.00424
3386.32314,0.00461
3384.39471,0.00434
3382.46628,0.00317
3380.53785,0.00204
3378.60942,0.00154
3376.68099,0.00165
3374.75256,0.00209
3372.82413,0.00229
3370.89570,0.00227
3368.96727,0.00251
3367.03884,0.00303
3365.11041,0.00332
3363.18198,0.00332
3361.25355,0.00328
3359.32512,0.00315
3357.39669,0.00293
3355.46826,0.00265
3353.53983,0.00222
3351.61140,0.00160
3349.68297,0.00089
3347.75454,0.00072
3345.82611,0.00144
3343.89768,0.00224
3341.96925,0.00244
3340.04082,0.00265
3338.11239,0.00339
3336.18396,0.00382
3334.25553,0.00326
3332.32710,0.00243
3330.39867,0.00218
3328.47024,0.00266
3326.54181,0.00353
3324.61338,0.00399
3322.68495,0.00337
3320.75652,0.00229
3318.82809,0.00170
3316.89966,0.00165
3314.97122,0.00189
3313.04279,0.00238
3311.11436,0.00325
3309.18593,0.00405
3307.25750,0.00397
3305.32907,0.00336
3303.40064,0.00288
3301.47221,0.00261
3299.54378,0.00270
3297.61535,0.00298
3295.68692,0.00311
3293.75849,0.00347
3291.83006,0.00417
3289.90163,0.00458
3287.97320,0.00446
3286.04477,0.00412
3284.11634,0.00384
3282.18791,0.00389
3280.25948,0.00431
3278.33105,0.00504
3276.40262,0.00588
3274.47419,0.00623
3272.54576,0.00555
3270.61733,0.00413
3268.68890,0.00320
3266.76047,0.00331
3264.83204,0.00378
3262.90361,0.00402
3260.97518,0.00403
3259.04675,0.00384
3257.11832,0.00378
3255.18989,0.00391
3253.26146,0.00384
3251.33303,0.00373
3249.40460,0.00380
3247.47617,0.00381
3245.54774,0.00371
3243.61931,0.00355
3241.69088,0.00354
3239.76245,0.00365
3237.83402,0.00360
3235.90559,0.00360
3233.97716,0.00389
3232.04873,0.00418
3230.12030,0.00416
3228.19187,0.00394
3226.26344,0.00365
3224.33501,0.00362
3222.40658,0.00411
3220.47815,0.00442
3218.54972,0.00389
3216.62129,0.00339
3214.69286,0.00339
3212.76443,0.00309
3210.83600,0.00267
3208.90757,0.00245
3206.97914,0.00231
3205.05071,0.00227
3203.12228,0.00201
3201.19385,0.00181
3199.26542,0.00220
3197.33699,0.00258
3195.40856,0.00239
3193.48013,0.00210
3191.55170,0.00224
3189.62327,0.00265
3187.69484,0.00287
3185.76641,0.00261
3183.83798,0.00197
3181.90955,0.00151
3179.98112,0.00170
3178.05269,0.00197
3176.12426,0.00167
3174.19583,0.00129
3172.26740,0.00126
3170.33897,0.00148
3168.41054,0.00174
3166.48211,0.00191
3164.55368,0.00183
3162.62525,0.00161
3160.69682,0.00152
3158.76839,0.00138
3156.83996,0.00126
3154.91153,0.00176
3152.98310,0.00259
3151.05467,0.00267
3149.12624,0.00185
3147.19781,0.00082
3145.26938,0.00007
3143.34095,0.00000
3141.41252,0.00053
3139.48409,0.00103
3137.55566,0.00103
3135.62723,0.00095
3133.69880,0.00125
3131.77037,0.00149
3129.84194,0.00151
3127.91351,0.00144
3125.98508,0.00119
3124.05665,0.00130
3122.12822,0.00180
3120.19979,0.00205
3118.27136,0.00215
3116.34293,0.00235
3114.41450,0.00244
3112.48607,0.00228
3110.55764,0.00187
3108.62921,0.00112
3106.70078,0.00036
3104.77235,0.00048
3102.84392,0.00161
3100.91549,0.00227
3098.98706,0.00161
3097.05863,0.00091
3095.13020,0.00079
3093.20177,0.00067
3091.27334,0.00044
3089.34491,0.00025
3087.41648,0.00024
3085.48805,0.00041
3083.55962,0.00055
3081.63119,0.00059
3079.70276,0.00062
3077.77433,0.00056
3075.84590,0.00028
3073.91747,-0.00001
3071.98904,0.00000
3070.06061,0.00041
3068.13218,0.00098
3066.20375,0.00115
3064.27532,0.00079
3062.34689,0.00021
3060.41846,-0.00014
3058.49003,-0.00001
3056.56160,0.00025
3054.63317,0.00013
3052.70474,0.00018
3050.77631,0.00085
3048.84788,0.00145
3046.91945,0.00134
3044.99102,0.00078
3043.06259,0.00024
3041.13416,-0.00001
3039.20573,0.00009
3037.27730,0.00046
3035.34887,0.00090
3033.42044,0.00131
3031.49201,0.00144
3029.56358,0.00120
3027.63515,0.00099
3025.70672,0.00079
3023.77829,0.00038
3021.84986,0.00014
3019.92143,0.00032
3017.99300,0.00067
3016.06457,0.00098
3014.13614,0.00125
3012.20771,0.00156
3010.27928,0.00164
3008.35085,0.00139
3006.42242,0.00116
3004.49399,0.00095
3002.56556,0.00048
3000.63713,0.00000
2998.70870,0.00028
2996.78027,0.00097
2994.85184,0.00138
2992.92341,0.00122
2990.99498,0.00095
2989.06655,0.00107
2987.13812,0.00117
2985.20969,0.00086
2983.28126,0.00066
2981.35283,0.00091
2979.42440,0.00129
2977.49597,0.00142
2975.56754,0.00139
2973.63911,0.00130
2971.71068,0.00107
2969.78225,0.00082
2967.85382,0.00075
2965.92539,0.00081
2963.99696,0.00094
2962.06853,0.00110
2960.14010,0.00110
2958.21167,0.00097
2956.28324,0.00087
2954.35481,0.00076
2952.42638,0.00057
2950.49795,0.00047
2948.56952,0.00055
2946.64109,0.00047
2944.71266,0.00014
2942.78423,0.00000
2940.85580,0.00033
2938.92737,0.00096
2936.99894,0.00145
2935.07051,0.00160
2933.14208,0.00150
2931.21365,0.00121
2929.28522,0.00089
2927.35679,0.00073
2925.42836,0.00078
2923.49993,0.00096
2921.57150,0.00108
2919.64307,0.00109
2917.71464,0.00110
2915.78621,0.00102
2913.85778,0.00093
2911.92935,0.00103
2910.00092,0.00100
2908.07249,0.00080
2906.14406,0.00093
2904.21563,0.00120
2902.28720,0.00093
2900.35877,0.00029
2898.43034,-0.00011
2896.50191,-0.00018
2894.57348,-0.00010
2892.64505,0.00015
2890.71662,0.00040
2888.78819,0.00035
2886.85976,0.00022
2884.93133,0.00050
2883.00290,0.00102
2881.07447,0.00102
2879.14604,0.00057
2877.21761,0.00048
2875.28918,0.00068
2873.36075,0.00070
2871.43232,0.00068
2869.50389,0.00070
2867.57546,0.00065
2865.64703,0.00057
2863.71860,0.00039
2861.79017,0.00011
2859.86174,0.00000
2857.93331,0.00015
2856.00488,0.00054
2854.07645,0.00094
2852.14802,0.00089
2850.21959,0.00039
2848.29116,0.00004
2846.36273,0.00004
2844.43430,0.00012
2842.50587,0.00027
2840.57744,0.00059
2838.64901,0.00082
2836.72058,0.00061
2834.79215,0.00032
2832.86372,0.00029
2830.93529,0.00039
2829.00686,0.00050
2827.07843,0.00074
2825.15000,0.00099
2823.22157,0.00093
2821.29314,0.00057
2819.36471,0.00031
2817.43628,0.00028
2815.50785,0.00035
2813.57942,0.00046
2811.65099,0.00050
2809.72256,0.00030
2807.79413,0.00000
2805.86570,0.00000
2803.93727,0.00037
2802.00884,0.00087
2800.08041,0.00114
2798.15198,0.00107
2796.22355,0.00086
2794.29512,0.00073
2792.36669,0.00069
2790.43826,0.00074
2788.50983,0.00088
2786.58140,0.00095
2784.65297,0.00082
2782.72454,0.00057
2780.79611,0.00034
2778.86768,0.00028
2776.93925,0.00051
2775.01082,0.00087
2773.08239,0.00095
2771.15396,0.00077
2769.22553,0.00072
2767.29710,0.00091
2765.36867,0.00114
2763.44024,0.00120
2761.51181,0.00109
2759.58338,0.00100
2757.65495,0.00103
2755.72652,0.00112
2753.79809,0.00108
2751.86966,0.00095
2749.94123,0.00084
2748.01280,0.00082
2746.08437,0.00093
2744.15594,0.00100
2742.22751,0.00083
2740.29908,0.00059
2738.37065,0.00056
2736.44222,0.00058
2734.51379,0.00056
2732.58536,0.00071
2730.65693,0.00104
2728.72850,0.00130
2726.80007,0.00137
2724.87164,0.00148
2722.94321,0.00158
2721.01478,0.00136
2719.08635,0.00079
2717.15792,0.00021
2715.22949,0.00000
2713.30105,0.00028
2711.37262,0.00069
2709.44419,0.00063
2707.51576,0.00031
2705.58733,0.00025
2703.65890,0.00033
2701.73047,0.00035
2699.80204,0.00042
2697.87361,0.00054
2695.94518,0.00054
2694.01675,0.00059
2692.08832,0.00089
2690.15989,0.00104
2688.23146,0.00070
2686.30303,0.00028
2684.37460,0.00017
2682.44617,0.00040
2680.51774,0.00085
2678.58931,0.00112
2676.66088,0.00081
2674.73245,0.00025
2672.80402,0.00008
2670.87559,0.00025
2668.94716,0.00021
2667.01873,0.00000
2665.09030,0.00007
2663.16187,0.00046
2661.23344,0.00092
2659.30501,0.00110
2657.37658,0.00078
2655.44815,0.00031
2653.51972,0.00021
2651.59129,0.00059
2649.66286,0.00105
2647.73443,0.00114
2645.80600,0.00097
2643.87757,0.00084
2641.94914,0.00075
2640.02071,0.00069
2638.09228,0.00075
2636.16385,0.00074
2634.23542,0.00063
2632.30699,0.00065
2630.37856,0.00083
2628.45013,0.00108
2626.52170,0.00125
2624.59327,0.00129
2622.66484,0.00117
2620.73641,0.00086
2618.80798,0.00051
2616.87955,0.00031
2614.95112,0.00035
2613.02269,0.00046
2611.09426,0.00041
2609.16583,0.00023
2607.23740,0.00005
2605.30897,0.00000
2603.38054,0.00001
2601.45211,0.00004
2599.52368,0.00006
2597.59525,0.00007
2595.66682,0.00008
2593.73839,0.00009
2591.80996,0.00019
2589.88153,0.00035
2587.95310,0.00044
2586.02467,0.00046
2584.09624,0.00048
2582.16781,0.00058
2580.23938,0.00071
2578.31095,0.00076
2576.38252,0.00070
2574.45409,0.00062
2572.52566,0.00058
2570.59723,0.00054
2568.66880,0.00043
2566.74037,0.00026
2564.81194,0.00022
2562.88351,0.00042
2560.95508,0.00074
2559.02665,0.00092
2557.09822,0.00101
2555.16979,0.00108
2553.24136,0.00101
2551.31293,0.00094
2549.38450,0.00096
2547.45607,0.00088
2545.52764,0.00068
2543.59921,0.00057
2541.67078,0.00066
2539.74235,0.00088
2537.81392,0.00090
2535.88549,0.00066
2533.95706,0.00057
2532.02863,0.00061
2530.10020,0.00062
2528.17177,0.00072
2526.24334,0.00089
2524.31491,0.00092
2522.38648,0.00089
2520.45805,0.00081
2518.52962,0.00057
2516.60119,0.00039
2514.67276,0.00028
2512.74433,0.00010
2510.81590,0.00003
2508.88747,0.00019
2506.95904,0.00043
2505.03061,0.00047
2503.10218,0.00028
2501.17375,0.00018
2499.24532,0.00043
2497.31689,0.00072
2495.38846,0.00073
2493.46003,0.00064
2491.53160,0.00056
2489.60317,0.00046
2487.67474,0.00040
2485.74631,0.00033
2483.81788,0.00019
2481.88945,0.00010
2479.96102,0.00008
2478.03259,0.00002
2476.10416,0.00000
2474.17573,0.00012
2472.24730,0.00033
2470.31887,0.00058
2468.39044,0.00077
2466.46201,0.00071
2464.53358,0.00042
2462.60515,0.00019
2460.67672,0.00021
2458.74829,0.00039
2456.81986,0.00056
2454.89143,0.00056
2452.96300,0.00034
2451.03457,0.00027
2449.10614,0.00043
2447.17771,0.00040
2445.24928,0.00013
2443.32085,0.00001
2441.39242,0.00012
2439.46399,0.00036
2437.53556,0.00069
2435.60713,0.00103
2433.67870,0.00116
2431.75027,0.00095
2429.82184,0.00060
2427.89341,0.00045
2425.96498,0.00047
2424.03655,0.00047
2422.10812,0.00046
2420.17969,0.00046
2418.25126,0.00046
2416.32283,0.00046
2414.39440,0.00046
2412.46597,0.00046
2410.53754,0.00046
2408.60911,0.00046
2406.68068,0.00047
2404.75225,0.00047
2402.82382,0.00047
2400.89539,0.00048
2398.96696,0.00048
2397.03853,0.00048
2395.11010,0.00049
2393.18167,0.00050
2391.25324,0.00050
2389.32481,0.00051
2387.39638,0.00052
2385.46795,0.00053
2383.53952,0.00053
2381.61109,0.00054
2379.68266,0.00055
2377.75423,0.00056
2375.82580,0.00057
2373.89737,0.00058
2371.96894,0.00060
2370.04051,0.00061
2368.11208,0.00062
2366.18365,0.00064
2364.25522,0.00065
2362.32679,0.00066
2360.39836,0.00068
2358.46993,0.00069
2356.54150,0.00071
2354.61307,0.00073
2352.68464,0.00074
2350.75621,0.00076
2348.82778,0.00078
2346.89935,0.00080
2344.97092,0.00082
2343.04249,0.00084
2341.11406,0.00086
2339.18563,0.00088
2337.25720,0.00090
2335.32877,0.00092
2333.40034,0.00095
2331.47191,0.00097
2329.54348,0.00099
2327.61505,0.00102
2325.68662,0.00104
2323.75819,0.00107
2321.82976,0.00109
2319.90133,0.00112
2317.97290,0.00115
2316.04447,0.00117
2314.11604,0.00120
2312.18761,0.00123
2310.25918,0.00126
2308.33075,0.00129
2306.40232,0.00132
2304.47389,0.00135
2302.54546,0.00138
2300.61703,0.00141
2298.68860,0.00144
2296.76017,0.00148
2294.83174,0.00151
2292.90331,0.00154
2290.97488,0.00158
2289.04645,0.00161
2287.11802,0.00165
2285.18959,0.00168
2283.26116,0.00172
2281.33273,0.00176
2279.40430,0.00179
2277.47587,0.00183
2275.54744,0.00187
2273.61901,0.00191
2271.69058,0.00195
2269.76215,0.00199
2267.83372,0.00203
2265.90529,0.00207
2263.97686,0.00211
2262.04843,0.00216
2260.12000,0.00220
2258.19157,0.00224
2256.26314,0.00229
2254.33471,0.00233
2252.40628,0.00238
2250.47785,0.00242
2248.54942,0.00247
2246.62099,0.00251
2244.69256,0.00256
2242.76413,0.00261
2240.83570,0.00210
2238.90727,0.00159
2236.97884,0.00109
2235.05041,0.00075
2233.12198,0.00060
2231.19355,0.00049
2229.26512,0.00030
2227.33669,0.00010
2225.40826,0.00000
2223.47983,-0.00000
2221.55140,0.00014
2219.62297,0.00031
2217.69454,0.00039
2215.76611,0.00031
2213.83768,0.00024
2211.90925,0.00038
2209.98082,0.00057
2208.05239,0.00073
2206.12396,0.00082
2204.19553,0.00077
2202.26710,0.00067
2200.33867,0.00054
2198.41024,0.00048
2196.48181,0.00070
2194.55338,0.00094
2192.62495,0.00089
2190.69652,0.00078
2188.76809,0.00084
2186.83966,0.00089
2184.91123,0.00082
2182.98280,0.00077
2181.05437,0.00067
2179.12594,0.00042
2177.19751,0.00025
2175.26908,0.00025
2173.34065,0.00039
2171.41222,0.00050
2169.48379,0.00059
2167.55536,0.00070
2165.62693,0.00078
2163.69850,0.00079
2161.77007,0.00076
2159.84164,0.00070
2157.91321,0.00059
2155.98478,0.00045
2154.05635,0.00030
2152.12792,0.00013
2150.19949,0.00001
2148.27106,0.00016
2146.34263,0.00041
2144.41420,0.00040
2142.48577,0.00037
2140.55734,0.00066
2138.62891,0.00102
2136.70048,0.00099
2134.77205,0.00057
2132.84362,0.00016
2130.91519,0.00008
2128.98676,0.00024
2127.05833,0.00033
2125.12990,0.00018
2123.20147,0.00000
2121.27304,0.00005
2119.34461,0.00027
2117.41618,0.00058
2115.48775,0.00085
2113.55932,0.00074
2111.63089,0.00037
2109.70245,0.00024
2107.77402,0.00028
2105.84559,0.00023
2103.91716,0.00007
2101.98873,-0.00004
2100.06030,0.00001
2098.13187,0.00013
2096.20344,0.00037
2094.27501,0.00054
2092.34658,0.00063
2090.41815,0.00059
2088.48972,0.00050
2086.56129,0.00041
2084.63286,0.00037
2082.70443,0.00052
2080.77600,0.00083
2078.84757,0.00094
2076.91914,0.00082
2074.99071,0.00064
2073.06228,0.00054
2071.13385,0.00049
2069.20542,0.00043
2067.27699,0.00066
2065.34856,0.00098
2063.42013,0.00074
2061.49170,0.00033
2059.56327,0.00015
2057.63484,0.00000
2055.70641,-0.00000
2053.77798,0.00027
2051.84955,0.00053
2049.92112,0.00051
2047.99269,0.00030
2046.06426,0.00016
2044.13583,0.00018
2042.20740,0.00025
2040.27897,0.00012
2038.35054,-0.00002
2036.42211,-0.00001
2034.49368,0.00002
2032.56525,0.00012
2030.63682,0.00037
2028.70839,0.00064
2026.77996,0.00085
2024.85153,0.00097
2022.92310,0.00089
2020.99467,0.00058
2019.06624,0.00052
2017.13781,0.00060
2015.20938,0.00042
2013.28095,0.00041
2011.35252,0.00072
2009.42409,0.00102
2007.49566,0.00089
2005.56723,0.00039
2003.63880,0.00001
2001.71037,0.00000
1999.78194,0.00022
1997.85351,0.00035
1995.92508,0.00027
1993.99665,0.00047
1992.06822,0.00074
1990.13979,0.00050
1988.21136,0.00047
1986.28293,0.00067
1984.35450,0.00065
1982.42607,0.00059
1980.49764,0.00059
1978.56921,0.00064
1976.64078,0.00064
1974.71235,0.00052
1972.78392,0.00027
1970.85549,0.00001
1968.92706,0.00014
1966.99863,0.00029
1965.07020,0.00015
1963.14177,0.00037
1961.21334,0.00087
1959.28491,0.00087
1957.35648,0.00054
1955.42805,0.00036
1953.49962,0.00042
1951.57119,0.00060
1949.64276,0.00064
1947.71433,0.00043
1945.78590,0.00038
1943.85747,0.00102
1941.92904,0.00126
1940.00061,0.00071
1938.07218,0.00046
1936.14375,0.00039
1934.21532,0.00032
1932.28689,0.00036
1930.35846,0.00047
1928.43003,0.00042
1926.50160,0.00023
1924.57317,0.00030
1922.64474,0.00031
1920.71631,0.00031
1918.78788,0.00104
1916.85945,0.00119
1914.93102,0.00067
1913.00259,0.00046
1911.07416,0.00048
1909.14573,0.00048
1907.21730,0.00035
1905.28887,0.00030
1903.36044,0.00040
1901.43201,0.00046
1899.50358,0.00037
1897.57515,0.00041
1895.64672,0.00059
1893.71829,0.00027
1891.78986,0.00002
1889.86143,0.00031
1887.93300,0.00047
1886.00457,0.00068
1884.07614,0.00092
1882.14771,0.00077
1880.21928,0.00072
1878.29085,0.00102
1876.36242,0.00116
1874.43399,0.00065
1872.50556,-0.00001
1870.57713,0.00016
1868.64870,0.00048
1866.72027,0.00000
1864.79184,0.00004
1862.86341,0.00082
1860.93498,0.00147
1859.00655,0.00167
1857.07812,0.00163
1855.14969,0.00160
1853.22126,0.00156
1851.29283,0.00140
1849.36440,0.00119
1847.43597,0.00125
1845.50754,0.00243
1843.57911,0.00344
1841.65068,0.00306
1839.72225,0.00289
1837.79382,0.00301
1835.86539,0.00264
1833.93696,0.00184
1832.00853,0.00126
1830.08010,0.00077
1828.15167,0.00004
1826.22324,0.00031
1824.29481,0.00102
1822.36638,0.00115
1820.43795,0.00165
1818.50952,0.00221
1816.58109,0.00177
1814.65266,0.00061
1812.72423,0.00002
1810.79580,0.00005
1808.86737,0.00009
1806.93894,0.00020
1805.01051,0.00052
1803.08208,0.00128
1801.15365,0.00195
1799.22522,0.00163
1797.29679,0.00099
1795.36836,0.00109
1793.43993,0.00172
1791.51150,0.00162
1789.58307,0.00110
1787.65464,0.00192
1785.72621,0.00300
1783.79778,0.00266
1781.86935,0.00179
1779.94092,0.00110
1778.01249,0.00038
1776.08406,-0.00013
1774.15563,-0.00006
1772.22720,0.00062
1770.29877,0.00146
1768.37034,0.00230
1766.44191,0.00180
1764.51348,0.00096
1762.58505,0.00112
1760.65662,0.00101
1758.72819,0.00138
1756.79976,0.00203
1754.87133,0.00148
1752.94290,0.00176
1751.01447,0.00277
1749.08604,0.00193
1747.15761,0.00042
1745.22918,0.00000
1743.30075,0.00014
1741.37232,0.00050
1739.44389,0.00045
1737.51546,-0.00003
1735.58703,0.00157
1733.65860,0.00299
1731.73017,0.00198
1729.80174,0.00162
1727.87331,0.00181
1725.94488,0.00204
1724.01645,0.00195
1722.08802,0.00066
1720.15959,-0.00008
1718.23116,0.00077
1716.30273,0.00162
1714.37430,0.00250
1712.44587,0.00382
1710.51744,0.00435
1708.58901,0.00416
1706.66058,0.00452
1704.73215,0.00529
1702.80372,0.00721
1700.87529,0.01098
1698.94686,0.01275
1697.01843,0.01398
1695.09000,0.01499
1693.16157,0.01438
1691.23314,0.01412
1689.30471,0.01274
1687.37628,0.01082
1685.44785,0.01255
1683.51942,0.01609
1681.59099,0.01719
1679.66256,0.01751
1677.73413,0.01783
1675.80570,0.01814
1673.87727,0.01691
1671.94884,0.01626
1670.02041,0.01774
1668.09198,0.01856
1666.16355,0.01925
1664.23512,0.02167
1662.30669,0.02395
1660.37826,0.02436
1658.44983,0.02382
1656.52140,0.02393
1654.59297,0.02668
1652.66454,0.02800
1650.73611,0.02589
1648.80768,0.02607
1646.87925,0.02652
1644.95082,0.02493
1643.02239,0.02412
1641.09396,0.02306
1639.16553,0.02087
1637.23710,0.01992
1635.30867,0.01981
1633.38024,0.01854
1631.45181,0.01790
1629.52338,0.01762
1627.59495,0.01636
1625.66652,0.01557
1623.73809,0.01623
1621.80966,0.01564
1619.88123,0.01420
1617.95280,0.01374
1616.02437,0.01199
1614.09594,0.00942
1612.16751,0.00841
1610.23908,0.00738
1608.31065,0.00540
1606.38222,0.00372
1604.45379,0.00308
1602.52536,0.00274
1600.59693,0.00199
1598.66850,0.00112
1596.74007,0.00065
1594.81164,0.00056
1592.88321,0.00073
1590.95478,0.00112
1589.02635,0.00146
1587.09792,0.00178
1585.16949,0.00244
1583.24106,0.00317
1581.31263,0.00303
1579.38420,0.00269
1577.45577,0.00416
1575.52734,0.00572
1573.59891,0.00584
1571.67048,0.00752
1569.74205,0.00968
1567.81362,0.01003
1565.88519,0.01027
1563.95676,0.00949
1562.02833,0.00844
1560.09990,0.01138
1558.17147,0.01476
1556.24304,0.01601
1554.31461,0.01785
1552.38618,0.01924
1550.45775,0.01961
1548.52932,0.01836
1546.60089,0.01631
1544.67246,0.01403
1542.74403,0.01202
1540.81560,0.01308
1538.88717,0.01578
1536.95874,0.01701
1535.03031,0.01856
1533.10188,0.01854
1531.17345,0.01662
1529.24502,0.01645
1527.31659,0.01682
1525.38816,0.01541
1523.45973,0.01457
1521.53130,0.01533
1519.60287,0.01550
1517.67444,0.01564
1515.74601,0.01504
1513.81758,0.01376
1511.88915,0.01230
1509.96072,0.01081
1508.03229,0.01111
1506.10385,0.01114
1504.17542,0.00997
1502.24699,0.01004
1500.31856,0.00998
1498.39013,0.00890
1496.46170,0.00704
1494.53327,0.00442
1492.60484,0.00297
1490.67641,0.00314
1488.74798,0.00281
1486.81955,0.00195
1484.89112,0.00162
1482.96269,0.00169
1481.03426,0.00131
1479.10583,0.00042
1477.17740,0.00000
1475.24897,0.00027
1473.32054,0.00147
1471.39211,0.00215
1469.46368,0.00214
1467.53525,0.00300
1465.60682,0.00388
1463.67839,0.00277
1461.74996,0.00054
1459.82153,-0.00015
1457.89310,0.00110
1455.96467,0.00165
1454.03624,0.00158
1452.10781,0.00193
1450.17938,0.00192
1448.25095,0.00146
1446.32252,0.00061
1444.39409,0.00011
1442.46566,0.00010
1440.53723,0.00010
1438.60880,0.00134
1436.68037,0.00289
1434.75194,0.00202
1432.82351,0.00104
1430.89508,0.00112
1428.96665,0.00065
1427.03822,0.00008
1425.10979,0.00019
1423.18136,0.00007
1421.25293,0.00100
1419.32450,0.00330
1417.39607,0.00332
1415.46764,0.00199
1413.53921,0.00148
1411.61078,0.00134
1409.68235,0.00101
1407.75392,0.00100
1405.82549,0.00153
1403.89706,0.00130
1401.96863,0.00079
1400.04020,0.00151
1398.11177,0.00258
1396.18334,0.00344
1394.25491,0.00389
1392.32648,0.00358
1390.39805,0.00355
1388.46962,0.00379
1386.54119,0.00301
1384.61276,0.00191
1382.68433,0.00194
1380.75590,0.00236
1378.82747,0.00192
1376.89904,0.00081
1374.97061,0.00041
1373.04218,0.00039
1371.11375,0.00052
1369.18532,0.00060
1367.25689,0.00007
1365.32846,0.00005
1363.40003,0.00108
1361.47160,0.00141
1359.54317,0.00096
1357.61474,0.00084
1355.68631,0.00084
1353.75788,0.00063
1351.82945,0.00046
1349.90102,0.00055
1347.97259,0.00066
1346.04416,0.00047
1344.11573,0.00003
1342.18730,0.00000
1340.25887,0.00078
1338.33044,0.00124
1336.40201,0.00100
1334.47358,0.00075
1332.54515,0.00061
1330.61672,0.00054
1328.68829,0.00059
1326.75986,0.00083
1324.83143,0.00114
1322.90300,0.00133
1320.97457,0.00138
1319.04614,0.00149
1317.11771,0.00164
1315.18928,0.00184
1313.26085,0.00193
1311.33242,0.00189
1309.40399,0.00206
1307.47556,0.00243
1305.54713,0.00272
1303.61870,0.00308
1301.69027,0.00345
1299.76184,0.00373
1297.83341,0.00400
1295.90498,0.00439
1293.97655,0.00492
1292.04812,0.00565
1290.11969,0.00649
1288.19126,0.00716
1286.26283,0.00749
1284.33440,0.00769
1282.40597,0.00825
1280.47754,0.00914
1278.54911,0.00994
1276.62068,0.01049
1274.69225,0.01101
1272.76382,0.01191
1270.83539,0.01316
1268.90696,0.01436
1266.97853,0.01534
1265.05010,0.01619
1263.12167,0.01727
1261.19324,0.01867
1259.26481,0.02021
1257.33638,0.02199
1255.40795,0.02398
1253.47952,0.02557
1251.55109,0.02670
1249.62266,0.02788
1247.69423,0.02938
1245.76580,0.03100
1243.83737,0.03238
1241.90894,0.03340
1239.98051,0.03435
1238.05208,0.03549
1236.12365,0.03670
1234.19522,0.03766
1232.26679,0.03842
1230.33836,0.03936
1228.40993,0.04055
1226.48150,0.04182
1224.55307,0.04276
1222.62464,0.04320
1220.69621,0.04351
1218.76778,0.04398
1216.83935,0.04435
1214.91092,0.04465
1212.98249,0.04518
1211.05406,0.04569
1209.12563,0.04607
1207.19720,0.04659
1205.26877,0.04723
1203.34034,0.04790
1201.41191,0.04870
1199.48348,0.04919
1197.55505,0.04995
1195.62662,0.05069
1193.69819,0.05127
1191.76976,0.05198
1189.84133,0.05312
1187.91290,0.05451
1185.98447,0.05582
1184.05604,0.05689
1182.12761,0.05770
1180.19918,0.05855
1178.27075,0.05978
1176.34232,0.06130
1174.41389,0.06261
1172.48546,0.06351
1170.55703,0.06452
1168.62860,0.06588
1166.70017,0.06718
1164.77174,0.06821
1162.84331,0.06941
1160.91488,0.07121
1158.98645,0.07334
1157.05802,0.07518
1155.12959,0.07663
1153.20116,0.07808
1151.27273,0.07967
1149.34430,0.08134
1147.41587,0.08295
1145.48744,0.08436
1143.55901,0.08576
1141.63058,0.08715
1139.70215,0.08843
1137.77372,0.08983
1135.84529,0.09139
1133.91686,0.09299
1131.98843,0.09488
1130.06000,0.09715
1128.13157,0.09933
1126.20314,0.10127
1124.27471,0.10343
1122.34628,0.10614
1120.41785,0.10917
1118.48942,0.11236
1116.56099,0.11579
1114.63256,0.11948
1112.70413,0.12318
1110.77570,0.12628
1108.84727,0.12884
1106.91884,0.13150
1104.99041,0.13410
1103.06198,0.13667
1101.13355,0.13957
1099.20512,0.14248
1097.27669,0.14504
1095.34826,0.14745
1093.41983,0.14978
1091.49140,0.15164
1089.56297,0.15283
1087.63454,0.15388
1085.70611,0.15475
1083.77768,0.15505
1081.84925,0.15521
1079.92082,0.15565
1077.99239,0.15576
1076.06396,0.15519
1074.13553,0.15438
1072.20710,0.15340
1070.27867,0.15202
1068.35024,0.15058
1066.42181,0.14957
1064.49338,0.14895
1062.56495,0.14807
1060.63652,0.14633
1058.70809,0.14385
1056.77966,0.14137
1054.85123,0.13931
1052.92280,0.13696
1050.99437,0.13359
1049.06594,0.12976
1047.13751,0.12601
1045.20908,0.12214
1043.28065,0.11777
1041.35222,0.11266
1039.42379,0.10729
1037.49536,0.10231
1035.56693,0.09747
1033.63850,0.09238
1031.71007,0.08727
1029.78164,0.08230
1027.85321,0.07693
1025.92478,0.07099
1023.99635,0.06527
1022.06792,0.06053
1020.13949,0.05641
1018.21106,0.05211
1016.28263,0.04756
1014.35420,0.04327
1012.42577,0.03948
1010.49734,0.03602
1008.56891,0.03287
1006.64048,0.02972
1004.71205,0.02619
1002.78362,0.02276
1000.85519,0.01997
998.92676,0.01759
996.99833,0.01542
995.06990,0.01363
993.14147,0.01226
991.21304,0.01109
989.28461,0.00996
987.35618,0.00918
985.42775,0.00893
983.49932,0.00889
981.57089,0.00886
979.64246,0.00917
977.71403,0.00998
975.78560,0.01056
973.85717,0.01043
971.92874,0.01007
970.00031,0.00982
968.07188,0.00971
966.14345,0.00976
964.21502,0.00978
962.28659,0.00962
960.35816,0.00934
958.42973,0.00904
956.50130,0.00860
954.57287,0.00805
952.64444,0.00776
950.71601,0.00788
948.78758,0.00811
946.85915,0.00809
944.93072,0.00764
943.00229,0.00700
941.07386,0.00681
939.14543,0.00726
937.21700,0.00752
935.28857,0.00701
933.36014,0.00620
931.43171,0.00546
929.50328,0.00471
927.57485,0.00412
925.64642,0.00388
923.71799,0.00373
921.78956,0.00358
919.86113,0.00349
917.93270,0.00335
916.00427,0.00324
914.07584,0.00324
912.14741,0.00305
910.21898,0.00270
908.29055,0.00250
906.36212,0.00229
904.43368,0.00202
902.50525,0.00192
900.57682,0.00167
898.64839,0.00148
896.71996,0.00153
894.79153,0.00155
892.86310,0.00138
890.93467,0.00137
889.00624,0.00148
887.07781,0.00124
885.14938,0.00066
883.22095,0.00014
881.29252,0.00000
879.36409,0.00020
877.43566,0.00030
875.50723,0.00010
873.57880,0.00015
871.65037,0.00055
869.72194,0.00117
867.79351,0.00174
865.86508,0.00169
863.93665,0.00132
862.00822,0.00159
860.07979,0.00250
858.15136,0.00317
856.22293,0.00330
854.29450,0.00328
852.36607,0.00313
850.43764,0.00318
848.50921,0.00387
846.58078,0.00478
844.65235,0.00574
842.72392,0.00702
840.79549,0.00817
838.86706,0.00882
836.93863,0.00941
835.01020,0.01041
833.08177,0.01195
831.15334,0.01340
829.22491,0.01387
827.29648,0.01365
825.36805,0.01381
823.43962,0.01478
821.51119,0.01646
819.58276,0.01824
817.65433,0.01961
815.72590,0.02059
813.79747,0.02142
811.86904,0.02258
809.94061,0.02392
808.01218,0.02491
806.08375,0.02592
804.15532,0.02696
802.22689,0.02748
800.29846,0.02792
798.37003,0.02869
796.44160,0.02903
794.51317,0.02858
792.58474,0.02783
790.65631,0.02707
788.72788,0.02609
786.79945,0.02445
784.87102,0.02237
782.94259,0.02070
781.01416,0.02009
779.08573,0.02044
777.15730,0.02022
775.22887,0.01803
773.30044,0.01488
771.37201,0.01252
769.44358,0.01099
767.51515,0.00965
765.58672,0.00871
763.65829,0.00849
761.72986,0.00834
759.80143,0.00781
757.87300,0.00765
755.94457,0.00840
754.01614,0.00947
752.08771,0.01020
750.15928,0.01024
748.23085,0.00983
746.30242,0.00959
744.37399,0.00957
742.44556,0.00963
740.51713,0.00984
738.58870,0.00980
736.66027,0.00931
734.73184,0.00907
732.80341,0.00981
730.87498,0.01082
728.94655,0.01088
727.01812,0.01001
725.08969,0.00977
723.16126,0.01504
721.23283,0.01653
719.30440,0.01610
717.37597,0.01520
715.44754,0.01398
713.51911,0.01368
711.59068,0.01348
709.66225,0.01373
707.73382,0.01493
705.80539,0.01675
703.87696,0.01796
701.94853,0.01792
700.02010,0.01721
698.09167,0.01681
696.16324,0.01751
694.23481,0.01920
692.30638,0.02019
690.37795,0.01857
688.44952,0.01527
686.52109,0.01393
684.59266,0.01564
682.66423,0.01738
680.73580,0.01673
678.80737,0.01474
676.87894,0.01432
674.95051,0.01693
673.02208,0.02057
671.09365,0.02138
669.16522,0.01897
667.23679,0.01964
665.30836,0.02443
663.37993,0.02532
661.45150,0.02189
659.52307,0.01800
657.59464,0.01464
655.66621,0.01094
653.73778,0.00716
651.80935,0.00462
649.88092,0.00365
647.95249,0.00354
646.02406,0.00545
644.09563,0.00763
642.16720,0.00785
640.23877,0.00690
638.31034,0.00609
636.38191,0.00573
634.45348,0.00606
632.52505,0.00600
630.59662,0.00449
628.66819,0.00274
626.73976,0.00127
624.81133,0.00038
622.88290,0.00000
620.95447,0.00168
619.02604,0.00587
617.09761,0.00961
615.16918,0.00922
613.24075,0.00506
611.31232,0.00167
609.38389,0.00262
607.45546,0.00578
605.52703,0.00641
603.59860,0.00392
601.67017,0.00126
599.74174,0.00000
