4001.49232,0.00191
3999.56389,0.00511
3997.63546,0.00532
3995.70703,0.00424
3993.77860,0.00328
3991.85017,0.00273
3989.92174,0.00245
3987.99331,0.00231
3986.06488,0.00221
3984.13645,0.00211
3982.20802,0.00201
3980.27959,0.00203
3978.35116,0.00186
3976.42273,0.00156
3974.49430,0.00145
3972.56587,0.00151
3970.63744,0.00131
3968.70901,0.00066
3966.78058,0.00011
3964.85215,0.00038
3962.92372,0.00116
3960.99529,0.00133
3959.06686,0.00090
3957.13843,0.00041
3955.21000,0.00000
3953.28157,0.00017
3951.35314,0.00146
3949.42471,0.00314
3947.49628,0.00374
3945.56785,0.00335
3943.63942,0.00263
3941.71099,0.00127
3939.78256,-0.00011
3937.85413,-0.00038
3935.92570,0.00050
3933.99727,0.00169
3932.06884,0.00161
3930.14041,0.00038
3928.21198,-0.00009
3926.28355,0.00013
3924.35512,-0.00013
3922.42669,-0.00008
3920.49826,0.00120
3918.56982,0.00244
3916.64139,0.00218
3914.71296,0.00106
3912.78453,0.00036
3910.85610,0.00001
3908.92767,0.00019
3906.99924,0.00168
3905.07081,0.00440
3903.14238,0.00725
3901.21395,0.00808
3899.28552,0.00612
3897.35709,0.00379
3895.42866,0.00329
3893.50023,0.00388
3891.57180,0.00391
3889.64337,0.00422
3887.71494,0.00599
3885.78651,0.00700
3883.85808,0.00631
3881.92965,0.00581
3880.00122,0.00444
3878.07279,0.00298
3876.14436,0.00373
3874.21593,0.00559
3872.28750,0.00778
3870.35907,0.00913
3868.43064,0.00863
3866.50221,0.00807
3864.57378,0.00687
3862.64535,0.00505
3860.71692,0.00494
3858.78849,0.00634
3856.86006,0.00796
3854.93163,0.00787
3853.00320,0.00483
3851.07477,0.00348
3849.14634,0.00533
3847.21791,0.00730
3845.28948,0.00752
3843.36105,0.00637
3841.43262,0.00523
3839.50419,0.00476
3837.57576,0.00474
3835.64733,0.00544
3833.71890,0.00657
3831.79047,0.00658
3829.86204,0.00555
3827.93361,0.00448
3826.00518,0.00347
3824.07675,0.00347
3822.14832,0.00364
3820.21989,0.00270
3818.29146,0.00311
3816.36303,0.00446
3814.43460,0.00458
3812.50617,0.00467
3810.57774,0.00532
3808.64931,0.00574
3806.72088,0.00546
3804.79245,0.00538
3802.86402,0.00536
3800.93559,0.00371
3799.00716,0.00294
3797.07873,0.00330
3795.15030,0.00249
3793.22187,0.00140
3791.29344,0.00119
3789.36501,0.00139
3787.43658,0.00168
3785.50815,0.00148
3783.57972,0.00084
3781.65129,0.00061
3779.72286,0.00041
3777.79443,0.00000
3775.86600,0.00008
3773.93757,0.00077
3772.00914,0.00185
3770.08071,0.00287
3768.15228,0.00357
3766.22385,0.00398
3764.29542,0.00417
3762.36699,0.00519
3760.43856,0.00677
3758.51013,0.00774
3756.58170,0.00855
3754.65327,0.00963
3752.72484,0.01024
3750.79641,0.01067
3748.86798,0.01328
3746.93955,0.01765
3745.01112,0.01995
3743.08269,0.01677
3741.15426,0.01284
3739.22583,0.01176
3737.29740,0.01206
3735.36897,0.01173
3733.44054,0.01030
3731.51211,0.00959
3729.58368,0.01016
3727.65525,0.01092
3725.72682,0.01036
3723.79839,0.00849
3721.86996,0.00615
3719.94153,0.00398
3718.01310,0.00292
3716.08467,0.00303
3714.15624,0.00315
3712.22781,0.00226
3710.29938,0.00165
3708.37095,0.00218
3706.44252,0.00278
3704.51409,0.00296
3702.58566,0.00237
3700.65723,0.00127
3698.72880,0.00087
3696.80037,0.00101
3694.87194,0.00137
3692.94351,0.00200
3691.01508,0.00171
3689.08665,0.00041
3687.15822,0.00040
3685.22979,0.00156
3683.30136,0.00267
3681.37293,0.00299
3679.44450,0.00317
3677.51607,0.00448
3675.58764,0.00558
3673.65921,0.00567
3671.73078,0.00617
3669.80235,0.00484
3667.87392,0.00299
3665.94549,0.00280
3664.01706,0.00290
3662.08863,0.00240
3660.16020,0.00244
3658.23177,0.00306
3656.30334,0.00275
3654.37491,0.00203
3652.44648,0.00214
3650.51805,0.00140
3648.58962,0.00000
3646.66119,0.00041
3644.73276,0.00253
3642.80433,0.00400
3640.87590,0.00380
3638.94747,0.00296
3637.01904,0.00275
3635.09061,0.00303
3633.16218,0.00366
3631.23375,0.00514
3629.30532,0.00556
3627.37689,0.00373
3625.44846,0.00280
3623.52003,0.00352
3621.59160,0.00423
3619.66317,0.00403
3617.73474,0.00406
3615.80631,0.00539
3613.87788,0.00656
3611.94945,0.00692
3610.02102,0.00717
3608.09259,0.00621
3606.16416,0.00418
3604.23573,0.00357
3602.30730,0.00420
3600.37887,0.00392
3598.45044,0.00298
3596.52201,0.00279
3594.59358,0.00282
3592.66515,0.00246
3590.73672,0.00310
3588.80829,0.00429
3586.87986,0.00347
3584.95143,0.00179
3583.02300,0.00145
3581.09457,0.00155
3579.16614,0.00094
3577.23771,0.00022
3575.30928,0.00002
3573.38085,0.00017
3571.45242,0.00068
3569.52399,0.00180
3567.59556,0.00234
3565.66713,0.00159
3563.73870,0.00141
3561.81027,0.00194
3559.88184,0.00175
3557.95341,0.00112
3556.02498,0.00108
3554.09655,0.00109
3552.16812,0.00055
3550.23969,0.00081
3548.31126,0.00272
3546.38283,0.00422
3544.45440,0.00352
3542.52597,0.00201
3540.59754,0.00125
3538.66911,0.00099
3536.74068,0.00072
3534.81225,0.00037
3532.88382,0.00025
3530.95539,0.00057
3529.02696,0.00133
3527.09853,0.00257
3525.17010,0.00364
3523.24167,0.00353
3521.31324,0.00264
3519.38481,0.00167
3517.45638,0.00065
3515.52795,-0.00008
3513.59952,-0.00017
3511.67109,0.00017
3509.74266,0.00062
3507.81423,0.00125
3505.88580,0.00246
3503.95737,0.00356
3502.02894,0.00340
3500.10051,0.00220
3498.17208,0.00084
3496.24365,-0.00005
3494.31522,0.00000
3492.38679,0.00064
3490.45836,0.00109
3488.52993,0.00107
3486.60150,0.00095
3484.67307,0.00092
3482.74464,0.00073
3480.81621,0.00029
3478.88778,-0.00017
3476.95935,-0.00045
3475.03092,-0.00028
3473.10249,0.00031
3471.17406,0.00100
3469.24563,0.00130
3467.31720,0.00113
3465.38877,0.00091
3463.46034,0.00096
3461.53191,0.00098
3459.60348,0.00071
3457.67505,0.00048
3455.74662,0.00066
3453.81819,0.00098
3451.88976,0.00091
3449.96133,0.00064
3448.03290,0.00030
3446.10447,-0.00015
3444.17604,-0.00028
3442.24761,-0.00024
3440.31918,-0.00001
3438.39075,0.00071
3436.46232,0.00126
3434.53389,0.00100
3432.60546,0.00028
3430.67703,0.00000
3428.74860,0.00063
3426.82017,0.00148
3424.89174,0.00183
3422.96331,0.00211
3421.03488,0.00246
3419.10645,0.00233
3417.17802,0.00193
3415.24959,0.00178
3413.32116,0.00166
3411.39273,0.00117
3409.46430,0.00059
3407.53587,0.00049
3405.60744,0.00096
3403.67901,0.00159
3401.75058,0.00230
3399.82215,0.00431
3397.89372,0.00469
3395.96529,0.00446
3394.03686,0.00413
3392.10843,0.00370
3390.18000,0.00322
3388.25157,0.00334
3386.32314,0.00387
3384.39471,0.00358
3382.46628,0.00247
3380.53785,0.00176
3378.60942,0.00182
3376.68099,0.00216
3374.75256,0.00246
3372.82413,0.00248
3370.89570,0.00252
3368.96727,0.00298
3367.03884,0.00373
3365.11041,0.00455
3363.18198,0.00524
3361.25355,0.00549
3359.32512,0.00527
3357.39669,0.00502
3355.46826,0.00488
3353.53983,0.00465
3351.61140,0.00419
3349.68297,0.00364
3347.75454,0.00359
3345.82611,0.00437
3343.89768,0.00522
3341.96925,0.00546
3340.04082,0.00561
3338.11239,0.00623
3336.18396,0.00673
3334.25553,0.00627
3332.32710,0.00532
3330.39867,0.00508
3328.47024,0.00603
3326.54181,0.00747
3324.61338,0.00810
3322.68495,0.00751
3320.75652,0.00682
3318.82809,0.00676
3316.89966,0.00689
3314.97122,0.00694
3313.04279,0.00723
3311.11436,0.00799
3309.18593,0.00876
3307.25750,0.00886
3305.32907,0.00856
3303.40064,0.00825
3301.47221,0.00794
3299.54378,0.00792
3297.61535,0.00821
3295.68692,0.00861
3293.75849,0.00922
3291.83006,0.00992
3289.90163,0.01022
3287.97320,0.01002
3286.04477,0.00967
3284.11634,0.00945
3282.18791,0.00939
3280.25948,0.00952
3278.33105,0.01011
3276.40262,0.01094
3274.47419,0.01117
3272.54576,0.01026
3270.61733,0.00876
3268.68890,0.00790
3266.76047,0.00809
3264.83204,0.00851
3262.90361,0.00863
3260.97518,0.00852
3259.04675,0.00823
3257.11832,0.00807
3255.18989,0.00809
3253.26146,0.00790
3251.33303,0.00764
3249.40460,0.00764
3247.47617,0.00766
3245.54774,0.00725
3243.61931,0.00667
3241.69088,0.00672
3239.76245,0.00713
3237.83402,0.00695
3235.90559,0.00641
3233.97716,0.00635
3232.04873,0.00671
3230.12030,0.00701
3228.19187,0.00694
3226.26344,0.00650
3224.33501,0.00626
3222.40658,0.00659
3220.47815,0.00675
3218.54972,0.00622
3216.62129,0.00572
3214.69286,0.00552
3212.76443,0.00511
3210.83600,0.00468
3208.90757,0.00456
3206.97914,0.00460
3205.05071,0.00450
3203.12228,0.00390
3201.19385,0.00328
3199.26542,0.00355
3197.33699,0.00428
3195.40856,0.00440
3193.48013,0.00408
3191.55170,0.00409
3189.62327,0.00432
3187.69484,0.00414
3185.76641,0.00353
3183.83798,0.00298
3181.90955,0.00293
3179.98112,0.00335
3178.05269,0.00354
3176.12426,0.00309
3174.19583,0.00249
3172.26740,0.00232
3170.33897,0.00260
3168.41054,0.00282
3166.48211,0.00268
3164.55368,0.00231
3162.62525,0.00194
3160.69682,0.00164
3158.76839,0.00131
3156.83996,0.00121
3154.91153,0.00181
3152.98310,0.00265
3151.05467,0.00265
3149.12624,0.00175
3147.19781,0.00070
3145.26938,-0.00001
3143.34095,0.00000
3141.41252,0.00056
3139.48409,0.00109
3137.55566,0.00119
3135.62723,0.00109
3133.69880,0.00112
3131.77037,0.00110
3129.84194,0.00105
3127.91351,0.00100
3125.98508,0.00071
3124.05665,0.00069
3122.12822,0.00126
3120.19979,0.00170
3118.27136,0.00174
3116.34293,0.00170
3114.41450,0.00166
3112.48607,0.00146
3110.55764,0.00104
3108.62921,0.00053
3106.70078,0.00014
3104.77235,0.00036
3102.84392,0.00122
3100.91549,0.00174
3098.98706,0.00150
3097.05863,0.00117
3095.13020,0.00089
3093.20177,0.00048
3091.27334,0.00019
3089.34491,0.00003
3087.41648,-0.00002
3085.48805,0.00012
3083.55962,0.00036
3081.63119,0.00060
3079.70276,0.00089
3077.77433,0.00098
3075.84590,0.00069
3073.91747,0.00023
3071.98904,0.00000
3070.06061,0.00029
3068.13218,0.00087
3066.20375,0.00108
3064.27532,0.00068
3062.34689,0.00010
3060.41846,-0.00011
3058.49003,0.00016
3056.56160,0.00040
3054.63317,0.00017
3052.70474,-0.00007
3050.77631,0.00026
3048.84788,0.00090
3046.91945,0.00120
3044.99102,0.00093
3043.06259,0.00032
3041.13416,-0.00014
3039.20573,-0.00013
3037.27730,0.00032
3035.34887,0.00092
3033.42044,0.00148
3031.49201,0.00171
3029.56358,0.00144
3027.63515,0.00113
3025.70672,0.00091
3023.77829,0.00053
3021.84986,0.00011
3019.92143,0.00000
3017.99300,0.00020
3016.06457,0.00059
3014.13614,0.00121
3012.20771,0.00190
3010.27928,0.00207
3008.35085,0.00164
3006.42242,0.00123
3004.49399,0.00100
3002.56556,0.00056
3000.63713,0.00000
2998.70870,0.00011
2996.78027,0.00071
2994.85184,0.00100
2992.92341,0.00084
2990.99498,0.00077
2989.06655,0.00105
2987.13812,0.00127
2985.20969,0.00113
2983.28126,0.00113
2981.35283,0.00162
2979.42440,0.00227
2977.49597,0.00255
2975.56754,0.00253
2973.63911,0.00255
2971.71068,0.00265
2969.78225,0.00271
2967.85382,0.00281
2965.92539,0.00303
2963.99696,0.00329
2962.06853,0.00337
2960.14010,0.00316
2958.21167,0.00290
2956.28324,0.00271
2954.35481,0.00247
2952.42638,0.00224
2950.49795,0.00214
2948.56952,0.00212
2946.64109,0.00194
2944.71266,0.00160
2942.78423,0.00138
2940.85580,0.00149
2938.92737,0.00194
2936.99894,0.00250
2935.07051,0.00272
2933.14208,0.00256
2931.21365,0.00242
2929.28522,0.00243
2927.35679,0.00242
2925.42836,0.00232
2923.49993,0.00207
2921.57150,0.00164
2919.64307,0.00134
2917.71464,0.00142
2915.78621,0.00157
2913.85778,0.00159
2911.92935,0.00150
2910.00092,0.00119
2908.07249,0.00083
2906.14406,0.00084
2904.21563,0.00097
2902.28720,0.00077
2900.35877,0.00037
2898.43034,0.00015
2896.50191,0.00012
2894.57348,0.00009
2892.64505,0.00012
2890.71662,0.00015
2888.78819,0.00010
2886.85976,0.00014
2884.93133,0.00050
2883.00290,0.00088
2881.07447,0.00077
2879.14604,0.00041
2877.21761,0.00046
2875.28918,0.00082
2873.36075,0.00100
2871.43232,0.00091
2869.50389,0.00064
2867.57546,0.00038
2865.64703,0.00038
2863.71860,0.00049
2861.79017,0.00048
2859.86174,0.00038
2857.93331,0.00033
2856.00488,0.00056
2854.07645,0.00089
2852.14802,0.00074
2850.21959,0.00027
2848.29116,0.00007
2846.36273,0.00003
2844.43430,-0.00013
2842.50587,-0.00015
2840.57744,0.00022
2838.64901,0.00057
2836.72058,0.00046
2834.79215,0.00021
2832.86372,0.00015
2830.93529,0.00019
2829.00686,0.00022
2827.07843,0.00037
2825.15000,0.00065
2823.22157,0.00063
2821.29314,0.00022
2819.36471,0.00000
2817.43628,0.00018
2815.50785,0.00053
2813.57942,0.00091
2811.65099,0.00108
2809.72256,0.00072
2807.79413,0.00015
2805.86570,0.00012
2803.93727,0.00052
2802.00884,0.00096
2800.08041,0.00127
2798.15198,0.00121
2796.22355,0.00085
2794.29512,0.00064
2792.36669,0.00061
2790.43826,0.00066
2788.50983,0.00079
2786.58140,0.00086
2784.65297,0.00075
2782.72454,0.00058
2780.79611,0.00044
2778.86768,0.00039
2776.93925,0.00048
2775.01082,0.00055
2773.08239,0.00050
2771.15396,0.00054
2769.22553,0.00079
2767.29710,0.00096
2765.36867,0.00097
2763.44024,0.00102
2761.51181,0.00101
2759.58338,0.00089
2757.65495,0.00087
2755.72652,0.00101
2753.79809,0.00102
2751.86966,0.00089
2749.94123,0.00074
2748.01280,0.00066
2746.08437,0.00075
2744.15594,0.00085
2742.22751,0.00067
2740.29908,0.00047
2738.37065,0.00062
2736.44222,0.00079
2734.51379,0.00075
2732.58536,0.00075
2730.65693,0.00088
2728.72850,0.00094
2726.80007,0.00097
2724.87164,0.00114
2722.94321,0.00122
2721.01478,0.00091
2719.08635,0.00043
2717.15792,0.00009
2715.22949,0.00000
2713.30105,0.00012
2711.37262,0.00037
2709.44419,0.00041
2707.51576,0.00025
2705.58733,0.00020
2703.65890,0.00020
2701.73047,0.00016
2699.80204,0.00031
2697.87361,0.00063
2695.94518,0.00074
2694.01675,0.00067
2692.08832,0.00078
2690.15989,0.00092
2688.23146,0.00072
2686.30303,0.00039
2684.37460,0.00034
2682.44617,0.00053
2680.51774,0.00077
2678.58931,0.00086
2676.66088,0.00062
2674.73245,0.00033
2672.80402,0.00036
2670.87559,0.00050
2668.94716,0.00036
2667.01873,0.00005
2665.09030,0.00000
2663.16187,0.00024
2661.23344,0.00062
2659.30501,0.00088
2657.37658,0.00074
2655.44815,0.00046
2653.51972,0.00047
2651.59129,0.00086
2649.66286,0.00124
2647.73443,0.00124
2645.80600,0.00104
2643.87757,0.00097
2641.94914,0.00100
2640.02071,0.00094
2638.09228,0.00085
2636.16385,0.00074
2634.23542,0.00065
2632.30699,0.00065
2630.37856,0.00085
2628.45013,0.00112
2626.52170,0.00130
2624.59327,0.00139
2622.66484,0.00135
2620.73641,0.00107
2618.80798,0.00069
2616.87955,0.00054
2614.95112,0.00070
2613.02269,0.00087
2611.09426,0.00081
2609.16583,0.00069
2607.23740,0.00059
2605.30897,0.00050
2603.38054,0.00045
2601.45211,0.00036
2599.52368,0.00014
2597.59525,0.00000
2595.66682,0.00014
2593.73839,0.00045
2591.80996,0.00064
2589.88153,0.00075
2587.95310,0.00085
2586.02467,0.00078
2584.09624,0.00057
2582.16781,0.00051
2580.23938,0.00063
2578.31095,0.00073
2576.38252,0.00075
2574.45409,0.00076
2572.52566,0.00070
2570.59723,0.00054
2568.66880,0.00040
2566.74037,0.00026
2564.81194,0.00017
2562.88351,0.00029
2560.95508,0.00045
2559.02665,0.00043
2557.09822,0.00041
2555.16979,0.00055
2553.24136,0.00065
2551.31293,0.00066
2549.38450,0.00067
2547.45607,0.00060
2545.52764,0.00052
2543.59921,0.00048
2541.67078,0.00044
2539.74235,0.00045
2537.81392,0.00048
2535.88549,0.00050
2533.95706,0.00048
2532.02863,0.00046
2530.10020,0.00049
2528.17177,0.00055
2526.24334,0.00052
2524.31491,0.00048
2522.38648,0.00057
2520.45805,0.00054
2518.52962,0.00030
2516.60119,0.00016
2514.67276,0.00010
2512.74433,0.00000
2510.81590,0.00005
2508.88747,0.00029
2506.95904,0.00046
2505.03061,0.00037
2503.10218,0.00012
2501.17375,0.00007
2499.24532,0.00029
2497.31689,0.00056
2495.38846,0.00065
2493.46003,0.00064
2491.53160,0.00060
2489.60317,0.00051
2487.67474,0.00042
2485.74631,0.00032
2483.81788,0.00016
2481.88945,0.00002
2479.96102,-0.00006
2478.03259,-0.00009
2476.10416,-0.00003
2474.17573,0.00009
2472.24730,0.00023
2470.31887,0.00048
2468.39044,0.00069
2466.46201,0.00061
2464.53358,0.00026
2462.60515,-0.00003
2460.67672,-0.00003
2458.74829,0.00025
2456.81986,0.00056
2454.89143,0.00063
2452.96300,0.00047
2451.03457,0.00037
2449.10614,0.00042
2447.17771,0.00034
2445.24928,0.00011
2443.32085,0.00000
2441.39242,0.00001
2439.46399,0.00003
2437.53556,0.00011
2435.60713,0.00036
2433.67870,0.00059
2431.75027,0.00055
2429.82184,0.00039
2427.89341,0.00034
2425.96498,0.00028
2424.03655,0.00025
2422.10812,0.00022
2420.17969,0.00020
2418.25126,0.00017
2416.32283,0.00015
2414.39440,0.00013
2412.46597,0.00011
2410.53754,0.00009
2408.60911,0.00007
2406.68068,0.00005
2404.75225,0.00003
2402.82382,0.00002
2400.89539,0.00000
2398.96696,-0.00002
2397.03853,-0.00005
2395.11010,-0.00007
2393.18167,-0.00009
2391.25324,-0.00011
2389.32481,-0.00013
2387.39638,-0.00015
2385.46795,-0.00016
2383.53952,-0.00018
2381.61109,-0.00019
2379.68266,-0.00021
2377.75423,-0.00022
2375.82580,-0.00023
2373.89737,-0.00024
2371.96894,-0.00025
2370.04051,-0.00026
2368.11208,-0.00027
2366.18365,-0.00027
2364.25522,-0.00028
2362.32679,-0.00028
2360.39836,-0.00029
2358.46993,-0.00029
2356.54150,-0.00029
2354.61307,-0.00029
2352.68464,-0.00029
2350.75621,-0.00029
2348.82778,-0.00029
2346.89935,-0.00028
2344.97092,-0.00028
2343.04249,-0.00027
2341.11406,-0.00027
2339.18563,-0.00026
2337.25720,-0.00025
2335.32877,-0.00024
2333.40034,-0.00023
2331.47191,-0.00022
2329.54348,-0.00020
2327.61505,-0.00019
2325.68662,-0.00018
2323.75819,-0.00016
2321.82976,-0.00014
2319.90133,-0.00013
2317.97290,-0.00011
2316.04447,-0.00009
2314.11604,-0.00007
2312.18761,-0.00004
2310.25918,-0.00002
2308.33075,0.00000
2306.40232,0.00003
2304.47389,0.00005
2302.54546,0.00008
2300.61703,0.00011
2298.68860,0.00014
2296.76017,0.00017
2294.83174,0.00020
2292.90331,0.00023
2290.97488,0.00026
2289.04645,0.00030
2287.11802,0.00033
2285.18959,0.00037
2283.26116,0.00041
2281.33273,0.00045
2279.40430,0.00048
2277.47587,0.00052
2275.54744,0.00057
2273.61901,0.00061
2271.69058,0.00065
2269.76215,0.00070
2267.83372,0.00074
2265.90529,0.00079
2263.97686,0.00083
2262.04843,0.00088
2260.12000,0.00093
2258.19157,0.00098
2256.26314,0.00103
2254.33471,0.00109
2252.40628,0.00114
2250.47785,0.00119
2248.54942,0.00125
2246.62099,0.00131
2244.69256,0.00136
2242.76413,0.00142
2240.83570,0.00113
2238.90727,0.00084
2236.97884,0.00048
2235.05041,0.00018
2233.12198,0.00014
2231.19355,0.00017
2229.26512,0.00006
2227.33669,0.00000
2225.40826,0.00012
2223.47983,0.00037
2221.55140,0.00052
2219.62297,0.00052
2217.69454,0.00045
2215.76611,0.00033
2213.83768,0.00017
2211.90925,0.00011
2209.98082,0.00016
2208.05239,0.00035
2206.12396,0.00058
2204.19553,0.00070
2202.26710,0.00072
2200.33867,0.00061
2198.41024,0.00038
2196.48181,0.00037
2194.55338,0.00062
2192.62495,0.00078
2190.69652,0.00083
2188.76809,0.00086
2186.83966,0.00074
2184.91123,0.00050
2182.98280,0.00041
2181.05437,0.00039
2179.12594,0.00020
2177.19751,0.00001
2175.26908,0.00000
2173.34065,0.00018
2171.41222,0.00035
2169.48379,0.00043
2167.55536,0.00052
2165.62693,0.00060
2163.69850,0.00066
2161.77007,0.00064
2159.84164,0.00055
2157.91321,0.00051
2155.98478,0.00050
2154.05635,0.00040
2152.12792,0.00026
2150.19949,0.00022
2148.27106,0.00040
2146.34263,0.00051
2144.41420,0.00034
2142.48577,0.00030
2140.55734,0.00065
2138.62891,0.00104
2136.70048,0.00103
2134.77205,0.00061
2132.84362,0.00023
2130.91519,0.00015
2128.98676,0.00019
2127.05833,0.00018
2125.12990,0.00008
2123.20147,0.00000
2121.27304,0.00005
2119.34461,0.00024
2117.41618,0.00053
2115.48775,0.00081
2113.55932,0.00070
2111.63089,0.00029
2109.70245,0.00001
2107.77402,-0.00006
2105.84559,-0.00007
2103.91716,-0.00007
2101.98873,-0.00002
2100.06030,0.00010
2098.13187,0.00009
2096.20344,0.00021
2094.27501,0.00037
2092.34658,0.00043
2090.41815,0.00036
2088.48972,0.00035
2086.56129,0.00033
2084.63286,0.00024
2082.70443,0.00033
2080.77600,0.00056
2078.84757,0.00055
2076.91914,0.00037
2074.99071,0.00027
2073.06228,0.00033
2071.13385,0.00047
2069.20542,0.00058
2067.27699,0.00068
2065.34856,0.00073
2063.42013,0.00056
2061.49170,0.00032
2059.56327,0.00015
2057.63484,0.00002
2055.70641,0.00000
2053.77798,0.00014
2051.84955,0.00030
2049.92112,0.00037
2047.99269,0.00040
2046.06426,0.00046
2044.13583,0.00045
2042.20740,0.00017
2040.27897,-0.00009
2038.35054,-0.00005
2036.42211,0.00002
2034.49368,0.00005
2032.56525,0.00020
2030.63682,0.00046
2028.70839,0.00071
2026.77996,0.00085
2024.85153,0.00096
2022.92310,0.00105
2020.99467,0.00098
2019.06624,0.00079
2017.13781,0.00060
2015.20938,0.00056
2013.28095,0.00064
2011.35252,0.00084
2009.42409,0.00110
2007.49566,0.00096
2005.56723,0.00040
2003.63880,0.00001
2001.71037,0.00000
1999.78194,0.00012
1997.85351,0.00035
1995.92508,0.00069
1993.99665,0.00083
1992.06822,0.00063
1990.13979,0.00034
1988.21136,0.00031
1986.28293,0.00052
1984.35450,0.00057
1982.42607,0.00046
1980.49764,0.00043
1978.56921,0.00051
1976.64078,0.00056
1974.71235,0.00045
1972.78392,0.00024
1970.85549,0.00015
1968.92706,0.00012
1966.99863,0.00000
1965.07020,0.00011
1963.14177,0.00046
1961.21334,0.00064
1959.28491,0.00058
1957.35648,0.00037
1955.42805,0.00012
1953.49962,0.00007
1951.57119,0.00029
1949.64276,0.00041
1947.71433,0.00017
1945.78590,0.00004
1943.85747,0.00033
1941.92904,0.00048
1940.00061,0.00043
1938.07218,0.00040
1936.14375,0.00025
1934.21532,0.00008
1932.28689,0.00008
1930.35846,0.00026
1928.43003,0.00046
1926.50160,0.00058
1924.57317,0.00047
1922.64474,0.00035
1920.71631,0.00055
1918.78788,0.00077
1916.85945,0.00081
1914.93102,0.00096
1913.00259,0.00098
1911.07416,0.00051
1909.14573,0.00005
1907.21730,0.00002
1905.28887,0.00022
1903.36044,0.00035
1901.43201,0.00037
1899.50358,0.00033
1897.57515,0.00037
1895.64672,0.00055
1893.71829,0.00061
1891.78986,0.00032
1889.86143,0.00003
1887.93300,0.00041
1886.00457,0.00105
1884.07614,0.00121
1882.14771,0.00104
1880.21928,0.00102
1878.29085,0.00132
1876.36242,0.00159
1874.43399,0.00153
1872.50556,0.00119
1870.57713,0.00057
1868.64870,-0.00012
1866.72027,0.00000
1864.79184,0.00104
1862.86341,0.00193
1860.93498,0.00231
1859.00655,0.00235
1857.07812,0.00220
1855.14969,0.00215
1853.22126,0.00235
1851.29283,0.00251
1849.36440,0.00248
1847.43597,0.00242
1845.50754,0.00271
1843.57911,0.00333
1841.65068,0.00410
1839.72225,0.00444
1837.79382,0.00404
1835.86539,0.00370
1833.93696,0.00346
1832.00853,0.00237
1830.08010,0.00084
1828.15167,0.00066
1826.22324,0.00135
1824.29481,0.00189
1822.36638,0.00235
1820.43795,0.00297
1818.50952,0.00333
1816.58109,0.00296
1814.65266,0.00198
1812.72423,0.00097
1810.79580,0.00058
1808.86737,0.00108
1806.93894,0.00185
1805.01051,0.00242
1803.08208,0.00280
1801.15365,0.00287
1799.22522,0.00278
1797.29679,0.00289
1795.36836,0.00282
1793.43993,0.00208
1791.51150,0.00174
1789.58307,0.00296
1787.65464,0.00450
1785.72621,0.00499
1783.79778,0.00432
1781.86935,0.00323
1779.94092,0.00269
1778.01249,0.00278
1776.08406,0.00224
1774.15563,0.00062
1772.22720,0.00000
1770.29877,0.00217
1768.37034,0.00453
1766.44191,0.00468
1764.51348,0.00340
1762.58505,0.00217
1760.65662,0.00207
1758.72819,0.00305
1756.79976,0.00381
1754.87133,0.00403
1752.94290,0.00415
1751.01447,0.00365
1749.08604,0.00214
1747.15761,0.00142
1745.22918,0.00180
1743.30075,0.00205
1741.37232,0.00202
1739.44389,0.00219
1737.51546,0.00261
1735.58703,0.00265
1733.65860,0.00205
1731.73017,0.00224
1729.80174,0.00315
1727.87331,0.00388
1725.94488,0.00407
1724.01645,0.00381
1722.08802,0.00314
1720.15959,0.00178
1718.23116,0.00003
1716.30273,0.00034
1714.37430,0.00357
1712.44587,0.00697
1710.51744,0.00814
1708.58901,0.00735
1706.66058,0.00675
1704.73215,0.00859
1702.80372,0.01233
1700.87529,0.01562
1698.94686,0.01722
1697.01843,0.01883
1695.09000,0.02159
1693.16157,0.02385
1691.23314,0.02441
1689.30471,0.02322
1687.37628,0.02185
1685.44785,0.02241
1683.51942,0.02640
1681.59099,0.03124
1679.66256,0.03404
1677.73413,0.03475
1675.80570,0.03477
1673.87727,0.03483
1671.94884,0.03501
1670.02041,0.03599
1668.09198,0.03913
1666.16355,0.04254
1664.23512,0.04459
1662.30669,0.04654
1660.37826,0.04969
1658.44983,0.05205
1656.52140,0.05214
1654.59297,0.05158
1652.66454,0.05252
1650.73611,0.05472
1648.80768,0.05409
1646.87925,0.04996
1644.95082,0.04850
1643.02239,0.04952
1641.09396,0.04868
1639.16553,0.04489
1637.23710,0.03987
1635.30867,0.03688
1633.38024,0.03711
1631.45181,0.03709
1629.52338,0.03471
1627.59495,0.03124
1625.66652,0.02862
1623.73809,0.02676
1621.80966,0.02553
1619.88123,0.02399
1617.95280,0.02078
1616.02437,0.01766
1614.09594,0.01721
1612.16751,0.01707
1610.23908,0.01500
1608.31065,0.01226
1606.38222,0.01067
1604.45379,0.00983
1602.52536,0.00899
1600.59693,0.00830
1598.66850,0.00763
1596.74007,0.00681
1594.81164,0.00635
1592.88321,0.00671
1590.95478,0.00734
1589.02635,0.00777
1587.09792,0.00818
1585.16949,0.00894
1583.24106,0.00997
1581.31263,0.01041
1579.38420,0.00967
1577.45577,0.00883
1575.52734,0.01021
1573.59891,0.01350
1571.67048,0.01562
1569.74205,0.01622
1567.81362,0.01758
1565.88519,0.01960
1563.95676,0.02022
1562.02833,0.01894
1560.09990,0.01826
1558.17147,0.02137
1556.24304,0.02720
1554.31461,0.03150
1552.38618,0.03356
1550.45775,0.03423
1548.52932,0.03425
1546.60089,0.03310
1544.67246,0.02959
1542.74403,0.02478
1540.81560,0.02282
1538.88717,0.02857
1536.95874,0.03429
1535.03031,0.03489
1533.10188,0.03246
1531.17345,0.03175
1529.24502,0.03219
1527.31659,0.03129
1525.38816,0.02940
1523.45973,0.02762
1521.53130,0.02701
1519.60287,0.02781
1517.67444,0.02715
1515.74601,0.02575
1513.81758,0.02565
1511.88915,0.02496
1509.96072,0.02143
1508.03229,0.01607
1506.10385,0.01391
1504.17542,0.01668
1502.24699,0.01882
1500.31856,0.01719
1498.39013,0.01336
1496.46170,0.01064
1494.53327,0.00968
1492.60484,0.00818
1490.67641,0.00509
1488.74798,0.00278
1486.81955,0.00304
1484.89112,0.00410
1482.96269,0.00418
1481.03426,0.00368
1479.10583,0.00343
1477.17740,0.00301
1475.24897,0.00181
1473.32054,0.00123
1471.39211,0.00321
1469.46368,0.00594
1467.53525,0.00675
1465.60682,0.00588
1463.67839,0.00550
1461.74996,0.00511
1459.82153,0.00267
1457.89310,0.00000
1455.96467,0.00169
1454.03624,0.00540
1452.10781,0.00700
1450.17938,0.00599
1448.25095,0.00418
1446.32252,0.00330
1444.39409,0.00344
1442.46566,0.00374
1440.53723,0.00385
1438.60880,0.00412
1436.68037,0.00451
1434.75194,0.00466
1432.82351,0.00434
1430.89508,0.00341
1428.96665,0.00277
1427.03822,0.00302
1425.10979,0.00334
1423.18136,0.00362
1421.25293,0.00453
1419.32450,0.00555
1417.39607,0.00569
1415.46764,0.00542
1413.53921,0.00505
1411.61078,0.00459
1409.68235,0.00440
1407.75392,0.00443
1405.82549,0.00451
1403.89706,0.00476
1401.96863,0.00515
1400.04020,0.00562
1398.11177,0.00621
1396.18334,0.00656
1394.25491,0.00682
1392.32648,0.00743
1390.39805,0.00761
1388.46962,0.00652
1386.54119,0.00489
1384.61276,0.00422
1382.68433,0.00445
1380.75590,0.00463
1378.82747,0.00402
1376.89904,0.00241
1374.97061,0.00103
1373.04218,0.00107
1371.11375,0.00180
1369.18532,0.00170
1367.25689,0.00118
1365.32846,0.00107
1363.40003,0.00120
1361.47160,0.00131
1359.54317,0.00137
1357.61474,0.00118
1355.68631,0.00072
1353.75788,0.00040
1351.82945,0.00030
1349.90102,0.00025
1347.97259,0.00027
1346.04416,0.00022
1344.11573,0.00005
1342.18730,0.00000
1340.25887,0.00022
1338.33044,0.00065
1336.40201,0.00080
1334.47358,0.00052
1332.54515,0.00005
1330.61672,-0.00018
1328.68829,-0.00017
1326.75986,-0.00004
1324.83143,0.00019
1322.90300,0.00028
1320.97457,-0.00007
1319.04614,-0.00037
1317.11771,-0.00010
1315.18928,0.00024
1313.26085,0.00009
1311.33242,-0.00022
1309.40399,-0.00041
1307.47556,-0.00054
1305.54713,-0.00057
1303.61870,-0.00047
1301.69027,-0.00039
1299.76184,-0.00034
1297.83341,-0.00024
1295.90498,-0.00014
1293.97655,0.00000
1292.04812,0.00038
1290.11969,0.00103
1288.19126,0.00151
1286.26283,0.00164
1284.33440,0.00167
1282.40597,0.00207
1280.47754,0.00280
1278.54911,0.00345
1276.62068,0.00398
1274.69225,0.00467
1272.76382,0.00575
1270.83539,0.00729
1268.90696,0.00910
1266.97853,0.01096
1265.05010,0.01271
1263.12167,0.01439
1261.19324,0.01602
1259.26481,0.01777
1257.33638,0.01962
1255.40795,0.02138
1253.47952,0.02290
1251.55109,0.02431
1249.62266,0.02602
1247.69423,0.02817
1245.76580,0.03041
1243.83737,0.03234
1241.90894,0.03400
1239.98051,0.03575
1238.05208,0.03761
1236.12365,0.03945
1234.19522,0.04112
1232.26679,0.04264
1230.33836,0.04428
1228.40993,0.04618
1226.48150,0.04811
1224.55307,0.04962
1222.62464,0.05057
1220.69621,0.05154
1218.76778,0.05284
1216.83935,0.05407
1214.91092,0.05516
1212.98249,0.05643
1211.05406,0.05769
1209.12563,0.05880
1207.19720,0.05995
1205.26877,0.06110
1203.34034,0.06225
1201.41191,0.06353
1199.48348,0.06453
1197.55505,0.06595
1195.62662,0.06738
1193.69819,0.06843
1191.76976,0.06951
1189.84133,0.07122
1187.91290,0.07323
1185.98447,0.07500
1184.05604,0.07658
1182.12761,0.07811
1180.19918,0.07957
1178.27075,0.08117
1176.34232,0.08321
1174.41389,0.08544
1172.48546,0.08747
1170.55703,0.08965
1168.62860,0.09207
1166.70017,0.09411
1164.77174,0.09568
1162.84331,0.09733
1160.91488,0.09947
1158.98645,0.10214
1157.05802,0.10493
1155.12959,0.10749
1153.20116,0.10984
1151.27273,0.11197
1149.34430,0.11384
1147.41587,0.11557
1145.48744,0.11727
1143.55901,0.11905
1141.63058,0.12066
1139.70215,0.12199
1137.77372,0.12353
1135.84529,0.12568
1133.91686,0.12831
1131.98843,0.13130
1130.06000,0.13466
1128.13157,0.13801
1126.20314,0.14116
1124.27471,0.14475
1122.34628,0.14929
1120.41785,0.15447
1118.48942,0.15988
1116.56099,0.16560
1114.63256,0.17175
1112.70413,0.17811
1110.77570,0.18425
1108.84727,0.19034
1106.91884,0.19723
1104.99041,0.20476
1103.06198,0.21237
1101.13355,0.22047
1099.20512,0.22914
1097.27669,0.23776
1095.34826,0.24612
1093.41983,0.25417
1091.49140,0.26133
1089.56297,0.26728
1087.63454,0.27222
1085.70611,0.27639
1083.77768,0.28004
1081.84925,0.28343
1079.92082,0.28644
1077.99239,0.28875
1076.06396,0.29043
1074.13553,0.29198
1072.20710,0.29365
1070.27867,0.29475
1068.35024,0.29497
1066.42181,0.29536
1064.49338,0.29614
1062.56495,0.29639
1060.63652,0.29589
1058.70809,0.29502
1056.77966,0.29361
1054.85123,0.29148
1052.92280,0.28853
1050.99437,0.28443
1049.06594,0.27969
1047.13751,0.27488
1045.20908,0.26964
1043.28065,0.26338
1041.35222,0.25598
1039.42379,0.24814
1037.49536,0.24034
1035.56693,0.23227
1033.63850,0.22370
1031.71007,0.21483
1029.78164,0.20578
1027.85321,0.19647
1025.92478,0.18675
1023.99635,0.17691
1022.06792,0.16773
1020.13949,0.15919
1018.21106,0.15043
1016.28263,0.14117
1014.35420,0.13210
1012.42577,0.12390
1010.49734,0.11620
1008.56891,0.10861
1006.64048,0.10101
1004.71205,0.09316
1002.78362,0.08557
1000.85519,0.07902
998.92676,0.07339
996.99833,0.06841
995.06990,0.06392
993.14147,0.05988
991.21304,0.05649
989.28461,0.05395
987.35618,0.05226
985.42775,0.05103
983.49932,0.04995
981.57089,0.04913
979.64246,0.04879
977.71403,0.04883
975.78560,0.04868
973.85717,0.04779
971.92874,0.04639
970.00031,0.04508
968.07188,0.04423
966.14345,0.04377
964.21502,0.04310
962.28659,0.04177
960.35816,0.04015
958.42973,0.03873
956.50130,0.03729
954.57287,0.03578
952.64444,0.03456
950.71601,0.03375
948.78758,0.03314
946.85915,0.03237
944.93072,0.03096
943.00229,0.02911
941.07386,0.02764
939.14543,0.02684
937.21700,0.02614
935.28857,0.02501
933.36014,0.02362
931.43171,0.02215
929.50328,0.02053
927.57485,0.01909
925.64642,0.01787
923.71799,0.01647
921.78956,0.01507
919.86113,0.01403
917.93270,0.01299
916.00427,0.01166
914.07584,0.01045
912.14741,0.00938
910.21898,0.00823
908.29055,0.00727
906.36212,0.00649
904.43368,0.00559
902.50525,0.00457
900.57682,0.00363
898.64839,0.00312
896.71996,0.00302
894.79153,0.00280
892.86310,0.00227
890.93467,0.00178
889.00624,0.00149
887.07781,0.00120
885.14938,0.00078
883.22095,0.00026
881.29252,0.00000
879.36409,0.00004
877.43566,0.00034
875.50723,0.00027
873.57880,0.00008
871.65037,0.00004
869.72194,0.00020
867.79351,0.00059
865.86508,0.00074
863.93665,0.00039
862.00822,0.00014
860.07979,0.00046
858.15136,0.00095
856.22293,0.00121
854.29450,0.00135
852.36607,0.00130
850.43764,0.00131
848.50921,0.00188
846.58078,0.00299
844.65235,0.00472
842.72392,0.00684
840.79549,0.00849
838.86706,0.00975
836.93863,0.01140
835.01020,0.01348
833.08177,0.01575
831.15334,0.01791
829.22491,0.01979
827.29648,0.02194
825.36805,0.02480
823.43962,0.02796
821.51119,0.03095
819.58276,0.03359
817.65433,0.03589
815.72590,0.03799
813.79747,0.04033
811.86904,0.04330
809.94061,0.04645
808.01218,0.04920
806.08375,0.05170
804.15532,0.05394
802.22689,0.05553
800.29846,0.05663
798.37003,0.05783
796.44160,0.05868
794.51317,0.05822
792.58474,0.05636
790.65631,0.05387
788.72788,0.05124
786.79945,0.04794
784.87102,0.04379
782.94259,0.03957
781.01416,0.03613
779.08573,0.03362
777.15730,0.03107
775.22887,0.02732
773.30044,0.02282
771.37201,0.01896
769.44358,0.01610
767.51515,0.01359
765.58672,0.01157
763.65829,0.01050
761.72986,0.00951
759.80143,0.00814
757.87300,0.00736
755.94457,0.00749
754.01614,0.00790
752.08771,0.00831
750.15928,0.00829
748.23085,0.00789
746.30242,0.00784
744.37399,0.00789
742.44556,0.00771
740.51713,0.00749
738.58870,0.00690
736.66027,0.00587
734.73184,0.00522
732.80341,0.00564
730.87498,0.00650
728.94655,0.00676
727.01812,0.00661
725.08969,0.00677
723.16126,0.01001
721.23283,0.01145
719.30440,0.01143
717.37597,0.01069
715.44754,0.01025
713.51911,0.01043
711.59068,0.01085
709.66225,0.01141
707.73382,0.01259
705.80539,0.01402
703.87696,0.01465
701.94853,0.01442
700.02010,0.01411
698.09167,0.01391
696.16324,0.01369
694.23481,0.01380
692.30638,0.01406
690.37795,0.01306
688.44952,0.01068
686.52109,0.00936
684.59266,0.01017
682.66423,0.01087
680.73580,0.00961
678.80737,0.00706
676.87894,0.00521
674.95051,0.00511
673.02208,0.00649
671.09365,0.01029
669.16522,0.01457
667.23679,0.01335
665.30836,0.01074
663.37993,0.01235
661.45150,0.01580
659.52307,0.01635
657.59464,0.01274
655.66621,0.00715
653.73778,0.00297
651.80935,0.00182
649.88092,0.00203
647.95249,0.00294
646.02406,0.00424
644.09563,0.00522
642.16720,0.00504
640.23877,0.00469
638.31034,0.00504
636.38191,0.00546
634.45348,0.00541
632.52505,0.00482
630.59662,0.00407
628.66819,0.00321
626.73976,0.00120
624.81133,0.00000
622.88290,0.00188
620.95447,0.00542
619.02604,0.00745
617.09761,0.00929
615.16918,0.01068
613.24075,0.00851
611.31232,0.00451
609.38389,0.00337
607.45546,0.00592
605.52703,0.00873
603.59860,0.00793
601.67017,0.00358
599.74174,0.00000
