4001.49232,0.00053
3999.56389,0.00246
3997.63546,0.00243
3995.70703,0.00177
3993.77860,0.00138
3991.85017,0.00118
3989.92174,0.00103
3987.99331,0.00089
3986.06488,0.00068
3984.13645,0.00047
3982.20802,0.00047
3980.27959,0.00075
3978.35116,0.00087
3976.42273,0.00070
3974.49430,0.00049
3972.56587,0.00045
3970.63744,0.00042
3968.70901,0.00021
3966.78058,0.00000
3964.85215,0.00020
3962.92372,0.00060
3960.99529,0.00067
3959.06686,0.00056
3957.13843,0.00043
3955.21000,0.00024
3953.28157,0.00049
3951.35314,0.00142
3949.42471,0.00234
3947.49628,0.00255
3945.56785,0.00243
3943.63942,0.00212
3941.71099,0.00113
3939.78256,0.00009
3937.85413,0.00000
3935.92570,0.00091
3933.99727,0.00202
3932.06884,0.00200
3930.14041,0.00091
3928.21198,0.00045
3926.28355,0.00070
3924.35512,0.00046
3922.42669,0.00015
3920.49826,0.00079
3918.56982,0.00178
3916.64139,0.00198
3914.71296,0.00164
3912.78453,0.00135
3910.85610,0.00103
3908.92767,0.00112
3906.99924,0.00232
3905.07081,0.00406
3903.14238,0.00537
3901.21395,0.00559
3899.28552,0.00439
3897.35709,0.00286
3895.42866,0.00260
3893.50023,0.00322
3891.57180,0.00319
3889.64337,0.00324
3887.71494,0.00471
3885.78651,0.00575
3883.85808,0.00512
3881.92965,0.00409
3880.00122,0.00239
3878.07279,0.00135
3876.14436,0.00248
3874.21593,0.00415
3872.28750,0.00538
3870.35907,0.00573
3868.43064,0.00527
3866.50221,0.00564
3864.57378,0.00553
3862.64535,0.00388
3860.71692,0.00295
3858.78849,0.00359
3856.86006,0.00481
3854.93163,0.00481
3853.00320,0.00275
3851.07477,0.00213
3849.14634,0.00389
3847.21791,0.00545
3845.28948,0.00550
3843.36105,0.00459
3841.43262,0.00382
3839.50419,0.00352
3837.57576,0.00342
3835.64733,0.00404
3833.71890,0.00527
3831.79047,0.00563
3829.86204,0.00494
3827.93361,0.00410
3826.00518,0.00340
3824.07675,0.00336
3822.14832,0.00297
3820.21989,0.00147
3818.29146,0.00196
3816.36303,0.00403
3814.43460,0.00466
3812.50617,0.00441
3810.57774,0.00435
3808.64931,0.00423
3806.72088,0.00385
3804.79245,0.00423
3802.86402,0.00512
3800.93559,0.00418
3799.00716,0.00307
3797.07873,0.00301
3795.15030,0.00232
3793.22187,0.00139
3791.29344,0.00110
3789.36501,0.00124
3787.43658,0.00161
3785.50815,0.00166
3783.57972,0.00128
3781.65129,0.00116
3779.72286,0.00096
3777.79443,0.00029
3775.86600,0.00000
3773.93757,0.00038
3772.00914,0.00143
3770.08071,0.00244
3768.15228,0.00295
3766.22385,0.00327
3764.29542,0.00355
3762.36699,0.00449
3760.43856,0.00586
3758.51013,0.00643
3756.58170,0.00660
3754.65327,0.00727
3752.72484,0.00807
3750.79641,0.00856
3748.86798,0.00988
3746.93955,0.01235
3745.01112,0.01305
3743.08269,0.01013
3741.15426,0.00804
3739.22583,0.00889
3737.29740,0.01031
3735.36897,0.01006
3733.44054,0.00852
3731.51211,0.00782
3729.58368,0.00839
3727.65525,0.00903
3725.72682,0.00837
3723.79839,0.00666
3721.86996,0.00465
3719.94153,0.00283
3718.01310,0.00215
3716.08467,0.00273
3714.15624,0.00349
3712.22781,0.00332
3710.29938,0.00281
3708.37095,0.00302
3706.44252,0.00360
3704.51409,0.00414
3702.58566,0.00381
3700.65723,0.00230
3698.72880,0.00105
3696.80037,0.00076
3694.87194,0.00146
3692.94351,0.00321
3691.01508,0.00459
3689.08665,0.00386
3687.15822,0.00231
3685.22979,0.00174
3683.30136,0.00205
3681.37293,0.00239
3679.44450,0.00277
3677.51607,0.00369
3675.58764,0.00406
3673.65921,0.00389
3671.73078,0.00465
3669.80235,0.00404
3667.87392,0.00239
3665.94549,0.00191
3664.01706,0.00190
3662.08863,0.00164
3660.16020,0.00195
3658.23177,0.00269
3656.30334,0.00240
3654.37491,0.00169
3652.44648,0.00208
3650.51805,0.00195
3648.58962,0.00040
3646.66119,0.00000
3644.73276,0.00138
3642.80433,0.00256
3640.87590,0.00246
3638.94747,0.00181
3637.01904,0.00149
3635.09061,0.00140
3633.16218,0.00178
3631.23375,0.00322
3629.30532,0.00391
3627.37689,0.00242
3625.44846,0.00146
3623.52003,0.00201
3621.59160,0.00295
3619.66317,0.00313
3617.73474,0.00289
3615.80631,0.00342
3613.87788,0.00384
3611.94945,0.00368
3610.02102,0.00377
3608.09259,0.00324
3606.16416,0.00195
3604.23573,0.00170
3602.30730,0.00224
3600.37887,0.00197
3598.45044,0.00125
3596.52201,0.00124
3594.59358,0.00146
3592.66515,0.00132
3590.73672,0.00178
3588.80829,0.00248
3586.87986,0.00170
3584.95143,0.00062
3583.02300,0.00087
3581.09457,0.00141
3579.16614,0.00126
3577.23771,0.00090
3575.30928,0.00066
3573.38085,0.00031
3571.45242,0.00021
3569.52399,0.00101
3567.59556,0.00168
3565.66713,0.00128
3563.73870,0.00114
3561.81027,0.00144
3559.88184,0.00111
3557.95341,0.00053
3556.02498,0.00058
3554.09655,0.00074
3552.16812,0.00032
3550.23969,0.00025
3548.31126,0.00136
3546.38283,0.00240
3544.45440,0.00214
3542.52597,0.00129
3540.59754,0.00071
3538.66911,0.00051
3536.74068,0.00046
3534.81225,0.00028
3532.88382,0.00004
3530.95539,0.00007
3529.02696,0.00053
3527.09853,0.00145
3525.17010,0.00225
3523.24167,0.00201
3521.31324,0.00114
3519.38481,0.00058
3517.45638,0.00033
3515.52795,0.00011
3513.59952,-0.00001
3511.67109,0.00016
3509.74266,0.00039
3507.81423,0.00064
3505.88580,0.00134
3503.95737,0.00207
3502.02894,0.00189
3500.10051,0.00102
3498.17208,0.00025
3496.24365,0.00000
3494.31522,0.00030
3492.38679,0.00076
3490.45836,0.00087
3488.52993,0.00075
3486.60150,0.00083
3484.67307,0.00113
3482.74464,0.00119
3480.81621,0.00079
3478.88778,0.00026
3476.95935,0.00000
3475.03092,0.00032
3473.10249,0.00104
3471.17406,0.00168
3469.24563,0.00185
3467.31720,0.00156
3465.38877,0.00134
3463.46034,0.00159
3461.53191,0.00184
3459.60348,0.00150
3457.67505,0.00099
3455.74662,0.00099
3453.81819,0.00140
3451.88976,0.00165
3449.96133,0.00157
3448.03290,0.00114
3446.10447,0.00063
3444.17604,0.00062
3442.24761,0.00082
3440.31918,0.00101
3438.39075,0.00170
3436.46232,0.00234
3434.53389,0.00188
3432.60546,0.00079
3430.67703,0.00040
3428.74860,0.00097
3426.82017,0.00168
3424.89174,0.00194
3422.96331,0.00214
3421.03488,0.00239
3419.10645,0.00228
3417.17802,0.00215
3415.24959,0.00245
3413.32116,0.00263
3411.39273,0.00210
3409.46430,0.00129
3407.53587,0.00092
3405.60744,0.00105
3403.67901,0.00122
3401.75058,0.00140
3399.82215,0.00260
3397.89372,0.00297
3395.96529,0.00284
3394.03686,0.00247
3392.10843,0.00226
3390.18000,0.00230
3388.25157,0.00259
3386.32314,0.00269
3384.39471,0.00213
3382.46628,0.00124
3380.53785,0.00061
3378.60942,0.00046
3376.68099,0.00067
3374.75256,0.00087
3372.82413,0.00062
3370.89570,0.00032
3368.96727,0.00060
3367.03884,0.00133
3365.11041,0.00188
3363.18198,0.00194
3361.25355,0.00171
3359.32512,0.00160
3357.39669,0.00176
3355.46826,0.00190
3353.53983,0.00172
3351.61140,0.00109
3349.68297,0.00025
3347.75454,0.00000
3345.82611,0.00068
3343.89768,0.00156
3341.96925,0.00179
3340.04082,0.00164
3338.11239,0.00180
3336.18396,0.00216
3334.25553,0.00216
3332.32710,0.00167
3330.39867,0.00126
3328.47024,0.00143
3326.54181,0.00201
3324.61338,0.00222
3322.68495,0.00164
3320.75652,0.00092
3318.82809,0.00073
3316.89966,0.00081
3314.97122,0.00077
3313.04279,0.00073
3311.11436,0.00111
3309.18593,0.00177
3307.25750,0.00201
3305.32907,0.00167
3303.40064,0.00118
3301.47221,0.00086
3299.54378,0.00096
3297.61535,0.00130
3295.68692,0.00147
3293.75849,0.00161
3291.83006,0.00195
3289.90163,0.00214
3287.97320,0.00181
3286.04477,0.00128
3284.11634,0.00112
3282.18791,0.00142
3280.25948,0.00194
3278.33105,0.00257
3276.40262,0.00320
3274.47419,0.00345
3272.54576,0.00297
3270.61733,0.00195
3268.68890,0.00115
3266.76047,0.00105
3264.83204,0.00124
3262.90361,0.00124
3260.97518,0.00092
3259.04675,0.00053
3257.11832,0.00064
3255.18989,0.00120
3253.26146,0.00162
3251.33303,0.00173
3249.40460,0.00168
3247.47617,0.00153
3245.54774,0.00134
3243.61931,0.00125
3241.69088,0.00138
3239.76245,0.00156
3237.83402,0.00146
3235.90559,0.00127
3233.97716,0.00141
3232.04873,0.00175
3230.12030,0.00197
3228.19187,0.00190
3226.26344,0.00165
3224.33501,0.00165
3222.40658,0.00206
3220.47815,0.00230
3218.54972,0.00210
3216.62129,0.00190
3214.69286,0.00172
3212.76443,0.00128
3210.83600,0.00083
3208.90757,0.00064
3206.97914,0.00078
3205.05071,0.00107
3203.12228,0.00104
3201.19385,0.00080
3199.26542,0.00080
3197.33699,0.00093
3195.40856,0.00092
3193.48013,0.00093
3191.55170,0.00123
3189.62327,0.00171
3187.69484,0.00190
3185.76641,0.00154
3183.83798,0.00093
3181.90955,0.00063
3179.98112,0.00081
3178.05269,0.00100
3176.12426,0.00094
3174.19583,0.00081
3172.26740,0.00086
3170.33897,0.00110
3168.41054,0.00128
3166.48211,0.00135
3164.55368,0.00135
3162.62525,0.00116
3160.69682,0.00088
3158.76839,0.00066
3156.83996,0.00085
3154.91153,0.00167
3152.98310,0.00244
3151.05467,0.00230
3149.12624,0.00144
3147.19781,0.00060
3145.26938,0.00006
3143.34095,0.00000
3141.41252,0.00051
3139.48409,0.00115
3137.55566,0.00134
3135.62723,0.00128
3133.69880,0.00141
3131.77037,0.00154
3129.84194,0.00160
3127.91351,0.00159
3125.98508,0.00136
3124.05665,0.00142
3122.12822,0.00190
3120.19979,0.00219
3118.27136,0.00238
3116.34293,0.00269
3114.41450,0.00277
3112.48607,0.00256
3110.55764,0.00223
3108.62921,0.00172
3106.70078,0.00126
3104.77235,0.00144
3102.84392,0.00215
3100.91549,0.00237
3098.98706,0.00193
3097.05863,0.00161
3095.13020,0.00150
3093.20177,0.00120
3091.27334,0.00087
3089.34491,0.00079
3087.41648,0.00095
3085.48805,0.00117
3083.55962,0.00112
3081.63119,0.00092
3079.70276,0.00087
3077.77433,0.00100
3075.84590,0.00115
3073.91747,0.00102
3071.98904,0.00071
3070.06061,0.00066
3068.13218,0.00079
3066.20375,0.00068
3064.27532,0.00039
3062.34689,0.00019
3060.41846,0.00016
3058.49003,0.00021
3056.56160,0.00017
3054.63317,0.00001
3052.70474,0.00010
3050.77631,0.00056
3048.84788,0.00100
3046.91945,0.00118
3044.99102,0.00107
3043.06259,0.00064
3041.13416,0.00013
3039.20573,0.00000
3037.27730,0.00028
3035.34887,0.00069
3033.42044,0.00099
3031.49201,0.00105
3029.56358,0.00098
3027.63515,0.00096
3025.70672,0.00080
3023.77829,0.00040
3021.84986,0.00018
3019.92143,0.00038
3017.99300,0.00070
3016.06457,0.00090
3014.13614,0.00115
3012.20771,0.00157
3010.27928,0.00173
3008.35085,0.00134
3006.42242,0.00081
3004.49399,0.00050
3002.56556,0.00028
3000.63713,0.00003
2998.70870,0.00040
2996.78027,0.00098
2994.85184,0.00125
2992.92341,0.00100
2990.99498,0.00074
2989.06655,0.00096
2987.13812,0.00131
2985.20969,0.00138
2983.28126,0.00134
2981.35283,0.00136
2979.42440,0.00137
2977.49597,0.00123
2975.56754,0.00095
2973.63911,0.00070
2971.71068,0.00044
2969.78225,0.00015
2967.85382,0.00009
2965.92539,0.00027
2963.99696,0.00053
2962.06853,0.00066
2960.14010,0.00059
2958.21167,0.00056
2956.28324,0.00070
2954.35481,0.00086
2952.42638,0.00088
2950.49795,0.00081
2948.56952,0.00076
2946.64109,0.00064
2944.71266,0.00036
2942.78423,0.00003
2940.85580,0.00000
2938.92737,0.00050
2936.99894,0.00108
2935.07051,0.00108
2933.14208,0.00073
2931.21365,0.00061
2929.28522,0.00071
2927.35679,0.00079
2925.42836,0.00089
2923.49993,0.00097
2921.57150,0.00086
2919.64307,0.00074
2917.71464,0.00092
2915.78621,0.00113
2913.85778,0.00112
2911.92935,0.00109
2910.00092,0.00104
2908.07249,0.00092
2906.14406,0.00101
2904.21563,0.00122
2902.28720,0.00115
2900.35877,0.00083
2898.43034,0.00052
2896.50191,0.00044
2894.57348,0.00062
2892.64505,0.00085
2890.71662,0.00088
2888.78819,0.00075
2886.85976,0.00075
2884.93133,0.00104
2883.00290,0.00126
2881.07447,0.00102
2879.14604,0.00059
2877.21761,0.00058
2875.28918,0.00082
2873.36075,0.00099
2871.43232,0.00106
2869.50389,0.00102
2867.57546,0.00089
2865.64703,0.00089
2863.71860,0.00097
2861.79017,0.00087
2859.86174,0.00059
2857.93331,0.00038
2856.00488,0.00055
2854.07645,0.00096
2852.14802,0.00102
2850.21959,0.00064
2848.29116,0.00026
2846.36273,0.00009
2844.43430,0.00008
2842.50587,0.00029
2840.57744,0.00073
2838.64901,0.00102
2836.72058,0.00086
2834.79215,0.00061
2832.86372,0.00057
2830.93529,0.00050
2829.00686,0.00034
2827.07843,0.00038
2825.15000,0.00061
2823.22157,0.00067
2821.29314,0.00039
2819.36471,0.00005
2817.43628,0.00000
2815.50785,0.00034
2813.57942,0.00083
2811.65099,0.00094
2809.72256,0.00051
2807.79413,0.00009
2805.86570,0.00009
2803.93727,0.00025
2802.00884,0.00048
2800.08041,0.00085
2798.15198,0.00100
2796.22355,0.00078
2794.29512,0.00065
2792.36669,0.00074
2790.43826,0.00079
2788.50983,0.00078
2786.58140,0.00075
2784.65297,0.00061
2782.72454,0.00042
2780.79611,0.00025
2778.86768,0.00017
2776.93925,0.00030
2775.01082,0.00059
2773.08239,0.00072
2771.15396,0.00067
2769.22553,0.00071
2767.29710,0.00082
2765.36867,0.00085
2763.44024,0.00084
2761.51181,0.00085
2759.58338,0.00091
2757.65495,0.00102
2755.72652,0.00113
2753.79809,0.00113
2751.86966,0.00102
2749.94123,0.00081
2748.01280,0.00052
2746.08437,0.00039
2744.15594,0.00040
2742.22751,0.00036
2740.29908,0.00047
2738.37065,0.00084
2736.44222,0.00098
2734.51379,0.00077
2732.58536,0.00066
2730.65693,0.00085
2728.72850,0.00107
2726.80007,0.00113
2724.87164,0.00112
2722.94321,0.00102
2721.01478,0.00077
2719.08635,0.00048
2717.15792,0.00024
2715.22949,0.00008
2713.30105,0.00019
2711.37262,0.00043
2709.44419,0.00036
2707.51576,0.00004
2705.58733,0.00000
2703.65890,0.00021
2701.73047,0.00041
2699.80204,0.00064
2697.87361,0.00086
2695.94518,0.00078
2694.01675,0.00060
2692.08832,0.00075
2690.15989,0.00094
2688.23146,0.00077
2686.30303,0.00059
2684.37460,0.00071
2682.44617,0.00083
2680.51774,0.00089
2678.58931,0.00097
2676.66088,0.00092
2674.73245,0.00074
2672.80402,0.00072
2670.87559,0.00070
2668.94716,0.00035
2667.01873,0.00000
2665.09030,0.00013
2663.16187,0.00055
2661.23344,0.00101
2659.30501,0.00123
2657.37658,0.00102
2655.44815,0.00073
2653.51972,0.00081
2651.59129,0.00119
2649.66286,0.00148
2647.73443,0.00148
2645.80600,0.00134
2643.87757,0.00122
2641.94914,0.00114
2640.02071,0.00115
2638.09228,0.00118
2636.16385,0.00108
2634.23542,0.00094
2632.30699,0.00093
2630.37856,0.00104
2628.45013,0.00127
2626.52170,0.00154
2624.59327,0.00168
2622.66484,0.00154
2620.73641,0.00120
2618.80798,0.00085
2616.87955,0.00065
2614.95112,0.00077
2613.02269,0.00093
2611.09426,0.00073
2609.16583,0.00042
2607.23740,0.00030
2605.30897,0.00035
2603.38054,0.00045
2601.45211,0.00044
2599.52368,0.00022
2597.59525,0.00003
2595.66682,0.00008
2593.73839,0.00032
2591.80996,0.00056
2589.88153,0.00064
2587.95310,0.00063
2586.02467,0.00057
2584.09624,0.00050
2582.16781,0.00062
2580.23938,0.00089
2578.31095,0.00099
2576.38252,0.00096
2574.45409,0.00099
2572.52566,0.00101
2570.59723,0.00098
2568.66880,0.00089
2566.74037,0.00071
2564.81194,0.00057
2562.88351,0.00069
2560.95508,0.00098
2559.02665,0.00117
2557.09822,0.00121
2555.16979,0.00118
2553.24136,0.00115
2551.31293,0.00122
2549.38450,0.00126
2547.45607,0.00105
2545.52764,0.00079
2543.59921,0.00074
2541.67078,0.00084
2539.74235,0.00095
2537.81392,0.00095
2535.88549,0.00094
2533.95706,0.00102
2532.02863,0.00106
2530.10020,0.00099
2528.17177,0.00104
2526.24334,0.00115
2524.31491,0.00116
2522.38648,0.00119
2520.45805,0.00105
2518.52962,0.00068
2516.60119,0.00041
2514.67276,0.00026
2512.74433,0.00019
2510.81590,0.00039
2508.88747,0.00074
2506.95904,0.00091
2505.03061,0.00076
2503.10218,0.00052
2501.17375,0.00050
2499.24532,0.00072
2497.31689,0.00088
2495.38846,0.00090
2493.46003,0.00093
2491.53160,0.00095
2489.60317,0.00093
2487.67474,0.00097
2485.74631,0.00094
2483.81788,0.00067
2481.88945,0.00039
2479.96102,0.00018
2478.03259,0.00000
2476.10416,0.00003
2474.17573,0.00038
2472.24730,0.00075
2470.31887,0.00104
2468.39044,0.00127
2466.46201,0.00120
2464.53358,0.00084
2462.60515,0.00045
2460.67672,0.00032
2458.74829,0.00046
2456.81986,0.00070
2454.89143,0.00083
2452.96300,0.00076
2451.03457,0.00076
2449.10614,0.00085
2447.17771,0.00071
2445.24928,0.00037
2443.32085,0.00018
2441.39242,0.00029
2439.46399,0.00051
2437.53556,0.00071
2435.60713,0.00097
2433.67870,0.00121
2431.75027,0.00113
2429.82184,0.00086
2427.89341,0.00078
2425.96498,0.00079
2424.03655,0.00078
2422.10812,0.00077
2420.17969,0.00076
2418.25126,0.00075
2416.32283,0.00074
2414.39440,0.00073
2412.46597,0.00072
2410.53754,0.00071
2408.60911,0.00071
2406.68068,0.00070
2404.75225,0.00069
2402.82382,0.00068
2400.89539,0.00068
2398.96696,0.00067
2397.03853,0.00066
2395.11010,0.00066
2393.18167,0.00065
2391.25324,0.00065
2389.32481,0.00064
2387.39638,0.00064
2385.46795,0.00063
2383.53952,0.00063
2381.61109,0.00062
2379.68266,0.00062
2377.75423,0.00062
2375.82580,0.00061
2373.89737,0.00061
2371.96894,0.00061
2370.04051,0.00060
2368.11208,0.00060
2366.18365,0.00060
2364.25522,0.00060
2362.32679,0.00060
2360.39836,0.00059
2358.46993,0.00059
2356.54150,0.00059
2354.61307,0.00059
2352.68464,0.00059
2350.75621,0.00059
2348.82778,0.00059
2346.89935,0.00059
2344.97092,0.00059
2343.04249,0.00060
2341.11406,0.00060
2339.18563,0.00060
2337.25720,0.00060
2335.32877,0.00060
2333.40034,0.00061
2331.47191,0.00061
2329.54348,0.00061
2327.61505,0.00062
2325.68662,0.00062
2323.75819,0.00062
2321.82976,0.00063
2319.90133,0.00063
2317.97290,0.00064
2316.04447,0.00064
2314.11604,0.00065
2312.18761,0.00065
2310.25918,0.00066
2308.33075,0.00066
2306.40232,0.00067
2304.47389,0.00068
2302.54546,0.00068
2300.61703,0.00069
2298.68860,0.00070
2296.76017,0.00071
2294.83174,0.00071
2292.90331,0.00072
2290.97488,0.00073
2289.04645,0.00074
2287.11802,0.00075
2285.18959,0.00076
2283.26116,0.00077
2281.33273,0.00078
2279.40430,0.00079
2277.47587,0.00080
2275.54744,0.00081
2273.61901,0.00082
2271.69058,0.00083
2269.76215,0.00084
2267.83372,0.00085
2265.90529,0.00086
2263.97686,0.00088
2262.04843,0.00089
2260.12000,0.00090
2258.19157,0.00092
2256.26314,0.00093
2254.33471,0.00094
2252.40628,0.00096
2250.47785,0.00097
2248.54942,0.00098
2246.62099,0.00100
2244.69256,0.00101
2242.76413,0.00103
2240.83570,0.00077
2238.90727,0.00050
2236.97884,0.00037
2235.05041,0.00032
2233.12198,0.00022
2231.19355,0.00007
2229.26512,0.00000
2227.33669,-0.00000
2225.40826,0.00009
2223.47983,0.00026
2221.55140,0.00040
2219.62297,0.00044
2217.69454,0.00046
2215.76611,0.00046
2213.83768,0.00043
2211.90925,0.00047
2209.98082,0.00054
2208.05239,0.00061
2206.12396,0.00069
2204.19553,0.00079
2202.26710,0.00089
2200.33867,0.00086
2198.41024,0.00072
2196.48181,0.00073
2194.55338,0.00084
2192.62495,0.00084
2190.69652,0.00084
2188.76809,0.00084
2186.83966,0.00072
2184.91123,0.00057
2182.98280,0.00055
2181.05437,0.00049
2179.12594,0.00026
2177.19751,0.00008
2175.26908,0.00007
2173.34065,0.00013
2171.41222,0.00019
2169.48379,0.00023
2167.55536,0.00033
2165.62693,0.00041
2163.69850,0.00033
2161.77007,0.00018
2159.84164,0.00016
2157.91321,0.00028
2155.98478,0.00034
2154.05635,0.00023
2152.12792,0.00010
2150.19949,0.00016
2148.27106,0.00043
2146.34263,0.00053
2144.41420,0.00031
2142.48577,0.00026
2140.55734,0.00061
2138.62891,0.00094
2136.70048,0.00088
2134.77205,0.00047
2132.84362,0.00006
2130.91519,0.00000
2128.98676,0.00018
2127.05833,0.00028
2125.12990,0.00017
2123.20147,0.00000
2121.27304,0.00001
2119.34461,0.00023
2117.41618,0.00056
2115.48775,0.00085
2113.55932,0.00082
2111.63089,0.00052
2109.70245,0.00030
2107.77402,0.00027
2105.84559,0.00027
2103.91716,0.00018
2101.98873,0.00011
2100.06030,0.00024
2098.13187,0.00046
2096.20344,0.00072
2094.27501,0.00082
2092.34658,0.00081
2090.41815,0.00076
2088.48972,0.00071
2086.56129,0.00060
2084.63286,0.00048
2082.70443,0.00060
2080.77600,0.00088
2078.84757,0.00089
2076.91914,0.00067
2074.99071,0.00055
2073.06228,0.00064
2071.13385,0.00076
2069.20542,0.00080
2067.27699,0.00095
2065.34856,0.00107
2063.42013,0.00086
2061.49170,0.00058
2059.56327,0.00040
2057.63484,0.00017
2055.70641,0.00000
2053.77798,0.00011
2051.84955,0.00038
2049.92112,0.00055
2047.99269,0.00061
2046.06426,0.00060
2044.13583,0.00054
2042.20740,0.00039
2040.27897,0.00027
2038.35054,0.00032
2036.42211,0.00030
2034.49368,0.00020
2032.56525,0.00020
2030.63682,0.00038
2028.70839,0.00070
2026.77996,0.00102
2024.85153,0.00121
2022.92310,0.00115
2020.99467,0.00088
2019.06624,0.00064
2017.13781,0.00050
2015.20938,0.00044
2013.28095,0.00044
2011.35252,0.00055
2009.42409,0.00075
2007.49566,0.00070
2005.56723,0.00041
2003.63880,0.00028
2001.71037,0.00039
1999.78194,0.00049
1997.85351,0.00050
1995.92508,0.00050
1993.99665,0.00044
1992.06822,0.00032
1990.13979,0.00026
1988.21136,0.00038
1986.28293,0.00058
1984.35450,0.00066
1982.42607,0.00060
1980.49764,0.00060
1978.56921,0.00069
1976.64078,0.00071
1974.71235,0.00052
1972.78392,0.00030
1970.85549,0.00029
1968.92706,0.00043
1966.99863,0.00048
1965.07020,0.00047
1963.14177,0.00056
1961.21334,0.00064
1959.28491,0.00067
1957.35648,0.00064
1955.42805,0.00056
1953.49962,0.00058
1951.57119,0.00075
1949.64276,0.00087
1947.71433,0.00081
1945.78590,0.00091
1943.85747,0.00125
1941.92904,0.00134
1940.00061,0.00114
1938.07218,0.00089
1936.14375,0.00058
1934.21532,0.00026
1932.28689,0.00008
1930.35846,0.00013
1928.43003,0.00034
1926.50160,0.00059
1924.57317,0.00069
1922.64474,0.00064
1920.71631,0.00067
1918.78788,0.00073
1916.85945,0.00067
1914.93102,0.00068
1913.00259,0.00073
1911.07416,0.00067
1909.14573,0.00066
1907.21730,0.00069
1905.28887,0.00067
1903.36044,0.00058
1901.43201,0.00050
1899.50358,0.00036
1897.57515,0.00025
1895.64672,0.00031
1893.71829,0.00038
1891.78986,0.00025
1889.86143,0.00011
1887.93300,0.00037
1886.00457,0.00084
1884.07614,0.00101
1882.14771,0.00080
1880.21928,0.00057
1878.29085,0.00067
1876.36242,0.00089
1874.43399,0.00081
1872.50556,0.00051
1870.57713,0.00024
1868.64870,0.00004
1866.72027,0.00012
1864.79184,0.00054
1862.86341,0.00088
1860.93498,0.00105
1859.00655,0.00112
1857.07812,0.00111
1855.14969,0.00112
1853.22126,0.00121
1851.29283,0.00119
1849.36440,0.00104
1847.43597,0.00097
1845.50754,0.00125
1843.57911,0.00169
1841.65068,0.00214
1839.72225,0.00233
1837.79382,0.00198
1835.86539,0.00155
1833.93696,0.00130
1832.00853,0.00082
1830.08010,0.00019
1828.15167,0.00018
1826.22324,0.00066
1824.29481,0.00095
1822.36638,0.00116
1820.43795,0.00143
1818.50952,0.00149
1816.58109,0.00117
1814.65266,0.00067
1812.72423,0.00023
1810.79580,0.00000
1808.86737,0.00014
1806.93894,0.00052
1805.01051,0.00091
1803.08208,0.00119
1801.15365,0.00119
1799.22522,0.00108
1797.29679,0.00116
1795.36836,0.00132
1793.43993,0.00114
1791.51150,0.00090
1789.58307,0.00137
1787.65464,0.00214
1785.72621,0.00236
1783.79778,0.00183
1781.86935,0.00105
1779.94092,0.00064
1778.01249,0.00066
1776.08406,0.00050
1774.15563,-0.00009
1772.22720,-0.00014
1770.29877,0.00108
1768.37034,0.00210
1766.44191,0.00191
1764.51348,0.00113
1762.58505,0.00047
1760.65662,0.00045
1758.72819,0.00116
1756.79976,0.00175
1754.87133,0.00180
1752.94290,0.00169
1751.01447,0.00148
1749.08604,0.00109
1747.15761,0.00106
1745.22918,0.00120
1743.30075,0.00115
1741.37232,0.00109
1739.44389,0.00116
1737.51546,0.00135
1735.58703,0.00148
1733.65860,0.00129
1731.73017,0.00143
1729.80174,0.00185
1727.87331,0.00209
1725.94488,0.00207
1724.01645,0.00185
1722.08802,0.00152
1720.15959,0.00108
1718.23116,0.00064
1716.30273,0.00109
1714.37430,0.00259
1712.44587,0.00398
1710.51744,0.00417
1708.58901,0.00343
1706.66058,0.00284
1704.73215,0.00340
1702.80372,0.00495
1700.87529,0.00645
1698.94686,0.00705
1697.01843,0.00714
1695.09000,0.00718
1693.16157,0.00708
1691.23314,0.00632
1689.30471,0.00443
1687.37628,0.00242
1685.44785,0.00163
1683.51942,0.00269
1681.59099,0.00435
1679.66256,0.00501
1677.73413,0.00452
1675.80570,0.00360
1673.87727,0.00289
1671.94884,0.00258
1670.02041,0.00233
1668.09198,0.00249
1666.16355,0.00299
1664.23512,0.00315
1662.30669,0.00314
1660.37826,0.00364
1658.44983,0.00387
1656.52140,0.00320
1654.59297,0.00291
1652.66454,0.00440
1650.73611,0.00666
1648.80768,0.00702
1646.87925,0.00529
1644.95082,0.00487
1643.02239,0.00576
1641.09396,0.00583
1639.16553,0.00463
1637.23710,0.00316
1635.30867,0.00292
1633.38024,0.00408
1631.45181,0.00484
1629.52338,0.00435
1627.59495,0.00346
1625.66652,0.00323
1623.73809,0.00345
1621.80966,0.00373
1619.88123,0.00361
1617.95280,0.00267
1616.02437,0.00185
1614.09594,0.00226
1612.16751,0.00277
1610.23908,0.00227
1608.31065,0.00136
1606.38222,0.00098
1604.45379,0.00094
1602.52536,0.00081
1600.59693,0.00063
1598.66850,0.00039
1596.74007,0.00012
1594.81164,0.00003
1592.88321,0.00040
1590.95478,0.00086
1589.02635,0.00103
1587.09792,0.00103
1585.16949,0.00128
1583.24106,0.00181
1581.31263,0.00202
1579.38420,0.00166
1577.45577,0.00140
1575.52734,0.00222
1573.59891,0.00387
1571.67048,0.00489
1569.74205,0.00508
1567.81362,0.00570
1565.88519,0.00654
1563.95676,0.00624
1562.02833,0.00468
1560.09990,0.00366
1558.17147,0.00516
1556.24304,0.00810
1554.31461,0.00954
1552.38618,0.00933
1550.45775,0.00844
1548.52932,0.00748
1546.60089,0.00625
1544.67246,0.00413
1542.74403,0.00182
1540.81560,0.00127
1538.88717,0.00433
1536.95874,0.00716
1535.03031,0.00735
1533.10188,0.00602
1531.17345,0.00585
1529.24502,0.00658
1527.31659,0.00671
1525.38816,0.00613
1523.45973,0.00548
1521.53130,0.00565
1519.60287,0.00670
1517.67444,0.00673
1515.74601,0.00611
1513.81758,0.00612
1511.88915,0.00577
1509.96072,0.00406
1508.03229,0.00237
1506.10385,0.00318
1504.17542,0.00567
1502.24699,0.00701
1500.31856,0.00640
1498.39013,0.00503
1496.46170,0.00428
1494.53327,0.00394
1492.60484,0.00313
1490.67641,0.00190
1488.74798,0.00158
1486.81955,0.00234
1484.89112,0.00296
1482.96269,0.00280
1481.03426,0.00234
1479.10583,0.00209
1477.17740,0.00182
1475.24897,0.00122
1473.32054,0.00102
1471.39211,0.00204
1469.46368,0.00338
1467.53525,0.00384
1465.60682,0.00345
1463.67839,0.00316
1461.74996,0.00278
1459.82153,0.00143
1457.89310,0.00000
1455.96467,0.00059
1454.03624,0.00213
1452.10781,0.00271
1450.17938,0.00209
1448.25095,0.00109
1446.32252,0.00051
1444.39409,0.00044
1442.46566,0.00049
1440.53723,0.00057
1438.60880,0.00101
1436.68037,0.00179
1434.75194,0.00239
1432.82351,0.00241
1430.89508,0.00187
1428.96665,0.00143
1427.03822,0.00150
1425.10979,0.00158
1423.18136,0.00162
1421.25293,0.00212
1419.32450,0.00276
1417.39607,0.00281
1415.46764,0.00249
1413.53921,0.00208
1411.61078,0.00170
1409.68235,0.00162
1407.75392,0.00177
1405.82549,0.00192
1403.89706,0.00209
1401.96863,0.00228
1400.04020,0.00253
1398.11177,0.00295
1396.18334,0.00325
1394.25491,0.00340
1392.32648,0.00355
1390.39805,0.00337
1388.46962,0.00253
1386.54119,0.00159
1384.61276,0.00139
1382.68433,0.00172
1380.75590,0.00190
1378.82747,0.00157
1376.89904,0.00070
1374.97061,0.00006
1373.04218,0.00030
1371.11375,0.00089
1369.18532,0.00089
1367.25689,0.00063
1365.32846,0.00073
1363.40003,0.00113
1361.47160,0.00144
1359.54317,0.00148
1357.61474,0.00129
1355.68631,0.00098
1353.75788,0.00077
1351.82945,0.00066
1349.90102,0.00053
1347.97259,0.00037
1346.04416,0.00019
1344.11573,0.00005
1342.18730,0.00000
1340.25887,0.00009
1338.33044,0.00045
1336.40201,0.00093
1334.47358,0.00114
1332.54515,0.00101
1330.61672,0.00088
1328.68829,0.00094
1326.75986,0.00108
1324.83143,0.00123
1322.90300,0.00127
1320.97457,0.00105
1319.04614,0.00089
1317.11771,0.00112
1315.18928,0.00145
1313.26085,0.00154
1311.33242,0.00164
1309.40399,0.00191
1307.47556,0.00219
1305.54713,0.00244
1303.61870,0.00275
1301.69027,0.00307
1299.76184,0.00331
1297.83341,0.00355
1295.90498,0.00383
1293.97655,0.00420
1292.04812,0.00472
1290.11969,0.00537
1288.19126,0.00596
1286.26283,0.00631
1284.33440,0.00650
1282.40597,0.00693
1280.47754,0.00764
1278.54911,0.00824
1276.62068,0.00858
1274.69225,0.00888
1272.76382,0.00946
1270.83539,0.01038
1268.90696,0.01133
1266.97853,0.01211
1265.05010,0.01283
1263.12167,0.01368
1261.19324,0.01465
1259.26481,0.01583
1257.33638,0.01729
1255.40795,0.01878
1253.47952,0.01984
1251.55109,0.02055
1249.62266,0.02138
1247.69423,0.02245
1245.76580,0.02351
1243.83737,0.02431
1241.90894,0.02489
1239.98051,0.02550
1238.05208,0.02617
1236.12365,0.02684
1234.19522,0.02747
1232.26679,0.02802
1230.33836,0.02845
1228.40993,0.02892
1226.48150,0.02958
1224.55307,0.03002
1222.62464,0.02993
1220.69621,0.02990
1218.76778,0.03032
1216.83935,0.03060
1214.91092,0.03058
1212.98249,0.03059
1211.05406,0.03065
1209.12563,0.03086
1207.19720,0.03123
1205.26877,0.03135
1203.34034,0.03124
1201.41191,0.03140
1199.48348,0.03147
1197.55505,0.03189
1195.62662,0.03215
1193.69819,0.03198
1191.76976,0.03187
1189.84133,0.03228
1187.91290,0.03291
1185.98447,0.03339
1184.05604,0.03368
1182.12761,0.03383
1180.19918,0.03398
1178.27075,0.03432
1176.34232,0.03470
1174.41389,0.03480
1172.48546,0.03484
1170.55703,0.03534
1168.62860,0.03597
1166.70017,0.03608
1164.77174,0.03589
1162.84331,0.03587
1160.91488,0.03617
1158.98645,0.03664
1157.05802,0.03697
1155.12959,0.03718
1153.20116,0.03739
1151.27273,0.03741
1149.34430,0.03744
1147.41587,0.03784
1145.48744,0.03837
1143.55901,0.03876
1141.63058,0.03906
1139.70215,0.03941
1137.77372,0.03995
1135.84529,0.04054
1133.91686,0.04107
1131.98843,0.04175
1130.06000,0.04266
1128.13157,0.04343
1126.20314,0.04398
1124.27471,0.04464
1122.34628,0.04545
1120.41785,0.04626
1118.48942,0.04725
1116.56099,0.04869
1114.63256,0.05036
1112.70413,0.05189
1110.77570,0.05336
1108.84727,0.05509
1106.91884,0.05707
1104.99041,0.05887
1103.06198,0.06060
1101.13355,0.06269
1099.20512,0.06486
1097.27669,0.06671
1095.34826,0.06846
1093.41983,0.07032
1091.49140,0.07199
1089.56297,0.07328
1087.63454,0.07443
1085.70611,0.07536
1083.77768,0.07596
1081.84925,0.07659
1079.92082,0.07733
1077.99239,0.07787
1076.06396,0.07795
1074.13553,0.07761
1072.20710,0.07712
1070.27867,0.07661
1068.35024,0.07595
1066.42181,0.07535
1064.49338,0.07487
1062.56495,0.07392
1060.63652,0.07242
1058.70809,0.07109
1056.77966,0.06989
1054.85123,0.06837
1052.92280,0.06607
1050.99437,0.06281
1049.06594,0.05954
1047.13751,0.05700
1045.20908,0.05465
1043.28065,0.05178
1041.35222,0.04824
1039.42379,0.04464
1037.49536,0.04164
1035.56693,0.03888
1033.63850,0.03572
1031.71007,0.03242
1029.78164,0.02957
1027.85321,0.02693
1025.92478,0.02421
1023.99635,0.02160
1022.06792,0.01951
1020.13949,0.01781
1018.21106,0.01588
1016.28263,0.01368
1014.35420,0.01184
1012.42577,0.01057
1010.49734,0.00939
1008.56891,0.00822
1006.64048,0.00723
1004.71205,0.00609
1002.78362,0.00487
1000.85519,0.00393
998.92676,0.00321
996.99833,0.00258
995.06990,0.00205
993.14147,0.00169
991.21304,0.00130
989.28461,0.00077
987.35618,0.00036
985.42775,0.00026
983.49932,0.00031
981.57089,0.00029
979.64246,0.00045
977.71403,0.00112
975.78560,0.00181
973.85717,0.00185
971.92874,0.00147
970.00031,0.00115
968.07188,0.00112
966.14345,0.00142
964.21502,0.00185
962.28659,0.00212
960.35816,0.00217
958.42973,0.00207
956.50130,0.00185
954.57287,0.00173
952.64444,0.00191
950.71601,0.00225
948.78758,0.00271
946.85915,0.00312
944.93072,0.00300
943.00229,0.00241
941.07386,0.00216
939.14543,0.00245
937.21700,0.00290
935.28857,0.00295
933.36014,0.00273
931.43171,0.00231
929.50328,0.00167
927.57485,0.00133
925.64642,0.00138
923.71799,0.00130
921.78956,0.00100
919.86113,0.00087
917.93270,0.00081
916.00427,0.00075
914.07584,0.00094
912.14741,0.00111
910.21898,0.00093
908.29055,0.00075
906.36212,0.00064
904.43368,0.00041
902.50525,0.00018
900.57682,0.00002
898.64839,0.00000
896.71996,0.00017
894.79153,0.00021
892.86310,0.00001
890.93467,-0.00005
889.00624,0.00005
887.07781,0.00004
885.14938,-0.00010
883.22095,-0.00008
881.29252,0.00011
879.36409,0.00029
877.43566,0.00026
875.50723,0.00014
873.57880,0.00049
871.65037,0.00112
869.72194,0.00147
867.79351,0.00158
865.86508,0.00153
863.93665,0.00139
862.00822,0.00153
860.07979,0.00216
858.15136,0.00294
856.22293,0.00322
854.29450,0.00281
852.36607,0.00190
850.43764,0.00136
848.50921,0.00177
846.58078,0.00233
844.65235,0.00282
842.72392,0.00374
840.79549,0.00443
838.86706,0.00456
836.93863,0.00468
835.01020,0.00484
833.08177,0.00520
831.15334,0.00578
829.22491,0.00600
827.29648,0.00606
825.36805,0.00654
823.43962,0.00732
821.51119,0.00825
819.58276,0.00897
817.65433,0.00917
815.72590,0.00933
813.79747,0.01001
811.86904,0.01117
809.94061,0.01215
808.01218,0.01251
806.08375,0.01306
804.15532,0.01407
802.22689,0.01441
800.29846,0.01420
798.37003,0.01462
796.44160,0.01535
794.51317,0.01553
792.58474,0.01502
790.65631,0.01408
788.72788,0.01332
786.79945,0.01271
784.87102,0.01187
782.94259,0.01102
781.01416,0.01068
779.08573,0.01100
777.15730,0.01097
775.22887,0.00964
773.30044,0.00748
771.37201,0.00563
769.44358,0.00463
767.51515,0.00405
765.58672,0.00355
763.65829,0.00341
761.72986,0.00346
759.80143,0.00333
757.87300,0.00328
755.94457,0.00335
754.01614,0.00341
752.08771,0.00380
750.15928,0.00413
748.23085,0.00401
746.30242,0.00384
744.37399,0.00372
742.44556,0.00366
740.51713,0.00358
738.58870,0.00309
736.66027,0.00245
734.73184,0.00258
732.80341,0.00391
730.87498,0.00548
728.94655,0.00622
727.01812,0.00589
725.08969,0.00488
723.16126,0.00574
721.23283,0.00659
719.30440,0.00725
717.37597,0.00721
715.44754,0.00683
713.51911,0.00678
711.59068,0.00723
709.66225,0.00788
707.73382,0.00867
705.80539,0.00931
703.87696,0.00924
701.94853,0.00849
700.02010,0.00772
698.09167,0.00734
696.16324,0.00754
694.23481,0.00832
692.30638,0.00901
690.37795,0.00845
688.44952,0.00667
686.52109,0.00567
684.59266,0.00636
682.66423,0.00680
680.73580,0.00544
678.80737,0.00305
676.87894,0.00146
674.95051,0.00149
673.02208,0.00297
671.09365,0.00727
669.16522,0.01274
667.23679,0.01197
665.30836,0.00703
663.37993,0.00487
661.45150,0.00518
659.52307,0.00494
657.59464,0.00337
655.66621,0.00155
653.73778,0.00067
651.80935,0.00035
649.88092,0.00015
647.95249,0.00000
646.02406,0.00087
644.09563,0.00199
642.16720,0.00204
640.23877,0.00176
638.31034,0.00209
636.38191,0.00300
634.45348,0.00399
632.52505,0.00420
630.59662,0.00356
628.66819,0.00251
626.73976,0.00102
624.81133,0.00020
622.88290,0.00135
620.95447,0.00253
619.02604,0.00177
617.09761,0.00271
615.16918,0.00695
613.24075,0.00896
611.31232,0.00762
609.38389,0.00701
607.45546,0.00794
605.52703,0.00766
603.59860,0.00466
601.67017,0.00124
599.74174,0.00000
