4001.49232,-0.00027
3999.56389,0.00003
3997.63546,0.00022
3995.70703,0.00062
3993.77860,0.00102
3991.85017,0.00080
3989.92174,0.00021
3987.99331,0.00000
3986.06488,0.00030
3984.13645,0.00081
3982.20802,0.00118
3980.27959,0.00125
3978.35116,0.00105
3976.42273,0.00077
3974.49430,0.00062
3972.56587,0.00075
3970.63744,0.00113
3968.70901,0.00158
3966.78058,0.00190
3964.85215,0.00191
3962.92372,0.00169
3960.99529,0.00148
3959.06686,0.00119
3957.13843,0.00085
3955.21000,0.00099
3953.28157,0.00164
3951.35314,0.00196
3949.42471,0.00160
3947.49628,0.00156
3945.56785,0.00175
3943.63942,0.00106
3941.71099,0.00025
3939.78256,0.00039
3937.85413,0.00144
3935.92570,0.00288
3933.99727,0.00333
3932.06884,0.00240
3930.14041,0.00163
3928.21198,0.00183
3926.28355,0.00155
3924.35512,0.00105
3922.42669,0.00167
3920.49826,0.00229
3918.56982,0.00168
3916.64139,0.00054
3914.71296,0.00038
3912.78453,0.00111
3910.85610,0.00229
3908.92767,0.00379
3906.99924,0.00462
3905.07081,0.00445
3903.14238,0.00441
3901.21395,0.00373
3899.28552,0.00223
3897.35709,0.00237
3895.42866,0.00367
3893.50023,0.00379
3891.57180,0.00332
3889.64337,0.00464
3887.71494,0.00600
3885.78651,0.00610
3883.85808,0.00637
3881.92965,0.00548
3880.00122,0.00413
3878.07279,0.00496
3876.14436,0.00598
3874.21593,0.00621
3872.28750,0.00597
3870.35907,0.00482
3868.43064,0.00511
3866.50221,0.00532
3864.57378,0.00353
3862.64535,0.00273
3860.71692,0.00460
3858.78849,0.00817
3856.86006,0.01071
3854.93163,0.00803
3853.00320,0.00133
3851.07477,0.00000
3849.14634,0.00320
3847.21791,0.00592
3845.28948,0.00637
3843.36105,0.00601
3841.43262,0.00575
3839.50419,0.00456
3837.57576,0.00358
3835.64733,0.00406
3833.71890,0.00443
3831.79047,0.00423
3829.86204,0.00443
3827.93361,0.00451
3826.00518,0.00514
3824.07675,0.00583
3822.14832,0.00402
3820.21989,0.00261
3818.29146,0.00245
3816.36303,0.00082
3814.43460,0.00085
3812.50617,0.00326
3810.57774,0.00521
3808.64931,0.00485
3806.72088,0.00423
3804.79245,0.00555
3802.86402,0.00490
3800.93559,0.00264
3799.00716,0.00201
3797.07873,0.00132
3795.15030,0.00105
3793.22187,0.00146
3791.29344,0.00178
3789.36501,0.00230
3787.43658,0.00264
3785.50815,0.00243
3783.57972,0.00268
3781.65129,0.00250
3779.72286,0.00082
3777.79443,0.00000
3775.86600,0.00102
3773.93757,0.00245
3772.00914,0.00256
3770.08071,0.00172
3768.15228,0.00181
3766.22385,0.00213
3764.29542,0.00293
3762.36699,0.00381
3760.43856,0.00335
3758.51013,0.00334
3756.58170,0.00556
3754.65327,0.00759
3752.72484,0.00614
3750.79641,0.00296
3748.86798,0.00355
3746.93955,0.00506
3745.01112,0.00394
3743.08269,0.00342
3741.15426,0.00486
3739.22583,0.00645
3737.29740,0.00606
3735.36897,0.00313
3733.44054,0.00028
3731.51211,0.00070
3729.58368,0.00361
3727.65525,0.00531
3725.72682,0.00516
3723.79839,0.00411
3721.86996,0.00279
3719.94153,0.00231
3718.01310,0.00343
3716.08467,0.00568
3714.15624,0.00644
3712.22781,0.00402
3710.29938,0.00111
3708.37095,0.00092
3706.44252,0.00234
3704.51409,0.00276
3702.58566,0.00155
3700.65723,0.00098
3698.72880,0.00166
3696.80037,0.00263
3694.87194,0.00429
3692.94351,0.00514
3691.01508,0.00270
3689.08665,-0.00072
3687.15822,-0.00006
3685.22979,0.00271
3683.30136,0.00454
3681.37293,0.00560
3679.44450,0.00644
3677.51607,0.00550
3675.58764,0.00322
3673.65921,0.00385
3671.73078,0.00321
3669.80235,0.00005
3667.87392,0.00035
3665.94549,0.00245
3664.01706,0.00341
3662.08863,0.00367
3660.16020,0.00394
3658.23177,0.00356
3656.30334,0.00358
3654.37491,0.00616
3652.44648,0.00757
3650.51805,0.00431
3648.58962,0.00006
3646.66119,0.00003
3644.73276,0.00254
3642.80433,0.00388
3640.87590,0.00390
3638.94747,0.00395
3637.01904,0.00465
3635.09061,0.00571
3633.16218,0.00685
3631.23375,0.00607
3629.30532,0.00201
3627.37689,0.00000
3625.44846,0.00219
3623.52003,0.00500
3621.59160,0.00529
3619.66317,0.00304
3617.73474,0.00166
3615.80631,0.00175
3613.87788,0.00182
3611.94945,0.00291
3610.02102,0.00401
3608.09259,0.00364
3606.16416,0.00339
3604.23573,0.00371
3602.30730,0.00357
3600.37887,0.00338
3598.45044,0.00374
3596.52201,0.00346
3594.59358,0.00259
3592.66515,0.00324
3590.73672,0.00473
3588.80829,0.00418
3586.87986,0.00211
3584.95143,0.00134
3583.02300,0.00152
3581.09457,0.00163
3579.16614,0.00161
3577.23771,0.00147
3575.30928,0.00128
3573.38085,0.00186
3571.45242,0.00329
3569.52399,0.00379
3567.59556,0.00206
3565.66713,0.00020
3563.73870,0.00017
3561.81027,0.00100
3559.88184,0.00169
3557.95341,0.00226
3556.02498,0.00260
3554.09655,0.00217
3552.16812,0.00158
3550.23969,0.00185
3548.31126,0.00216
3546.38283,0.00159
3544.45440,0.00060
3542.52597,0.00000
3540.59754,0.00019
3538.66911,0.00071
3536.74068,0.00100
3534.81225,0.00122
3532.88382,0.00138
3530.95539,0.00111
3529.02696,0.00071
3527.09853,0.00096
3525.17010,0.00149
3523.24167,0.00143
3521.31324,0.00112
3519.38481,0.00095
3517.45638,0.00121
3515.52795,0.00189
3513.59952,0.00227
3511.67109,0.00166
3509.74266,0.00047
3507.81423,0.00008
3505.88580,0.00021
3503.95737,0.00000
3502.02894,0.00007
3500.10051,0.00059
3498.17208,0.00078
3496.24365,0.00060
3494.31522,0.00051
3492.38679,0.00077
3490.45836,0.00116
3488.52993,0.00130
3486.60150,0.00142
3484.67307,0.00153
3482.74464,0.00117
3480.81621,0.00073
3478.88778,0.00066
3476.95935,0.00063
3475.03092,0.00057
3473.10249,0.00048
3471.17406,0.00015
3469.24563,-0.00023
3467.31720,-0.00019
3465.38877,0.00023
3463.46034,0.00057
3461.53191,0.00081
3459.60348,0.00098
3457.67505,0.00084
3455.74662,0.00058
3453.81819,0.00049
3451.88976,0.00076
3449.96133,0.00114
3448.03290,0.00094
3446.10447,0.00052
3444.17604,0.00024
3442.24761,0.00000
3440.31918,0.00022
3438.39075,0.00068
3436.46232,0.00114
3434.53389,0.00169
3432.60546,0.00194
3430.67703,0.00149
3428.74860,0.00065
3426.82017,0.00010
3424.89174,0.00008
3422.96331,0.00014
3421.03488,0.00018
3419.10645,0.00066
3417.17802,0.00125
3415.24959,0.00124
3413.32116,0.00077
3411.39273,0.00049
3409.46430,0.00051
3407.53587,0.00028
3405.60744,0.00001
3403.67901,0.00042
3401.75058,0.00130
3399.82215,0.00203
3397.89372,0.00179
3395.96529,0.00127
3394.03686,0.00078
3392.10843,0.00042
3390.18000,0.00020
3388.25157,0.00000
3386.32314,0.00000
3384.39471,0.00017
3382.46628,0.00047
3380.53785,0.00084
3378.60942,0.00099
3376.68099,0.00068
3374.75256,0.00035
3372.82413,0.00063
3370.89570,0.00149
3368.96727,0.00210
3367.03884,0.00180
3365.11041,0.00114
3363.18198,0.00092
3361.25355,0.00090
3359.32512,0.00058
3357.39669,0.00024
3355.46826,0.00049
3353.53983,0.00103
3351.61140,0.00134
3349.68297,0.00147
3347.75454,0.00145
3345.82611,0.00129
3343.89768,0.00118
3341.96925,0.00138
3340.04082,0.00187
3338.11239,0.00212
3336.18396,0.00187
3334.25553,0.00155
3332.32710,0.00136
3330.39867,0.00132
3328.47024,0.00157
3326.54181,0.00195
3324.61338,0.00207
3322.68495,0.00183
3320.75652,0.00162
3318.82809,0.00184
3316.89966,0.00217
3314.97122,0.00212
3313.04279,0.00207
3311.11436,0.00238
3309.18593,0.00268
3307.25750,0.00281
3305.32907,0.00295
3303.40064,0.00302
3301.47221,0.00301
3299.54378,0.00317
3297.61535,0.00334
3295.68692,0.00336
3293.75849,0.00334
3291.83006,0.00326
3289.90163,0.00302
3287.97320,0.00252
3286.04477,0.00205
3284.11634,0.00207
3282.18791,0.00231
3280.25948,0.00243
3278.33105,0.00252
3276.40262,0.00268
3274.47419,0.00272
3272.54576,0.00258
3270.61733,0.00235
3268.68890,0.00221
3266.76047,0.00248
3264.83204,0.00303
3262.90361,0.00321
3260.97518,0.00283
3259.04675,0.00251
3257.11832,0.00261
3255.18989,0.00264
3253.26146,0.00240
3251.33303,0.00220
3249.40460,0.00232
3247.47617,0.00253
3245.54774,0.00241
3243.61931,0.00213
3241.69088,0.00204
3239.76245,0.00214
3237.83402,0.00221
3235.90559,0.00208
3233.97716,0.00180
3232.04873,0.00156
3230.12030,0.00161
3228.19187,0.00185
3226.26344,0.00194
3224.33501,0.00175
3222.40658,0.00152
3220.47815,0.00134
3218.54972,0.00143
3216.62129,0.00170
3214.69286,0.00176
3212.76443,0.00172
3210.83600,0.00151
3208.90757,0.00124
3206.97914,0.00118
3205.05071,0.00127
3203.12228,0.00156
3201.19385,0.00203
3199.26542,0.00243
3197.33699,0.00261
3195.40856,0.00228
3193.48013,0.00149
3191.55170,0.00102
3189.62327,0.00117
3187.69484,0.00138
3185.76641,0.00120
3183.83798,0.00082
3181.90955,0.00078
3179.98112,0.00110
3178.05269,0.00128
3176.12426,0.00120
3174.19583,0.00107
3172.26740,0.00119
3170.33897,0.00153
3168.41054,0.00178
3166.48211,0.00165
3164.55368,0.00117
3162.62525,0.00082
3160.69682,0.00086
3158.76839,0.00095
3156.83996,0.00085
3154.91153,0.00059
3152.98310,0.00035
3151.05467,0.00034
3149.12624,0.00037
3147.19781,0.00027
3145.26938,0.00030
3143.34095,0.00054
3141.41252,0.00081
3139.48409,0.00104
3137.55566,0.00113
3135.62723,0.00088
3133.69880,0.00034
3131.77037,0.00019
3129.84194,0.00053
3127.91351,0.00072
3125.98508,0.00063
3124.05665,0.00049
3122.12822,0.00043
3120.19979,0.00052
3118.27136,0.00067
3116.34293,0.00069
3114.41450,0.00063
3112.48607,0.00062
3110.55764,0.00057
3108.62921,0.00029
3106.70078,-0.00009
3104.77235,-0.00022
3102.84392,-0.00019
3100.91549,0.00011
3098.98706,0.00073
3097.05863,0.00100
3095.13020,0.00070
3093.20177,0.00024
3091.27334,-0.00001
3089.34491,0.00007
3087.41648,0.00018
3085.48805,0.00009
3083.55962,0.00001
3081.63119,0.00006
3079.70276,0.00021
3077.77433,0.00039
3075.84590,0.00045
3073.91747,0.00042
3071.98904,0.00059
3070.06061,0.00091
3068.13218,0.00089
3066.20375,0.00041
3064.27532,-0.00003
3062.34689,-0.00007
3060.41846,0.00003
3058.49003,-0.00005
3056.56160,-0.00020
3054.63317,0.00005
3052.70474,0.00057
3050.77631,0.00099
3048.84788,0.00111
3046.91945,0.00079
3044.99102,0.00033
3043.06259,0.00016
3041.13416,0.00029
3039.20573,0.00044
3037.27730,0.00049
3035.34887,0.00051
3033.42044,0.00054
3031.49201,0.00047
3029.56358,0.00047
3027.63515,0.00060
3025.70672,0.00061
3023.77829,0.00052
3021.84986,0.00043
3019.92143,0.00025
3017.99300,0.00000
3016.06457,0.00004
3014.13614,0.00055
3012.20771,0.00092
3010.27928,0.00075
3008.35085,0.00034
3006.42242,0.00014
3004.49399,0.00036
3002.56556,0.00066
3000.63713,0.00076
2998.70870,0.00067
2996.78027,0.00039
2994.85184,0.00019
2992.92341,0.00028
2990.99498,0.00045
2989.06655,0.00063
2987.13812,0.00065
2985.20969,0.00030
2983.28126,0.00000
2981.35283,0.00008
2979.42440,0.00025
2977.49597,0.00037
2975.56754,0.00056
2973.63911,0.00064
2971.71068,0.00051
2969.78225,0.00048
2967.85382,0.00064
2965.92539,0.00077
2963.99696,0.00075
2962.06853,0.00067
2960.14010,0.00066
2958.21167,0.00069
2956.28324,0.00064
2954.35481,0.00060
2952.42638,0.00062
2950.49795,0.00069
2948.56952,0.00079
2946.64109,0.00095
2944.71266,0.00116
2942.78423,0.00141
2940.85580,0.00163
2938.92737,0.00171
2936.99894,0.00170
2935.07051,0.00174
2933.14208,0.00174
2931.21365,0.00155
2929.28522,0.00131
2927.35679,0.00111
2925.42836,0.00085
2923.49993,0.00079
2921.57150,0.00120
2919.64307,0.00163
2917.71464,0.00159
2915.78621,0.00129
2913.85778,0.00114
2911.92935,0.00116
2910.00092,0.00119
2908.07249,0.00108
2906.14406,0.00092
2904.21563,0.00081
2902.28720,0.00059
2900.35877,0.00038
2898.43034,0.00058
2896.50191,0.00093
2894.57348,0.00090
2892.64505,0.00064
2890.71662,0.00049
2888.78819,0.00034
2886.85976,0.00014
2884.93133,0.00017
2883.00290,0.00033
2881.07447,0.00023
2879.14604,0.00000
2877.21761,0.00012
2875.28918,0.00060
2873.36075,0.00093
2871.43232,0.00091
2869.50389,0.00080
2867.57546,0.00071
2865.64703,0.00048
2863.71860,0.00024
2861.79017,0.00019
2859.86174,0.00030
2857.93331,0.00059
2856.00488,0.00099
2854.07645,0.00119
2852.14802,0.00099
2850.21959,0.00076
2848.29116,0.00071
2846.36273,0.00066
2844.43430,0.00066
2842.50587,0.00089
2840.57744,0.00111
2838.64901,0.00095
2836.72058,0.00056
2834.79215,0.00026
2832.86372,0.00006
2830.93529,-0.00002
2829.00686,0.00018
2827.07843,0.00056
2825.15000,0.00070
2823.22157,0.00066
2821.29314,0.00075
2819.36471,0.00076
2817.43628,0.00055
2815.50785,0.00040
2813.57942,0.00039
2811.65099,0.00038
2809.72256,0.00029
2807.79413,0.00017
2805.86570,0.00015
2803.93727,0.00025
2802.00884,0.00042
2800.08041,0.00062
2798.15198,0.00065
2796.22355,0.00033
2794.29512,-0.00001
2792.36669,0.00000
2790.43826,0.00035
2788.50983,0.00073
2786.58140,0.00081
2784.65297,0.00049
2782.72454,0.00009
2780.79611,0.00004
2778.86768,0.00025
2776.93925,0.00044
2775.01082,0.00055
2773.08239,0.00059
2771.15396,0.00052
2769.22553,0.00035
2767.29710,0.00012
2765.36867,0.00000
2763.44024,0.00014
2761.51181,0.00048
2759.58338,0.00063
2757.65495,0.00045
2755.72652,0.00022
2753.79809,0.00009
2751.86966,0.00008
2749.94123,0.00027
2748.01280,0.00059
2746.08437,0.00069
2744.15594,0.00048
2742.22751,0.00021
2740.29908,0.00012
2738.37065,0.00019
2736.44222,0.00032
2734.51379,0.00031
2732.58536,0.00010
2730.65693,0.00000
2728.72850,0.00028
2726.80007,0.00062
2724.87164,0.00063
2722.94321,0.00046
2721.01478,0.00038
2719.08635,0.00048
2717.15792,0.00058
2715.22949,0.00056
2713.30105,0.00063
2711.37262,0.00077
2709.44419,0.00073
2707.51576,0.00065
2705.58733,0.00068
2703.65890,0.00071
2701.73047,0.00066
2699.80204,0.00047
2697.87361,0.00018
2695.94518,0.00001
2694.01675,0.00002
2692.08832,0.00021
2690.15989,0.00045
2688.23146,0.00055
2686.30303,0.00052
2684.37460,0.00049
2682.44617,0.00049
2680.51774,0.00050
2678.58931,0.00059
2676.66088,0.00070
2674.73245,0.00061
2672.80402,0.00035
2670.87559,0.00031
2668.94716,0.00058
2667.01873,0.00067
2665.09030,0.00035
2663.16187,0.00016
2661.23344,0.00038
2659.30501,0.00066
2657.37658,0.00053
2655.44815,0.00013
2653.51972,0.00000
2651.59129,0.00021
2649.66286,0.00048
2647.73443,0.00071
2645.80600,0.00084
2643.87757,0.00080
2641.94914,0.00078
2640.02071,0.00081
2638.09228,0.00075
2636.16385,0.00063
2634.23542,0.00050
2632.30699,0.00043
2630.37856,0.00053
2628.45013,0.00072
2626.52170,0.00072
2624.59327,0.00040
2622.66484,0.00013
2620.73641,0.00023
2618.80798,0.00050
2616.87955,0.00056
2614.95112,0.00042
2613.02269,0.00034
2611.09426,0.00044
2609.16583,0.00057
2607.23740,0.00053
2605.30897,0.00032
2603.38054,0.00017
2601.45211,0.00016
2599.52368,0.00010
2597.59525,0.00000
2595.66682,0.00002
2593.73839,0.00024
2591.80996,0.00051
2589.88153,0.00066
2587.95310,0.00064
2586.02467,0.00043
2584.09624,0.00016
2582.16781,0.00007
2580.23938,0.00022
2578.31095,0.00048
2576.38252,0.00061
2574.45409,0.00056
2572.52566,0.00056
2570.59723,0.00060
2568.66880,0.00052
2566.74037,0.00040
2564.81194,0.00041
2562.88351,0.00068
2560.95508,0.00101
2559.02665,0.00096
2557.09822,0.00065
2555.16979,0.00062
2553.24136,0.00081
2551.31293,0.00078
2549.38450,0.00055
2547.45607,0.00040
2545.52764,0.00038
2543.59921,0.00042
2541.67078,0.00042
2539.74235,0.00034
2537.81392,0.00024
2535.88549,0.00029
2533.95706,0.00044
2532.02863,0.00056
2530.10020,0.00052
2528.17177,0.00034
2526.24334,0.00034
2524.31491,0.00052
2522.38648,0.00063
2520.45805,0.00065
2518.52962,0.00057
2516.60119,0.00047
2514.67276,0.00045
2512.74433,0.00033
2510.81590,0.00018
2508.88747,0.00022
2506.95904,0.00033
2505.03061,0.00036
2503.10218,0.00030
2501.17375,0.00014
2499.24532,0.00000
2497.31689,0.00004
2495.38846,0.00023
2493.46003,0.00042
2491.53160,0.00042
2489.60317,0.00035
2487.67474,0.00044
2485.74631,0.00051
2483.81788,0.00036
2481.88945,0.00023
2479.96102,0.00020
2478.03259,0.00006
2476.10416,-0.00006
2474.17573,0.00005
2472.24730,0.00020
2470.31887,0.00030
2468.39044,0.00043
2466.46201,0.00054
2464.53358,0.00056
2462.60515,0.00048
2460.67672,0.00035
2458.74829,0.00024
2456.81986,0.00022
2454.89143,0.00026
2452.96300,0.00032
2451.03457,0.00042
2449.10614,0.00045
2447.17771,0.00030
2445.24928,0.00008
2443.32085,0.00000
2441.39242,0.00005
2439.46399,0.00003
2437.53556,-0.00004
2435.60713,-0.00005
2433.67870,-0.00002
2431.75027,0.00002
2429.82184,0.00010
2427.89341,0.00009
2425.96498,-0.00003
2424.03655,-0.00003
2422.10812,-0.00002
2420.17969,-0.00002
2418.25126,-0.00002
2416.32283,-0.00001
2414.39440,-0.00001
2412.46597,-0.00001
2410.53754,-0.00001
2408.60911,-0.00001
2406.68068,-0.00000
2404.75225,0.00000
2402.82382,-0.00000
2400.89539,0.00000
2398.96696,-0.00001
2397.03853,-0.00003
2395.11010,-0.00004
2393.18167,-0.00006
2391.25324,-0.00007
2389.32481,-0.00008
2387.39638,-0.00009
2385.46795,-0.00010
2383.53952,-0.00011
2381.61109,-0.00012
2379.68266,-0.00013
2377.75423,-0.00014
2375.82580,-0.00014
2373.89737,-0.00015
2371.96894,-0.00015
2370.04051,-0.00016
2368.11208,-0.00016
2366.18365,-0.00017
2364.25522,-0.00017
2362.32679,-0.00017
2360.39836,-0.00017
2358.46993,-0.00018
2356.54150,-0.00018
2354.61307,-0.00018
2352.68464,-0.00018
2350.75621,-0.00017
2348.82778,-0.00017
2346.89935,-0.00017
2344.97092,-0.00016
2343.04249,-0.00016
2341.11406,-0.00016
2339.18563,-0.00015
2337.25720,-0.00014
2335.32877,-0.00014
2333.40034,-0.00013
2331.47191,-0.00012
2329.54348,-0.00011
2327.61505,-0.00010
2325.68662,-0.00009
2323.75819,-0.00008
2321.82976,-0.00007
2319.90133,-0.00006
2317.97290,-0.00005
2316.04447,-0.00003
2314.11604,-0.00002
2312.18761,-0.00000
2310.25918,0.00001
2308.33075,0.00003
2306.40232,0.00005
2304.47389,0.00006
2302.54546,0.00008
2300.61703,0.00010
2298.68860,0.00012
2296.76017,0.00014
2294.83174,0.00016
2292.90331,0.00018
2290.97488,0.00020
2289.04645,0.00023
2287.11802,0.00025
2285.18959,0.00027
2283.26116,0.00030
2281.33273,0.00032
2279.40430,0.00035
2277.47587,0.00038
2275.54744,0.00040
2273.61901,0.00043
2271.69058,0.00046
2269.76215,0.00049
2267.83372,0.00052
2265.90529,0.00055
2263.97686,0.00058
2262.04843,0.00061
2260.12000,0.00065
2258.19157,0.00068
2256.26314,0.00071
2254.33471,0.00075
2252.40628,0.00078
2250.47785,0.00082
2248.54942,0.00086
2246.62099,0.00089
2244.69256,0.00093
2242.76413,0.00097
2240.83570,0.00071
2238.90727,0.00069
2236.97884,0.00074
2235.05041,0.00069
2233.12198,0.00050
2231.19355,0.00021
2229.26512,0.00001
2227.33669,0.00000
2225.40826,0.00006
2223.47983,0.00024
2221.55140,0.00047
2219.62297,0.00051
2217.69454,0.00048
2215.76611,0.00060
2213.83768,0.00057
2211.90925,0.00025
2209.98082,0.00004
2208.05239,0.00014
2206.12396,0.00033
2204.19553,0.00047
2202.26710,0.00059
2200.33867,0.00079
2198.41024,0.00093
2196.48181,0.00090
2194.55338,0.00081
2192.62495,0.00074
2190.69652,0.00061
2188.76809,0.00045
2186.83966,0.00038
2184.91123,0.00032
2182.98280,0.00024
2181.05437,0.00014
2179.12594,0.00009
2177.19751,0.00013
2175.26908,0.00021
2173.34065,0.00028
2171.41222,0.00032
2169.48379,0.00027
2167.55536,0.00007
2165.62693,0.00000
2163.69850,0.00021
2161.77007,0.00034
2159.84164,0.00023
2157.91321,0.00019
2155.98478,0.00036
2154.05635,0.00054
2152.12792,0.00047
2150.19949,0.00019
2148.27106,-0.00004
2146.34263,0.00000
2144.41420,0.00025
2142.48577,0.00045
2140.55734,0.00048
2138.62891,0.00039
2136.70048,0.00031
2134.77205,0.00030
2132.84362,0.00034
2130.91519,0.00041
2128.98676,0.00053
2127.05833,0.00062
2125.12990,0.00053
2123.20147,0.00030
2121.27304,0.00014
2119.34461,0.00007
2117.41618,0.00000
2115.48775,0.00004
2113.55932,0.00030
2111.63089,0.00057
2109.70245,0.00060
2107.77402,0.00045
2105.84559,0.00040
2103.91716,0.00057
2101.98873,0.00065
2100.06030,0.00048
2098.13187,0.00025
2096.20344,0.00008
2094.27501,0.00005
2092.34658,0.00007
2090.41815,0.00007
2088.48972,0.00012
2086.56129,0.00015
2084.63286,0.00011
2082.70443,0.00006
2080.77600,0.00001
2078.84757,-0.00006
2076.91914,-0.00009
2074.99071,0.00000
2073.06228,0.00010
2071.13385,0.00011
2069.20542,0.00019
2067.27699,0.00025
2065.34856,0.00024
2063.42013,0.00038
2061.49170,0.00038
2059.56327,0.00013
2057.63484,0.00000
2055.70641,-0.00002
2053.77798,-0.00004
2051.84955,-0.00005
2049.92112,-0.00000
2047.99269,0.00008
2046.06426,0.00019
2044.13583,0.00031
2042.20740,0.00029
2040.27897,0.00020
2038.35054,0.00007
2036.42211,-0.00005
2034.49368,-0.00000
2032.56525,0.00010
2030.63682,0.00012
2028.70839,0.00003
2026.77996,-0.00012
2024.85153,-0.00016
2022.92310,0.00004
2020.99467,0.00040
2019.06624,0.00033
2017.13781,0.00000
2015.20938,0.00019
2013.28095,0.00053
2011.35252,0.00054
2009.42409,0.00042
2007.49566,0.00028
2005.56723,0.00025
2003.63880,0.00033
2001.71037,0.00039
1999.78194,0.00034
1997.85351,0.00040
1995.92508,0.00074
1993.99665,0.00073
1992.06822,0.00038
1990.13979,0.00030
1988.21136,0.00014
1986.28293,0.00003
1984.35450,0.00017
1982.42607,0.00024
1980.49764,0.00016
1978.56921,0.00013
1976.64078,0.00020
1974.71235,0.00024
1972.78392,0.00040
1970.85549,0.00078
1968.92706,0.00074
1966.99863,0.00036
1965.07020,0.00043
1963.14177,0.00051
1961.21334,0.00045
1959.28491,0.00057
1957.35648,0.00057
1955.42805,0.00038
1953.49962,0.00037
1951.57119,0.00053
1949.64276,0.00069
1947.71433,0.00082
1945.78590,0.00080
1943.85747,0.00029
1941.92904,0.00000
1940.00061,0.00049
1938.07218,0.00079
1936.14375,0.00071
1934.21532,0.00057
1932.28689,0.00041
1930.35846,0.00029
1928.43003,0.00034
1926.50160,0.00055
1924.57317,0.00042
1922.64474,0.00048
1920.71631,0.00097
1918.78788,0.00074
1916.85945,0.00060
1914.93102,0.00113
1913.00259,0.00145
1911.07416,0.00124
1909.14573,0.00096
1907.21730,0.00096
1905.28887,0.00088
1903.36044,0.00071
1901.43201,0.00081
1899.50358,0.00109
1897.57515,0.00106
1895.64672,0.00083
1893.71829,0.00104
1891.78986,0.00099
1889.86143,0.00044
1887.93300,0.00067
1886.00457,0.00113
1884.07614,0.00110
1882.14771,0.00119
1880.21928,0.00139
1878.29085,0.00147
1876.36242,0.00150
1874.43399,0.00181
1872.50556,0.00218
1870.57713,0.00138
1868.64870,0.00000
1866.72027,0.00016
1864.79184,0.00113
1862.86341,0.00134
1860.93498,0.00106
1859.00655,0.00101
1857.07812,0.00130
1855.14969,0.00160
1853.22126,0.00175
1851.29283,0.00194
1849.36440,0.00224
1847.43597,0.00239
1845.50754,0.00155
1843.57911,0.00072
1841.65068,0.00138
1839.72225,0.00179
1837.79382,0.00149
1835.86539,0.00179
1833.93696,0.00236
1832.00853,0.00150
1830.08010,-0.00005
1828.15167,0.00023
1826.22324,0.00064
1824.29481,0.00048
1822.36638,0.00096
1820.43795,0.00138
1818.50952,0.00147
1816.58109,0.00170
1814.65266,0.00185
1812.72423,0.00122
1810.79580,0.00056
1808.86737,0.00100
1806.93894,0.00185
1805.01051,0.00233
1803.08208,0.00210
1801.15365,0.00140
1799.22522,0.00153
1797.29679,0.00257
1795.36836,0.00283
1793.43993,0.00127
1791.51150,0.00026
1789.58307,0.00174
1787.65464,0.00298
1785.72621,0.00294
1783.79778,0.00260
1781.86935,0.00196
1779.94092,0.00187
1778.01249,0.00309
1776.08406,0.00375
1774.15563,0.00212
1772.22720,0.00006
1770.29877,0.00071
1768.37034,0.00220
1766.44191,0.00325
1764.51348,0.00325
1762.58505,0.00204
1760.65662,0.00195
1758.72819,0.00231
1756.79976,0.00229
1754.87133,0.00330
1752.94290,0.00365
1751.01447,0.00221
1749.08604,0.00097
1747.15761,0.00146
1745.22918,0.00248
1743.30075,0.00276
1741.37232,0.00236
1739.44389,0.00266
1737.51546,0.00386
1735.58703,0.00242
1733.65860,0.00012
1731.73017,0.00104
1729.80174,0.00229
1727.87331,0.00297
1725.94488,0.00307
1724.01645,0.00304
1722.08802,0.00388
1720.15959,0.00351
1718.23116,0.00089
1716.30273,0.00000
1714.37430,0.00198
1712.44587,0.00404
1710.51744,0.00489
1708.58901,0.00452
1706.66058,0.00380
1704.73215,0.00522
1702.80372,0.00729
1700.87529,0.00667
1698.94686,0.00570
1697.01843,0.00461
1695.09000,0.00507
1693.16157,0.00764
1691.23314,0.00871
1689.30471,0.00913
1687.37628,0.00956
1685.44785,0.00732
1683.51942,0.00638
1681.59099,0.00980
1679.66256,0.01261
1677.73413,0.01307
1675.80570,0.01237
1673.87727,0.01311
1671.94884,0.01326
1670.02041,0.01163
1668.09198,0.01298
1666.16355,0.01567
1664.23512,0.01551
1662.30669,0.01484
1660.37826,0.01709
1658.44983,0.01992
1656.52140,0.01990
1654.59297,0.01594
1652.66454,0.01478
1650.73611,0.01970
1648.80768,0.02001
1646.87925,0.01580
1644.95082,0.01587
1643.02239,0.01796
1641.09396,0.01876
1639.16553,0.01788
1637.23710,0.01443
1635.30867,0.01175
1633.38024,0.01344
1631.45181,0.01464
1629.52338,0.01324
1627.59495,0.01178
1625.66652,0.01098
1623.73809,0.00982
1621.80966,0.01043
1619.88123,0.01097
1617.95280,0.00798
1616.02437,0.00574
1614.09594,0.00715
1612.16751,0.00773
1610.23908,0.00643
1608.31065,0.00538
1606.38222,0.00535
1604.45379,0.00522
1602.52536,0.00483
1600.59693,0.00487
1598.66850,0.00500
1596.74007,0.00470
1594.81164,0.00443
1592.88321,0.00461
1590.95478,0.00481
1589.02635,0.00495
1587.09792,0.00519
1585.16949,0.00548
1583.24106,0.00600
1581.31263,0.00688
1579.38420,0.00671
1577.45577,0.00434
1575.52734,0.00404
1573.59891,0.00745
1571.67048,0.00798
1569.74205,0.00588
1567.81362,0.00642
1565.88519,0.00846
1563.95676,0.01055
1562.02833,0.01070
1560.09990,0.00667
1558.17147,0.00560
1556.24304,0.00992
1554.31461,0.01231
1552.38618,0.01271
1550.45775,0.01263
1548.52932,0.01370
1546.60089,0.01472
1544.67246,0.01372
1542.74403,0.01066
1540.81560,0.00618
1538.88717,0.00801
1536.95874,0.01314
1535.03031,0.01319
1533.10188,0.01086
1531.17345,0.01187
1529.24502,0.01282
1527.31659,0.01229
1525.38816,0.01242
1523.45973,0.01167
1521.53130,0.01010
1519.60287,0.01045
1517.67444,0.00975
1515.74601,0.00959
1513.81758,0.01151
1511.88915,0.01257
1509.96072,0.01025
1508.03229,0.00404
1506.10385,0.00171
1504.17542,0.00630
1502.24699,0.00911
1500.31856,0.00760
1498.39013,0.00433
1496.46170,0.00322
1494.53327,0.00524
1492.60484,0.00572
1490.67641,0.00287
1488.74798,0.00109
1486.81955,0.00225
1484.89112,0.00372
1482.96269,0.00369
1481.03426,0.00339
1479.10583,0.00405
1477.17740,0.00427
1475.24897,0.00268
1473.32054,0.00015
1471.39211,0.00096
1469.46368,0.00410
1467.53525,0.00444
1465.60682,0.00244
1463.67839,0.00292
1461.74996,0.00514
1459.82153,0.00396
1457.89310,0.00000
1455.96467,0.00043
1454.03624,0.00367
1452.10781,0.00490
1450.17938,0.00403
1448.25095,0.00271
1446.32252,0.00261
1444.39409,0.00325
1442.46566,0.00368
1440.53723,0.00400
1438.60880,0.00319
1436.68037,0.00206
1434.75194,0.00303
1432.82351,0.00371
1430.89508,0.00273
1428.96665,0.00242
1427.03822,0.00298
1425.10979,0.00298
1423.18136,0.00322
1421.25293,0.00295
1419.32450,0.00156
1417.39607,0.00203
1415.46764,0.00349
1413.53921,0.00364
1411.61078,0.00318
1409.68235,0.00332
1407.75392,0.00336
1405.82549,0.00274
1403.89706,0.00308
1401.96863,0.00411
1400.04020,0.00412
1398.11177,0.00378
1396.18334,0.00320
1394.25491,0.00277
1392.32648,0.00355
1390.39805,0.00370
1388.46962,0.00231
1386.54119,0.00143
1384.61276,0.00192
1382.68433,0.00219
1380.75590,0.00198
1378.82747,0.00184
1376.89904,0.00133
1374.97061,0.00037
1373.04218,0.00049
1371.11375,0.00114
1369.18532,0.00099
1367.25689,0.00108
1365.32846,0.00107
1363.40003,0.00030
1361.47160,0.00033
1359.54317,0.00111
1357.61474,0.00105
1355.68631,0.00034
1353.75788,0.00000
1351.82945,0.00000
1349.90102,-0.00001
1347.97259,0.00005
1346.04416,0.00030
1344.11573,0.00068
1342.18730,0.00074
1340.25887,0.00036
1338.33044,0.00054
1336.40201,0.00099
1334.47358,0.00082
1332.54515,0.00045
1330.61672,0.00043
1328.68829,0.00063
1326.75986,0.00079
1324.83143,0.00094
1322.90300,0.00098
1320.97457,0.00074
1319.04614,0.00060
1317.11771,0.00099
1315.18928,0.00135
1313.26085,0.00140
1311.33242,0.00155
1309.40399,0.00162
1307.47556,0.00145
1305.54713,0.00128
1303.61870,0.00120
1301.69027,0.00131
1299.76184,0.00168
1297.83341,0.00226
1295.90498,0.00281
1293.97655,0.00322
1292.04812,0.00360
1290.11969,0.00396
1288.19126,0.00418
1286.26283,0.00434
1284.33440,0.00463
1282.40597,0.00514
1280.47754,0.00578
1278.54911,0.00642
1276.62068,0.00702
1274.69225,0.00756
1272.76382,0.00807
1270.83539,0.00882
1268.90696,0.00978
1266.97853,0.01067
1265.05010,0.01143
1263.12167,0.01225
1261.19324,0.01333
1259.26481,0.01489
1257.33638,0.01665
1255.40795,0.01824
1253.47952,0.01978
1251.55109,0.02142
1249.62266,0.02308
1247.69423,0.02463
1245.76580,0.02612
1243.83737,0.02773
1241.90894,0.02945
1239.98051,0.03113
1238.05208,0.03263
1236.12365,0.03392
1234.19522,0.03517
1232.26679,0.03642
1230.33836,0.03753
1228.40993,0.03873
1226.48150,0.04020
1224.55307,0.04158
1222.62464,0.04246
1220.69621,0.04310
1218.76778,0.04376
1216.83935,0.04428
1214.91092,0.04480
1212.98249,0.04563
1211.05406,0.04659
1209.12563,0.04745
1207.19720,0.04835
1205.26877,0.04921
1203.34034,0.04981
1201.41191,0.05035
1199.48348,0.05107
1197.55505,0.05191
1195.62662,0.05280
1193.69819,0.05372
1191.76976,0.05454
1189.84133,0.05517
1187.91290,0.05583
1185.98447,0.05659
1184.05604,0.05723
1182.12761,0.05785
1180.19918,0.05854
1178.27075,0.05918
1176.34232,0.05988
1174.41389,0.06078
1172.48546,0.06179
1170.55703,0.06294
1168.62860,0.06422
1166.70017,0.06529
1164.77174,0.06596
1162.84331,0.06660
1160.91488,0.06741
1158.98645,0.06826
1157.05802,0.06910
1155.12959,0.06997
1153.20116,0.07102
1151.27273,0.07231
1149.34430,0.07344
1147.41587,0.07418
1145.48744,0.07503
1143.55901,0.07647
1141.63058,0.07828
1139.70215,0.07997
1137.77372,0.08160
1135.84529,0.08327
1133.91686,0.08485
1131.98843,0.08659
1130.06000,0.08869
1128.13157,0.09093
1126.20314,0.09339
1124.27471,0.09606
1122.34628,0.09864
1120.41785,0.10132
1118.48942,0.10433
1116.56099,0.10750
1114.63256,0.11087
1112.70413,0.11467
1110.77570,0.11901
1108.84727,0.12386
1106.91884,0.12888
1104.99041,0.13368
1103.06198,0.13843
1101.13355,0.14341
1099.20512,0.14809
1097.27669,0.15194
1095.34826,0.15540
1093.41983,0.15893
1091.49140,0.16246
1089.56297,0.16596
1087.63454,0.16928
1085.70611,0.17197
1083.77768,0.17433
1081.84925,0.17681
1079.92082,0.17888
1077.99239,0.18035
1076.06396,0.18158
1074.13553,0.18245
1072.20710,0.18310
1070.27867,0.18390
1068.35024,0.18455
1066.42181,0.18437
1064.49338,0.18326
1062.56495,0.18194
1060.63652,0.18088
1058.70809,0.17969
1056.77966,0.17750
1054.85123,0.17431
1052.92280,0.17073
1050.99437,0.16666
1049.06594,0.16188
1047.13751,0.15660
1045.20908,0.15096
1043.28065,0.14496
1041.35222,0.13855
1039.42379,0.13198
1037.49536,0.12549
1035.56693,0.11860
1033.63850,0.11105
1031.71007,0.10346
1029.78164,0.09624
1027.85321,0.08927
1025.92478,0.08254
1023.99635,0.07600
1022.06792,0.06968
1020.13949,0.06395
1018.21106,0.05894
1016.28263,0.05446
1014.35420,0.05043
1012.42577,0.04653
1010.49734,0.04251
1008.56891,0.03863
1006.64048,0.03520
1004.71205,0.03230
1002.78362,0.02991
1000.85519,0.02793
998.92676,0.02616
996.99833,0.02440
995.06990,0.02275
993.14147,0.02151
991.21304,0.02088
989.28461,0.02067
987.35618,0.02037
985.42775,0.01978
983.49932,0.01941
981.57089,0.01971
979.64246,0.02032
977.71403,0.02065
975.78560,0.02063
973.85717,0.02051
971.92874,0.02040
970.00031,0.02012
968.07188,0.01946
966.14345,0.01866
964.21502,0.01816
962.28659,0.01807
960.35816,0.01802
958.42973,0.01752
956.50130,0.01657
954.57287,0.01546
952.64444,0.01439
950.71601,0.01365
948.78758,0.01341
946.85915,0.01339
944.93072,0.01311
943.00229,0.01254
941.07386,0.01185
939.14543,0.01094
937.21700,0.01008
935.28857,0.00970
933.36014,0.00953
931.43171,0.00920
929.50328,0.00867
927.57485,0.00799
925.64642,0.00736
923.71799,0.00703
921.78956,0.00688
919.86113,0.00644
917.93270,0.00538
916.00427,0.00410
914.07584,0.00329
912.14741,0.00295
910.21898,0.00286
908.29055,0.00286
906.36212,0.00276
904.43368,0.00263
902.50525,0.00261
900.57682,0.00259
898.64839,0.00251
896.71996,0.00236
894.79153,0.00203
892.86310,0.00145
890.93467,0.00060
889.00624,0.00000
887.07781,0.00008
885.14938,0.00043
883.22095,0.00032
881.29252,0.00006
879.36409,0.00012
877.43566,0.00045
875.50723,0.00056
873.57880,0.00021
871.65037,0.00000
869.72194,0.00035
867.79351,0.00078
865.86508,0.00096
863.93665,0.00117
862.00822,0.00153
860.07979,0.00180
858.15136,0.00188
856.22293,0.00219
854.29450,0.00290
852.36607,0.00328
850.43764,0.00321
848.50921,0.00365
846.58078,0.00429
844.65235,0.00430
842.72392,0.00462
840.79549,0.00586
838.86706,0.00710
836.93863,0.00813
835.01020,0.00952
833.08177,0.01103
831.15334,0.01202
829.22491,0.01266
827.29648,0.01357
825.36805,0.01468
823.43962,0.01541
821.51119,0.01600
819.58276,0.01698
817.65433,0.01805
815.72590,0.01910
813.79747,0.02048
811.86904,0.02209
809.94061,0.02347
808.01218,0.02449
806.08375,0.02548
804.15532,0.02600
802.22689,0.02546
800.29846,0.02487
798.37003,0.02507
796.44160,0.02537
794.51317,0.02511
792.58474,0.02428
790.65631,0.02305
788.72788,0.02205
786.79945,0.02188
784.87102,0.02162
782.94259,0.02043
781.01416,0.01878
779.08573,0.01672
777.15730,0.01445
775.22887,0.01283
773.30044,0.01149
771.37201,0.01012
769.44358,0.00934
767.51515,0.00880
765.58672,0.00823
763.65829,0.00777
761.72986,0.00696
759.80143,0.00609
757.87300,0.00581
755.94457,0.00573
754.01614,0.00536
752.08771,0.00504
750.15928,0.00509
748.23085,0.00488
746.30242,0.00383
744.37399,0.00304
742.44556,0.00364
740.51713,0.00415
738.58870,0.00333
736.66027,0.00247
734.73184,0.00244
732.80341,0.00264
730.87498,0.00285
728.94655,0.00330
727.01812,0.00414
725.08969,0.00506
723.16126,0.00595
721.23283,0.00531
719.30440,0.00439
717.37597,0.00398
715.44754,0.00391
713.51911,0.00423
711.59068,0.00476
709.66225,0.00511
707.73382,0.00528
705.80539,0.00583
703.87696,0.00685
701.94853,0.00779
700.02010,0.00826
698.09167,0.00851
696.16324,0.00867
694.23481,0.00860
692.30638,0.00821
690.37795,0.00741
688.44952,0.00614
686.52109,0.00462
684.59266,0.00337
682.66423,0.00261
680.73580,0.00234
678.80737,0.00312
676.87894,0.00478
674.95051,0.00619
673.02208,0.00720
671.09365,0.00754
669.16522,0.00610
667.23679,0.00384
665.30836,0.00279
663.37993,0.00204
661.45150,0.00130
659.52307,0.00113
657.59464,0.00097
655.66621,0.00084
653.73778,0.00086
651.80935,0.00136
649.88092,0.00262
647.95249,0.00351
646.02406,0.00273
644.09563,0.00104
642.16720,0.00000
640.23877,0.00066
638.31034,0.00304
636.38191,0.00459
634.45348,0.00385
632.52505,0.00268
630.59662,0.00260
628.66819,0.00313
626.73976,0.00391
624.81133,0.00468
622.88290,0.00389
620.95447,0.00390
619.02604,0.00536
617.09761,0.00560
615.16918,0.00423
613.24075,0.00204
611.31232,0.00039
609.38389,0.00140
607.45546,0.00517
605.52703,0.00704
603.59860,0.00450
601.67017,0.00081
599.74174,0.00000
