4001.49232,0.00010
3999.56389,0.00057
3997.63546,0.00063
3995.70703,0.00099
3993.77860,0.00161
3991.85017,0.00166
3989.92174,0.00099
3987.99331,0.00048
3986.06488,0.00069
3984.13645,0.00118
3982.20802,0.00122
3980.27959,0.00082
3978.35116,0.00051
3976.42273,0.00043
3974.49430,0.00034
3972.56587,0.00039
3970.63744,0.00079
3968.70901,0.00125
3966.78058,0.00140
3964.85215,0.00128
3962.92372,0.00117
3960.99529,0.00099
3959.06686,0.00051
3957.13843,-0.00002
3955.21000,0.00000
3953.28157,0.00093
3951.35314,0.00217
3949.42471,0.00255
3947.49628,0.00198
3945.56785,0.00140
3943.63942,0.00088
3941.71099,0.00011
3939.78256,-0.00031
3937.85413,0.00014
3935.92570,0.00110
3933.99727,0.00171
3932.06884,0.00134
3930.14041,0.00051
3928.21198,0.00014
3926.28355,-0.00000
3924.35512,-0.00016
3922.42669,0.00038
3920.49826,0.00149
3918.56982,0.00175
3916.64139,0.00077
3914.71296,0.00000
3912.78453,0.00029
3910.85610,0.00115
3908.92767,0.00211
3906.99924,0.00296
3905.07081,0.00339
3903.14238,0.00338
3901.21395,0.00293
3899.28552,0.00215
3897.35709,0.00182
3895.42866,0.00247
3893.50023,0.00334
3891.57180,0.00342
3889.64337,0.00341
3887.71494,0.00434
3885.78651,0.00520
3883.85808,0.00512
3881.92965,0.00469
3880.00122,0.00411
3878.07279,0.00391
3876.14436,0.00440
3874.21593,0.00458
3872.28750,0.00425
3870.35907,0.00392
3868.43064,0.00382
3866.50221,0.00390
3864.57378,0.00330
3862.64535,0.00240
3860.71692,0.00299
3858.78849,0.00532
3856.86006,0.00770
3854.93163,0.00687
3853.00320,0.00219
3851.07477,0.00000
3849.14634,0.00193
3847.21791,0.00428
3845.28948,0.00500
3843.36105,0.00438
3841.43262,0.00334
3839.50419,0.00245
3837.57576,0.00197
3835.64733,0.00208
3833.71890,0.00259
3831.79047,0.00309
3829.86204,0.00355
3827.93361,0.00391
3826.00518,0.00411
3824.07675,0.00439
3822.14832,0.00422
3820.21989,0.00318
3818.29146,0.00238
3816.36303,0.00194
3814.43460,0.00191
3812.50617,0.00309
3810.57774,0.00467
3808.64931,0.00495
3806.72088,0.00395
3804.79245,0.00359
3802.86402,0.00376
3800.93559,0.00254
3799.00716,0.00107
3797.07873,0.00075
3795.15030,0.00090
3793.22187,0.00119
3791.29344,0.00160
3789.36501,0.00190
3787.43658,0.00198
3785.50815,0.00180
3783.57972,0.00174
3781.65129,0.00188
3779.72286,0.00141
3777.79443,0.00055
3775.86600,0.00066
3773.93757,0.00167
3772.00914,0.00221
3770.08071,0.00162
3768.15228,0.00090
3766.22385,0.00097
3764.29542,0.00167
3762.36699,0.00277
3760.43856,0.00366
3758.51013,0.00401
3756.58170,0.00478
3754.65327,0.00622
3752.72484,0.00660
3750.79641,0.00480
3748.86798,0.00319
3746.93955,0.00349
3745.01112,0.00413
3743.08269,0.00391
3741.15426,0.00433
3739.22583,0.00555
3737.29740,0.00566
3735.36897,0.00342
3733.44054,0.00045
3731.51211,0.00000
3729.58368,0.00210
3727.65525,0.00444
3725.72682,0.00527
3723.79839,0.00477
3721.86996,0.00390
3719.94153,0.00314
3718.01310,0.00301
3716.08467,0.00375
3714.15624,0.00460
3712.22781,0.00410
3710.29938,0.00214
3708.37095,0.00080
3706.44252,0.00108
3704.51409,0.00203
3702.58566,0.00239
3700.65723,0.00205
3698.72880,0.00175
3696.80037,0.00191
3694.87194,0.00253
3692.94351,0.00284
3691.01508,0.00158
3689.08665,-0.00040
3687.15822,-0.00043
3685.22979,0.00102
3683.30136,0.00218
3681.37293,0.00264
3679.44450,0.00287
3677.51607,0.00285
3675.58764,0.00207
3673.65921,0.00126
3671.73078,0.00099
3669.80235,0.00010
3667.87392,-0.00041
3665.94549,0.00042
3664.01706,0.00141
3662.08863,0.00176
3660.16020,0.00200
3658.23177,0.00239
3656.30334,0.00263
3654.37491,0.00309
3652.44648,0.00369
3650.51805,0.00276
3648.58962,0.00058
3646.66119,0.00001
3644.73276,0.00134
3642.80433,0.00268
3640.87590,0.00296
3638.94747,0.00284
3637.01904,0.00330
3635.09061,0.00426
3633.16218,0.00501
3631.23375,0.00471
3629.30532,0.00248
3627.37689,0.00000
3625.44846,0.00029
3623.52003,0.00233
3621.59160,0.00318
3619.66317,0.00181
3617.73474,0.00023
3615.80631,0.00039
3613.87788,0.00175
3611.94945,0.00344
3610.02102,0.00474
3608.09259,0.00465
3606.16416,0.00363
3604.23573,0.00322
3602.30730,0.00361
3600.37887,0.00410
3598.45044,0.00445
3596.52201,0.00449
3594.59358,0.00404
3592.66515,0.00368
3590.73672,0.00415
3588.80829,0.00451
3586.87986,0.00326
3584.95143,0.00150
3583.02300,0.00105
3581.09457,0.00148
3579.16614,0.00180
3577.23771,0.00183
3575.30928,0.00186
3573.38085,0.00226
3571.45242,0.00317
3569.52399,0.00411
3567.59556,0.00398
3565.66713,0.00264
3563.73870,0.00181
3561.81027,0.00221
3559.88184,0.00302
3557.95341,0.00367
3556.02498,0.00422
3554.09655,0.00454
3552.16812,0.00449
3550.23969,0.00445
3548.31126,0.00458
3546.38283,0.00425
3544.45440,0.00334
3542.52597,0.00279
3540.59754,0.00301
3538.66911,0.00345
3536.74068,0.00367
3534.81225,0.00377
3532.88382,0.00392
3530.95539,0.00390
3529.02696,0.00377
3527.09853,0.00407
3525.17010,0.00469
3523.24167,0.00480
3521.31324,0.00433
3519.38481,0.00412
3517.45638,0.00445
3515.52795,0.00493
3513.59952,0.00526
3511.67109,0.00520
3509.74266,0.00469
3507.81423,0.00420
3505.88580,0.00430
3503.95737,0.00485
3502.02894,0.00525
3500.10051,0.00531
3498.17208,0.00540
3496.24365,0.00552
3494.31522,0.00540
3492.38679,0.00538
3490.45836,0.00579
3488.52993,0.00630
3486.60150,0.00662
3484.67307,0.00693
3482.74464,0.00719
3480.81621,0.00714
3478.88778,0.00685
3476.95935,0.00674
3475.03092,0.00708
3473.10249,0.00761
3471.17406,0.00787
3469.24563,0.00782
3467.31720,0.00782
3465.38877,0.00795
3463.46034,0.00811
3461.53191,0.00839
3459.60348,0.00872
3457.67505,0.00883
3455.74662,0.00873
3453.81819,0.00864
3451.88976,0.00854
3449.96133,0.00859
3448.03290,0.00885
3446.10447,0.00904
3444.17604,0.00912
3442.24761,0.00933
3440.31918,0.00990
3438.39075,0.01070
3436.46232,0.01123
3434.53389,0.01155
3432.60546,0.01187
3430.67703,0.01180
3428.74860,0.01118
3426.82017,0.01074
3424.89174,0.01094
3422.96331,0.01135
3421.03488,0.01162
3419.10645,0.01227
3417.17802,0.01342
3415.24959,0.01409
3413.32116,0.01387
3411.39273,0.01364
3409.46430,0.01386
3407.53587,0.01400
3405.60744,0.01398
3403.67901,0.01447
3401.75058,0.01569
3399.82215,0.01712
3397.89372,0.01728
3395.96529,0.01676
3394.03686,0.01639
3392.10843,0.01611
3390.18000,0.01579
3388.25157,0.01590
3386.32314,0.01652
3384.39471,0.01719
3382.46628,0.01782
3380.53785,0.01846
3378.60942,0.01888
3376.68099,0.01904
3374.75256,0.01919
3372.82413,0.01951
3370.89570,0.02026
3368.96727,0.02113
3367.03884,0.02136
3365.11041,0.02110
3363.18198,0.02120
3361.25355,0.02152
3359.32512,0.02154
3357.39669,0.02181
3355.46826,0.02286
3353.53983,0.02407
3351.61140,0.02475
3349.68297,0.02491
3347.75454,0.02490
3345.82611,0.02510
3343.89768,0.02561
3341.96925,0.02631
3340.04082,0.02719
3338.11239,0.02800
3336.18396,0.02847
3334.25553,0.02871
3332.32710,0.02893
3330.39867,0.02950
3328.47024,0.03045
3326.54181,0.03126
3324.61338,0.03175
3322.68495,0.03220
3320.75652,0.03273
3318.82809,0.03313
3316.89966,0.03313
3314.97122,0.03303
3313.04279,0.03349
3311.11436,0.03446
3309.18593,0.03530
3307.25750,0.03591
3305.32907,0.03652
3303.40064,0.03712
3301.47221,0.03769
3299.54378,0.03828
3297.61535,0.03869
3295.68692,0.03889
3293.75849,0.03890
3291.83006,0.03862
3289.90163,0.03807
3287.97320,0.03743
3286.04477,0.03721
3284.11634,0.03765
3282.18791,0.03821
3280.25948,0.03849
3278.33105,0.03864
3276.40262,0.03862
3274.47419,0.03818
3272.54576,0.03735
3270.61733,0.03651
3268.68890,0.03577
3266.76047,0.03517
3264.83204,0.03488
3262.90361,0.03477
3260.97518,0.03433
3259.04675,0.03352
3257.11832,0.03272
3255.18989,0.03203
3253.26146,0.03128
3251.33303,0.03033
3249.40460,0.02941
3247.47617,0.02887
3245.54774,0.02853
3243.61931,0.02797
3241.69088,0.02733
3239.76245,0.02691
3237.83402,0.02657
3235.90559,0.02587
3233.97716,0.02481
3232.04873,0.02395
3230.12030,0.02369
3228.19187,0.02371
3226.26344,0.02351
3224.33501,0.02313
3222.40658,0.02285
3220.47815,0.02265
3218.54972,0.02239
3216.62129,0.02197
3214.69286,0.02153
3212.76443,0.02122
3210.83600,0.02084
3208.90757,0.02025
3206.97914,0.01981
3205.05071,0.01960
3203.12228,0.01938
3201.19385,0.01908
3199.26542,0.01893
3197.33699,0.01907
3195.40856,0.01906
3193.48013,0.01853
3191.55170,0.01784
3189.62327,0.01733
3187.69484,0.01681
3185.76641,0.01627
3183.83798,0.01565
3181.90955,0.01489
3179.98112,0.01432
3178.05269,0.01404
3176.12426,0.01372
3174.19583,0.01332
3172.26740,0.01291
3170.33897,0.01246
3168.41054,0.01203
3166.48211,0.01167
3164.55368,0.01116
3162.62525,0.01060
3160.69682,0.01016
3158.76839,0.00959
3156.83996,0.00890
3154.91153,0.00848
3152.98310,0.00847
3151.05467,0.00867
3149.12624,0.00864
3147.19781,0.00812
3145.26938,0.00735
3143.34095,0.00673
3141.41252,0.00656
3139.48409,0.00676
3137.55566,0.00688
3135.62723,0.00648
3133.69880,0.00548
3131.77037,0.00463
3129.84194,0.00462
3127.91351,0.00480
3125.98508,0.00454
3124.05665,0.00429
3122.12822,0.00439
3120.19979,0.00459
3118.27136,0.00455
3116.34293,0.00418
3114.41450,0.00374
3112.48607,0.00358
3110.55764,0.00365
3108.62921,0.00362
3106.70078,0.00330
3104.77235,0.00279
3102.84392,0.00251
3100.91549,0.00284
3098.98706,0.00344
3097.05863,0.00371
3095.13020,0.00361
3093.20177,0.00352
3091.27334,0.00355
3089.34491,0.00346
3087.41648,0.00322
3085.48805,0.00307
3083.55962,0.00320
3081.63119,0.00348
3079.70276,0.00357
3077.77433,0.00349
3075.84590,0.00358
3073.91747,0.00398
3071.98904,0.00449
3070.06061,0.00475
3068.13218,0.00460
3066.20375,0.00431
3064.27532,0.00412
3062.34689,0.00405
3060.41846,0.00402
3058.49003,0.00379
3056.56160,0.00335
3054.63317,0.00317
3052.70474,0.00346
3050.77631,0.00377
3048.84788,0.00370
3046.91945,0.00337
3044.99102,0.00303
3043.06259,0.00277
3041.13416,0.00260
3039.20573,0.00243
3037.27730,0.00226
3035.34887,0.00231
3033.42044,0.00247
3031.49201,0.00230
3029.56358,0.00176
3027.63515,0.00122
3025.70672,0.00085
3023.77829,0.00068
3021.84986,0.00067
3019.92143,0.00058
3017.99300,0.00032
3016.06457,0.00029
3014.13614,0.00063
3012.20771,0.00077
3010.27928,0.00047
3008.35085,0.00009
3006.42242,0.00000
3004.49399,0.00026
3002.56556,0.00061
3000.63713,0.00082
2998.70870,0.00086
2996.78027,0.00077
2994.85184,0.00071
2992.92341,0.00094
2990.99498,0.00158
2989.06655,0.00243
2987.13812,0.00290
2985.20969,0.00288
2983.28126,0.00290
2981.35283,0.00325
2979.42440,0.00389
2977.49597,0.00482
2975.56754,0.00592
2973.63911,0.00672
2971.71068,0.00711
2969.78225,0.00755
2967.85382,0.00819
2965.92539,0.00870
2963.99696,0.00897
2962.06853,0.00918
2960.14010,0.00935
2958.21167,0.00931
2956.28324,0.00915
2954.35481,0.00917
2952.42638,0.00940
2950.49795,0.00943
2948.56952,0.00915
2946.64109,0.00907
2944.71266,0.00955
2942.78423,0.01032
2940.85580,0.01096
2938.92737,0.01127
2936.99894,0.01139
2935.07051,0.01154
2933.14208,0.01163
2931.21365,0.01154
2929.28522,0.01149
2927.35679,0.01141
2925.42836,0.01086
2923.49993,0.01005
2921.57150,0.00968
2919.64307,0.00959
2917.71464,0.00911
2915.78621,0.00831
2913.85778,0.00768
2911.92935,0.00725
2910.00092,0.00686
2908.07249,0.00642
2906.14406,0.00595
2904.21563,0.00546
2902.28720,0.00490
2900.35877,0.00450
2898.43034,0.00444
2896.50191,0.00458
2894.57348,0.00450
2892.64505,0.00417
2890.71662,0.00398
2888.78819,0.00387
2886.85976,0.00380
2884.93133,0.00402
2883.00290,0.00431
2881.07447,0.00427
2879.14604,0.00416
2877.21761,0.00444
2875.28918,0.00491
2873.36075,0.00511
2871.43232,0.00503
2869.50389,0.00489
2867.57546,0.00459
2865.64703,0.00403
2863.71860,0.00358
2861.79017,0.00344
2859.86174,0.00339
2857.93331,0.00334
2856.00488,0.00333
2854.07645,0.00315
2852.14802,0.00272
2850.21959,0.00228
2848.29116,0.00204
2846.36273,0.00182
2844.43430,0.00149
2842.50587,0.00128
2840.57744,0.00119
2838.64901,0.00095
2836.72058,0.00057
2834.79215,0.00022
2832.86372,-0.00001
2830.93529,0.00000
2829.00686,0.00023
2827.07843,0.00042
2825.15000,0.00038
2823.22157,0.00028
2821.29314,0.00030
2819.36471,0.00037
2817.43628,0.00043
2815.50785,0.00046
2813.57942,0.00040
2811.65099,0.00030
2809.72256,0.00023
2807.79413,0.00020
2805.86570,0.00022
2803.93727,0.00032
2802.00884,0.00055
2800.08041,0.00079
2798.15198,0.00066
2796.22355,0.00015
2794.29512,-0.00015
2792.36669,0.00005
2790.43826,0.00037
2788.50983,0.00052
2786.58140,0.00057
2784.65297,0.00050
2782.72454,0.00039
2780.79611,0.00046
2778.86768,0.00059
2776.93925,0.00061
2775.01082,0.00071
2773.08239,0.00086
2771.15396,0.00082
2769.22553,0.00071
2767.29710,0.00063
2765.36867,0.00055
2763.44024,0.00059
2761.51181,0.00074
2759.58338,0.00068
2757.65495,0.00031
2755.72652,0.00008
2753.79809,0.00010
2751.86966,0.00010
2749.94123,0.00034
2748.01280,0.00086
2746.08437,0.00113
2744.15594,0.00094
2742.22751,0.00062
2740.29908,0.00040
2738.37065,0.00020
2736.44222,0.00004
2734.51379,0.00004
2732.58536,0.00011
2730.65693,0.00010
2728.72850,0.00011
2726.80007,0.00012
2724.87164,0.00012
2722.94321,0.00018
2721.01478,0.00020
2719.08635,0.00016
2717.15792,0.00021
2715.22949,0.00037
2713.30105,0.00048
2711.37262,0.00032
2709.44419,0.00004
2707.51576,0.00001
2705.58733,0.00012
2703.65890,0.00010
2701.73047,0.00009
2699.80204,0.00012
2697.87361,0.00004
2695.94518,-0.00000
2694.01675,0.00017
2692.08832,0.00039
2690.15989,0.00047
2688.23146,0.00042
2686.30303,0.00029
2684.37460,0.00021
2682.44617,0.00028
2680.51774,0.00042
2678.58931,0.00054
2676.66088,0.00061
2674.73245,0.00060
2672.80402,0.00053
2670.87559,0.00059
2668.94716,0.00082
2667.01873,0.00088
2665.09030,0.00053
2663.16187,0.00023
2661.23344,0.00044
2659.30501,0.00077
2657.37658,0.00059
2655.44815,0.00011
2653.51972,0.00000
2651.59129,0.00019
2649.66286,0.00044
2647.73443,0.00080
2645.80600,0.00117
2643.87757,0.00126
2641.94914,0.00119
2640.02071,0.00106
2638.09228,0.00094
2636.16385,0.00090
2634.23542,0.00076
2632.30699,0.00050
2630.37856,0.00041
2628.45013,0.00049
2626.52170,0.00045
2624.59327,0.00022
2622.66484,-0.00000
2620.73641,0.00007
2618.80798,0.00045
2616.87955,0.00069
2614.95112,0.00050
2613.02269,0.00027
2611.09426,0.00037
2609.16583,0.00052
2607.23740,0.00047
2605.30897,0.00028
2603.38054,0.00016
2601.45211,0.00008
2599.52368,0.00001
2597.59525,0.00005
2595.66682,0.00012
2593.73839,0.00019
2591.80996,0.00036
2589.88153,0.00055
2587.95310,0.00065
2586.02467,0.00052
2584.09624,0.00014
2582.16781,-0.00013
2580.23938,-0.00001
2578.31095,0.00033
2576.38252,0.00037
2574.45409,0.00011
2572.52566,-0.00002
2570.59723,0.00009
2568.66880,0.00018
2566.74037,0.00025
2564.81194,0.00036
2562.88351,0.00055
2560.95508,0.00077
2559.02665,0.00073
2557.09822,0.00042
2555.16979,0.00032
2553.24136,0.00038
2551.31293,0.00027
2549.38450,0.00005
2547.45607,0.00000
2545.52764,0.00009
2543.59921,0.00013
2541.67078,0.00010
2539.74235,0.00010
2537.81392,0.00021
2535.88549,0.00043
2533.95706,0.00063
2532.02863,0.00057
2530.10020,0.00029
2528.17177,0.00008
2526.24334,0.00013
2524.31491,0.00022
2522.38648,0.00017
2520.45805,0.00011
2518.52962,0.00006
2516.60119,-0.00001
2514.67276,0.00000
2512.74433,0.00008
2510.81590,0.00027
2508.88747,0.00054
2506.95904,0.00063
2505.03061,0.00052
2503.10218,0.00035
2501.17375,0.00019
2499.24532,0.00022
2497.31689,0.00038
2495.38846,0.00047
2493.46003,0.00046
2491.53160,0.00043
2489.60317,0.00059
2487.67474,0.00086
2485.74631,0.00079
2483.81788,0.00048
2481.88945,0.00036
2479.96102,0.00031
2478.03259,0.00010
2476.10416,0.00000
2474.17573,0.00019
2472.24730,0.00041
2470.31887,0.00041
2468.39044,0.00035
2466.46201,0.00044
2464.53358,0.00065
2462.60515,0.00068
2460.67672,0.00045
2458.74829,0.00026
2456.81986,0.00031
2454.89143,0.00042
2452.96300,0.00054
2451.03457,0.00061
2449.10614,0.00048
2447.17771,0.00024
2445.24928,0.00011
2443.32085,0.00013
2441.39242,0.00018
2439.46399,0.00019
2437.53556,0.00018
2435.60713,0.00016
2433.67870,0.00003
2431.75027,-0.00008
2429.82184,0.00000
2427.89341,0.00010
2425.96498,0.00001
2424.03655,0.00000
2422.10812,-0.00000
2420.17969,-0.00001
2418.25126,-0.00001
2416.32283,-0.00001
2414.39440,-0.00001
2412.46597,-0.00001
2410.53754,-0.00001
2408.60911,-0.00001
2406.68068,-0.00001
2404.75225,-0.00000
2402.82382,0.00000
2400.89539,0.00000
2398.96696,-0.00003
2397.03853,-0.00006
2395.11010,-0.00009
2393.18167,-0.00012
2391.25324,-0.00015
2389.32481,-0.00018
2387.39638,-0.00020
2385.46795,-0.00023
2383.53952,-0.00025
2381.61109,-0.00027
2379.68266,-0.00030
2377.75423,-0.00032
2375.82580,-0.00034
2373.89737,-0.00036
2371.96894,-0.00038
2370.04051,-0.00039
2368.11208,-0.00041
2366.18365,-0.00042
2364.25522,-0.00044
2362.32679,-0.00045
2360.39836,-0.00046
2358.46993,-0.00048
2356.54150,-0.00049
2354.61307,-0.00050
2352.68464,-0.00050
2350.75621,-0.00051
2348.82778,-0.00052
2346.89935,-0.00052
2344.97092,-0.00053
2343.04249,-0.00053
2341.11406,-0.00053
2339.18563,-0.00054
2337.25720,-0.00054
2335.32877,-0.00054
2333.40034,-0.00053
2331.47191,-0.00053
2329.54348,-0.00053
2327.61505,-0.00052
2325.68662,-0.00052
2323.75819,-0.00051
2321.82976,-0.00050
2319.90133,-0.00050
2317.97290,-0.00049
2316.04447,-0.00048
2314.11604,-0.00047
2312.18761,-0.00045
2310.25918,-0.00044
2308.33075,-0.00043
2306.40232,-0.00041
2304.47389,-0.00039
2302.54546,-0.00038
2300.61703,-0.00036
2298.68860,-0.00034
2296.76017,-0.00032
2294.83174,-0.00030
2292.90331,-0.00028
2290.97488,-0.00025
2289.04645,-0.00023
2287.11802,-0.00020
2285.18959,-0.00018
2283.26116,-0.00015
2281.33273,-0.00012
2279.40430,-0.00009
2277.47587,-0.00006
2275.54744,-0.00003
2273.61901,0.00000
2271.69058,0.00003
2269.76215,0.00006
2267.83372,0.00009
2265.90529,0.00012
2263.97686,0.00016
2262.04843,0.00019
2260.12000,0.00023
2258.19157,0.00027
2256.26314,0.00030
2254.33471,0.00034
2252.40628,0.00038
2250.47785,0.00042
2248.54942,0.00046
2246.62099,0.00051
2244.69256,0.00055
2242.76413,0.00059
2240.83570,0.00030
2238.90727,0.00028
2236.97884,0.00044
2235.05041,0.00058
2233.12198,0.00066
2231.19355,0.00050
2229.26512,0.00016
2227.33669,0.00000
2225.40826,0.00007
2223.47983,0.00022
2221.55140,0.00033
2219.62297,0.00031
2217.69454,0.00030
2215.76611,0.00042
2213.83768,0.00040
2211.90925,0.00014
2209.98082,0.00000
2208.05239,0.00009
2206.12396,0.00020
2204.19553,0.00023
2202.26710,0.00037
2200.33867,0.00075
2198.41024,0.00120
2196.48181,0.00138
2194.55338,0.00132
2192.62495,0.00115
2190.69652,0.00087
2188.76809,0.00062
2186.83966,0.00053
2184.91123,0.00058
2182.98280,0.00058
2181.05437,0.00044
2179.12594,0.00030
2177.19751,0.00022
2175.26908,0.00017
2173.34065,0.00018
2171.41222,0.00025
2169.48379,0.00024
2167.55536,0.00010
2165.62693,0.00004
2163.69850,0.00018
2161.77007,0.00031
2159.84164,0.00030
2157.91321,0.00037
2155.98478,0.00070
2154.05635,0.00095
2152.12792,0.00073
2150.19949,0.00025
2148.27106,0.00000
2146.34263,0.00010
2144.41420,0.00034
2142.48577,0.00054
2140.55734,0.00067
2138.62891,0.00063
2136.70048,0.00039
2134.77205,0.00016
2132.84362,0.00019
2130.91519,0.00046
2128.98676,0.00071
2127.05833,0.00077
2125.12990,0.00064
2123.20147,0.00038
2121.27304,0.00020
2119.34461,0.00014
2117.41618,0.00009
2115.48775,0.00019
2113.55932,0.00047
2111.63089,0.00066
2109.70245,0.00053
2107.77402,0.00032
2105.84559,0.00040
2103.91716,0.00063
2101.98873,0.00062
2100.06030,0.00037
2098.13187,0.00017
2096.20344,0.00014
2094.27501,0.00016
2092.34658,0.00010
2090.41815,0.00011
2088.48972,0.00027
2086.56129,0.00035
2084.63286,0.00019
2082.70443,0.00003
2080.77600,0.00006
2078.84757,0.00011
2076.91914,0.00007
2074.99071,0.00008
2073.06228,0.00020
2071.13385,0.00036
2069.20542,0.00054
2067.27699,0.00073
2065.34856,0.00085
2063.42013,0.00083
2061.49170,0.00070
2059.56327,0.00058
2057.63484,0.00050
2055.70641,0.00032
2053.77798,0.00007
2051.84955,0.00000
2049.92112,0.00016
2047.99269,0.00039
2046.06426,0.00063
2044.13583,0.00083
2042.20740,0.00088
2040.27897,0.00072
2038.35054,0.00043
2036.42211,0.00018
2034.49368,0.00002
2032.56525,-0.00007
2030.63682,-0.00006
2028.70839,0.00006
2026.77996,0.00023
2024.85153,0.00040
2022.92310,0.00052
2020.99467,0.00059
2019.06624,0.00059
2017.13781,0.00050
2015.20938,0.00051
2013.28095,0.00063
2011.35252,0.00065
2009.42409,0.00053
2007.49566,0.00041
2005.56723,0.00041
2003.63880,0.00055
2001.71037,0.00071
1999.78194,0.00071
1997.85351,0.00060
1995.92508,0.00061
1993.99665,0.00065
1992.06822,0.00047
1990.13979,0.00016
1988.21136,0.00000
1986.28293,0.00011
1984.35450,0.00034
1982.42607,0.00039
1980.49764,0.00020
1978.56921,0.00008
1976.64078,0.00012
1974.71235,0.00016
1972.78392,0.00021
1970.85549,0.00037
1968.92706,0.00051
1966.99863,0.00039
1965.07020,0.00013
1963.14177,0.00002
1961.21334,0.00016
1959.28491,0.00034
1957.35648,0.00029
1955.42805,0.00007
1953.49962,-0.00003
1951.57119,0.00003
1949.64276,0.00015
1947.71433,0.00024
1945.78590,0.00028
1943.85747,0.00023
1941.92904,0.00008
1940.00061,0.00005
1938.07218,0.00016
1936.14375,0.00019
1934.21532,0.00011
1932.28689,-0.00002
1930.35846,-0.00013
1928.43003,-0.00019
1926.50160,-0.00022
1924.57317,-0.00026
1922.64474,-0.00018
1920.71631,0.00010
1918.78788,0.00031
1916.85945,0.00024
1914.93102,0.00017
1913.00259,0.00032
1911.07416,0.00052
1909.14573,0.00059
1907.21730,0.00053
1905.28887,0.00037
1903.36044,0.00020
1901.43201,0.00018
1899.50358,0.00029
1897.57515,0.00043
1895.64672,0.00050
1893.71829,0.00052
1891.78986,0.00042
1889.86143,0.00026
1887.93300,0.00034
1886.00457,0.00063
1884.07614,0.00085
1882.14771,0.00097
1880.21928,0.00105
1878.29085,0.00106
1876.36242,0.00096
1874.43399,0.00081
1872.50556,0.00072
1870.57713,0.00055
1868.64870,0.00015
1866.72027,0.00000
1864.79184,0.00037
1862.86341,0.00080
1860.93498,0.00088
1859.00655,0.00082
1857.07812,0.00090
1855.14969,0.00104
1853.22126,0.00112
1851.29283,0.00116
1849.36440,0.00122
1847.43597,0.00125
1845.50754,0.00113
1843.57911,0.00088
1841.65068,0.00072
1839.72225,0.00072
1837.79382,0.00081
1835.86539,0.00108
1833.93696,0.00124
1832.00853,0.00083
1830.08010,0.00013
1828.15167,0.00001
1826.22324,0.00036
1824.29481,0.00066
1822.36638,0.00096
1820.43795,0.00141
1818.50952,0.00186
1816.58109,0.00201
1814.65266,0.00171
1812.72423,0.00109
1810.79580,0.00067
1808.86737,0.00081
1806.93894,0.00131
1805.01051,0.00172
1803.08208,0.00180
1801.15365,0.00147
1799.22522,0.00114
1797.29679,0.00132
1795.36836,0.00158
1793.43993,0.00139
1791.51150,0.00118
1789.58307,0.00160
1787.65464,0.00230
1785.72621,0.00261
1783.79778,0.00225
1781.86935,0.00169
1779.94092,0.00159
1778.01249,0.00193
1776.08406,0.00186
1774.15563,0.00091
1772.22720,0.00000
1770.29877,0.00036
1768.37034,0.00148
1766.44191,0.00211
1764.51348,0.00207
1762.58505,0.00172
1760.65662,0.00150
1758.72819,0.00152
1756.79976,0.00163
1754.87133,0.00189
1752.94290,0.00202
1751.01447,0.00137
1749.08604,0.00019
1747.15761,0.00000
1745.22918,0.00083
1743.30075,0.00150
1741.37232,0.00164
1739.44389,0.00170
1737.51546,0.00181
1735.58703,0.00152
1733.65860,0.00085
1731.73017,0.00077
1729.80174,0.00130
1727.87331,0.00184
1725.94488,0.00216
1724.01645,0.00234
1722.08802,0.00244
1720.15959,0.00223
1718.23116,0.00166
1716.30273,0.00184
1714.37430,0.00341
1712.44587,0.00542
1710.51744,0.00702
1708.58901,0.00819
1706.66058,0.00968
1704.73215,0.01237
1702.80372,0.01583
1700.87529,0.01940
1698.94686,0.02318
1697.01843,0.02794
1695.09000,0.03355
1693.16157,0.03830
1691.23314,0.04217
1689.30471,0.04600
1687.37628,0.04963
1685.44785,0.05376
1683.51942,0.06000
1681.59099,0.06654
1679.66256,0.07152
1677.73413,0.07547
1675.80570,0.07941
1673.87727,0.08349
1671.94884,0.08763
1670.02041,0.09323
1668.09198,0.10042
1666.16355,0.10660
1664.23512,0.11213
1662.30669,0.11888
1660.37826,0.12605
1658.44983,0.13156
1656.52140,0.13518
1654.59297,0.13812
1652.66454,0.14140
1650.73611,0.14379
1648.80768,0.14387
1646.87925,0.14236
1644.95082,0.14141
1643.02239,0.14075
1641.09396,0.13915
1639.16553,0.13605
1637.23710,0.13067
1635.30867,0.12355
1633.38024,0.11811
1631.45181,0.11429
1629.52338,0.10932
1627.59495,0.10261
1625.66652,0.09563
1623.73809,0.08881
1621.80966,0.08275
1619.88123,0.07790
1617.95280,0.07239
1616.02437,0.06594
1614.09594,0.06127
1612.16751,0.05802
1610.23908,0.05438
1608.31065,0.05051
1606.38222,0.04746
1604.45379,0.04521
1602.52536,0.04332
1600.59693,0.04178
1598.66850,0.04069
1596.74007,0.03989
1594.81164,0.03923
1592.88321,0.03873
1590.95478,0.03853
1589.02635,0.03865
1587.09792,0.03907
1585.16949,0.03972
1583.24106,0.04055
1581.31263,0.04134
1579.38420,0.04179
1577.45577,0.04217
1575.52734,0.04346
1573.59891,0.04546
1571.67048,0.04708
1569.74205,0.04858
1567.81362,0.05089
1565.88519,0.05381
1563.95676,0.05655
1562.02833,0.05866
1560.09990,0.06160
1558.17147,0.06727
1556.24304,0.07317
1554.31461,0.07755
1552.38618,0.08122
1550.45775,0.08461
1548.52932,0.08747
1546.60089,0.08931
1544.67246,0.09008
1542.74403,0.08999
1540.81560,0.08955
1538.88717,0.09051
1536.95874,0.09190
1535.03031,0.09177
1533.10188,0.09003
1531.17345,0.08849
1529.24502,0.08746
1527.31659,0.08582
1525.38816,0.08352
1523.45973,0.08111
1521.53130,0.07877
1519.60287,0.07683
1517.67444,0.07473
1515.74601,0.07238
1513.81758,0.07023
1511.88915,0.06765
1509.96072,0.06343
1508.03229,0.05626
1506.10385,0.04820
1504.17542,0.04465
1502.24699,0.04354
1500.31856,0.04099
1498.39013,0.03618
1496.46170,0.03118
1494.53327,0.02799
1492.60484,0.02566
1490.67641,0.02226
1488.74798,0.01807
1486.81955,0.01536
1484.89112,0.01430
1482.96269,0.01351
1481.03426,0.01255
1479.10583,0.01194
1477.17740,0.01179
1475.24897,0.01164
1473.32054,0.01165
1471.39211,0.01274
1469.46368,0.01440
1467.53525,0.01540
1465.60682,0.01558
1463.67839,0.01574
1461.74996,0.01608
1459.82153,0.01610
1457.89310,0.01612
1455.96467,0.01720
1454.03624,0.01841
1452.10781,0.01890
1450.17938,0.01861
1448.25095,0.01798
1446.32252,0.01765
1444.39409,0.01764
1442.46566,0.01742
1440.53723,0.01686
1438.60880,0.01613
1436.68037,0.01520
1434.75194,0.01414
1432.82351,0.01307
1430.89508,0.01197
1428.96665,0.01114
1427.03822,0.01084
1425.10979,0.01080
1423.18136,0.01075
1421.25293,0.01079
1419.32450,0.01115
1417.39607,0.01186
1415.46764,0.01256
1413.53921,0.01304
1411.61078,0.01344
1409.68235,0.01387
1407.75392,0.01423
1405.82549,0.01461
1403.89706,0.01524
1401.96863,0.01606
1400.04020,0.01679
1398.11177,0.01725
1396.18334,0.01722
1394.25491,0.01689
1392.32648,0.01670
1390.39805,0.01643
1388.46962,0.01557
1386.54119,0.01415
1384.61276,0.01277
1382.68433,0.01165
1380.75590,0.01063
1378.82747,0.00952
1376.89904,0.00819
1374.97061,0.00677
1373.04218,0.00574
1371.11375,0.00512
1369.18532,0.00452
1367.25689,0.00380
1365.32846,0.00307
1363.40003,0.00236
1361.47160,0.00184
1359.54317,0.00155
1357.61474,0.00118
1355.68631,0.00060
1353.75788,0.00010
1351.82945,0.00000
1349.90102,0.00023
1347.97259,0.00059
1346.04416,0.00083
1344.11573,0.00099
1342.18730,0.00130
1340.25887,0.00172
1338.33044,0.00192
1336.40201,0.00165
1334.47358,0.00122
1332.54515,0.00108
1330.61672,0.00136
1328.68829,0.00181
1326.75986,0.00218
1324.83143,0.00246
1322.90300,0.00269
1320.97457,0.00290
1319.04614,0.00326
1317.11771,0.00385
1315.18928,0.00447
1313.26085,0.00483
1311.33242,0.00496
1309.40399,0.00500
1307.47556,0.00494
1305.54713,0.00484
1303.61870,0.00484
1301.69027,0.00503
1299.76184,0.00542
1297.83341,0.00587
1295.90498,0.00614
1293.97655,0.00624
1292.04812,0.00639
1290.11969,0.00678
1288.19126,0.00721
1286.26283,0.00753
1284.33440,0.00791
1282.40597,0.00849
1280.47754,0.00915
1278.54911,0.00984
1276.62068,0.01060
1274.69225,0.01137
1272.76382,0.01220
1270.83539,0.01319
1268.90696,0.01432
1266.97853,0.01555
1265.05010,0.01696
1263.12167,0.01866
1261.19324,0.02069
1259.26481,0.02292
1257.33638,0.02518
1255.40795,0.02742
1253.47952,0.02972
1251.55109,0.03202
1249.62266,0.03422
1247.69423,0.03641
1245.76580,0.03871
1243.83737,0.04120
1241.90894,0.04370
1239.98051,0.04597
1238.05208,0.04790
1236.12365,0.04960
1234.19522,0.05127
1232.26679,0.05287
1230.33836,0.05421
1228.40993,0.05549
1226.48150,0.05696
1224.55307,0.05836
1222.62464,0.05938
1220.69621,0.06011
1218.76778,0.06072
1216.83935,0.06119
1214.91092,0.06176
1212.98249,0.06273
1211.05406,0.06381
1209.12563,0.06466
1207.19720,0.06547
1205.26877,0.06645
1203.34034,0.06750
1201.41191,0.06849
1199.48348,0.06942
1197.55505,0.07022
1195.62662,0.07114
1193.69819,0.07238
1191.76976,0.07357
1189.84133,0.07446
1187.91290,0.07554
1185.98447,0.07709
1184.05604,0.07876
1182.12761,0.08045
1180.19918,0.08225
1178.27075,0.08416
1176.34232,0.08627
1174.41389,0.08838
1172.48546,0.09013
1170.55703,0.09174
1168.62860,0.09361
1166.70017,0.09558
1164.77174,0.09734
1162.84331,0.09888
1160.91488,0.10045
1158.98645,0.10227
1157.05802,0.10437
1155.12959,0.10659
1153.20116,0.10873
1151.27273,0.11081
1149.34430,0.11264
1147.41587,0.11388
1145.48744,0.11479
1143.55901,0.11608
1141.63058,0.11788
1139.70215,0.11990
1137.77372,0.12213
1135.84529,0.12450
1133.91686,0.12692
1131.98843,0.12959
1130.06000,0.13250
1128.13157,0.13544
1126.20314,0.13888
1124.27471,0.14327
1122.34628,0.14821
1120.41785,0.15315
1118.48942,0.15807
1116.56099,0.16307
1114.63256,0.16805
1112.70413,0.17298
1110.77570,0.17849
1108.84727,0.18502
1106.91884,0.19183
1104.99041,0.19837
1103.06198,0.20487
1101.13355,0.21109
1099.20512,0.21648
1097.27669,0.22120
1095.34826,0.22604
1093.41983,0.23115
1091.49140,0.23579
1089.56297,0.23972
1087.63454,0.24321
1085.70611,0.24624
1083.77768,0.24897
1081.84925,0.25191
1079.92082,0.25507
1077.99239,0.25791
1076.06396,0.26013
1074.13553,0.26174
1072.20710,0.26289
1070.27867,0.26376
1068.35024,0.26457
1066.42181,0.26540
1064.49338,0.26599
1062.56495,0.26643
1060.63652,0.26682
1058.70809,0.26691
1056.77966,0.26649
1054.85123,0.26552
1052.92280,0.26391
1050.99437,0.26168
1049.06594,0.25913
1047.13751,0.25604
1045.20908,0.25205
1043.28065,0.24756
1041.35222,0.24268
1039.42379,0.23705
1037.49536,0.23065
1035.56693,0.22355
1033.63850,0.21581
1031.71007,0.20748
1029.78164,0.19849
1027.85321,0.18909
1025.92478,0.17979
1023.99635,0.17038
1022.06792,0.16068
1020.13949,0.15117
1018.21106,0.14198
1016.28263,0.13294
1014.35420,0.12419
1012.42577,0.11563
1010.49734,0.10702
1008.56891,0.09867
1006.64048,0.09099
1004.71205,0.08405
1002.78362,0.07767
1000.85519,0.07158
998.92676,0.06576
996.99833,0.06060
995.06990,0.05640
993.14147,0.05311
991.21304,0.05084
989.28461,0.04963
987.35618,0.04869
985.42775,0.04761
983.49932,0.04707
981.57089,0.04745
979.64246,0.04814
977.71403,0.04865
975.78560,0.04885
973.85717,0.04862
971.92874,0.04797
970.00031,0.04726
968.07188,0.04666
966.14345,0.04601
964.21502,0.04524
962.28659,0.04437
960.35816,0.04338
958.42973,0.04219
956.50130,0.04082
954.57287,0.03930
952.64444,0.03788
950.71601,0.03678
948.78758,0.03567
946.85915,0.03446
944.93072,0.03341
943.00229,0.03236
941.07386,0.03118
939.14543,0.02999
937.21700,0.02888
935.28857,0.02787
933.36014,0.02683
931.43171,0.02567
929.50328,0.02440
927.57485,0.02296
925.64642,0.02155
923.71799,0.02059
921.78956,0.01987
919.86113,0.01879
917.93270,0.01732
916.00427,0.01581
914.07584,0.01439
912.14741,0.01313
910.21898,0.01231
908.29055,0.01170
906.36212,0.01077
904.43368,0.00977
902.50525,0.00906
900.57682,0.00847
898.64839,0.00790
896.71996,0.00729
894.79153,0.00648
892.86310,0.00543
890.93467,0.00417
889.00624,0.00310
887.07781,0.00268
885.14938,0.00241
883.22095,0.00186
881.29252,0.00132
879.36409,0.00105
877.43566,0.00103
875.50723,0.00077
873.57880,0.00018
871.65037,0.00000
869.72194,0.00005
867.79351,0.00035
865.86508,0.00042
863.93665,0.00043
862.00822,0.00072
860.07979,0.00110
858.15136,0.00144
856.22293,0.00218
854.29450,0.00331
852.36607,0.00400
850.43764,0.00444
848.50921,0.00563
846.58078,0.00709
844.65235,0.00793
842.72392,0.00895
840.79549,0.01074
838.86706,0.01237
836.93863,0.01377
835.01020,0.01581
833.08177,0.01824
831.15334,0.02006
829.22491,0.02154
827.29648,0.02353
825.36805,0.02561
823.43962,0.02718
821.51119,0.02844
819.58276,0.02964
817.65433,0.03085
815.72590,0.03222
813.79747,0.03403
811.86904,0.03641
809.94061,0.03865
808.01218,0.03995
806.08375,0.04075
804.15532,0.04127
802.22689,0.04109
800.29846,0.04085
798.37003,0.04103
796.44160,0.04093
794.51317,0.04030
792.58474,0.03957
790.65631,0.03878
788.72788,0.03784
786.79945,0.03703
784.87102,0.03589
782.94259,0.03387
781.01416,0.03117
779.08573,0.02766
777.15730,0.02362
775.22887,0.02023
773.30044,0.01772
771.37201,0.01576
769.44358,0.01451
767.51515,0.01364
765.58672,0.01256
763.65829,0.01114
761.72986,0.00979
759.80143,0.00918
757.87300,0.00932
755.94457,0.00957
754.01614,0.00969
752.08771,0.00983
750.15928,0.00977
748.23085,0.00865
746.30242,0.00680
744.37399,0.00623
742.44556,0.00712
740.51713,0.00744
738.58870,0.00641
736.66027,0.00514
734.73184,0.00458
732.80341,0.00445
730.87498,0.00410
728.94655,0.00398
727.01812,0.00425
725.08969,0.00447
723.16126,0.00544
721.23283,0.00528
719.30440,0.00449
717.37597,0.00359
715.44754,0.00306
713.51911,0.00333
711.59068,0.00403
709.66225,0.00477
707.73382,0.00558
705.80539,0.00667
703.87696,0.00792
701.94853,0.00889
700.02010,0.00947
698.09167,0.01026
696.16324,0.01118
694.23481,0.01107
692.30638,0.00955
690.37795,0.00751
688.44952,0.00551
686.52109,0.00351
684.59266,0.00188
682.66423,0.00134
680.73580,0.00218
678.80737,0.00395
676.87894,0.00567
674.95051,0.00722
673.02208,0.00986
671.09365,0.01328
669.16522,0.01337
667.23679,0.00856
665.30836,0.00530
663.37993,0.00587
661.45150,0.00799
659.52307,0.00906
657.59464,0.00814
655.66621,0.00638
653.73778,0.00470
651.80935,0.00335
649.88092,0.00293
647.95249,0.00358
646.02406,0.00387
644.09563,0.00324
642.16720,0.00204
640.23877,0.00164
638.31034,0.00335
636.38191,0.00562
634.45348,0.00640
632.52505,0.00578
630.59662,0.00429
628.66819,0.00315
626.73976,0.00442
624.81133,0.00753
622.88290,0.00800
620.95447,0.00642
619.02604,0.00534
617.09761,0.00487
615.16918,0.00389
613.24075,0.00259
611.31232,0.00067
609.38389,0.00000
607.45546,0.00146
605.52703,0.00272
603.59860,0.00183
601.67017,-0.00002
599.74174,0.00000
