4001.49232,-0.00029
3999.56389,0.00044
3997.63546,0.00070
3995.70703,0.00086
3993.77860,0.00107
3991.85017,0.00122
3989.92174,0.00116
3987.99331,0.00077
3986.06488,0.00026
3984.13645,0.00013
3982.20802,0.00046
3980.27959,0.00075
3978.35116,0.00077
3976.42273,0.00070
3974.49430,0.00050
3972.56587,0.00015
3970.63744,0.00009
3968.70901,0.00057
3966.78058,0.00095
3964.85215,0.00077
3962.92372,0.00063
3960.99529,0.00073
3959.06686,0.00048
3957.13843,0.00003
3955.21000,0.00000
3953.28157,0.00040
3951.35314,0.00107
3949.42471,0.00202
3947.49628,0.00292
3945.56785,0.00287
3943.63942,0.00205
3941.71099,0.00120
3939.78256,0.00048
3937.85413,0.00021
3935.92570,0.00032
3933.99727,0.00038
3932.06884,0.00077
3930.14041,0.00153
3928.21198,0.00146
3926.28355,0.00070
3924.35512,0.00090
3922.42669,0.00190
3920.49826,0.00201
3918.56982,0.00129
3916.64139,0.00080
3914.71296,0.00073
3912.78453,0.00089
3910.85610,0.00128
3908.92767,0.00136
3906.99924,0.00077
3905.07081,0.00085
3903.14238,0.00198
3901.21395,0.00219
3899.28552,0.00216
3897.35709,0.00264
3895.42866,0.00213
3893.50023,0.00143
3891.57180,0.00294
3889.64337,0.00458
3887.71494,0.00373
3885.78651,0.00299
3883.85808,0.00354
3881.92965,0.00390
3880.00122,0.00508
3878.07279,0.00546
3876.14436,0.00359
3874.21593,0.00242
3872.28750,0.00330
3870.35907,0.00525
3868.43064,0.00654
3866.50221,0.00469
3864.57378,0.00252
3862.64535,0.00345
3860.71692,0.00512
3858.78849,0.00525
3856.86006,0.00383
3854.93163,0.00216
3853.00320,0.00289
3851.07477,0.00505
3849.14634,0.00502
3847.21791,0.00304
3845.28948,0.00096
3843.36105,0.00000
3841.43262,0.00012
3839.50419,0.00146
3837.57576,0.00380
3835.64733,0.00461
3833.71890,0.00387
3831.79047,0.00402
3829.86204,0.00493
3827.93361,0.00543
3826.00518,0.00572
3824.07675,0.00511
3822.14832,0.00409
3820.21989,0.00400
3818.29146,0.00233
3816.36303,0.00104
3814.43460,0.00278
3812.50617,0.00396
3810.57774,0.00279
3808.64931,0.00141
3806.72088,0.00215
3804.79245,0.00321
3802.86402,0.00319
3800.93559,0.00451
3799.00716,0.00517
3797.07873,0.00422
3795.15030,0.00378
3793.22187,0.00315
3791.29344,0.00218
3789.36501,0.00174
3787.43658,0.00170
3785.50815,0.00219
3783.57972,0.00283
3781.65129,0.00231
3779.72286,0.00171
3777.79443,0.00210
3775.86600,0.00204
3773.93757,0.00098
3772.00914,0.00000
3770.08071,0.00056
3768.15228,0.00190
3766.22385,0.00230
3764.29542,0.00213
3762.36699,0.00119
3760.43856,0.00054
3758.51013,0.00228
3756.58170,0.00423
3754.65327,0.00397
3752.72484,0.00350
3750.79641,0.00517
3748.86798,0.00550
3746.93955,0.00197
3745.01112,0.00067
3743.08269,0.00374
3741.15426,0.00520
3739.22583,0.00293
3737.29740,-0.00012
3735.36897,-0.00083
3733.44054,0.00116
3731.51211,0.00359
3729.58368,0.00428
3727.65525,0.00355
3725.72682,0.00277
3723.79839,0.00200
3721.86996,0.00145
3719.94153,0.00199
3718.01310,0.00296
3716.08467,0.00308
3714.15624,0.00247
3712.22781,0.00313
3710.29938,0.00522
3708.37095,0.00521
3706.44252,0.00300
3704.51409,0.00088
3702.58566,0.00073
3700.65723,0.00216
3698.72880,0.00281
3696.80037,0.00265
3694.87194,0.00246
3692.94351,0.00154
3691.01508,0.00008
3689.08665,0.00019
3687.15822,0.00176
3685.22979,0.00263
3683.30136,0.00246
3681.37293,0.00193
3679.44450,0.00134
3677.51607,0.00115
3675.58764,0.00276
3673.65921,0.00352
3671.73078,0.00092
3669.80235,0.00020
3667.87392,0.00240
3665.94549,0.00287
3664.01706,0.00212
3662.08863,0.00198
3660.16020,0.00192
3658.23177,0.00159
3656.30334,0.00238
3654.37491,0.00311
3652.44648,0.00132
3650.51805,0.00000
3648.58962,0.00288
3646.66119,0.00555
3644.73276,0.00529
3642.80433,0.00404
3640.87590,0.00333
3638.94747,0.00322
3637.01904,0.00360
3635.09061,0.00434
3633.16218,0.00419
3631.23375,0.00207
3629.30532,0.00074
3627.37689,0.00288
3625.44846,0.00434
3623.52003,0.00307
3621.59160,0.00104
3619.66317,0.00089
3617.73474,0.00214
3615.80631,0.00183
3613.87788,0.00154
3611.94945,0.00271
3610.02102,0.00328
3608.09259,0.00322
3606.16416,0.00313
3604.23573,0.00230
3602.30730,0.00179
3600.37887,0.00292
3598.45044,0.00406
3596.52201,0.00374
3594.59358,0.00331
3592.66515,0.00328
3590.73672,0.00261
3588.80829,0.00198
3586.87986,0.00238
3584.95143,0.00225
3583.02300,0.00120
3581.09457,0.00075
3579.16614,0.00126
3577.23771,0.00181
3575.30928,0.00184
3573.38085,0.00152
3571.45242,0.00078
3569.52399,0.00000
3567.59556,0.00066
3565.66713,0.00256
3563.73870,0.00309
3561.81027,0.00246
3559.88184,0.00194
3557.95341,0.00163
3556.02498,0.00141
3554.09655,0.00136
3552.16812,0.00179
3550.23969,0.00237
3548.31126,0.00271
3546.38283,0.00327
3544.45440,0.00348
3542.52597,0.00269
3540.59754,0.00176
3538.66911,0.00135
3536.74068,0.00154
3534.81225,0.00186
3532.88382,0.00136
3530.95539,0.00014
3529.02696,-0.00047
3527.09853,0.00012
3525.17010,0.00110
3523.24167,0.00168
3521.31324,0.00157
3519.38481,0.00107
3517.45638,0.00109
3515.52795,0.00178
3513.59952,0.00239
3511.67109,0.00238
3509.74266,0.00179
3507.81423,0.00086
3505.88580,0.00000
3503.95737,0.00026
3502.02894,0.00162
3500.10051,0.00227
3498.17208,0.00181
3496.24365,0.00136
3494.31522,0.00125
3492.38679,0.00110
3490.45836,0.00091
3488.52993,0.00116
3486.60150,0.00195
3484.67307,0.00261
3482.74464,0.00277
3480.81621,0.00257
3478.88778,0.00194
3476.95935,0.00121
3475.03092,0.00103
3473.10249,0.00103
3471.17406,0.00047
3469.24563,0.00000
3467.31720,0.00036
3465.38877,0.00092
3463.46034,0.00114
3461.53191,0.00120
3459.60348,0.00122
3457.67505,0.00141
3455.74662,0.00190
3453.81819,0.00236
3451.88976,0.00230
3449.96133,0.00175
3448.03290,0.00167
3446.10447,0.00201
3444.17604,0.00151
3442.24761,0.00081
3440.31918,0.00085
3438.39075,0.00116
3436.46232,0.00147
3434.53389,0.00176
3432.60546,0.00183
3430.67703,0.00159
3428.74860,0.00125
3426.82017,0.00132
3424.89174,0.00145
3422.96331,0.00140
3421.03488,0.00177
3419.10645,0.00226
3417.17802,0.00226
3415.24959,0.00204
3413.32116,0.00156
3411.39273,0.00085
3409.46430,0.00061
3407.53587,0.00055
3405.60744,0.00015
3403.67901,0.00000
3401.75058,0.00055
3399.82215,0.00184
3397.89372,0.00288
3395.96529,0.00360
3394.03686,0.00316
3392.10843,0.00217
3390.18000,0.00146
3388.25157,0.00113
3386.32314,0.00140
3384.39471,0.00226
3382.46628,0.00305
3380.53785,0.00312
3378.60942,0.00249
3376.68099,0.00179
3374.75256,0.00171
3372.82413,0.00220
3370.89570,0.00259
3368.96727,0.00262
3367.03884,0.00241
3365.11041,0.00200
3363.18198,0.00165
3361.25355,0.00154
3359.32512,0.00165
3357.39669,0.00207
3355.46826,0.00262
3353.53983,0.00293
3351.61140,0.00314
3349.68297,0.00353
3347.75454,0.00390
3345.82611,0.00372
3343.89768,0.00287
3341.96925,0.00202
3340.04082,0.00203
3338.11239,0.00289
3336.18396,0.00346
3334.25553,0.00300
3332.32710,0.00244
3330.39867,0.00287
3328.47024,0.00390
3326.54181,0.00445
3324.61338,0.00424
3322.68495,0.00383
3320.75652,0.00374
3318.82809,0.00399
3316.89966,0.00398
3314.97122,0.00339
3313.04279,0.00305
3311.11436,0.00393
3309.18593,0.00560
3307.25750,0.00672
3305.32907,0.00652
3303.40064,0.00561
3301.47221,0.00525
3299.54378,0.00570
3297.61535,0.00602
3295.68692,0.00589
3293.75849,0.00589
3291.83006,0.00604
3289.90163,0.00570
3287.97320,0.00509
3286.04477,0.00512
3284.11634,0.00562
3282.18791,0.00560
3280.25948,0.00527
3278.33105,0.00525
3276.40262,0.00505
3274.47419,0.00448
3272.54576,0.00450
3270.61733,0.00519
3268.68890,0.00564
3266.76047,0.00557
3264.83204,0.00559
3262.90361,0.00577
3260.97518,0.00539
3259.04675,0.00458
3257.11832,0.00429
3255.18989,0.00462
3253.26146,0.00461
3251.33303,0.00393
3249.40460,0.00336
3247.47617,0.00314
3245.54774,0.00310
3243.61931,0.00352
3241.69088,0.00415
3239.76245,0.00439
3237.83402,0.00420
3235.90559,0.00403
3233.97716,0.00405
3232.04873,0.00407
3230.12030,0.00413
3228.19187,0.00420
3226.26344,0.00419
3224.33501,0.00419
3222.40658,0.00403
3220.47815,0.00357
3218.54972,0.00307
3216.62129,0.00277
3214.69286,0.00282
3212.76443,0.00315
3210.83600,0.00341
3208.90757,0.00327
3206.97914,0.00281
3205.05071,0.00250
3203.12228,0.00241
3201.19385,0.00236
3199.26542,0.00277
3197.33699,0.00344
3195.40856,0.00328
3193.48013,0.00254
3191.55170,0.00243
3189.62327,0.00284
3187.69484,0.00294
3185.76641,0.00293
3183.83798,0.00313
3181.90955,0.00327
3179.98112,0.00330
3178.05269,0.00326
3176.12426,0.00289
3174.19583,0.00225
3172.26740,0.00165
3170.33897,0.00128
3168.41054,0.00145
3166.48211,0.00198
3164.55368,0.00221
3162.62525,0.00231
3160.69682,0.00278
3158.76839,0.00314
3156.83996,0.00285
3154.91153,0.00244
3152.98310,0.00253
3151.05467,0.00267
3149.12624,0.00221
3147.19781,0.00166
3145.26938,0.00148
3143.34095,0.00166
3141.41252,0.00223
3139.48409,0.00252
3137.55566,0.00204
3135.62723,0.00154
3133.69880,0.00138
3131.77037,0.00122
3129.84194,0.00125
3127.91351,0.00156
3125.98508,0.00191
3124.05665,0.00228
3122.12822,0.00236
3120.19979,0.00182
3118.27136,0.00101
3116.34293,0.00046
3114.41450,0.00039
3112.48607,0.00066
3110.55764,0.00095
3108.62921,0.00100
3106.70078,0.00084
3104.77235,0.00053
3102.84392,0.00011
3100.91549,0.00015
3098.98706,0.00075
3097.05863,0.00142
3095.13020,0.00204
3093.20177,0.00216
3091.27334,0.00148
3089.34491,0.00056
3087.41648,0.00000
3085.48805,0.00007
3083.55962,0.00077
3081.63119,0.00132
3079.70276,0.00136
3077.77433,0.00141
3075.84590,0.00180
3073.91747,0.00232
3071.98904,0.00271
3070.06061,0.00261
3068.13218,0.00191
3066.20375,0.00125
3064.27532,0.00122
3062.34689,0.00162
3060.41846,0.00186
3058.49003,0.00165
3056.56160,0.00119
3054.63317,0.00094
3052.70474,0.00087
3050.77631,0.00082
3048.84788,0.00094
3046.91945,0.00105
3044.99102,0.00085
3043.06259,0.00048
3041.13416,0.00027
3039.20573,0.00030
3037.27730,0.00054
3035.34887,0.00069
3033.42044,0.00076
3031.49201,0.00098
3029.56358,0.00118
3027.63515,0.00099
3025.70672,0.00043
3023.77829,-0.00007
3021.84986,-0.00006
3019.92143,0.00018
3017.99300,0.00010
3016.06457,0.00000
3014.13614,0.00037
3012.20771,0.00103
3010.27928,0.00135
3008.35085,0.00112
3006.42242,0.00076
3004.49399,0.00070
3002.56556,0.00080
3000.63713,0.00064
2998.70870,0.00060
2996.78027,0.00020
2994.85184,0.00000
2992.92341,0.00024
2990.99498,0.00068
2989.06655,0.00135
2987.13812,0.00188
2985.20969,0.00155
2983.28126,0.00073
2981.35283,0.00031
2979.42440,0.00051
2977.49597,0.00104
2975.56754,0.00146
2973.63911,0.00150
2971.71068,0.00140
2969.78225,0.00175
2967.85382,0.00252
2965.92539,0.00286
2963.99696,0.00265
2962.06853,0.00248
2960.14010,0.00227
2958.21167,0.00193
2956.28324,0.00177
2954.35481,0.00177
2952.42638,0.00191
2950.49795,0.00212
2948.56952,0.00222
2946.64109,0.00246
2944.71266,0.00295
2942.78423,0.00332
2940.85580,0.00353
2938.92737,0.00387
2936.99894,0.00419
2935.07051,0.00421
2933.14208,0.00409
2931.21365,0.00382
2929.28522,0.00352
2927.35679,0.00320
2925.42836,0.00256
2923.49993,0.00197
2921.57150,0.00214
2919.64307,0.00276
2917.71464,0.00292
2915.78621,0.00246
2913.85778,0.00204
2911.92935,0.00191
2910.00092,0.00187
2908.07249,0.00168
2906.14406,0.00122
2904.21563,0.00064
2902.28720,0.00015
2900.35877,0.00000
2898.43034,0.00037
2896.50191,0.00102
2894.57348,0.00149
2892.64505,0.00146
2890.71662,0.00115
2888.78819,0.00103
2886.85976,0.00107
2884.93133,0.00110
2883.00290,0.00094
2881.07447,0.00054
2879.14604,0.00052
2877.21761,0.00119
2875.28918,0.00195
2873.36075,0.00235
2871.43232,0.00262
2869.50389,0.00284
2867.57546,0.00271
2865.64703,0.00217
2863.71860,0.00165
2861.79017,0.00151
2859.86174,0.00177
2857.93331,0.00217
2856.00488,0.00224
2854.07645,0.00194
2852.14802,0.00154
2850.21959,0.00120
2848.29116,0.00086
2846.36273,0.00053
2844.43430,0.00068
2842.50587,0.00132
2840.57744,0.00148
2838.64901,0.00101
2836.72058,0.00061
2834.79215,0.00034
2832.86372,0.00006
2830.93529,-0.00013
2829.00686,-0.00020
2827.07843,-0.00002
2825.15000,0.00049
2823.22157,0.00101
2821.29314,0.00127
2819.36471,0.00125
2817.43628,0.00122
2815.50785,0.00137
2813.57942,0.00127
2811.65099,0.00074
2809.72256,0.00021
2807.79413,0.00000
2805.86570,0.00005
2803.93727,0.00023
2802.00884,0.00057
2800.08041,0.00097
2798.15198,0.00102
2796.22355,0.00070
2794.29512,0.00062
2792.36669,0.00081
2790.43826,0.00092
2788.50983,0.00103
2786.58140,0.00105
2784.65297,0.00076
2782.72454,0.00038
2780.79611,0.00020
2778.86768,0.00026
2776.93925,0.00056
2775.01082,0.00102
2773.08239,0.00147
2771.15396,0.00163
2769.22553,0.00123
2767.29710,0.00071
2765.36867,0.00065
2763.44024,0.00088
2761.51181,0.00096
2759.58338,0.00089
2757.65495,0.00067
2755.72652,0.00028
2753.79809,0.00001
2751.86966,0.00000
2749.94123,0.00017
2748.01280,0.00057
2746.08437,0.00080
2744.15594,0.00049
2742.22751,0.00014
2740.29908,0.00035
2738.37065,0.00084
2736.44222,0.00108
2734.51379,0.00087
2732.58536,0.00040
2730.65693,0.00018
2728.72850,0.00040
2726.80007,0.00069
2724.87164,0.00074
2722.94321,0.00071
2721.01478,0.00068
2719.08635,0.00052
2717.15792,0.00044
2715.22949,0.00070
2713.30105,0.00095
2711.37262,0.00087
2709.44419,0.00070
2707.51576,0.00084
2705.58733,0.00091
2703.65890,0.00070
2701.73047,0.00064
2699.80204,0.00075
2697.87361,0.00069
2695.94518,0.00054
2694.01675,0.00041
2692.08832,0.00035
2690.15989,0.00051
2688.23146,0.00075
2686.30303,0.00068
2684.37460,0.00051
2682.44617,0.00066
2680.51774,0.00097
2678.58931,0.00111
2676.66088,0.00115
2674.73245,0.00103
2672.80402,0.00050
2670.87559,0.00000
2668.94716,0.00023
2667.01873,0.00058
2665.09030,0.00032
2663.16187,0.00006
2661.23344,0.00030
2659.30501,0.00082
2657.37658,0.00111
2655.44815,0.00068
2653.51972,0.00000
2651.59129,0.00001
2649.66286,0.00059
2647.73443,0.00093
2645.80600,0.00093
2643.87757,0.00091
2641.94914,0.00099
2640.02071,0.00110
2638.09228,0.00118
2636.16385,0.00115
2634.23542,0.00098
2632.30699,0.00085
2630.37856,0.00093
2628.45013,0.00108
2626.52170,0.00096
2624.59327,0.00048
2622.66484,-0.00002
2620.73641,-0.00004
2618.80798,0.00056
2616.87955,0.00122
2614.95112,0.00121
2613.02269,0.00084
2611.09426,0.00074
2609.16583,0.00080
2607.23740,0.00075
2605.30897,0.00059
2603.38054,0.00029
2601.45211,0.00000
2599.52368,0.00003
2597.59525,0.00025
2595.66682,0.00043
2593.73839,0.00062
2591.80996,0.00062
2589.88153,0.00043
2587.95310,0.00049
2586.02467,0.00068
2584.09624,0.00054
2582.16781,0.00014
2580.23938,0.00000
2578.31095,0.00036
2576.38252,0.00085
2574.45409,0.00112
2572.52566,0.00109
2570.59723,0.00081
2568.66880,0.00052
2566.74037,0.00057
2564.81194,0.00093
2562.88351,0.00128
2560.95508,0.00134
2559.02665,0.00104
2557.09822,0.00077
2555.16979,0.00088
2553.24136,0.00104
2551.31293,0.00093
2549.38450,0.00057
2547.45607,0.00029
2545.52764,0.00047
2543.59921,0.00092
2541.67078,0.00114
2539.74235,0.00112
2537.81392,0.00112
2535.88549,0.00100
2533.95706,0.00047
2532.02863,-0.00001
2530.10020,0.00000
2528.17177,0.00023
2526.24334,0.00048
2524.31491,0.00073
2522.38648,0.00081
2520.45805,0.00062
2518.52962,0.00043
2516.60119,0.00061
2514.67276,0.00092
2512.74433,0.00084
2510.81590,0.00052
2508.88747,0.00034
2506.95904,0.00035
2505.03061,0.00056
2503.10218,0.00079
2501.17375,0.00079
2499.24532,0.00060
2497.31689,0.00053
2495.38846,0.00077
2493.46003,0.00109
2491.53160,0.00106
2489.60317,0.00088
2487.67474,0.00091
2485.74631,0.00097
2483.81788,0.00072
2481.88945,0.00039
2479.96102,0.00029
2478.03259,0.00020
2476.10416,0.00007
2474.17573,0.00008
2472.24730,0.00007
2470.31887,-0.00004
2468.39044,-0.00005
2466.46201,0.00015
2464.53358,0.00051
2462.60515,0.00072
2460.67672,0.00082
2458.74829,0.00107
2456.81986,0.00114
2454.89143,0.00073
2452.96300,0.00042
2451.03457,0.00052
2449.10614,0.00062
2447.17771,0.00041
2445.24928,0.00006
2443.32085,0.00000
2441.39242,0.00018
2439.46399,0.00018
2437.53556,0.00013
2435.60713,0.00009
2433.67870,0.00005
2431.75027,0.00023
2429.82184,0.00048
2427.89341,0.00039
2425.96498,0.00014
2424.03655,0.00013
2422.10812,0.00011
2420.17969,0.00010
2418.25126,0.00009
2416.32283,0.00007
2414.39440,0.00006
2412.46597,0.00005
2410.53754,0.00004
2408.60911,0.00003
2406.68068,0.00002
2404.75225,0.00001
2402.82382,0.00001
2400.89539,0.00000
2398.96696,-0.00003
2397.03853,-0.00005
2395.11010,-0.00008
2393.18167,-0.00010
2391.25324,-0.00012
2389.32481,-0.00015
2387.39638,-0.00017
2385.46795,-0.00019
2383.53952,-0.00021
2381.61109,-0.00023
2379.68266,-0.00025
2377.75423,-0.00026
2375.82580,-0.00028
2373.89737,-0.00030
2371.96894,-0.00031
2370.04051,-0.00033
2368.11208,-0.00034
2366.18365,-0.00035
2364.25522,-0.00036
2362.32679,-0.00038
2360.39836,-0.00039
2358.46993,-0.00039
2356.54150,-0.00040
2354.61307,-0.00041
2352.68464,-0.00042
2350.75621,-0.00042
2348.82778,-0.00043
2346.89935,-0.00043
2344.97092,-0.00044
2343.04249,-0.00044
2341.11406,-0.00044
2339.18563,-0.00044
2337.25720,-0.00044
2335.32877,-0.00044
2333.40034,-0.00044
2331.47191,-0.00044
2329.54348,-0.00044
2327.61505,-0.00043
2325.68662,-0.00043
2323.75819,-0.00042
2321.82976,-0.00042
2319.90133,-0.00041
2317.97290,-0.00040
2316.04447,-0.00039
2314.11604,-0.00039
2312.18761,-0.00038
2310.25918,-0.00036
2308.33075,-0.00035
2306.40232,-0.00034
2304.47389,-0.00033
2302.54546,-0.00031
2300.61703,-0.00030
2298.68860,-0.00028
2296.76017,-0.00026
2294.83174,-0.00025
2292.90331,-0.00023
2290.97488,-0.00021
2289.04645,-0.00019
2287.11802,-0.00017
2285.18959,-0.00015
2283.26116,-0.00012
2281.33273,-0.00010
2279.40430,-0.00008
2277.47587,-0.00005
2275.54744,-0.00003
2273.61901,0.00000
2271.69058,0.00002
2269.76215,0.00005
2267.83372,0.00007
2265.90529,0.00010
2263.97686,0.00012
2262.04843,0.00015
2260.12000,0.00018
2258.19157,0.00021
2256.26314,0.00024
2254.33471,0.00027
2252.40628,0.00030
2250.47785,0.00033
2248.54942,0.00036
2246.62099,0.00040
2244.69256,0.00043
2242.76413,0.00047
2240.83570,0.00024
2238.90727,0.00026
2236.97884,0.00045
2235.05041,0.00056
2233.12198,0.00053
2231.19355,0.00035
2229.26512,0.00016
2227.33669,0.00025
2225.40826,0.00049
2223.47983,0.00065
2221.55140,0.00065
2219.62297,0.00054
2217.69454,0.00058
2215.76611,0.00085
2213.83768,0.00090
2211.90925,0.00047
2209.98082,0.00000
2208.05239,0.00000
2206.12396,0.00045
2204.19553,0.00102
2202.26710,0.00136
2200.33867,0.00161
2198.41024,0.00190
2196.48181,0.00196
2194.55338,0.00161
2192.62495,0.00113
2190.69652,0.00093
2188.76809,0.00108
2186.83966,0.00124
2184.91123,0.00120
2182.98280,0.00111
2181.05437,0.00095
2179.12594,0.00054
2177.19751,0.00010
2175.26908,0.00000
2173.34065,0.00024
2171.41222,0.00047
2169.48379,0.00046
2167.55536,0.00025
2165.62693,0.00019
2163.69850,0.00041
2161.77007,0.00062
2159.84164,0.00070
2157.91321,0.00078
2155.98478,0.00079
2154.05635,0.00057
2152.12792,0.00025
2150.19949,0.00012
2148.27106,0.00024
2146.34263,0.00047
2144.41420,0.00069
2142.48577,0.00073
2140.55734,0.00058
2138.62891,0.00041
2136.70048,0.00045
2134.77205,0.00072
2132.84362,0.00084
2130.91519,0.00074
2128.98676,0.00074
2127.05833,0.00080
2125.12990,0.00080
2123.20147,0.00085
2121.27304,0.00098
2119.34461,0.00099
2117.41618,0.00077
2115.48775,0.00066
2113.55932,0.00098
2111.63089,0.00142
2109.70245,0.00146
2107.77402,0.00103
2105.84559,0.00067
2103.91716,0.00079
2101.98873,0.00090
2100.06030,0.00059
2098.13187,0.00030
2096.20344,0.00041
2094.27501,0.00048
2092.34658,0.00023
2090.41815,0.00000
2088.48972,0.00016
2086.56129,0.00054
2084.63286,0.00076
2082.70443,0.00068
2080.77600,0.00050
2078.84757,0.00022
2076.91914,-0.00004
2074.99071,0.00003
2073.06228,0.00027
2071.13385,0.00040
2069.20542,0.00044
2067.27699,0.00057
2065.34856,0.00102
2063.42013,0.00129
2061.49170,0.00084
2059.56327,0.00024
2057.63484,0.00000
2055.70641,-0.00005
2053.77798,0.00003
2051.84955,0.00027
2049.92112,0.00058
2047.99269,0.00081
2046.06426,0.00076
2044.13583,0.00058
2042.20740,0.00071
2040.27897,0.00106
2038.35054,0.00108
2036.42211,0.00083
2034.49368,0.00069
2032.56525,0.00063
2030.63682,0.00071
2028.70839,0.00094
2026.77996,0.00096
2024.85153,0.00075
2022.92310,0.00071
2020.99467,0.00080
2019.06624,0.00080
2017.13781,0.00092
2015.20938,0.00115
2013.28095,0.00112
2011.35252,0.00083
2009.42409,0.00056
2007.49566,0.00045
2005.56723,0.00047
2003.63880,0.00047
2001.71037,0.00028
1999.78194,0.00000
1997.85351,0.00005
1995.92508,0.00038
1993.99665,0.00051
1992.06822,0.00055
1990.13979,0.00051
1988.21136,0.00028
1986.28293,0.00020
1984.35450,0.00040
1982.42607,0.00063
1980.49764,0.00065
1978.56921,0.00052
1976.64078,0.00051
1974.71235,0.00072
1972.78392,0.00102
1970.85549,0.00105
1968.92706,0.00088
1966.99863,0.00094
1965.07020,0.00103
1963.14177,0.00073
1961.21334,0.00036
1959.28491,0.00024
1957.35648,0.00024
1955.42805,0.00025
1953.49962,0.00018
1951.57119,0.00017
1949.64276,0.00038
1947.71433,0.00069
1945.78590,0.00073
1943.85747,0.00056
1941.92904,0.00065
1940.00061,0.00078
1938.07218,0.00060
1936.14375,0.00041
1934.21532,0.00033
1932.28689,0.00017
1930.35846,0.00000
1928.43003,0.00003
1926.50160,0.00015
1924.57317,0.00023
1922.64474,0.00030
1920.71631,0.00012
1918.78788,0.00000
1916.85945,0.00043
1914.93102,0.00094
1913.00259,0.00102
1911.07416,0.00087
1909.14573,0.00084
1907.21730,0.00099
1905.28887,0.00103
1903.36044,0.00095
1901.43201,0.00094
1899.50358,0.00088
1897.57515,0.00066
1895.64672,0.00060
1893.71829,0.00077
1891.78986,0.00081
1889.86143,0.00104
1887.93300,0.00142
1886.00457,0.00131
1884.07614,0.00104
1882.14771,0.00103
1880.21928,0.00115
1878.29085,0.00132
1876.36242,0.00145
1874.43399,0.00139
1872.50556,0.00088
1870.57713,0.00013
1868.64870,-0.00003
1866.72027,0.00041
1864.79184,0.00064
1862.86341,0.00064
1860.93498,0.00071
1859.00655,0.00091
1857.07812,0.00118
1855.14969,0.00141
1853.22126,0.00163
1851.29283,0.00173
1849.36440,0.00148
1847.43597,0.00083
1845.50754,0.00037
1843.57911,0.00076
1841.65068,0.00126
1839.72225,0.00122
1837.79382,0.00138
1835.86539,0.00182
1833.93696,0.00146
1832.00853,0.00033
1830.08010,0.00000
1828.15167,0.00053
1826.22324,0.00064
1824.29481,0.00069
1822.36638,0.00101
1820.43795,0.00130
1818.50952,0.00173
1816.58109,0.00218
1814.65266,0.00198
1812.72423,0.00129
1810.79580,0.00109
1808.86737,0.00155
1806.93894,0.00186
1805.01051,0.00173
1803.08208,0.00154
1801.15365,0.00168
1799.22522,0.00204
1797.29679,0.00216
1795.36836,0.00164
1793.43993,0.00105
1791.51150,0.00143
1789.58307,0.00208
1787.65464,0.00200
1785.72621,0.00169
1783.79778,0.00136
1781.86935,0.00101
1779.94092,0.00123
1778.01249,0.00160
1776.08406,0.00103
1774.15563,0.00000
1772.22720,0.00005
1770.29877,0.00125
1768.37034,0.00217
1766.44191,0.00233
1764.51348,0.00174
1762.58505,0.00145
1760.65662,0.00188
1758.72819,0.00192
1756.79976,0.00177
1754.87133,0.00163
1752.94290,0.00100
1751.01447,0.00041
1749.08604,0.00055
1747.15761,0.00119
1745.22918,0.00164
1743.30075,0.00171
1741.37232,0.00197
1739.44389,0.00253
1737.51546,0.00210
1735.58703,0.00088
1733.65860,0.00106
1731.73017,0.00225
1729.80174,0.00273
1727.87331,0.00253
1725.94488,0.00189
1724.01645,0.00145
1722.08802,0.00121
1720.15959,0.00052
1718.23116,0.00017
1716.30273,0.00109
1714.37430,0.00205
1712.44587,0.00248
1710.51744,0.00247
1708.58901,0.00212
1706.66058,0.00228
1704.73215,0.00323
1702.80372,0.00374
1700.87529,0.00425
1698.94686,0.00529
1697.01843,0.00594
1695.09000,0.00723
1693.16157,0.00842
1691.23314,0.00893
1689.30471,0.00947
1687.37628,0.00937
1685.44785,0.00919
1683.51942,0.01159
1681.59099,0.01447
1679.66256,0.01533
1677.73413,0.01522
1675.80570,0.01578
1673.87727,0.01669
1671.94884,0.01675
1670.02041,0.01758
1668.09198,0.02002
1666.16355,0.02130
1664.23512,0.02153
1662.30669,0.02267
1660.37826,0.02416
1658.44983,0.02422
1656.52140,0.02287
1654.59297,0.02223
1652.66454,0.02392
1650.73611,0.02434
1648.80768,0.02222
1646.87925,0.02126
1644.95082,0.02249
1643.02239,0.02291
1641.09396,0.02196
1639.16553,0.02047
1637.23710,0.01944
1635.30867,0.01936
1633.38024,0.01855
1631.45181,0.01640
1629.52338,0.01436
1627.59495,0.01337
1625.66652,0.01284
1623.73809,0.01239
1621.80966,0.01183
1619.88123,0.01002
1617.95280,0.00788
1616.02437,0.00746
1614.09594,0.00770
1612.16751,0.00713
1610.23908,0.00631
1608.31065,0.00582
1606.38222,0.00545
1604.45379,0.00507
1602.52536,0.00494
1600.59693,0.00505
1598.66850,0.00516
1596.74007,0.00544
1594.81164,0.00607
1592.88321,0.00672
1590.95478,0.00722
1589.02635,0.00753
1587.09792,0.00747
1585.16949,0.00718
1583.24106,0.00710
1581.31263,0.00698
1579.38420,0.00612
1577.45577,0.00552
1575.52734,0.00700
1573.59891,0.00841
1571.67048,0.00794
1569.74205,0.00746
1567.81362,0.00795
1565.88519,0.00864
1563.95676,0.00892
1562.02833,0.00776
1560.09990,0.00628
1558.17147,0.00746
1556.24304,0.00959
1554.31461,0.01075
1552.38618,0.01128
1550.45775,0.01171
1548.52932,0.01202
1546.60089,0.01143
1544.67246,0.01019
1542.74403,0.00923
1540.81560,0.00958
1538.88717,0.01229
1536.95874,0.01351
1535.03031,0.01292
1533.10188,0.01275
1531.17345,0.01287
1529.24502,0.01224
1527.31659,0.01158
1525.38816,0.01120
1523.45973,0.01084
1521.53130,0.01139
1519.60287,0.01167
1517.67444,0.01068
1515.74601,0.01027
1513.81758,0.01044
1511.88915,0.00963
1509.96072,0.00686
1508.03229,0.00340
1506.10385,0.00329
1504.17542,0.00536
1502.24699,0.00607
1500.31856,0.00511
1498.39013,0.00382
1496.46170,0.00362
1494.53327,0.00371
1492.60484,0.00252
1490.67641,0.00081
1488.74798,0.00019
1486.81955,0.00055
1484.89112,0.00089
1482.96269,0.00101
1481.03426,0.00117
1479.10583,0.00125
1477.17740,0.00082
1475.24897,0.00000
1473.32054,0.00016
1471.39211,0.00212
1469.46368,0.00333
1467.53525,0.00271
1465.60682,0.00213
1463.67839,0.00272
1461.74996,0.00282
1459.82153,0.00154
1457.89310,0.00064
1455.96467,0.00165
1454.03624,0.00296
1452.10781,0.00370
1450.17938,0.00383
1448.25095,0.00360
1446.32252,0.00348
1444.39409,0.00349
1442.46566,0.00350
1440.53723,0.00331
1438.60880,0.00307
1436.68037,0.00343
1434.75194,0.00396
1432.82351,0.00378
1430.89508,0.00347
1428.96665,0.00338
1427.03822,0.00311
1425.10979,0.00302
1423.18136,0.00313
1421.25293,0.00260
1419.32450,0.00228
1417.39607,0.00310
1415.46764,0.00355
1413.53921,0.00322
1411.61078,0.00304
1409.68235,0.00321
1407.75392,0.00319
1405.82549,0.00319
1403.89706,0.00359
1401.96863,0.00382
1400.04020,0.00372
1398.11177,0.00351
1396.18334,0.00333
1394.25491,0.00388
1392.32648,0.00464
1390.39805,0.00450
1388.46962,0.00412
1386.54119,0.00451
1384.61276,0.00519
1382.68433,0.00540
1380.75590,0.00536
1378.82747,0.00535
1376.89904,0.00528
1374.97061,0.00531
1373.04218,0.00542
1371.11375,0.00513
1369.18532,0.00477
1367.25689,0.00463
1365.32846,0.00423
1363.40003,0.00379
1361.47160,0.00382
1359.54317,0.00374
1357.61474,0.00329
1355.68631,0.00292
1353.75788,0.00269
1351.82945,0.00240
1349.90102,0.00224
1347.97259,0.00244
1346.04416,0.00272
1344.11573,0.00274
1342.18730,0.00261
1340.25887,0.00280
1338.33044,0.00310
1336.40201,0.00273
1334.47358,0.00186
1332.54515,0.00116
1330.61672,0.00083
1328.68829,0.00076
1326.75986,0.00080
1324.83143,0.00081
1322.90300,0.00061
1320.97457,0.00025
1319.04614,0.00008
1317.11771,0.00023
1315.18928,0.00045
1313.26085,0.00063
1311.33242,0.00086
1309.40399,0.00111
1307.47556,0.00115
1305.54713,0.00082
1303.61870,0.00044
1301.69027,0.00041
1299.76184,0.00072
1297.83341,0.00106
1295.90498,0.00103
1293.97655,0.00054
1292.04812,0.00012
1290.11969,0.00022
1288.19126,0.00043
1286.26283,0.00026
1284.33440,0.00000
1282.40597,0.00004
1280.47754,0.00038
1278.54911,0.00081
1276.62068,0.00109
1274.69225,0.00099
1272.76382,0.00072
1270.83539,0.00077
1268.90696,0.00122
1266.97853,0.00168
1265.05010,0.00199
1263.12167,0.00239
1261.19324,0.00306
1259.26481,0.00387
1257.33638,0.00472
1255.40795,0.00575
1253.47952,0.00709
1251.55109,0.00861
1249.62266,0.00987
1247.69423,0.01079
1245.76580,0.01196
1243.83737,0.01379
1241.90894,0.01608
1239.98051,0.01836
1238.05208,0.02015
1236.12365,0.02145
1234.19522,0.02295
1232.26679,0.02480
1230.33836,0.02637
1228.40993,0.02777
1226.48150,0.02962
1224.55307,0.03167
1222.62464,0.03348
1220.69621,0.03525
1218.76778,0.03706
1216.83935,0.03849
1214.91092,0.03972
1212.98249,0.04129
1211.05406,0.04285
1209.12563,0.04407
1207.19720,0.04547
1205.26877,0.04721
1203.34034,0.04863
1201.41191,0.04962
1199.48348,0.05026
1197.55505,0.05107
1195.62662,0.05177
1193.69819,0.05275
1191.76976,0.05391
1189.84133,0.05478
1187.91290,0.05564
1185.98447,0.05682
1184.05604,0.05804
1182.12761,0.05909
1180.19918,0.05997
1178.27075,0.06079
1176.34232,0.06203
1174.41389,0.06377
1172.48546,0.06542
1170.55703,0.06712
1168.62860,0.06907
1166.70017,0.07064
1164.77174,0.07168
1162.84331,0.07278
1160.91488,0.07392
1158.98645,0.07497
1157.05802,0.07638
1155.12959,0.07813
1153.20116,0.07996
1151.27273,0.08191
1149.34430,0.08367
1147.41587,0.08524
1145.48744,0.08725
1143.55901,0.08962
1141.63058,0.09164
1139.70215,0.09329
1137.77372,0.09544
1135.84529,0.09839
1133.91686,0.10133
1131.98843,0.10395
1130.06000,0.10635
1128.13157,0.10837
1126.20314,0.11077
1124.27471,0.11389
1122.34628,0.11687
1120.41785,0.11967
1118.48942,0.12284
1116.56099,0.12652
1114.63256,0.13045
1112.70413,0.13450
1110.77570,0.13925
1108.84727,0.14482
1106.91884,0.15031
1104.99041,0.15496
1103.06198,0.15894
1101.13355,0.16293
1099.20512,0.16714
1097.27669,0.17144
1095.34826,0.17559
1093.41983,0.17919
1091.49140,0.18208
1089.56297,0.18480
1087.63454,0.18824
1085.70611,0.19185
1083.77768,0.19400
1081.84925,0.19542
1079.92082,0.19807
1077.99239,0.20138
1076.06396,0.20334
1074.13553,0.20391
1072.20710,0.20466
1070.27867,0.20566
1068.35024,0.20633
1066.42181,0.20669
1064.49338,0.20602
1062.56495,0.20431
1060.63652,0.20353
1058.70809,0.20398
1056.77966,0.20301
1054.85123,0.19955
1052.92280,0.19485
1050.99437,0.18998
1049.06594,0.18564
1047.13751,0.18155
1045.20908,0.17675
1043.28065,0.17099
1041.35222,0.16416
1039.42379,0.15679
1037.49536,0.15013
1035.56693,0.14372
1033.63850,0.13638
1031.71007,0.12865
1029.78164,0.12169
1027.85321,0.11539
1025.92478,0.10904
1023.99635,0.10265
1022.06792,0.09660
1020.13949,0.09097
1018.21106,0.08582
1016.28263,0.08138
1014.35420,0.07747
1012.42577,0.07311
1010.49734,0.06839
1008.56891,0.06442
1006.64048,0.06126
1004.71205,0.05849
1002.78362,0.05615
1000.85519,0.05423
998.92676,0.05234
996.99833,0.05021
995.06990,0.04843
993.14147,0.04758
991.21304,0.04758
989.28461,0.04815
987.35618,0.04873
985.42775,0.04904
983.49932,0.04953
981.57089,0.05031
979.64246,0.05044
977.71403,0.04962
975.78560,0.04924
973.85717,0.04971
971.92874,0.04953
970.00031,0.04803
968.07188,0.04597
966.14345,0.04413
964.21502,0.04287
962.28659,0.04187
960.35816,0.04088
958.42973,0.03994
956.50130,0.03870
954.57287,0.03659
952.64444,0.03415
950.71601,0.03281
948.78758,0.03249
946.85915,0.03223
944.93072,0.03157
943.00229,0.03030
941.07386,0.02860
939.14543,0.02691
937.21700,0.02555
935.28857,0.02460
933.36014,0.02388
931.43171,0.02320
929.50328,0.02245
927.57485,0.02184
925.64642,0.02152
923.71799,0.02129
921.78956,0.02095
919.86113,0.02065
917.93270,0.02034
916.00427,0.01952
914.07584,0.01826
912.14741,0.01725
910.21898,0.01688
908.29055,0.01654
906.36212,0.01550
904.43368,0.01424
902.50525,0.01354
900.57682,0.01333
898.64839,0.01330
896.71996,0.01310
894.79153,0.01265
892.86310,0.01223
890.93467,0.01168
889.00624,0.01048
887.07781,0.00850
885.14938,0.00623
883.22095,0.00458
881.29252,0.00399
879.36409,0.00393
877.43566,0.00395
875.50723,0.00339
873.57880,0.00161
871.65037,0.00000
869.72194,-0.00004
867.79351,0.00051
865.86508,0.00082
863.93665,0.00113
862.00822,0.00154
860.07979,0.00158
858.15136,0.00140
856.22293,0.00193
854.29450,0.00282
852.36607,0.00279
850.43764,0.00246
848.50921,0.00316
846.58078,0.00449
844.65235,0.00547
842.72392,0.00616
840.79549,0.00690
838.86706,0.00772
836.93863,0.00937
835.01020,0.01200
833.08177,0.01421
831.15334,0.01499
829.22491,0.01518
827.29648,0.01622
825.36805,0.01810
823.43962,0.01953
821.51119,0.02021
819.58276,0.02113
817.65433,0.02249
815.72590,0.02348
813.79747,0.02405
811.86904,0.02465
809.94061,0.02517
808.01218,0.02497
806.08375,0.02403
804.15532,0.02304
802.22689,0.02218
800.29846,0.02152
798.37003,0.02145
796.44160,0.02180
794.51317,0.02170
792.58474,0.02067
790.65631,0.01942
788.72788,0.01886
786.79945,0.01863
784.87102,0.01725
782.94259,0.01488
781.01416,0.01319
779.08573,0.01183
777.15730,0.00993
775.22887,0.00840
773.30044,0.00761
771.37201,0.00704
769.44358,0.00657
767.51515,0.00642
765.58672,0.00663
763.65829,0.00679
761.72986,0.00710
759.80143,0.00816
757.87300,0.00959
755.94457,0.01060
754.01614,0.01093
752.08771,0.01105
750.15928,0.01131
748.23085,0.01111
746.30242,0.01064
744.37399,0.01142
742.44556,0.01282
740.51713,0.01264
738.58870,0.01167
736.66027,0.01194
734.73184,0.01268
732.80341,0.01205
730.87498,0.01024
728.94655,0.00870
727.01812,0.00804
725.08969,0.00806
723.16126,0.00893
721.23283,0.00937
719.30440,0.00993
717.37597,0.00965
715.44754,0.00809
713.51911,0.00677
711.59068,0.00650
709.66225,0.00598
707.73382,0.00581
705.80539,0.00664
703.87696,0.00783
701.94853,0.00834
700.02010,0.00817
698.09167,0.00806
696.16324,0.00865
694.23481,0.00970
692.30638,0.01041
690.37795,0.01056
688.44952,0.01069
686.52109,0.01060
684.59266,0.00994
682.66423,0.01004
680.73580,0.01215
678.80737,0.01466
676.87894,0.01514
674.95051,0.01480
673.02208,0.01623
671.09365,0.01877
669.16522,0.02092
667.23679,0.02270
665.30836,0.02311
663.37993,0.02189
661.45150,0.02052
659.52307,0.01900
657.59464,0.01591
655.66621,0.01214
653.73778,0.01005
651.80935,0.01051
649.88092,0.01314
647.95249,0.01527
646.02406,0.01507
644.09563,0.01227
642.16720,0.00785
640.23877,0.00547
638.31034,0.00670
636.38191,0.00817
634.45348,0.00748
632.52505,0.00520
630.59662,0.00270
628.66819,0.00215
626.73976,0.00444
624.81133,0.00638
622.88290,0.00691
620.95447,0.00855
619.02604,0.01029
617.09761,0.01129
615.16918,0.01229
613.24075,0.01484
611.31232,0.01462
609.38389,0.01250
607.45546,0.01172
605.52703,0.00894
603.59860,0.00316
601.67017,0.00000
599.74174,0.00000
