4001.49232,-0.00010
3999.56389,0.00021
3997.63546,-0.00001
3995.70703,0.00047
3993.77860,0.00117
3991.85017,0.00140
3989.92174,0.00105
3987.99331,0.00034
3986.06488,0.00000
3984.13645,0.00048
3982.20802,0.00103
3980.27959,0.00075
3978.35116,0.00006
3976.42273,-0.00022
3974.49430,-0.00011
3972.56587,0.00016
3970.63744,0.00063
3968.70901,0.00109
3966.78058,0.00112
3964.85215,0.00105
3962.92372,0.00129
3960.99529,0.00113
3959.06686,0.00035
3957.13843,0.00000
3955.21000,0.00041
3953.28157,0.00099
3951.35314,0.00132
3949.42471,0.00137
3947.49628,0.00104
3945.56785,0.00061
3943.63942,0.00062
3941.71099,0.00044
3939.78256,-0.00002
3937.85413,-0.00001
3935.92570,0.00033
3933.99727,0.00096
3932.06884,0.00165
3930.14041,0.00164
3928.21198,0.00083
3926.28355,0.00065
3924.35512,0.00133
3922.42669,0.00177
3920.49826,0.00206
3918.56982,0.00241
3916.64139,0.00242
3914.71296,0.00164
3912.78453,0.00082
3910.85610,0.00039
3908.92767,0.00000
3906.99924,0.00017
3905.07081,0.00161
3903.14238,0.00296
3901.21395,0.00353
3899.28552,0.00396
3897.35709,0.00319
3895.42866,0.00178
3893.50023,0.00196
3891.57180,0.00324
3889.64337,0.00255
3887.71494,0.00169
3885.78651,0.00250
3883.85808,0.00248
3881.92965,0.00234
3880.00122,0.00290
3878.07279,0.00216
3876.14436,0.00194
3874.21593,0.00317
3872.28750,0.00462
3870.35907,0.00594
3868.43064,0.00458
3866.50221,0.00228
3864.57378,0.00255
3862.64535,0.00386
3860.71692,0.00377
3858.78849,0.00250
3856.86006,0.00186
3854.93163,0.00302
3853.00320,0.00445
3851.07477,0.00382
3849.14634,0.00300
3847.21791,0.00245
3845.28948,0.00195
3843.36105,0.00097
3841.43262,0.00000
3839.50419,0.00118
3837.57576,0.00365
3835.64733,0.00451
3833.71890,0.00447
3831.79047,0.00449
3829.86204,0.00372
3827.93361,0.00291
3826.00518,0.00191
3824.07675,0.00075
3822.14832,0.00156
3820.21989,0.00214
3818.29146,0.00111
3816.36303,0.00182
3814.43460,0.00260
3812.50617,0.00231
3810.57774,0.00234
3808.64931,0.00348
3806.72088,0.00408
3804.79245,0.00262
3802.86402,0.00271
3800.93559,0.00339
3799.00716,0.00191
3797.07873,0.00177
3795.15030,0.00267
3793.22187,0.00271
3791.29344,0.00227
3789.36501,0.00163
3787.43658,0.00139
3785.50815,0.00198
3783.57972,0.00216
3781.65129,0.00206
3779.72286,0.00264
3777.79443,0.00248
3775.86600,0.00147
3773.93757,0.00090
3772.00914,0.00163
3770.08071,0.00300
3768.15228,0.00315
3766.22385,0.00300
3764.29542,0.00261
3762.36699,0.00181
3760.43856,0.00210
3758.51013,0.00306
3756.58170,0.00259
3754.65327,0.00121
3752.72484,0.00123
3750.79641,0.00237
3748.86798,0.00116
3746.93955,0.00020
3745.01112,0.00307
3743.08269,0.00475
3741.15426,0.00276
3739.22583,-0.00002
3737.29740,-0.00124
3735.36897,-0.00051
3733.44054,0.00128
3731.51211,0.00295
3729.58368,0.00372
3727.65525,0.00493
3725.72682,0.00592
3723.79839,0.00560
3721.86996,0.00493
3719.94153,0.00441
3718.01310,0.00323
3716.08467,0.00108
3714.15624,-0.00001
3712.22781,0.00181
3710.29938,0.00456
3708.37095,0.00458
3706.44252,0.00267
3704.51409,0.00153
3702.58566,0.00257
3700.65723,0.00374
3698.72880,0.00326
3696.80037,0.00221
3694.87194,0.00094
3692.94351,0.00000
3691.01508,0.00081
3689.08665,0.00355
3687.15822,0.00500
3685.22979,0.00447
3683.30136,0.00352
3681.37293,0.00282
3679.44450,0.00235
3677.51607,0.00308
3675.58764,0.00435
3673.65921,0.00188
3671.73078,0.00025
3669.80235,0.00289
3667.87392,0.00442
3665.94549,0.00376
3664.01706,0.00315
3662.08863,0.00287
3660.16020,0.00254
3658.23177,0.00306
3656.30334,0.00405
3654.37491,0.00251
3652.44648,0.00000
3650.51805,0.00083
3648.58962,0.00518
3646.66119,0.00707
3644.73276,0.00564
3642.80433,0.00451
3640.87590,0.00456
3638.94747,0.00493
3637.01904,0.00535
3635.09061,0.00588
3633.16218,0.00563
3631.23375,0.00544
3629.30532,0.00718
3627.37689,0.00792
3625.44846,0.00666
3623.52003,0.00548
3621.59160,0.00539
3619.66317,0.00616
3617.73474,0.00618
3615.80631,0.00616
3613.87788,0.00814
3611.94945,0.01013
3610.02102,0.01104
3608.09259,0.01176
3606.16416,0.01107
3604.23573,0.00910
3602.30730,0.00771
3600.37887,0.00751
3598.45044,0.00799
3596.52201,0.00891
3594.59358,0.00913
3592.66515,0.00723
3590.73672,0.00506
3588.80829,0.00542
3586.87986,0.00655
3584.95143,0.00515
3583.02300,0.00323
3581.09457,0.00290
3579.16614,0.00352
3577.23771,0.00391
3575.30928,0.00374
3573.38085,0.00307
3571.45242,0.00228
3569.52399,0.00286
3567.59556,0.00541
3565.66713,0.00691
3563.73870,0.00617
3561.81027,0.00580
3559.88184,0.00627
3557.95341,0.00644
3556.02498,0.00635
3554.09655,0.00665
3552.16812,0.00684
3550.23969,0.00606
3548.31126,0.00525
3546.38283,0.00530
3544.45440,0.00520
3542.52597,0.00424
3540.59754,0.00316
3538.66911,0.00288
3536.74068,0.00324
3534.81225,0.00306
3532.88382,0.00209
3530.95539,0.00136
3529.02696,0.00154
3527.09853,0.00231
3525.17010,0.00304
3523.24167,0.00326
3521.31324,0.00278
3519.38481,0.00240
3517.45638,0.00252
3515.52795,0.00261
3513.59952,0.00227
3511.67109,0.00167
3509.74266,0.00099
3507.81423,0.00015
3505.88580,0.00000
3503.95737,0.00115
3502.02894,0.00223
3500.10051,0.00225
3498.17208,0.00206
3496.24365,0.00206
3494.31522,0.00181
3492.38679,0.00157
3490.45836,0.00188
3488.52993,0.00247
3486.60150,0.00258
3484.67307,0.00241
3482.74464,0.00255
3480.81621,0.00250
3478.88778,0.00183
3476.95935,0.00142
3475.03092,0.00161
3473.10249,0.00140
3471.17406,0.00045
3469.24563,-0.00011
3467.31720,0.00030
3465.38877,0.00103
3463.46034,0.00161
3461.53191,0.00185
3459.60348,0.00179
3457.67505,0.00190
3455.74662,0.00198
3453.81819,0.00146
3451.88976,0.00057
3449.96133,0.00030
3448.03290,0.00118
3446.10447,0.00158
3444.17604,0.00076
3442.24761,0.00045
3440.31918,0.00093
3438.39075,0.00130
3436.46232,0.00121
3434.53389,0.00114
3432.60546,0.00129
3430.67703,0.00105
3428.74860,0.00042
3426.82017,0.00012
3424.89174,0.00013
3422.96331,0.00040
3421.03488,0.00103
3419.10645,0.00138
3417.17802,0.00124
3415.24959,0.00090
3413.32116,0.00050
3411.39273,0.00030
3409.46430,0.00024
3407.53587,0.00013
3405.60744,0.00013
3403.67901,0.00052
3401.75058,0.00108
3399.82215,0.00165
3397.89372,0.00128
3395.96529,0.00086
3394.03686,0.00086
3392.10843,0.00104
3390.18000,0.00073
3388.25157,0.00039
3386.32314,0.00045
3384.39471,0.00066
3382.46628,0.00094
3380.53785,0.00124
3378.60942,0.00108
3376.68099,0.00049
3374.75256,0.00018
3372.82413,0.00033
3370.89570,0.00049
3368.96727,0.00057
3367.03884,0.00081
3365.11041,0.00120
3363.18198,0.00152
3361.25355,0.00141
3359.32512,0.00089
3357.39669,0.00068
3355.46826,0.00090
3353.53983,0.00096
3351.61140,0.00091
3349.68297,0.00116
3347.75454,0.00150
3345.82611,0.00154
3343.89768,0.00139
3341.96925,0.00129
3340.04082,0.00131
3338.11239,0.00160
3336.18396,0.00220
3334.25553,0.00252
3332.32710,0.00243
3330.39867,0.00252
3328.47024,0.00273
3326.54181,0.00248
3324.61338,0.00205
3322.68495,0.00204
3320.75652,0.00231
3318.82809,0.00247
3316.89966,0.00231
3314.97122,0.00193
3313.04279,0.00188
3311.11436,0.00234
3309.18593,0.00278
3307.25750,0.00301
3305.32907,0.00346
3303.40064,0.00401
3301.47221,0.00423
3299.54378,0.00416
3297.61535,0.00409
3295.68692,0.00402
3293.75849,0.00389
3291.83006,0.00375
3289.90163,0.00345
3287.97320,0.00290
3286.04477,0.00253
3284.11634,0.00275
3282.18791,0.00334
3280.25948,0.00384
3278.33105,0.00415
3276.40262,0.00401
3274.47419,0.00333
3272.54576,0.00269
3270.61733,0.00250
3268.68890,0.00265
3266.76047,0.00302
3264.83204,0.00361
3262.90361,0.00419
3260.97518,0.00408
3259.04675,0.00332
3257.11832,0.00276
3255.18989,0.00280
3253.26146,0.00294
3251.33303,0.00281
3249.40460,0.00260
3247.47617,0.00249
3245.54774,0.00246
3243.61931,0.00237
3241.69088,0.00223
3239.76245,0.00210
3237.83402,0.00204
3235.90559,0.00211
3233.97716,0.00216
3232.04873,0.00225
3230.12030,0.00260
3228.19187,0.00308
3226.26344,0.00313
3224.33501,0.00278
3222.40658,0.00273
3220.47815,0.00315
3218.54972,0.00334
3216.62129,0.00302
3214.69286,0.00256
3212.76443,0.00210
3210.83600,0.00199
3208.90757,0.00227
3206.97914,0.00258
3205.05071,0.00287
3203.12228,0.00298
3201.19385,0.00295
3199.26542,0.00330
3197.33699,0.00357
3195.40856,0.00284
3193.48013,0.00178
3191.55170,0.00156
3189.62327,0.00201
3187.69484,0.00239
3185.76641,0.00250
3183.83798,0.00220
3181.90955,0.00145
3179.98112,0.00113
3178.05269,0.00148
3176.12426,0.00160
3174.19583,0.00135
3172.26740,0.00134
3170.33897,0.00165
3168.41054,0.00198
3166.48211,0.00185
3164.55368,0.00119
3162.62525,0.00080
3160.69682,0.00093
3158.76839,0.00092
3156.83996,0.00067
3154.91153,0.00060
3152.98310,0.00074
3151.05467,0.00077
3149.12624,0.00056
3147.19781,0.00063
3145.26938,0.00114
3143.34095,0.00136
3141.41252,0.00095
3139.48409,0.00048
3137.55566,0.00045
3135.62723,0.00071
3133.69880,0.00102
3131.77037,0.00124
3129.84194,0.00138
3127.91351,0.00134
3125.98508,0.00105
3124.05665,0.00094
3122.12822,0.00119
3120.19979,0.00142
3118.27136,0.00128
3116.34293,0.00082
3114.41450,0.00038
3112.48607,0.00016
3110.55764,0.00003
3108.62921,0.00001
3106.70078,0.00010
3104.77235,0.00002
3102.84392,0.00000
3100.91549,0.00025
3098.98706,0.00053
3097.05863,0.00068
3095.13020,0.00061
3093.20177,0.00045
3091.27334,0.00043
3089.34491,0.00049
3087.41648,0.00057
3085.48805,0.00059
3083.55962,0.00048
3081.63119,0.00038
3079.70276,0.00038
3077.77433,0.00051
3075.84590,0.00071
3073.91747,0.00095
3071.98904,0.00120
3070.06061,0.00116
3068.13218,0.00085
3066.20375,0.00066
3064.27532,0.00067
3062.34689,0.00072
3060.41846,0.00086
3058.49003,0.00110
3056.56160,0.00116
3054.63317,0.00091
3052.70474,0.00092
3050.77631,0.00162
3048.84788,0.00243
3046.91945,0.00245
3044.99102,0.00163
3043.06259,0.00080
3041.13416,0.00047
3039.20573,0.00039
3037.27730,0.00044
3035.34887,0.00078
3033.42044,0.00113
3031.49201,0.00132
3029.56358,0.00164
3027.63515,0.00208
3025.70672,0.00217
3023.77829,0.00181
3021.84986,0.00123
3019.92143,0.00053
3017.99300,0.00015
3016.06457,0.00041
3014.13614,0.00106
3012.20771,0.00147
3010.27928,0.00141
3008.35085,0.00098
3006.42242,0.00060
3004.49399,0.00065
3002.56556,0.00094
3000.63713,0.00102
2998.70870,0.00107
2996.78027,0.00075
2994.85184,0.00082
2992.92341,0.00129
2990.99498,0.00174
2989.06655,0.00209
2987.13812,0.00204
2985.20969,0.00148
2983.28126,0.00091
2981.35283,0.00067
2979.42440,0.00056
2977.49597,0.00062
2975.56754,0.00115
2973.63911,0.00184
2971.71068,0.00207
2969.78225,0.00201
2967.85382,0.00213
2965.92539,0.00235
2963.99696,0.00250
2962.06853,0.00251
2960.14010,0.00239
2958.21167,0.00222
2956.28324,0.00221
2954.35481,0.00240
2952.42638,0.00255
2950.49795,0.00257
2948.56952,0.00246
2946.64109,0.00218
2944.71266,0.00190
2942.78423,0.00197
2940.85580,0.00253
2938.92737,0.00326
2936.99894,0.00379
2935.07051,0.00406
2933.14208,0.00389
2931.21365,0.00313
2929.28522,0.00231
2927.35679,0.00195
2925.42836,0.00185
2923.49993,0.00179
2921.57150,0.00196
2919.64307,0.00217
2917.71464,0.00202
2915.78621,0.00163
2913.85778,0.00116
2911.92935,0.00086
2910.00092,0.00099
2908.07249,0.00124
2906.14406,0.00130
2904.21563,0.00128
2902.28720,0.00116
2900.35877,0.00087
2898.43034,0.00066
2896.50191,0.00079
2894.57348,0.00098
2892.64505,0.00082
2890.71662,0.00049
2888.78819,0.00043
2886.85976,0.00066
2884.93133,0.00088
2883.00290,0.00082
2881.07447,0.00063
2879.14604,0.00077
2877.21761,0.00124
2875.28918,0.00152
2873.36075,0.00132
2871.43232,0.00103
2869.50389,0.00097
2867.57546,0.00088
2865.64703,0.00061
2863.71860,0.00044
2861.79017,0.00039
2859.86174,0.00050
2857.93331,0.00102
2856.00488,0.00164
2854.07645,0.00178
2852.14802,0.00158
2850.21959,0.00136
2848.29116,0.00102
2846.36273,0.00062
2844.43430,0.00050
2842.50587,0.00060
2840.57744,0.00047
2838.64901,0.00012
2836.72058,-0.00002
2834.79215,0.00008
2832.86372,0.00011
2830.93529,0.00011
2829.00686,0.00027
2827.07843,0.00050
2825.15000,0.00057
2823.22157,0.00060
2821.29314,0.00087
2819.36471,0.00114
2817.43628,0.00121
2815.50785,0.00116
2813.57942,0.00099
2811.65099,0.00073
2809.72256,0.00034
2807.79413,0.00000
2805.86570,0.00004
2803.93727,0.00049
2802.00884,0.00087
2800.08041,0.00101
2798.15198,0.00103
2796.22355,0.00084
2794.29512,0.00056
2792.36669,0.00053
2790.43826,0.00061
2788.50983,0.00066
2786.58140,0.00063
2784.65297,0.00035
2782.72454,0.00006
2780.79611,0.00020
2778.86768,0.00041
2776.93925,0.00030
2775.01082,0.00011
2773.08239,0.00012
2771.15396,0.00032
2769.22553,0.00049
2767.29710,0.00053
2765.36867,0.00061
2763.44024,0.00081
2761.51181,0.00095
2759.58338,0.00093
2757.65495,0.00072
2755.72652,0.00039
2753.79809,0.00000
2751.86966,-0.00022
2749.94123,-0.00004
2748.01280,0.00053
2746.08437,0.00100
2744.15594,0.00102
2742.22751,0.00090
2740.29908,0.00089
2738.37065,0.00074
2736.44222,0.00040
2734.51379,0.00010
2732.58536,-0.00001
2730.65693,0.00010
2728.72850,0.00026
2726.80007,0.00027
2724.87164,0.00016
2722.94321,0.00010
2721.01478,0.00021
2719.08635,0.00028
2717.15792,0.00019
2715.22949,0.00031
2713.30105,0.00066
2711.37262,0.00070
2709.44419,0.00034
2707.51576,0.00018
2705.58733,0.00035
2703.65890,0.00056
2701.73047,0.00057
2699.80204,0.00029
2697.87361,-0.00004
2695.94518,-0.00001
2694.01675,0.00040
2692.08832,0.00068
2690.15989,0.00067
2688.23146,0.00066
2686.30303,0.00067
2684.37460,0.00057
2682.44617,0.00048
2680.51774,0.00042
2678.58931,0.00041
2676.66088,0.00055
2674.73245,0.00069
2672.80402,0.00069
2670.87559,0.00076
2668.94716,0.00105
2667.01873,0.00113
2665.09030,0.00067
2663.16187,0.00030
2661.23344,0.00054
2659.30501,0.00085
2657.37658,0.00065
2655.44815,0.00021
2653.51972,0.00000
2651.59129,0.00003
2649.66286,0.00029
2647.73443,0.00067
2645.80600,0.00085
2643.87757,0.00085
2641.94914,0.00108
2640.02071,0.00143
2638.09228,0.00155
2636.16385,0.00142
2634.23542,0.00115
2632.30699,0.00086
2630.37856,0.00069
2628.45013,0.00062
2626.52170,0.00046
2624.59327,0.00015
2622.66484,-0.00005
2620.73641,0.00005
2618.80798,0.00040
2616.87955,0.00065
2614.95112,0.00054
2613.02269,0.00033
2611.09426,0.00034
2609.16583,0.00053
2607.23740,0.00056
2605.30897,0.00044
2603.38054,0.00038
2601.45211,0.00039
2599.52368,0.00034
2597.59525,0.00012
2595.66682,-0.00019
2593.73839,-0.00015
2591.80996,0.00028
2589.88153,0.00044
2587.95310,0.00019
2586.02467,0.00001
2584.09624,-0.00003
2582.16781,-0.00015
2580.23938,-0.00014
2578.31095,0.00013
2576.38252,0.00026
2574.45409,0.00017
2572.52566,0.00031
2570.59723,0.00056
2568.66880,0.00056
2566.74037,0.00048
2564.81194,0.00046
2562.88351,0.00054
2560.95508,0.00056
2559.02665,0.00027
2557.09822,0.00000
2555.16979,0.00012
2553.24136,0.00041
2551.31293,0.00052
2549.38450,0.00041
2547.45607,0.00026
2545.52764,0.00015
2543.59921,0.00012
2541.67078,0.00013
2539.74235,0.00006
2537.81392,-0.00007
2535.88549,-0.00006
2533.95706,0.00018
2532.02863,0.00061
2530.10020,0.00095
2528.17177,0.00085
2526.24334,0.00054
2524.31491,0.00035
2522.38648,0.00032
2520.45805,0.00038
2518.52962,0.00037
2516.60119,0.00038
2514.67276,0.00061
2512.74433,0.00080
2510.81590,0.00070
2508.88747,0.00050
2506.95904,0.00035
2505.03061,0.00024
2503.10218,0.00014
2501.17375,0.00000
2499.24532,0.00003
2497.31689,0.00035
2495.38846,0.00071
2493.46003,0.00093
2491.53160,0.00092
2489.60317,0.00072
2487.67474,0.00061
2485.74631,0.00057
2483.81788,0.00041
2481.88945,0.00036
2479.96102,0.00054
2478.03259,0.00051
2476.10416,0.00027
2474.17573,0.00016
2472.24730,0.00007
2470.31887,0.00001
2468.39044,0.00021
2466.46201,0.00050
2464.53358,0.00063
2462.60515,0.00051
2460.67672,0.00021
2458.74829,0.00006
2456.81986,0.00021
2454.89143,0.00030
2452.96300,0.00037
2451.03457,0.00066
2449.10614,0.00084
2447.17771,0.00063
2445.24928,0.00039
2443.32085,0.00036
2441.39242,0.00028
2439.46399,0.00007
2437.53556,0.00005
2435.60713,0.00021
2433.67870,0.00024
2431.75027,0.00021
2429.82184,0.00017
2427.89341,0.00008
2425.96498,0.00000
2424.03655,0.00000
2422.10812,0.00001
2420.17969,0.00001
2418.25126,0.00002
2416.32283,0.00002
2414.39440,0.00002
2412.46597,0.00002
2410.53754,0.00002
2408.60911,0.00002
2406.68068,0.00002
2404.75225,0.00002
2402.82382,0.00003
2400.89539,0.00003
2398.96696,-0.00001
2397.03853,-0.00004
2395.11010,-0.00008
2393.18167,-0.00011
2391.25324,-0.00014
2389.32481,-0.00017
2387.39638,-0.00020
2385.46795,-0.00023
2383.53952,-0.00026
2381.61109,-0.00028
2379.68266,-0.00031
2377.75423,-0.00033
2375.82580,-0.00035
2373.89737,-0.00038
2371.96894,-0.00040
2370.04051,-0.00042
2368.11208,-0.00043
2366.18365,-0.00045
2364.25522,-0.00047
2362.32679,-0.00048
2360.39836,-0.00050
2358.46993,-0.00051
2356.54150,-0.00052
2354.61307,-0.00053
2352.68464,-0.00054
2350.75621,-0.00055
2348.82778,-0.00056
2346.89935,-0.00057
2344.97092,-0.00057
2343.04249,-0.00058
2341.11406,-0.00058
2339.18563,-0.00058
2337.25720,-0.00058
2335.32877,-0.00058
2333.40034,-0.00058
2331.47191,-0.00058
2329.54348,-0.00057
2327.61505,-0.00057
2325.68662,-0.00056
2323.75819,-0.00056
2321.82976,-0.00055
2319.90133,-0.00054
2317.97290,-0.00053
2316.04447,-0.00052
2314.11604,-0.00051
2312.18761,-0.00049
2310.25918,-0.00048
2308.33075,-0.00046
2306.40232,-0.00045
2304.47389,-0.00043
2302.54546,-0.00041
2300.61703,-0.00039
2298.68860,-0.00037
2296.76017,-0.00035
2294.83174,-0.00033
2292.90331,-0.00030
2290.97488,-0.00028
2289.04645,-0.00025
2287.11802,-0.00022
2285.18959,-0.00019
2283.26116,-0.00016
2281.33273,-0.00013
2279.40430,-0.00010
2277.47587,-0.00007
2275.54744,-0.00004
2273.61901,0.00000
2271.69058,0.00003
2269.76215,0.00006
2267.83372,0.00009
2265.90529,0.00012
2263.97686,0.00016
2262.04843,0.00019
2260.12000,0.00023
2258.19157,0.00027
2256.26314,0.00030
2254.33471,0.00034
2252.40628,0.00038
2250.47785,0.00042
2248.54942,0.00047
2246.62099,0.00051
2244.69256,0.00055
2242.76413,0.00060
2240.83570,0.00046
2238.90727,0.00036
2236.97884,0.00041
2235.05041,0.00055
2233.12198,0.00050
2231.19355,0.00021
2229.26512,0.00000
2227.33669,-0.00000
2225.40826,0.00006
2223.47983,0.00023
2221.55140,0.00039
2219.62297,0.00041
2217.69454,0.00048
2215.76611,0.00081
2213.83768,0.00105
2211.90925,0.00083
2209.98082,0.00049
2208.05239,0.00049
2206.12396,0.00069
2204.19553,0.00078
2202.26710,0.00093
2200.33867,0.00128
2198.41024,0.00150
2196.48181,0.00135
2194.55338,0.00110
2192.62495,0.00093
2190.69652,0.00068
2188.76809,0.00044
2186.83966,0.00045
2184.91123,0.00057
2182.98280,0.00062
2181.05437,0.00060
2179.12594,0.00044
2177.19751,0.00017
2175.26908,0.00000
2173.34065,0.00006
2171.41222,0.00029
2169.48379,0.00038
2167.55536,0.00023
2165.62693,0.00016
2163.69850,0.00038
2161.77007,0.00057
2159.84164,0.00053
2157.91321,0.00055
2155.98478,0.00078
2154.05635,0.00093
2152.12792,0.00066
2150.19949,0.00015
2148.27106,-0.00010
2146.34263,0.00005
2144.41420,0.00039
2142.48577,0.00070
2140.55734,0.00089
2138.62891,0.00082
2136.70048,0.00064
2134.77205,0.00065
2132.84362,0.00080
2130.91519,0.00093
2128.98676,0.00103
2127.05833,0.00112
2125.12990,0.00104
2123.20147,0.00078
2121.27304,0.00054
2119.34461,0.00033
2117.41618,0.00014
2115.48775,0.00019
2113.55932,0.00047
2111.63089,0.00068
2109.70245,0.00062
2107.77402,0.00048
2105.84559,0.00049
2103.91716,0.00058
2101.98873,0.00057
2100.06030,0.00050
2098.13187,0.00034
2096.20344,0.00026
2094.27501,0.00037
2092.34658,0.00044
2090.41815,0.00039
2088.48972,0.00043
2086.56129,0.00052
2084.63286,0.00040
2082.70443,0.00020
2080.77600,0.00013
2078.84757,0.00010
2076.91914,0.00004
2074.99071,0.00000
2073.06228,0.00006
2071.13385,0.00029
2069.20542,0.00046
2067.27699,0.00048
2065.34856,0.00050
2063.42013,0.00035
2061.49170,0.00014
2059.56327,0.00009
2057.63484,0.00019
2055.70641,0.00039
2053.77798,0.00045
2051.84955,0.00034
2049.92112,0.00037
2047.99269,0.00059
2046.06426,0.00073
2044.13583,0.00082
2042.20740,0.00106
2040.27897,0.00097
2038.35054,0.00045
2036.42211,0.00019
2034.49368,0.00033
2032.56525,0.00056
2030.63682,0.00064
2028.70839,0.00057
2026.77996,0.00048
2024.85153,0.00043
2022.92310,0.00028
2020.99467,0.00001
2019.06624,-0.00000
2017.13781,0.00030
2015.20938,0.00046
2013.28095,0.00057
2011.35252,0.00065
2009.42409,0.00063
2007.49566,0.00065
2005.56723,0.00069
2003.63880,0.00075
2001.71037,0.00082
1999.78194,0.00080
1997.85351,0.00060
1995.92508,0.00020
1993.99665,0.00010
1992.06822,0.00034
1990.13979,0.00023
1988.21136,0.00003
1986.28293,0.00005
1984.35450,0.00032
1982.42607,0.00060
1980.49764,0.00058
1978.56921,0.00049
1976.64078,0.00047
1974.71235,0.00043
1972.78392,0.00039
1970.85549,0.00038
1968.92706,0.00059
1966.99863,0.00081
1965.07020,0.00051
1963.14177,0.00023
1961.21334,0.00024
1959.28491,0.00016
1957.35648,0.00007
1955.42805,0.00019
1953.49962,0.00029
1951.57119,0.00022
1949.64276,0.00014
1947.71433,0.00009
1945.78590,0.00000
1943.85747,0.00034
1941.92904,0.00077
1940.00061,0.00060
1938.07218,0.00039
1936.14375,0.00025
1934.21532,0.00003
1932.28689,-0.00007
1930.35846,0.00002
1928.43003,0.00003
1926.50160,-0.00013
1924.57317,0.00015
1922.64474,0.00051
1920.71631,0.00041
1918.78788,0.00079
1916.85945,0.00099
1914.93102,0.00052
1913.00259,0.00041
1911.07416,0.00094
1909.14573,0.00140
1907.21730,0.00132
1905.28887,0.00116
1903.36044,0.00127
1901.43201,0.00142
1899.50358,0.00137
1897.57515,0.00123
1895.64672,0.00110
1893.71829,0.00073
1891.78986,0.00073
1889.86143,0.00146
1887.93300,0.00161
1886.00457,0.00120
1884.07614,0.00104
1882.14771,0.00110
1880.21928,0.00139
1878.29085,0.00173
1876.36242,0.00177
1874.43399,0.00123
1872.50556,0.00026
1870.57713,-0.00003
1868.64870,0.00043
1866.72027,0.00051
1864.79184,0.00052
1862.86341,0.00094
1860.93498,0.00130
1859.00655,0.00140
1857.07812,0.00143
1855.14969,0.00150
1853.22126,0.00159
1851.29283,0.00156
1849.36440,0.00134
1847.43597,0.00112
1845.50754,0.00181
1843.57911,0.00263
1841.65068,0.00194
1839.72225,0.00138
1837.79382,0.00181
1835.86539,0.00194
1833.93696,0.00109
1832.00853,0.00045
1830.08010,0.00062
1828.15167,0.00030
1826.22324,0.00043
1824.29481,0.00126
1822.36638,0.00160
1820.43795,0.00193
1818.50952,0.00245
1816.58109,0.00248
1814.65266,0.00180
1812.72423,0.00136
1810.79580,0.00140
1808.86737,0.00131
1806.93894,0.00122
1805.01051,0.00135
1803.08208,0.00184
1801.15365,0.00238
1799.22522,0.00215
1797.29679,0.00129
1795.36836,0.00079
1793.43993,0.00142
1791.51150,0.00234
1789.58307,0.00205
1787.65464,0.00194
1785.72621,0.00241
1783.79778,0.00239
1781.86935,0.00229
1779.94092,0.00230
1778.01249,0.00151
1776.08406,0.00028
1774.15563,0.00000
1772.22720,0.00073
1770.29877,0.00112
1768.37034,0.00158
1766.44191,0.00163
1764.51348,0.00156
1762.58505,0.00238
1760.65662,0.00248
1758.72819,0.00218
1756.79976,0.00226
1754.87133,0.00157
1752.94290,0.00136
1751.01447,0.00198
1749.08604,0.00160
1747.15761,0.00052
1745.22918,0.00030
1743.30075,0.00086
1741.37232,0.00158
1739.44389,0.00141
1737.51546,0.00000
1735.58703,0.00040
1733.65860,0.00181
1731.73017,0.00141
1729.80174,0.00144
1727.87331,0.00176
1725.94488,0.00190
1724.01645,0.00187
1722.08802,0.00075
1720.15959,-0.00003
1718.23116,0.00084
1716.30273,0.00151
1714.37430,0.00149
1712.44587,0.00178
1710.51744,0.00204
1708.58901,0.00200
1706.66058,0.00223
1704.73215,0.00218
1702.80372,0.00267
1700.87529,0.00488
1698.94686,0.00521
1697.01843,0.00552
1695.09000,0.00723
1693.16157,0.00776
1691.23314,0.00859
1689.30471,0.00926
1687.37628,0.00922
1685.44785,0.01156
1683.51942,0.01455
1681.59099,0.01445
1679.66256,0.01397
1677.73413,0.01456
1675.80570,0.01596
1673.87727,0.01581
1671.94884,0.01574
1670.02041,0.01837
1668.09198,0.02010
1666.16355,0.02000
1664.23512,0.02142
1662.30669,0.02392
1660.37826,0.02472
1658.44983,0.02418
1656.52140,0.02446
1654.59297,0.02718
1652.66454,0.02747
1650.73611,0.02263
1648.80768,0.02125
1646.87925,0.02408
1644.95082,0.02482
1643.02239,0.02392
1641.09396,0.02275
1639.16553,0.02145
1637.23710,0.02170
1635.30867,0.02236
1633.38024,0.02062
1631.45181,0.01915
1629.52338,0.01911
1627.59495,0.01898
1625.66652,0.01888
1623.73809,0.01988
1621.80966,0.01947
1619.88123,0.01796
1617.95280,0.01834
1616.02437,0.01835
1614.09594,0.01595
1612.16751,0.01394
1610.23908,0.01286
1608.31065,0.01173
1606.38222,0.01038
1604.45379,0.00945
1602.52536,0.00902
1600.59693,0.00850
1598.66850,0.00789
1596.74007,0.00764
1594.81164,0.00769
1592.88321,0.00786
1590.95478,0.00828
1589.02635,0.00864
1587.09792,0.00863
1585.16949,0.00851
1583.24106,0.00831
1581.31263,0.00750
1579.38420,0.00666
1577.45577,0.00752
1575.52734,0.00820
1573.59891,0.00666
1571.67048,0.00670
1569.74205,0.00821
1567.81362,0.00780
1565.88519,0.00703
1563.95676,0.00649
1562.02833,0.00675
1560.09990,0.01014
1558.17147,0.01173
1556.24304,0.00996
1554.31461,0.01025
1552.38618,0.01180
1550.45775,0.01330
1548.52932,0.01331
1546.60089,0.01214
1544.67246,0.01081
1542.74403,0.00942
1540.81560,0.01034
1538.88717,0.01128
1536.95874,0.01026
1535.03031,0.01140
1533.10188,0.01318
1531.17345,0.01209
1529.24502,0.01121
1527.31659,0.01133
1525.38816,0.01042
1523.45973,0.00994
1521.53130,0.01024
1519.60287,0.00881
1517.67444,0.00873
1515.74601,0.00951
1513.81758,0.00874
1511.88915,0.00721
1509.96072,0.00627
1508.03229,0.00718
1506.10385,0.00690
1504.17542,0.00423
1502.24699,0.00317
1500.31856,0.00347
1498.39013,0.00368
1496.46170,0.00312
1494.53327,0.00114
1492.60484,0.00000
1490.67641,0.00094
1488.74798,0.00145
1486.81955,0.00056
1484.89112,-0.00007
1482.96269,0.00046
1481.03426,0.00106
1479.10583,0.00066
1477.17740,0.00002
1475.24897,-0.00012
1473.32054,0.00083
1471.39211,0.00122
1469.46368,0.00039
1467.53525,0.00057
1465.60682,0.00183
1463.67839,0.00158
1461.74996,-0.00005
1459.82153,0.00015
1457.89310,0.00250
1455.96467,0.00276
1454.03624,0.00153
1452.10781,0.00149
1450.17938,0.00219
1448.25095,0.00279
1446.32252,0.00265
1444.39409,0.00224
1442.46566,0.00190
1440.53723,0.00132
1438.60880,0.00174
1436.68037,0.00280
1434.75194,0.00191
1432.82351,0.00092
1430.89508,0.00141
1428.96665,0.00144
1427.03822,0.00066
1425.10979,0.00050
1423.18136,0.00017
1421.25293,0.00011
1419.32450,0.00133
1417.39607,0.00153
1415.46764,0.00094
1413.53921,0.00120
1411.61078,0.00176
1409.68235,0.00156
1407.75392,0.00115
1405.82549,0.00135
1403.89706,0.00119
1401.96863,0.00087
1400.04020,0.00150
1398.11177,0.00189
1396.18334,0.00190
1394.25491,0.00203
1392.32648,0.00155
1390.39805,0.00148
1388.46962,0.00248
1386.54119,0.00290
1384.61276,0.00213
1382.68433,0.00175
1380.75590,0.00197
1378.82747,0.00191
1376.89904,0.00164
1374.97061,0.00184
1373.04218,0.00164
1371.11375,0.00112
1369.18532,0.00122
1367.25689,0.00101
1365.32846,0.00059
1363.40003,0.00083
1361.47160,0.00081
1359.54317,0.00036
1357.61474,0.00028
1355.68631,0.00037
1353.75788,0.00021
1351.82945,0.00004
1349.90102,0.00022
1347.97259,0.00052
1346.04416,0.00063
1344.11573,0.00048
1342.18730,0.00066
1340.25887,0.00152
1338.33044,0.00171
1336.40201,0.00079
1334.47358,0.00004
1332.54515,0.00000
1330.61672,0.00040
1328.68829,0.00084
1326.75986,0.00105
1324.83143,0.00090
1322.90300,0.00056
1320.97457,0.00038
1319.04614,0.00039
1317.11771,0.00036
1315.18928,0.00040
1313.26085,0.00039
1311.33242,0.00014
1309.40399,0.00015
1307.47556,0.00054
1305.54713,0.00059
1303.61870,0.00017
1301.69027,-0.00024
1299.76184,-0.00026
1297.83341,0.00007
1295.90498,0.00039
1293.97655,0.00045
1292.04812,0.00037
1290.11969,0.00045
1288.19126,0.00050
1286.26283,0.00022
1284.33440,0.00000
1282.40597,0.00008
1280.47754,0.00032
1278.54911,0.00041
1276.62068,0.00033
1274.69225,0.00033
1272.76382,0.00059
1270.83539,0.00080
1268.90696,0.00087
1266.97853,0.00116
1265.05010,0.00160
1263.12167,0.00221
1261.19324,0.00319
1259.26481,0.00426
1257.33638,0.00517
1255.40795,0.00619
1253.47952,0.00744
1251.55109,0.00888
1249.62266,0.01045
1247.69423,0.01205
1245.76580,0.01370
1243.83737,0.01545
1241.90894,0.01730
1239.98051,0.01918
1238.05208,0.02089
1236.12365,0.02236
1234.19522,0.02389
1232.26679,0.02559
1230.33836,0.02728
1228.40993,0.02896
1226.48150,0.03084
1224.55307,0.03272
1222.62464,0.03442
1220.69621,0.03629
1218.76778,0.03839
1216.83935,0.04015
1214.91092,0.04141
1212.98249,0.04269
1211.05406,0.04432
1209.12563,0.04604
1207.19720,0.04758
1205.26877,0.04903
1203.34034,0.05050
1201.41191,0.05201
1199.48348,0.05321
1197.55505,0.05457
1195.62662,0.05593
1193.69819,0.05775
1191.76976,0.06018
1189.84133,0.06240
1187.91290,0.06420
1185.98447,0.06605
1184.05604,0.06801
1182.12761,0.07009
1180.19918,0.07205
1178.27075,0.07386
1176.34232,0.07638
1174.41389,0.07967
1172.48546,0.08292
1170.55703,0.08615
1168.62860,0.08943
1166.70017,0.09222
1164.77174,0.09450
1162.84331,0.09677
1160.91488,0.09965
1158.98645,0.10357
1157.05802,0.10829
1155.12959,0.11333
1153.20116,0.11862
1151.27273,0.12372
1149.34430,0.12781
1147.41587,0.13059
1145.48744,0.13271
1143.55901,0.13477
1141.63058,0.13634
1139.70215,0.13719
1137.77372,0.13852
1135.84529,0.14072
1133.91686,0.14264
1131.98843,0.14421
1130.06000,0.14643
1128.13157,0.14954
1126.20314,0.15305
1124.27471,0.15643
1122.34628,0.15963
1120.41785,0.16314
1118.48942,0.16727
1116.56099,0.17186
1114.63256,0.17665
1112.70413,0.18135
1110.77570,0.18552
1108.84727,0.18929
1106.91884,0.19357
1104.99041,0.19888
1103.06198,0.20512
1101.13355,0.21219
1099.20512,0.21989
1097.27669,0.22841
1095.34826,0.23781
1093.41983,0.24680
1091.49140,0.25454
1089.56297,0.26141
1087.63454,0.26659
1085.70611,0.26896
1083.77768,0.26947
1081.84925,0.26942
1079.92082,0.26855
1077.99239,0.26694
1076.06396,0.26533
1074.13553,0.26356
1072.20710,0.26132
1070.27867,0.25864
1068.35024,0.25575
1066.42181,0.25272
1064.49338,0.24933
1062.56495,0.24598
1060.63652,0.24274
1058.70809,0.23899
1056.77966,0.23452
1054.85123,0.22950
1052.92280,0.22399
1050.99437,0.21835
1049.06594,0.21274
1047.13751,0.20632
1045.20908,0.19899
1043.28065,0.19193
1041.35222,0.18544
1039.42379,0.17869
1037.49536,0.17093
1035.56693,0.16213
1033.63850,0.15310
1031.71007,0.14438
1029.78164,0.13588
1027.85321,0.12802
1025.92478,0.12115
1023.99635,0.11441
1022.06792,0.10714
1020.13949,0.10006
1018.21106,0.09411
1016.28263,0.08932
1014.35420,0.08512
1012.42577,0.08122
1010.49734,0.07770
1008.56891,0.07403
1006.64048,0.06918
1004.71205,0.06358
1002.78362,0.05872
1000.85519,0.05485
998.92676,0.05159
996.99833,0.04907
995.06990,0.04718
993.14147,0.04559
991.21304,0.04452
989.28461,0.04397
987.35618,0.04338
985.42775,0.04279
983.49932,0.04269
981.57089,0.04310
979.64246,0.04361
977.71403,0.04384
975.78560,0.04355
973.85717,0.04282
971.92874,0.04183
970.00031,0.04079
968.07188,0.03986
966.14345,0.03892
964.21502,0.03783
962.28659,0.03698
960.35816,0.03636
958.42973,0.03515
956.50130,0.03344
954.57287,0.03180
952.64444,0.03018
950.71601,0.02884
948.78758,0.02803
946.85915,0.02736
944.93072,0.02622
943.00229,0.02452
941.07386,0.02302
939.14543,0.02233
937.21700,0.02204
935.28857,0.02148
933.36014,0.02043
931.43171,0.01903
929.50328,0.01787
927.57485,0.01744
925.64642,0.01735
923.71799,0.01682
921.78956,0.01607
919.86113,0.01541
917.93270,0.01437
916.00427,0.01301
914.07584,0.01185
912.14741,0.01082
910.21898,0.01000
908.29055,0.00947
906.36212,0.00847
904.43368,0.00719
902.50525,0.00684
900.57682,0.00704
898.64839,0.00689
896.71996,0.00674
894.79153,0.00652
892.86310,0.00580
890.93467,0.00481
889.00624,0.00387
887.07781,0.00321
885.14938,0.00267
883.22095,0.00198
881.29252,0.00139
879.36409,0.00119
877.43566,0.00113
875.50723,0.00086
873.57880,0.00036
871.65037,0.00006
869.72194,0.00000
867.79351,0.00006
865.86508,0.00002
863.93665,0.00004
862.00822,0.00009
860.07979,-0.00014
858.15136,-0.00031
856.22293,0.00003
854.29450,0.00055
852.36607,0.00096
850.43764,0.00153
848.50921,0.00251
846.58078,0.00395
844.65235,0.00543
842.72392,0.00643
840.79549,0.00724
838.86706,0.00830
836.93863,0.00964
835.01020,0.01130
833.08177,0.01318
831.15334,0.01471
829.22491,0.01577
827.29648,0.01673
825.36805,0.01769
823.43962,0.01872
821.51119,0.01981
819.58276,0.02050
817.65433,0.02088
815.72590,0.02179
813.79747,0.02337
811.86904,0.02492
809.94061,0.02594
808.01218,0.02629
806.08375,0.02633
804.15532,0.02626
802.22689,0.02576
800.29846,0.02506
798.37003,0.02505
796.44160,0.02537
794.51317,0.02478
792.58474,0.02348
790.65631,0.02260
788.72788,0.02215
786.79945,0.02151
784.87102,0.02045
782.94259,0.01879
781.01416,0.01657
779.08573,0.01429
777.15730,0.01247
775.22887,0.01128
773.30044,0.01002
771.37201,0.00853
769.44358,0.00766
767.51515,0.00743
765.58672,0.00753
763.65829,0.00780
761.72986,0.00789
759.80143,0.00766
757.87300,0.00657
755.94457,0.00489
754.01614,0.00455
752.08771,0.00598
750.15928,0.00739
748.23085,0.00774
746.30242,0.00700
744.37399,0.00591
742.44556,0.00569
740.51713,0.00574
738.58870,0.00518
736.66027,0.00519
734.73184,0.00611
732.80341,0.00647
730.87498,0.00594
728.94655,0.00572
727.01812,0.00625
725.08969,0.00666
723.16126,0.00705
721.23283,0.00600
719.30440,0.00434
717.37597,0.00282
715.44754,0.00229
713.51911,0.00272
711.59068,0.00319
709.66225,0.00288
707.73382,0.00202
705.80539,0.00147
703.87696,0.00165
701.94853,0.00255
700.02010,0.00392
698.09167,0.00540
696.16324,0.00683
694.23481,0.00777
692.30638,0.00755
690.37795,0.00667
688.44952,0.00663
686.52109,0.00739
684.59266,0.00749
682.66423,0.00662
680.73580,0.00630
678.80737,0.00819
676.87894,0.01153
674.95051,0.01333
673.02208,0.01432
671.09365,0.02045
669.16522,0.03100
667.23679,0.03441
665.30836,0.03064
663.37993,0.03043
661.45150,0.03589
659.52307,0.04138
657.59464,0.04168
655.66621,0.03616
653.73778,0.02796
651.80935,0.02024
649.88092,0.01469
647.95249,0.01139
646.02406,0.00897
644.09563,0.00659
642.16720,0.00540
640.23877,0.00579
638.31034,0.00808
636.38191,0.00883
634.45348,0.00748
632.52505,0.00525
630.59662,0.00210
628.66819,0.00000
626.73976,0.00129
624.81133,0.00282
622.88290,0.00234
620.95447,0.00501
619.02604,0.00943
617.09761,0.00869
615.16918,0.00451
613.24075,0.00053
611.31232,0.00000
609.38389,0.00010
607.45546,0.00064
605.52703,0.00156
603.59860,0.00129
601.67017,0.00018
599.74174,0.00000
