4001.49232,-0.00109
3999.56389,-0.00057
3997.63546,-0.00038
3995.70703,-0.00025
3993.77860,-0.00015
3991.85017,-0.00015
3989.92174,-0.00015
3987.99331,-0.00008
3986.06488,-0.00000
3984.13645,0.00009
3982.20802,0.00017
3980.27959,0.00016
3978.35116,0.00015
3976.42273,0.00026
3974.49430,0.00037
3972.56587,0.00053
3970.63744,0.00093
3968.70901,0.00126
3966.78058,0.00105
3964.85215,0.00061
3962.92372,0.00065
3960.99529,0.00092
3959.06686,0.00067
3957.13843,0.00013
3955.21000,0.00000
3953.28157,0.00042
3951.35314,0.00109
3949.42471,0.00164
3947.49628,0.00165
3945.56785,0.00103
3943.63942,0.00046
3941.71099,0.00034
3939.78256,0.00044
3937.85413,0.00055
3935.92570,0.00059
3933.99727,0.00064
3932.06884,0.00091
3930.14041,0.00111
3928.21198,0.00075
3926.28355,0.00032
3924.35512,0.00079
3922.42669,0.00175
3920.49826,0.00208
3918.56982,0.00190
3916.64139,0.00186
3914.71296,0.00176
3912.78453,0.00130
3910.85610,0.00080
3908.92767,0.00041
3906.99924,0.00000
3905.07081,0.00016
3903.14238,0.00186
3901.21395,0.00396
3899.28552,0.00465
3897.35709,0.00365
3895.42866,0.00214
3893.50023,0.00197
3891.57180,0.00358
3889.64337,0.00454
3887.71494,0.00395
3885.78651,0.00378
3883.85808,0.00458
3881.92965,0.00538
3880.00122,0.00580
3878.07279,0.00522
3876.14436,0.00401
3874.21593,0.00333
3872.28750,0.00375
3870.35907,0.00509
3868.43064,0.00572
3866.50221,0.00468
3864.57378,0.00411
3862.64535,0.00511
3860.71692,0.00561
3858.78849,0.00479
3856.86006,0.00349
3854.93163,0.00266
3853.00320,0.00374
3851.07477,0.00603
3849.14634,0.00677
3847.21791,0.00571
3845.28948,0.00376
3843.36105,0.00161
3841.43262,0.00000
3839.50419,0.00041
3837.57576,0.00333
3835.64733,0.00572
3833.71890,0.00610
3831.79047,0.00549
3829.86204,0.00449
3827.93361,0.00353
3826.00518,0.00294
3824.07675,0.00203
3822.14832,0.00089
3820.21989,0.00088
3818.29146,0.00151
3816.36303,0.00269
3814.43460,0.00456
3812.50617,0.00545
3810.57774,0.00479
3808.64931,0.00368
3806.72088,0.00317
3804.79245,0.00276
3802.86402,0.00221
3800.93559,0.00242
3799.00716,0.00288
3797.07873,0.00320
3795.15030,0.00360
3793.22187,0.00343
3791.29344,0.00276
3789.36501,0.00223
3787.43658,0.00203
3785.50815,0.00214
3783.57972,0.00227
3781.65129,0.00197
3779.72286,0.00176
3777.79443,0.00201
3775.86600,0.00188
3773.93757,0.00105
3772.00914,0.00043
3770.08071,0.00100
3768.15228,0.00221
3766.22385,0.00300
3764.29542,0.00332
3762.36699,0.00333
3760.43856,0.00366
3758.51013,0.00474
3756.58170,0.00507
3754.65327,0.00359
3752.72484,0.00166
3750.79641,0.00158
3748.86798,0.00285
3746.93955,0.00367
3745.01112,0.00563
3743.08269,0.00761
3741.15426,0.00685
3739.22583,0.00404
3737.29740,0.00136
3735.36897,0.00085
3733.44054,0.00251
3731.51211,0.00430
3729.58368,0.00533
3727.65525,0.00591
3725.72682,0.00641
3723.79839,0.00678
3721.86996,0.00664
3719.94153,0.00591
3718.01310,0.00462
3716.08467,0.00284
3714.15624,0.00110
3712.22781,0.00112
3710.29938,0.00356
3708.37095,0.00494
3706.44252,0.00387
3704.51409,0.00224
3702.58566,0.00210
3700.65723,0.00349
3698.72880,0.00436
3696.80037,0.00388
3694.87194,0.00260
3692.94351,0.00087
3691.01508,0.00000
3689.08665,0.00215
3687.15822,0.00526
3685.22979,0.00593
3683.30136,0.00465
3681.37293,0.00288
3679.44450,0.00167
3677.51607,0.00221
3675.58764,0.00458
3673.65921,0.00543
3671.73078,0.00403
3669.80235,0.00394
3667.87392,0.00535
3665.94549,0.00541
3664.01706,0.00421
3662.08863,0.00289
3660.16020,0.00182
3658.23177,0.00133
3656.30334,0.00177
3654.37491,0.00195
3652.44648,0.00055
3650.51805,0.00000
3648.58962,0.00374
3646.66119,0.00721
3644.73276,0.00715
3642.80433,0.00596
3640.87590,0.00508
3638.94747,0.00444
3637.01904,0.00418
3635.09061,0.00420
3633.16218,0.00374
3631.23375,0.00294
3629.30532,0.00323
3627.37689,0.00444
3625.44846,0.00434
3623.52003,0.00307
3621.59160,0.00168
3619.66317,0.00113
3617.73474,0.00161
3615.80631,0.00190
3613.87788,0.00217
3611.94945,0.00312
3610.02102,0.00453
3608.09259,0.00576
3606.16416,0.00571
3604.23573,0.00427
3602.30730,0.00296
3600.37887,0.00283
3598.45044,0.00338
3596.52201,0.00380
3594.59358,0.00414
3592.66515,0.00403
3590.73672,0.00323
3588.80829,0.00278
3586.87986,0.00338
3584.95143,0.00361
3583.02300,0.00282
3581.09457,0.00201
3579.16614,0.00163
3577.23771,0.00148
3575.30928,0.00135
3573.38085,0.00109
3571.45242,0.00056
3569.52399,0.00024
3567.59556,0.00105
3565.66713,0.00247
3563.73870,0.00293
3561.81027,0.00299
3559.88184,0.00326
3557.95341,0.00325
3556.02498,0.00276
3554.09655,0.00228
3552.16812,0.00200
3550.23969,0.00146
3548.31126,0.00062
3546.38283,0.00046
3544.45440,0.00128
3542.52597,0.00202
3540.59754,0.00201
3538.66911,0.00180
3536.74068,0.00203
3534.81225,0.00226
3532.88382,0.00169
3530.95539,0.00076
3529.02696,0.00066
3527.09853,0.00164
3525.17010,0.00292
3523.24167,0.00384
3521.31324,0.00400
3519.38481,0.00355
3517.45638,0.00311
3515.52795,0.00273
3513.59952,0.00219
3511.67109,0.00185
3509.74266,0.00190
3507.81423,0.00188
3505.88580,0.00159
3503.95737,0.00170
3502.02894,0.00235
3500.10051,0.00259
3498.17208,0.00228
3496.24365,0.00211
3494.31522,0.00206
3492.38679,0.00188
3490.45836,0.00177
3488.52993,0.00183
3486.60150,0.00182
3484.67307,0.00174
3482.74464,0.00186
3480.81621,0.00203
3478.88778,0.00176
3476.95935,0.00129
3475.03092,0.00126
3473.10249,0.00136
3471.17406,0.00083
3469.24563,0.00007
3467.31720,0.00000
3465.38877,0.00063
3463.46034,0.00144
3461.53191,0.00202
3459.60348,0.00219
3457.67505,0.00200
3455.74662,0.00153
3453.81819,0.00108
3451.88976,0.00090
3449.96133,0.00080
3448.03290,0.00079
3446.10447,0.00112
3444.17604,0.00150
3442.24761,0.00181
3440.31918,0.00216
3438.39075,0.00241
3436.46232,0.00257
3434.53389,0.00278
3432.60546,0.00260
3430.67703,0.00171
3428.74860,0.00085
3426.82017,0.00072
3424.89174,0.00095
3422.96331,0.00102
3421.03488,0.00126
3419.10645,0.00196
3417.17802,0.00244
3415.24959,0.00225
3413.32116,0.00174
3411.39273,0.00136
3409.46430,0.00121
3407.53587,0.00109
3405.60744,0.00079
3403.67901,0.00064
3401.75058,0.00097
3399.82215,0.00169
3397.89372,0.00179
3395.96529,0.00136
3394.03686,0.00085
3392.10843,0.00074
3390.18000,0.00075
3388.25157,0.00079
3386.32314,0.00119
3384.39471,0.00165
3382.46628,0.00190
3380.53785,0.00207
3378.60942,0.00201
3376.68099,0.00173
3374.75256,0.00166
3372.82413,0.00193
3370.89570,0.00214
3368.96727,0.00200
3367.03884,0.00158
3365.11041,0.00143
3363.18198,0.00176
3361.25355,0.00191
3359.32512,0.00150
3357.39669,0.00129
3355.46826,0.00168
3353.53983,0.00196
3351.61140,0.00186
3349.68297,0.00203
3347.75454,0.00244
3345.82611,0.00226
3343.89768,0.00165
3341.96925,0.00143
3340.04082,0.00158
3338.11239,0.00183
3336.18396,0.00221
3334.25553,0.00251
3332.32710,0.00239
3330.39867,0.00194
3328.47024,0.00157
3326.54181,0.00166
3324.61338,0.00238
3322.68495,0.00326
3320.75652,0.00365
3318.82809,0.00343
3316.89966,0.00269
3314.97122,0.00180
3313.04279,0.00160
3311.11436,0.00221
3309.18593,0.00291
3307.25750,0.00339
3305.32907,0.00376
3303.40064,0.00399
3301.47221,0.00405
3299.54378,0.00397
3297.61535,0.00381
3295.68692,0.00376
3293.75849,0.00387
3291.83006,0.00383
3289.90163,0.00361
3287.97320,0.00348
3286.04477,0.00352
3284.11634,0.00370
3282.18791,0.00376
3280.25948,0.00366
3278.33105,0.00389
3276.40262,0.00429
3274.47419,0.00431
3272.54576,0.00408
3270.61733,0.00397
3268.68890,0.00392
3266.76047,0.00398
3264.83204,0.00431
3262.90361,0.00447
3260.97518,0.00399
3259.04675,0.00330
3257.11832,0.00298
3255.18989,0.00307
3253.26146,0.00307
3251.33303,0.00258
3249.40460,0.00217
3247.47617,0.00259
3245.54774,0.00327
3243.61931,0.00325
3241.69088,0.00276
3239.76245,0.00265
3237.83402,0.00294
3235.90559,0.00302
3233.97716,0.00263
3232.04873,0.00217
3230.12030,0.00220
3228.19187,0.00267
3226.26344,0.00298
3224.33501,0.00294
3222.40658,0.00276
3220.47815,0.00247
3218.54972,0.00213
3216.62129,0.00201
3214.69286,0.00205
3212.76443,0.00197
3210.83600,0.00189
3208.90757,0.00201
3206.97914,0.00219
3205.05071,0.00244
3203.12228,0.00280
3201.19385,0.00308
3199.26542,0.00334
3197.33699,0.00349
3195.40856,0.00306
3193.48013,0.00239
3191.55170,0.00226
3189.62327,0.00257
3187.69484,0.00255
3185.76641,0.00207
3183.83798,0.00159
3181.90955,0.00147
3179.98112,0.00167
3178.05269,0.00187
3176.12426,0.00173
3174.19583,0.00141
3172.26740,0.00135
3170.33897,0.00157
3168.41054,0.00168
3166.48211,0.00156
3164.55368,0.00124
3162.62525,0.00086
3160.69682,0.00076
3158.76839,0.00082
3156.83996,0.00071
3154.91153,0.00045
3152.98310,0.00038
3151.05467,0.00075
3149.12624,0.00112
3147.19781,0.00109
3145.26938,0.00092
3143.34095,0.00079
3141.41252,0.00070
3139.48409,0.00070
3137.55566,0.00091
3135.62723,0.00112
3133.69880,0.00097
3131.77037,0.00068
3129.84194,0.00062
3127.91351,0.00054
3125.98508,0.00029
3124.05665,0.00034
3122.12822,0.00074
3120.19979,0.00088
3118.27136,0.00062
3116.34293,0.00038
3114.41450,0.00043
3112.48607,0.00058
3110.55764,0.00054
3108.62921,0.00029
3106.70078,0.00003
3104.77235,-0.00019
3102.84392,-0.00024
3100.91549,0.00019
3098.98706,0.00092
3097.05863,0.00133
3095.13020,0.00123
3093.20177,0.00094
3091.27334,0.00072
3089.34491,0.00068
3087.41648,0.00059
3085.48805,0.00024
3083.55962,0.00000
3081.63119,0.00014
3079.70276,0.00043
3077.77433,0.00063
3075.84590,0.00083
3073.91747,0.00110
3071.98904,0.00139
3070.06061,0.00148
3068.13218,0.00119
3066.20375,0.00068
3064.27532,0.00033
3062.34689,0.00032
3060.41846,0.00043
3058.49003,0.00039
3056.56160,0.00051
3054.63317,0.00105
3052.70474,0.00162
3050.77631,0.00173
3048.84788,0.00153
3046.91945,0.00131
3044.99102,0.00093
3043.06259,0.00049
3041.13416,0.00038
3039.20573,0.00042
3037.27730,0.00020
3035.34887,0.00000
3033.42044,0.00023
3031.49201,0.00077
3029.56358,0.00115
3027.63515,0.00120
3025.70672,0.00111
3023.77829,0.00102
3021.84986,0.00090
3019.92143,0.00065
3017.99300,0.00034
3016.06457,0.00027
3014.13614,0.00057
3012.20771,0.00075
3010.27928,0.00053
3008.35085,0.00018
3006.42242,0.00000
3004.49399,0.00010
3002.56556,0.00040
3000.63713,0.00054
2998.70870,0.00037
2996.78027,0.00017
2994.85184,0.00027
2992.92341,0.00058
2990.99498,0.00094
2989.06655,0.00144
2987.13812,0.00171
2985.20969,0.00130
2983.28126,0.00063
2981.35283,0.00026
2979.42440,0.00028
2977.49597,0.00064
2975.56754,0.00116
2973.63911,0.00152
2971.71068,0.00154
2969.78225,0.00127
2967.85382,0.00095
2965.92539,0.00088
2963.99696,0.00109
2962.06853,0.00130
2960.14010,0.00128
2958.21167,0.00120
2956.28324,0.00134
2954.35481,0.00160
2952.42638,0.00177
2950.49795,0.00181
2948.56952,0.00178
2946.64109,0.00175
2944.71266,0.00177
2942.78423,0.00182
2940.85580,0.00182
2938.92737,0.00180
2936.99894,0.00193
2935.07051,0.00232
2933.14208,0.00252
2931.21365,0.00221
2929.28522,0.00182
2927.35679,0.00161
2925.42836,0.00130
2923.49993,0.00091
2921.57150,0.00081
2919.64307,0.00096
2917.71464,0.00102
2915.78621,0.00110
2913.85778,0.00131
2911.92935,0.00143
2910.00092,0.00140
2908.07249,0.00136
2906.14406,0.00130
2904.21563,0.00102
2902.28720,0.00051
2900.35877,0.00023
2898.43034,0.00051
2896.50191,0.00094
2894.57348,0.00102
2892.64505,0.00074
2890.71662,0.00035
2888.78819,0.00004
2886.85976,0.00000
2884.93133,0.00035
2883.00290,0.00084
2881.07447,0.00091
2879.14604,0.00058
2877.21761,0.00054
2875.28918,0.00096
2873.36075,0.00123
2871.43232,0.00112
2869.50389,0.00090
2867.57546,0.00072
2865.64703,0.00051
2863.71860,0.00034
2861.79017,0.00038
2859.86174,0.00062
2857.93331,0.00097
2856.00488,0.00123
2854.07645,0.00126
2852.14802,0.00111
2850.21959,0.00097
2848.29116,0.00089
2846.36273,0.00085
2844.43430,0.00097
2842.50587,0.00113
2840.57744,0.00101
2838.64901,0.00066
2836.72058,0.00042
2834.79215,0.00025
2832.86372,0.00006
2830.93529,0.00005
2829.00686,0.00027
2827.07843,0.00047
2825.15000,0.00047
2823.22157,0.00042
2821.29314,0.00050
2819.36471,0.00056
2817.43628,0.00056
2815.50785,0.00048
2813.57942,0.00022
2811.65099,0.00000
2809.72256,0.00001
2807.79413,0.00004
2805.86570,0.00014
2803.93727,0.00042
2802.00884,0.00067
2800.08041,0.00079
2798.15198,0.00074
2796.22355,0.00037
2794.29512,0.00011
2792.36669,0.00029
2790.43826,0.00055
2788.50983,0.00070
2786.58140,0.00075
2784.65297,0.00059
2782.72454,0.00034
2780.79611,0.00032
2778.86768,0.00040
2776.93925,0.00027
2775.01082,0.00017
2773.08239,0.00029
2771.15396,0.00045
2769.22553,0.00046
2767.29710,0.00028
2765.36867,0.00007
2763.44024,0.00016
2761.51181,0.00051
2759.58338,0.00069
2757.65495,0.00055
2755.72652,0.00039
2753.79809,0.00034
2751.86966,0.00028
2749.94123,0.00038
2748.01280,0.00075
2746.08437,0.00084
2744.15594,0.00053
2742.22751,0.00039
2740.29908,0.00046
2738.37065,0.00036
2736.44222,0.00022
2734.51379,0.00026
2732.58536,0.00041
2730.65693,0.00055
2728.72850,0.00070
2726.80007,0.00075
2724.87164,0.00057
2722.94321,0.00027
2721.01478,0.00003
2719.08635,0.00000
2717.15792,0.00009
2715.22949,0.00027
2713.30105,0.00063
2711.37262,0.00084
2709.44419,0.00060
2707.51576,0.00030
2705.58733,0.00021
2703.65890,0.00030
2701.73047,0.00053
2699.80204,0.00062
2697.87361,0.00047
2695.94518,0.00027
2694.01675,0.00009
2692.08832,0.00019
2690.15989,0.00057
2688.23146,0.00086
2686.30303,0.00096
2684.37460,0.00101
2682.44617,0.00097
2680.51774,0.00078
2678.58931,0.00057
2676.66088,0.00055
2674.73245,0.00067
2672.80402,0.00075
2670.87559,0.00094
2668.94716,0.00120
2667.01873,0.00104
2665.09030,0.00041
2663.16187,0.00000
2661.23344,0.00022
2659.30501,0.00080
2657.37658,0.00100
2655.44815,0.00071
2653.51972,0.00052
2651.59129,0.00063
2649.66286,0.00076
2647.73443,0.00082
2645.80600,0.00074
2643.87757,0.00050
2641.94914,0.00034
2640.02071,0.00035
2638.09228,0.00049
2636.16385,0.00071
2634.23542,0.00067
2632.30699,0.00037
2630.37856,0.00025
2628.45013,0.00030
2626.52170,0.00023
2624.59327,0.00006
2622.66484,0.00000
2620.73641,0.00013
2618.80798,0.00044
2616.87955,0.00071
2614.95112,0.00077
2613.02269,0.00069
2611.09426,0.00059
2609.16583,0.00050
2607.23740,0.00043
2605.30897,0.00035
2603.38054,0.00033
2601.45211,0.00037
2599.52368,0.00034
2597.59525,0.00020
2595.66682,0.00001
2593.73839,-0.00008
2591.80996,0.00005
2589.88153,0.00032
2587.95310,0.00064
2586.02467,0.00073
2584.09624,0.00044
2582.16781,0.00008
2580.23938,-0.00001
2578.31095,0.00024
2576.38252,0.00054
2574.45409,0.00061
2572.52566,0.00055
2570.59723,0.00049
2568.66880,0.00037
2566.74037,0.00014
2564.81194,0.00000
2562.88351,0.00029
2560.95508,0.00075
2559.02665,0.00062
2557.09822,0.00013
2555.16979,0.00006
2553.24136,0.00043
2551.31293,0.00063
2549.38450,0.00042
2547.45607,0.00014
2545.52764,0.00007
2543.59921,0.00014
2541.67078,0.00024
2539.74235,0.00033
2537.81392,0.00031
2535.88549,0.00028
2533.95706,0.00039
2532.02863,0.00048
2530.10020,0.00040
2528.17177,0.00037
2526.24334,0.00057
2524.31491,0.00069
2522.38648,0.00052
2520.45805,0.00033
2518.52962,0.00020
2516.60119,0.00019
2514.67276,0.00035
2512.74433,0.00042
2510.81590,0.00030
2508.88747,0.00023
2506.95904,0.00034
2505.03061,0.00057
2503.10218,0.00068
2501.17375,0.00043
2499.24532,0.00018
2497.31689,0.00037
2495.38846,0.00069
2493.46003,0.00074
2491.53160,0.00057
2489.60317,0.00046
2487.67474,0.00056
2485.74631,0.00054
2483.81788,0.00041
2481.88945,0.00055
2479.96102,0.00073
2478.03259,0.00040
2476.10416,0.00000
2474.17573,0.00016
2472.24730,0.00052
2470.31887,0.00052
2468.39044,0.00043
2466.46201,0.00062
2464.53358,0.00087
2462.60515,0.00087
2460.67672,0.00057
2458.74829,0.00024
2456.81986,0.00012
2454.89143,0.00025
2452.96300,0.00062
2451.03457,0.00088
2449.10614,0.00064
2447.17771,0.00029
2445.24928,0.00017
2443.32085,0.00024
2441.39242,0.00034
2439.46399,0.00029
2437.53556,0.00016
2435.60713,0.00013
2433.67870,0.00017
2431.75027,0.00024
2429.82184,0.00032
2427.89341,0.00022
2425.96498,-0.00003
2424.03655,-0.00002
2422.10812,-0.00002
2420.17969,-0.00002
2418.25126,-0.00001
2416.32283,-0.00001
2414.39440,-0.00001
2412.46597,-0.00001
2410.53754,-0.00001
2408.60911,-0.00001
2406.68068,-0.00000
2404.75225,-0.00000
2402.82382,-0.00000
2400.89539,0.00000
2398.96696,-0.00002
2397.03853,-0.00004
2395.11010,-0.00005
2393.18167,-0.00007
2391.25324,-0.00008
2389.32481,-0.00010
2387.39638,-0.00011
2385.46795,-0.00013
2383.53952,-0.00014
2381.61109,-0.00015
2379.68266,-0.00016
2377.75423,-0.00018
2375.82580,-0.00019
2373.89737,-0.00020
2371.96894,-0.00020
2370.04051,-0.00021
2368.11208,-0.00022
2366.18365,-0.00023
2364.25522,-0.00023
2362.32679,-0.00024
2360.39836,-0.00025
2358.46993,-0.00025
2356.54150,-0.00025
2354.61307,-0.00026
2352.68464,-0.00026
2350.75621,-0.00026
2348.82778,-0.00026
2346.89935,-0.00027
2344.97092,-0.00027
2343.04249,-0.00027
2341.11406,-0.00026
2339.18563,-0.00026
2337.25720,-0.00026
2335.32877,-0.00026
2333.40034,-0.00025
2331.47191,-0.00025
2329.54348,-0.00024
2327.61505,-0.00024
2325.68662,-0.00023
2323.75819,-0.00023
2321.82976,-0.00022
2319.90133,-0.00021
2317.97290,-0.00020
2316.04447,-0.00019
2314.11604,-0.00018
2312.18761,-0.00017
2310.25918,-0.00016
2308.33075,-0.00015
2306.40232,-0.00014
2304.47389,-0.00012
2302.54546,-0.00011
2300.61703,-0.00009
2298.68860,-0.00008
2296.76017,-0.00006
2294.83174,-0.00005
2292.90331,-0.00003
2290.97488,-0.00001
2289.04645,0.00001
2287.11802,0.00003
2285.18959,0.00005
2283.26116,0.00007
2281.33273,0.00009
2279.40430,0.00011
2277.47587,0.00013
2275.54744,0.00015
2273.61901,0.00018
2271.69058,0.00020
2269.76215,0.00022
2267.83372,0.00025
2265.90529,0.00028
2263.97686,0.00030
2262.04843,0.00033
2260.12000,0.00036
2258.19157,0.00039
2256.26314,0.00042
2254.33471,0.00045
2252.40628,0.00048
2250.47785,0.00051
2248.54942,0.00054
2246.62099,0.00057
2244.69256,0.00060
2242.76413,0.00064
2240.83570,0.00044
2238.90727,0.00059
2236.97884,0.00070
2235.05041,0.00060
2233.12198,0.00043
2231.19355,0.00025
2229.26512,0.00013
2227.33669,0.00005
2225.40826,0.00000
2223.47983,0.00013
2221.55140,0.00029
2219.62297,0.00023
2217.69454,0.00019
2215.76611,0.00041
2213.83768,0.00051
2211.90925,0.00024
2209.98082,-0.00002
2208.05239,-0.00000
2206.12396,0.00014
2204.19553,0.00026
2202.26710,0.00047
2200.33867,0.00086
2198.41024,0.00122
2196.48181,0.00124
2194.55338,0.00110
2192.62495,0.00104
2190.69652,0.00087
2188.76809,0.00055
2186.83966,0.00041
2184.91123,0.00046
2182.98280,0.00039
2181.05437,0.00016
2179.12594,0.00000
2177.19751,-0.00000
2175.26908,0.00009
2173.34065,0.00019
2171.41222,0.00024
2169.48379,0.00017
2167.55536,0.00001
2165.62693,-0.00002
2163.69850,0.00011
2161.77007,0.00021
2159.84164,0.00029
2157.91321,0.00043
2155.98478,0.00056
2154.05635,0.00059
2152.12792,0.00040
2150.19949,0.00024
2148.27106,0.00040
2146.34263,0.00072
2144.41420,0.00088
2142.48577,0.00077
2140.55734,0.00062
2138.62891,0.00055
2136.70048,0.00049
2134.77205,0.00045
2132.84362,0.00037
2130.91519,0.00035
2128.98676,0.00047
2127.05833,0.00053
2125.12990,0.00036
2123.20147,0.00012
2121.27304,0.00010
2119.34461,0.00011
2117.41618,0.00001
2115.48775,0.00014
2113.55932,0.00053
2111.63089,0.00082
2109.70245,0.00084
2107.77402,0.00072
2105.84559,0.00064
2103.91716,0.00068
2101.98873,0.00078
2100.06030,0.00078
2098.13187,0.00062
2096.20344,0.00037
2094.27501,0.00017
2092.34658,0.00013
2090.41815,0.00028
2088.48972,0.00046
2086.56129,0.00049
2084.63286,0.00040
2082.70443,0.00029
2080.77600,0.00026
2078.84757,0.00019
2076.91914,-0.00000
2074.99071,0.00000
2073.06228,0.00026
2071.13385,0.00050
2069.20542,0.00052
2067.27699,0.00043
2065.34856,0.00047
2063.42013,0.00058
2061.49170,0.00050
2059.56327,0.00029
2057.63484,0.00018
2055.70641,0.00016
2053.77798,0.00011
2051.84955,-0.00000
2049.92112,-0.00008
2047.99269,-0.00010
2046.06426,-0.00003
2044.13583,0.00021
2042.20740,0.00053
2040.27897,0.00056
2038.35054,0.00026
2036.42211,0.00001
2034.49368,0.00004
2032.56525,0.00013
2030.63682,0.00010
2028.70839,0.00000
2026.77996,-0.00001
2024.85153,0.00014
2022.92310,0.00028
2020.99467,0.00025
2019.06624,0.00009
2017.13781,0.00008
2015.20938,0.00023
2013.28095,0.00027
2011.35252,0.00021
2009.42409,0.00024
2007.49566,0.00040
2005.56723,0.00060
2003.63880,0.00073
2001.71037,0.00069
1999.78194,0.00056
1997.85351,0.00046
1995.92508,0.00035
1993.99665,0.00024
1992.06822,0.00028
1990.13979,0.00026
1988.21136,0.00013
1986.28293,0.00015
1984.35450,0.00022
1982.42607,0.00013
1980.49764,0.00002
1978.56921,0.00012
1976.64078,0.00028
1974.71235,0.00026
1972.78392,0.00016
1970.85549,0.00006
1968.92706,0.00000
1966.99863,0.00012
1965.07020,0.00032
1963.14177,0.00034
1961.21334,0.00037
1959.28491,0.00053
1957.35648,0.00054
1955.42805,0.00037
1953.49962,0.00019
1951.57119,0.00004
1949.64276,-0.00004
1947.71433,-0.00003
1945.78590,-0.00001
1943.85747,0.00002
1941.92904,0.00017
1940.00061,0.00041
1938.07218,0.00060
1936.14375,0.00069
1934.21532,0.00063
1932.28689,0.00046
1930.35846,0.00034
1928.43003,0.00025
1926.50160,0.00006
1924.57317,-0.00014
1922.64474,-0.00005
1920.71631,0.00028
1918.78788,0.00059
1916.85945,0.00079
1914.93102,0.00087
1913.00259,0.00090
1911.07416,0.00092
1909.14573,0.00094
1907.21730,0.00097
1905.28887,0.00101
1903.36044,0.00111
1901.43201,0.00124
1899.50358,0.00125
1897.57515,0.00106
1895.64672,0.00081
1893.71829,0.00065
1891.78986,0.00047
1889.86143,0.00043
1887.93300,0.00075
1886.00457,0.00106
1884.07614,0.00121
1882.14771,0.00141
1880.21928,0.00167
1878.29085,0.00184
1876.36242,0.00175
1874.43399,0.00133
1872.50556,0.00064
1870.57713,0.00000
1868.64870,0.00003
1866.72027,0.00071
1864.79184,0.00118
1862.86341,0.00128
1860.93498,0.00134
1859.00655,0.00156
1857.07812,0.00184
1855.14969,0.00201
1853.22126,0.00191
1851.29283,0.00159
1849.36440,0.00115
1847.43597,0.00076
1845.50754,0.00082
1843.57911,0.00147
1841.65068,0.00190
1839.72225,0.00172
1837.79382,0.00154
1835.86539,0.00166
1833.93696,0.00145
1832.00853,0.00063
1830.08010,0.00000
1828.15167,0.00015
1826.22324,0.00065
1824.29481,0.00128
1822.36638,0.00180
1820.43795,0.00195
1818.50952,0.00202
1816.58109,0.00210
1814.65266,0.00178
1812.72423,0.00116
1810.79580,0.00090
1808.86737,0.00117
1806.93894,0.00142
1805.01051,0.00148
1803.08208,0.00150
1801.15365,0.00148
1799.22522,0.00144
1797.29679,0.00135
1795.36836,0.00113
1793.43993,0.00115
1791.51150,0.00189
1789.58307,0.00261
1787.65464,0.00269
1785.72621,0.00242
1783.79778,0.00198
1781.86935,0.00147
1779.94092,0.00136
1778.01249,0.00155
1776.08406,0.00124
1774.15563,0.00030
1772.22720,0.00000
1770.29877,0.00112
1768.37034,0.00235
1766.44191,0.00268
1764.51348,0.00231
1762.58505,0.00198
1760.65662,0.00202
1758.72819,0.00203
1756.79976,0.00193
1754.87133,0.00179
1752.94290,0.00157
1751.01447,0.00135
1749.08604,0.00129
1747.15761,0.00154
1745.22918,0.00186
1743.30075,0.00186
1741.37232,0.00161
1739.44389,0.00144
1737.51546,0.00115
1735.58703,0.00074
1733.65860,0.00109
1731.73017,0.00226
1729.80174,0.00313
1727.87331,0.00343
1725.94488,0.00333
1724.01645,0.00308
1722.08802,0.00256
1720.15959,0.00132
1718.23116,0.00000
1716.30273,0.00059
1714.37430,0.00271
1712.44587,0.00408
1710.51744,0.00408
1708.58901,0.00330
1706.66058,0.00285
1704.73215,0.00356
1702.80372,0.00475
1700.87529,0.00557
1698.94686,0.00619
1697.01843,0.00721
1695.09000,0.00877
1693.16157,0.00978
1691.23314,0.01001
1689.30471,0.00998
1687.37628,0.00983
1685.44785,0.00993
1683.51942,0.01155
1681.59099,0.01388
1679.66256,0.01531
1677.73413,0.01574
1675.80570,0.01577
1673.87727,0.01556
1671.94884,0.01528
1670.02041,0.01610
1668.09198,0.01829
1666.16355,0.01991
1664.23512,0.02080
1662.30669,0.02212
1660.37826,0.02365
1658.44983,0.02411
1656.52140,0.02311
1654.59297,0.02162
1652.66454,0.02148
1650.73611,0.02226
1648.80768,0.02217
1646.87925,0.02218
1644.95082,0.02322
1643.02239,0.02364
1641.09396,0.02263
1639.16553,0.02057
1637.23710,0.01855
1635.30867,0.01797
1633.38024,0.01822
1631.45181,0.01782
1629.52338,0.01664
1627.59495,0.01514
1625.66652,0.01380
1623.73809,0.01304
1621.80966,0.01288
1619.88123,0.01226
1617.95280,0.01093
1616.02437,0.01010
1614.09594,0.00999
1612.16751,0.00946
1610.23908,0.00846
1608.31065,0.00781
1606.38222,0.00756
1604.45379,0.00713
1602.52536,0.00664
1600.59693,0.00648
1598.66850,0.00643
1596.74007,0.00626
1594.81164,0.00615
1592.88321,0.00625
1590.95478,0.00647
1589.02635,0.00668
1587.09792,0.00686
1585.16949,0.00697
1583.24106,0.00697
1581.31263,0.00665
1579.38420,0.00585
1577.45577,0.00522
1575.52734,0.00589
1573.59891,0.00696
1571.67048,0.00714
1569.74205,0.00707
1567.81362,0.00763
1565.88519,0.00839
1563.95676,0.00867
1562.02833,0.00792
1560.09990,0.00707
1558.17147,0.00850
1556.24304,0.01141
1554.31461,0.01328
1552.38618,0.01425
1550.45775,0.01484
1548.52932,0.01489
1546.60089,0.01401
1544.67246,0.01227
1542.74403,0.01042
1540.81560,0.01015
1538.88717,0.01258
1536.95874,0.01450
1535.03031,0.01474
1533.10188,0.01430
1531.17345,0.01393
1529.24502,0.01330
1527.31659,0.01229
1525.38816,0.01128
1523.45973,0.01049
1521.53130,0.01029
1519.60287,0.01043
1517.67444,0.01021
1515.74601,0.01019
1513.81758,0.01036
1511.88915,0.00993
1509.96072,0.00852
1508.03229,0.00667
1506.10385,0.00590
1504.17542,0.00610
1502.24699,0.00582
1500.31856,0.00451
1498.39013,0.00315
1496.46170,0.00294
1494.53327,0.00300
1492.60484,0.00215
1490.67641,0.00078
1488.74798,0.00028
1486.81955,0.00083
1484.89112,0.00133
1482.96269,0.00138
1481.03426,0.00131
1479.10583,0.00129
1477.17740,0.00093
1475.24897,0.00017
1473.32054,0.00000
1471.39211,0.00108
1469.46368,0.00197
1467.53525,0.00182
1465.60682,0.00140
1463.67839,0.00155
1461.74996,0.00143
1459.82153,0.00034
1457.89310,-0.00012
1455.96467,0.00162
1454.03624,0.00310
1452.10781,0.00328
1450.17938,0.00282
1448.25095,0.00245
1446.32252,0.00247
1444.39409,0.00253
1442.46566,0.00232
1440.53723,0.00191
1438.60880,0.00167
1436.68037,0.00188
1434.75194,0.00210
1432.82351,0.00182
1430.89508,0.00140
1428.96665,0.00125
1427.03822,0.00122
1425.10979,0.00113
1423.18136,0.00091
1421.25293,0.00059
1419.32450,0.00077
1417.39607,0.00160
1415.46764,0.00207
1413.53921,0.00198
1411.61078,0.00193
1409.68235,0.00202
1407.75392,0.00179
1405.82549,0.00135
1403.89706,0.00115
1401.96863,0.00118
1400.04020,0.00137
1398.11177,0.00179
1396.18334,0.00216
1394.25491,0.00234
1392.32648,0.00239
1390.39805,0.00213
1388.46962,0.00167
1386.54119,0.00139
1384.61276,0.00143
1382.68433,0.00165
1380.75590,0.00189
1378.82747,0.00184
1376.89904,0.00139
1374.97061,0.00097
1373.04218,0.00090
1371.11375,0.00086
1369.18532,0.00078
1367.25689,0.00078
1365.32846,0.00071
1363.40003,0.00069
1361.47160,0.00101
1359.54317,0.00122
1357.61474,0.00090
1355.68631,0.00035
1353.75788,0.00004
1351.82945,0.00000
1349.90102,0.00020
1347.97259,0.00048
1346.04416,0.00055
1344.11573,0.00042
1342.18730,0.00035
1340.25887,0.00058
1338.33044,0.00094
1336.40201,0.00088
1334.47358,0.00041
1332.54515,0.00003
1330.61672,0.00000
1328.68829,0.00022
1326.75986,0.00043
1324.83143,0.00048
1322.90300,0.00036
1320.97457,0.00010
1319.04614,-0.00006
1317.11771,-0.00001
1315.18928,0.00014
1313.26085,0.00019
1311.33242,0.00014
1309.40399,0.00011
1307.47556,0.00003
1305.54713,-0.00015
1303.61870,-0.00031
1301.69027,-0.00037
1299.76184,-0.00034
1297.83341,-0.00018
1295.90498,0.00003
1293.97655,0.00007
1292.04812,0.00000
1290.11969,0.00011
1288.19126,0.00032
1286.26283,0.00027
1284.33440,0.00006
1282.40597,0.00013
1280.47754,0.00046
1278.54911,0.00073
1276.62068,0.00086
1274.69225,0.00095
1272.76382,0.00119
1270.83539,0.00163
1268.90696,0.00207
1266.97853,0.00235
1265.05010,0.00255
1263.12167,0.00300
1261.19324,0.00385
1259.26481,0.00492
1257.33638,0.00590
1255.40795,0.00679
1253.47952,0.00778
1251.55109,0.00893
1249.62266,0.01015
1247.69423,0.01133
1245.76580,0.01250
1243.83737,0.01381
1241.90894,0.01522
1239.98051,0.01653
1238.05208,0.01759
1236.12365,0.01854
1234.19522,0.01965
1232.26679,0.02090
1230.33836,0.02198
1228.40993,0.02296
1226.48150,0.02419
1224.55307,0.02557
1222.62464,0.02658
1220.69621,0.02734
1218.76778,0.02816
1216.83935,0.02884
1214.91092,0.02947
1212.98249,0.03051
1211.05406,0.03174
1209.12563,0.03274
1207.19720,0.03365
1205.26877,0.03467
1203.34034,0.03568
1201.41191,0.03657
1199.48348,0.03746
1197.55505,0.03843
1195.62662,0.03949
1193.69819,0.04068
1191.76976,0.04196
1189.84133,0.04308
1187.91290,0.04408
1185.98447,0.04524
1184.05604,0.04663
1182.12761,0.04807
1180.19918,0.04939
1178.27075,0.05051
1176.34232,0.05175
1174.41389,0.05361
1172.48546,0.05583
1170.55703,0.05764
1168.62860,0.05886
1166.70017,0.06004
1164.77174,0.06142
1162.84331,0.06274
1160.91488,0.06390
1158.98645,0.06519
1157.05802,0.06689
1155.12959,0.06892
1153.20116,0.07113
1151.27273,0.07316
1149.34430,0.07434
1147.41587,0.07494
1145.48744,0.07596
1143.55901,0.07768
1141.63058,0.07933
1139.70215,0.08054
1137.77372,0.08193
1135.84529,0.08372
1133.91686,0.08535
1131.98843,0.08691
1130.06000,0.08880
1128.13157,0.09084
1126.20314,0.09305
1124.27471,0.09565
1122.34628,0.09850
1120.41785,0.10148
1118.48942,0.10450
1116.56099,0.10758
1114.63256,0.11089
1112.70413,0.11439
1110.77570,0.11809
1108.84727,0.12208
1106.91884,0.12580
1104.99041,0.12882
1103.06198,0.13205
1101.13355,0.13608
1099.20512,0.14017
1097.27669,0.14370
1095.34826,0.14667
1093.41983,0.14907
1091.49140,0.15102
1089.56297,0.15286
1087.63454,0.15463
1085.70611,0.15622
1083.77768,0.15756
1081.84925,0.15857
1079.92082,0.15916
1077.99239,0.15961
1076.06396,0.16007
1074.13553,0.15982
1072.20710,0.15877
1070.27867,0.15810
1068.35024,0.15806
1066.42181,0.15746
1064.49338,0.15607
1062.56495,0.15473
1060.63652,0.15333
1058.70809,0.15141
1056.77966,0.14919
1054.85123,0.14725
1052.92280,0.14543
1050.99437,0.14280
1049.06594,0.13941
1047.13751,0.13554
1045.20908,0.13068
1043.28065,0.12517
1041.35222,0.11983
1039.42379,0.11464
1037.49536,0.10942
1035.56693,0.10396
1033.63850,0.09817
1031.71007,0.09218
1029.78164,0.08614
1027.85321,0.08020
1025.92478,0.07458
1023.99635,0.06935
1022.06792,0.06439
1020.13949,0.05956
1018.21106,0.05507
1016.28263,0.05112
1014.35420,0.04766
1012.42577,0.04455
1010.49734,0.04171
1008.56891,0.03895
1006.64048,0.03626
1004.71205,0.03370
1002.78362,0.03119
1000.85519,0.02903
998.92676,0.02744
996.99833,0.02605
995.06990,0.02465
993.14147,0.02353
991.21304,0.02316
989.28461,0.02355
987.35618,0.02375
985.42775,0.02335
983.49932,0.02326
981.57089,0.02395
979.64246,0.02467
977.71403,0.02468
975.78560,0.02420
973.85717,0.02407
971.92874,0.02448
970.00031,0.02464
968.07188,0.02412
966.14345,0.02308
964.21502,0.02190
962.28659,0.02129
960.35816,0.02127
958.42973,0.02113
956.50130,0.02062
954.57287,0.01973
952.64444,0.01857
950.71601,0.01770
948.78758,0.01740
946.85915,0.01732
944.93072,0.01698
943.00229,0.01626
941.07386,0.01525
939.14543,0.01432
937.21700,0.01391
935.28857,0.01368
933.36014,0.01327
931.43171,0.01301
929.50328,0.01275
927.57485,0.01196
925.64642,0.01101
923.71799,0.01051
921.78956,0.01043
919.86113,0.01047
917.93270,0.01008
916.00427,0.00900
914.07584,0.00779
912.14741,0.00704
910.21898,0.00671
908.29055,0.00652
906.36212,0.00625
904.43368,0.00595
902.50525,0.00605
900.57682,0.00650
898.64839,0.00657
896.71996,0.00596
894.79153,0.00518
892.86310,0.00459
890.93467,0.00373
889.00624,0.00285
887.07781,0.00287
885.14938,0.00312
883.22095,0.00272
881.29252,0.00239
879.36409,0.00255
877.43566,0.00260
875.50723,0.00201
873.57880,0.00083
871.65037,0.00000
869.72194,0.00014
867.79351,0.00096
865.86508,0.00126
863.93665,0.00098
862.00822,0.00100
860.07979,0.00124
858.15136,0.00130
856.22293,0.00162
854.29450,0.00227
852.36607,0.00274
850.43764,0.00320
848.50921,0.00386
846.58078,0.00429
844.65235,0.00449
842.72392,0.00522
840.79549,0.00650
838.86706,0.00752
836.93863,0.00836
835.01020,0.00964
833.08177,0.01108
831.15334,0.01206
829.22491,0.01292
827.29648,0.01399
825.36805,0.01509
823.43962,0.01626
821.51119,0.01733
819.58276,0.01792
817.65433,0.01834
815.72590,0.01886
813.79747,0.01934
811.86904,0.02013
809.94061,0.02127
808.01218,0.02205
806.08375,0.02224
804.15532,0.02212
802.22689,0.02178
800.29846,0.02131
798.37003,0.02082
796.44160,0.02053
794.51317,0.02076
792.58474,0.02128
790.65631,0.02116
788.72788,0.02047
786.79945,0.01987
784.87102,0.01898
782.94259,0.01749
781.01416,0.01562
779.08573,0.01324
777.15730,0.01066
775.22887,0.00871
773.30044,0.00762
771.37201,0.00732
769.44358,0.00766
767.51515,0.00778
765.58672,0.00727
763.65829,0.00648
761.72986,0.00578
759.80143,0.00530
757.87300,0.00493
755.94457,0.00491
754.01614,0.00546
752.08771,0.00598
750.15928,0.00608
748.23085,0.00571
746.30242,0.00484
744.37399,0.00441
742.44556,0.00503
740.51713,0.00540
738.58870,0.00459
736.66027,0.00348
734.73184,0.00275
732.80341,0.00235
730.87498,0.00244
728.94655,0.00284
727.01812,0.00311
725.08969,0.00344
723.16126,0.00466
721.23283,0.00500
719.30440,0.00414
717.37597,0.00244
715.44754,0.00105
713.51911,0.00076
711.59068,0.00116
709.66225,0.00136
707.73382,0.00107
705.80539,0.00116
703.87696,0.00246
701.94853,0.00437
700.02010,0.00560
698.09167,0.00618
696.16324,0.00709
694.23481,0.00806
692.30638,0.00774
690.37795,0.00562
688.44952,0.00317
686.52109,0.00241
684.59266,0.00287
682.66423,0.00272
680.73580,0.00263
678.80737,0.00467
676.87894,0.00775
674.95051,0.00918
673.02208,0.01035
671.09365,0.01511
669.16522,0.02062
667.23679,0.01906
665.30836,0.01454
663.37993,0.01404
661.45150,0.01605
659.52307,0.01639
657.59464,0.01448
655.66621,0.01183
653.73778,0.00907
651.80935,0.00655
649.88092,0.00463
647.95249,0.00302
646.02406,0.00266
644.09563,0.00425
642.16720,0.00546
640.23877,0.00467
638.31034,0.00390
636.38191,0.00363
634.45348,0.00291
632.52505,0.00253
630.59662,0.00326
628.66819,0.00474
626.73976,0.00599
624.81133,0.00508
622.88290,0.00124
620.95447,0.00013
619.02604,0.00394
617.09761,0.00682
615.16918,0.00574
613.24075,0.00366
611.31232,0.00023
609.38389,0.00000
607.45546,0.00238
605.52703,0.00374
603.59860,0.00293
601.67017,0.00074
599.74174,0.00000
