4001.49232,0.00000
3999.56389,0.00053
3997.63546,0.00065
3995.70703,0.00093
3993.77860,0.00134
3991.85017,0.00142
3989.92174,0.00107
3987.99331,0.00066
3986.06488,0.00068
3984.13645,0.00112
3982.20802,0.00133
3980.27959,0.00104
3978.35116,0.00079
3976.42273,0.00094
3974.49430,0.00108
3972.56587,0.00102
3970.63744,0.00113
3968.70901,0.00155
3966.78058,0.00193
3964.85215,0.00209
3962.92372,0.00210
3960.99529,0.00184
3959.06686,0.00125
3957.13843,0.00071
3955.21000,0.00074
3953.28157,0.00156
3951.35314,0.00251
3949.42471,0.00276
3947.49628,0.00254
3945.56785,0.00239
3943.63942,0.00179
3941.71099,0.00062
3939.78256,0.00018
3937.85413,0.00108
3935.92570,0.00248
3933.99727,0.00322
3932.06884,0.00261
3930.14041,0.00151
3928.21198,0.00135
3926.28355,0.00181
3924.35512,0.00199
3922.42669,0.00224
3920.49826,0.00276
3918.56982,0.00263
3916.64139,0.00150
3914.71296,0.00048
3912.78453,0.00052
3910.85610,0.00139
3908.92767,0.00280
3906.99924,0.00431
3905.07081,0.00511
3903.14238,0.00494
3901.21395,0.00404
3899.28552,0.00278
3897.35709,0.00226
3895.42866,0.00315
3893.50023,0.00432
3891.57180,0.00443
3889.64337,0.00448
3887.71494,0.00572
3885.78651,0.00667
3883.85808,0.00627
3881.92965,0.00543
3880.00122,0.00434
3878.07279,0.00397
3876.14436,0.00497
3874.21593,0.00599
3872.28750,0.00625
3870.35907,0.00566
3868.43064,0.00456
3866.50221,0.00424
3864.57378,0.00413
3862.64535,0.00371
3860.71692,0.00440
3858.78849,0.00705
3856.86006,0.01037
3854.93163,0.01027
3853.00320,0.00449
3851.07477,0.00033
3849.14634,0.00179
3847.21791,0.00480
3845.28948,0.00615
3843.36105,0.00576
3841.43262,0.00475
3839.50419,0.00380
3837.57576,0.00306
3835.64733,0.00298
3833.71890,0.00327
3831.79047,0.00331
3829.86204,0.00346
3827.93361,0.00393
3826.00518,0.00446
3824.07675,0.00508
3822.14832,0.00470
3820.21989,0.00282
3818.29146,0.00173
3816.36303,0.00155
3814.43460,0.00152
3812.50617,0.00277
3810.57774,0.00485
3808.64931,0.00578
3806.72088,0.00510
3804.79245,0.00474
3802.86402,0.00465
3800.93559,0.00281
3799.00716,0.00100
3797.07873,0.00085
3795.15030,0.00120
3793.22187,0.00168
3791.29344,0.00229
3789.36501,0.00272
3787.43658,0.00282
3785.50815,0.00245
3783.57972,0.00208
3781.65129,0.00217
3779.72286,0.00177
3777.79443,0.00073
3775.86600,0.00077
3773.93757,0.00209
3772.00914,0.00319
3770.08071,0.00309
3768.15228,0.00251
3766.22385,0.00228
3764.29542,0.00239
3762.36699,0.00299
3760.43856,0.00348
3758.51013,0.00346
3756.58170,0.00438
3754.65327,0.00648
3752.72484,0.00702
3750.79641,0.00438
3748.86798,0.00230
3746.93955,0.00325
3745.01112,0.00423
3743.08269,0.00336
3741.15426,0.00329
3739.22583,0.00505
3737.29740,0.00643
3735.36897,0.00498
3733.44054,0.00167
3731.51211,0.00075
3729.58368,0.00310
3727.65525,0.00608
3725.72682,0.00709
3723.79839,0.00581
3721.86996,0.00387
3719.94153,0.00269
3718.01310,0.00292
3716.08467,0.00436
3714.15624,0.00580
3712.22781,0.00552
3710.29938,0.00323
3708.37095,0.00132
3706.44252,0.00137
3704.51409,0.00222
3702.58566,0.00240
3700.65723,0.00201
3698.72880,0.00213
3696.80037,0.00292
3694.87194,0.00411
3692.94351,0.00502
3691.01508,0.00387
3689.08665,0.00078
3687.15822,-0.00043
3685.22979,0.00118
3683.30136,0.00352
3681.37293,0.00537
3679.44450,0.00653
3677.51607,0.00636
3675.58764,0.00412
3673.65921,0.00203
3671.73078,0.00172
3669.80235,0.00092
3667.87392,0.00020
3665.94549,0.00110
3664.01706,0.00245
3662.08863,0.00325
3660.16020,0.00385
3658.23177,0.00432
3656.30334,0.00427
3654.37491,0.00463
3652.44648,0.00583
3650.51805,0.00538
3648.58962,0.00213
3646.66119,0.00010
3644.73276,0.00130
3642.80433,0.00333
3640.87590,0.00430
3638.94747,0.00452
3637.01904,0.00491
3635.09061,0.00571
3633.16218,0.00665
3631.23375,0.00679
3629.30532,0.00437
3627.37689,0.00094
3625.44846,0.00103
3623.52003,0.00367
3621.59160,0.00514
3619.66317,0.00387
3617.73474,0.00211
3615.80631,0.00232
3613.87788,0.00351
3611.94945,0.00466
3610.02102,0.00569
3608.09259,0.00551
3606.16416,0.00425
3604.23573,0.00370
3602.30730,0.00407
3600.37887,0.00448
3598.45044,0.00479
3596.52201,0.00492
3594.59358,0.00456
3592.66515,0.00435
3590.73672,0.00515
3588.80829,0.00542
3586.87986,0.00325
3584.95143,0.00074
3583.02300,0.00031
3581.09457,0.00102
3579.16614,0.00139
3577.23771,0.00122
3575.30928,0.00100
3573.38085,0.00146
3571.45242,0.00294
3569.52399,0.00459
3567.59556,0.00444
3565.66713,0.00232
3563.73870,0.00126
3561.81027,0.00214
3559.88184,0.00316
3557.95341,0.00347
3556.02498,0.00357
3554.09655,0.00346
3552.16812,0.00291
3550.23969,0.00255
3548.31126,0.00271
3546.38283,0.00246
3544.45440,0.00134
3542.52597,0.00039
3540.59754,0.00039
3538.66911,0.00094
3536.74068,0.00131
3534.81225,0.00132
3532.88382,0.00121
3530.95539,0.00105
3529.02696,0.00088
3527.09853,0.00113
3525.17010,0.00170
3523.24167,0.00179
3521.31324,0.00124
3519.38481,0.00085
3517.45638,0.00097
3515.52795,0.00132
3513.59952,0.00158
3511.67109,0.00146
3509.74266,0.00075
3507.81423,0.00005
3505.88580,0.00017
3503.95737,0.00071
3502.02894,0.00085
3500.10051,0.00065
3498.17208,0.00056
3496.24365,0.00055
3494.31522,0.00056
3492.38679,0.00075
3490.45836,0.00116
3488.52993,0.00152
3486.60150,0.00162
3484.67307,0.00148
3482.74464,0.00108
3480.81621,0.00043
3478.88778,0.00000
3476.95935,0.00009
3475.03092,0.00040
3473.10249,0.00047
3471.17406,0.00027
3469.24563,0.00016
3467.31720,0.00028
3465.38877,0.00040
3463.46034,0.00048
3461.53191,0.00057
3459.60348,0.00056
3457.67505,0.00033
3455.74662,0.00005
3453.81819,0.00000
3451.88976,0.00027
3449.96133,0.00074
3448.03290,0.00103
3446.10447,0.00083
3444.17604,0.00044
3442.24761,0.00033
3440.31918,0.00064
3438.39075,0.00124
3436.46232,0.00189
3434.53389,0.00234
3432.60546,0.00227
3430.67703,0.00150
3428.74860,0.00049
3426.82017,0.00000
3424.89174,0.00017
3422.96331,0.00056
3421.03488,0.00076
3419.10645,0.00099
3417.17802,0.00157
3415.24959,0.00198
3413.32116,0.00185
3411.39273,0.00159
3409.46430,0.00133
3407.53587,0.00085
3405.60744,0.00046
3403.67901,0.00080
3401.75058,0.00188
3399.82215,0.00321
3397.89372,0.00325
3395.96529,0.00257
3394.03686,0.00206
3392.10843,0.00169
3390.18000,0.00129
3388.25157,0.00108
3386.32314,0.00108
3384.39471,0.00114
3382.46628,0.00143
3380.53785,0.00190
3378.60942,0.00202
3376.68099,0.00172
3374.75256,0.00166
3372.82413,0.00210
3370.89570,0.00277
3368.96727,0.00315
3367.03884,0.00282
3365.11041,0.00220
3363.18198,0.00210
3361.25355,0.00229
3359.32512,0.00216
3357.39669,0.00206
3355.46826,0.00240
3353.53983,0.00267
3351.61140,0.00260
3349.68297,0.00254
3347.75454,0.00263
3345.82611,0.00277
3343.89768,0.00289
3341.96925,0.00309
3340.04082,0.00343
3338.11239,0.00376
3336.18396,0.00375
3334.25553,0.00348
3332.32710,0.00326
3330.39867,0.00331
3328.47024,0.00370
3326.54181,0.00417
3324.61338,0.00434
3322.68495,0.00419
3320.75652,0.00409
3318.82809,0.00425
3316.89966,0.00432
3314.97122,0.00407
3313.04279,0.00401
3311.11436,0.00457
3309.18593,0.00519
3307.25750,0.00549
3305.32907,0.00570
3303.40064,0.00578
3301.47221,0.00580
3299.54378,0.00602
3297.61535,0.00630
3295.68692,0.00654
3293.75849,0.00672
3291.83006,0.00654
3289.90163,0.00595
3287.97320,0.00526
3286.04477,0.00481
3284.11634,0.00487
3282.18791,0.00524
3280.25948,0.00559
3278.33105,0.00588
3276.40262,0.00597
3274.47419,0.00570
3272.54576,0.00539
3270.61733,0.00534
3268.68890,0.00541
3266.76047,0.00552
3264.83204,0.00574
3262.90361,0.00585
3260.97518,0.00572
3259.04675,0.00562
3257.11832,0.00576
3255.18989,0.00584
3253.26146,0.00548
3251.33303,0.00497
3249.40460,0.00485
3247.47617,0.00493
3245.54774,0.00465
3243.61931,0.00419
3241.69088,0.00414
3239.76245,0.00439
3237.83402,0.00450
3235.90559,0.00437
3233.97716,0.00412
3232.04873,0.00394
3230.12030,0.00400
3228.19187,0.00421
3226.26344,0.00419
3224.33501,0.00391
3222.40658,0.00364
3220.47815,0.00362
3218.54972,0.00383
3216.62129,0.00404
3214.69286,0.00399
3212.76443,0.00367
3210.83600,0.00334
3208.90757,0.00310
3206.97914,0.00300
3205.05071,0.00308
3203.12228,0.00330
3201.19385,0.00366
3199.26542,0.00399
3197.33699,0.00391
3195.40856,0.00341
3193.48013,0.00301
3191.55170,0.00302
3189.62327,0.00316
3187.69484,0.00307
3185.76641,0.00276
3183.83798,0.00244
3181.90955,0.00234
3179.98112,0.00247
3178.05269,0.00252
3176.12426,0.00232
3174.19583,0.00208
3172.26740,0.00215
3170.33897,0.00251
3168.41054,0.00269
3166.48211,0.00241
3164.55368,0.00204
3162.62525,0.00201
3160.69682,0.00212
3158.76839,0.00193
3156.83996,0.00162
3154.91153,0.00155
3152.98310,0.00166
3151.05467,0.00188
3149.12624,0.00198
3147.19781,0.00176
3145.26938,0.00145
3143.34095,0.00133
3141.41252,0.00141
3139.48409,0.00151
3137.55566,0.00154
3135.62723,0.00145
3133.69880,0.00122
3131.77037,0.00113
3129.84194,0.00143
3127.91351,0.00169
3125.98508,0.00167
3124.05665,0.00163
3122.12822,0.00158
3120.19979,0.00150
3118.27136,0.00132
3116.34293,0.00091
3114.41450,0.00051
3112.48607,0.00043
3110.55764,0.00050
3108.62921,0.00049
3106.70078,0.00031
3104.77235,0.00003
3102.84392,0.00000
3100.91549,0.00038
3098.98706,0.00082
3097.05863,0.00082
3095.13020,0.00049
3093.20177,0.00030
3091.27334,0.00034
3089.34491,0.00043
3087.41648,0.00038
3085.48805,0.00024
3083.55962,0.00029
3081.63119,0.00045
3079.70276,0.00040
3077.77433,0.00027
3075.84590,0.00038
3073.91747,0.00067
3071.98904,0.00093
3070.06061,0.00101
3068.13218,0.00082
3066.20375,0.00043
3064.27532,0.00012
3062.34689,0.00009
3060.41846,0.00023
3058.49003,0.00029
3056.56160,0.00024
3054.63317,0.00030
3052.70474,0.00053
3050.77631,0.00080
3048.84788,0.00098
3046.91945,0.00095
3044.99102,0.00068
3043.06259,0.00036
3041.13416,0.00024
3039.20573,0.00027
3037.27730,0.00021
3035.34887,0.00020
3033.42044,0.00038
3031.49201,0.00048
3029.56358,0.00039
3027.63515,0.00028
3025.70672,0.00026
3023.77829,0.00031
3021.84986,0.00035
3019.92143,0.00023
3017.99300,0.00000
3016.06457,0.00011
3014.13614,0.00062
3012.20771,0.00086
3010.27928,0.00056
3008.35085,0.00014
3006.42242,0.00000
3004.49399,0.00015
3002.56556,0.00033
3000.63713,0.00041
2998.70870,0.00039
2996.78027,0.00025
2994.85184,0.00019
2992.92341,0.00037
2990.99498,0.00066
2989.06655,0.00098
2987.13812,0.00101
2985.20969,0.00062
2983.28126,0.00026
2981.35283,0.00029
2979.42440,0.00044
2977.49597,0.00063
2975.56754,0.00095
2973.63911,0.00113
2971.71068,0.00098
2969.78225,0.00092
2967.85382,0.00121
2965.92539,0.00154
2963.99696,0.00162
2962.06853,0.00152
2960.14010,0.00139
2958.21167,0.00130
2956.28324,0.00133
2954.35481,0.00143
2952.42638,0.00153
2950.49795,0.00157
2948.56952,0.00162
2946.64109,0.00176
2944.71266,0.00197
2942.78423,0.00215
2940.85580,0.00230
2938.92737,0.00242
2936.99894,0.00254
2935.07051,0.00262
2933.14208,0.00251
2931.21365,0.00220
2929.28522,0.00196
2927.35679,0.00185
2925.42836,0.00161
2923.49993,0.00136
2921.57150,0.00155
2919.64307,0.00201
2917.71464,0.00222
2915.78621,0.00209
2913.85778,0.00186
2911.92935,0.00170
2910.00092,0.00160
2908.07249,0.00139
2906.14406,0.00118
2904.21563,0.00109
2902.28720,0.00090
2900.35877,0.00072
2898.43034,0.00089
2896.50191,0.00119
2894.57348,0.00120
2892.64505,0.00093
2890.71662,0.00073
2888.78819,0.00067
2886.85976,0.00066
2884.93133,0.00078
2883.00290,0.00090
2881.07447,0.00075
2879.14604,0.00048
2877.21761,0.00047
2875.28918,0.00073
2873.36075,0.00085
2871.43232,0.00072
2869.50389,0.00066
2867.57546,0.00072
2865.64703,0.00069
2863.71860,0.00059
2861.79017,0.00056
2859.86174,0.00063
2857.93331,0.00084
2856.00488,0.00110
2854.07645,0.00116
2852.14802,0.00093
2850.21959,0.00063
2848.29116,0.00059
2846.36273,0.00068
2844.43430,0.00071
2842.50587,0.00090
2840.57744,0.00115
2838.64901,0.00098
2836.72058,0.00049
2834.79215,0.00017
2832.86372,0.00002
2830.93529,0.00000
2829.00686,0.00023
2827.07843,0.00051
2825.15000,0.00055
2823.22157,0.00059
2821.29314,0.00078
2819.36471,0.00079
2817.43628,0.00064
2815.50785,0.00059
2813.57942,0.00056
2811.65099,0.00043
2809.72256,0.00031
2807.79413,0.00017
2805.86570,0.00012
2803.93727,0.00024
2802.00884,0.00046
2800.08041,0.00071
2798.15198,0.00078
2796.22355,0.00042
2794.29512,0.00011
2792.36669,0.00031
2790.43826,0.00066
2788.50983,0.00079
2786.58140,0.00070
2784.65297,0.00041
2782.72454,0.00008
2780.79611,0.00009
2778.86768,0.00039
2776.93925,0.00062
2775.01082,0.00066
2773.08239,0.00055
2771.15396,0.00043
2769.22553,0.00037
2767.29710,0.00029
2765.36867,0.00022
2763.44024,0.00034
2761.51181,0.00061
2759.58338,0.00073
2757.65495,0.00057
2755.72652,0.00040
2753.79809,0.00038
2751.86966,0.00041
2749.94123,0.00055
2748.01280,0.00082
2746.08437,0.00088
2744.15594,0.00069
2742.22751,0.00056
2740.29908,0.00044
2738.37065,0.00023
2736.44222,0.00015
2734.51379,0.00019
2732.58536,0.00010
2730.65693,0.00002
2728.72850,0.00018
2726.80007,0.00045
2724.87164,0.00050
2722.94321,0.00035
2721.01478,0.00017
2719.08635,0.00011
2717.15792,0.00024
2715.22949,0.00046
2713.30105,0.00064
2711.37262,0.00066
2709.44419,0.00045
2707.51576,0.00035
2705.58733,0.00043
2703.65890,0.00047
2701.73047,0.00038
2699.80204,0.00023
2697.87361,0.00017
2695.94518,0.00022
2694.01675,0.00033
2692.08832,0.00048
2690.15989,0.00057
2688.23146,0.00058
2686.30303,0.00052
2684.37460,0.00049
2682.44617,0.00056
2680.51774,0.00066
2678.58931,0.00082
2676.66088,0.00097
2674.73245,0.00080
2672.80402,0.00044
2670.87559,0.00034
2668.94716,0.00051
2667.01873,0.00053
2665.09030,0.00025
2663.16187,0.00007
2661.23344,0.00029
2659.30501,0.00065
2657.37658,0.00063
2655.44815,0.00023
2653.51972,0.00003
2651.59129,0.00016
2649.66286,0.00037
2647.73443,0.00067
2645.80600,0.00095
2643.87757,0.00097
2641.94914,0.00087
2640.02071,0.00084
2638.09228,0.00082
2636.16385,0.00072
2634.23542,0.00049
2632.30699,0.00036
2630.37856,0.00057
2628.45013,0.00085
2626.52170,0.00078
2624.59327,0.00042
2622.66484,0.00019
2620.73641,0.00029
2618.80798,0.00059
2616.87955,0.00079
2614.95112,0.00080
2613.02269,0.00073
2611.09426,0.00061
2609.16583,0.00052
2607.23740,0.00056
2605.30897,0.00056
2603.38054,0.00044
2601.45211,0.00034
2599.52368,0.00025
2597.59525,0.00007
2595.66682,0.00000
2593.73839,0.00021
2591.80996,0.00057
2589.88153,0.00086
2587.95310,0.00103
2586.02467,0.00096
2584.09624,0.00068
2582.16781,0.00046
2580.23938,0.00053
2578.31095,0.00079
2576.38252,0.00095
2574.45409,0.00090
2572.52566,0.00078
2570.59723,0.00074
2568.66880,0.00073
2566.74037,0.00071
2564.81194,0.00067
2562.88351,0.00077
2560.95508,0.00091
2559.02665,0.00077
2557.09822,0.00045
2555.16979,0.00038
2553.24136,0.00060
2551.31293,0.00073
2549.38450,0.00057
2547.45607,0.00038
2545.52764,0.00043
2543.59921,0.00054
2541.67078,0.00053
2539.74235,0.00047
2537.81392,0.00044
2535.88549,0.00050
2533.95706,0.00052
2532.02863,0.00045
2530.10020,0.00042
2528.17177,0.00046
2526.24334,0.00050
2524.31491,0.00047
2522.38648,0.00033
2520.45805,0.00023
2518.52962,0.00024
2516.60119,0.00030
2514.67276,0.00038
2512.74433,0.00044
2510.81590,0.00044
2508.88747,0.00047
2506.95904,0.00052
2505.03061,0.00053
2503.10218,0.00042
2501.17375,0.00024
2499.24532,0.00016
2497.31689,0.00029
2495.38846,0.00052
2493.46003,0.00060
2491.53160,0.00046
2489.60317,0.00037
2487.67474,0.00048
2485.74631,0.00051
2483.81788,0.00035
2481.88945,0.00027
2479.96102,0.00025
2478.03259,0.00011
2476.10416,0.00000
2474.17573,0.00010
2472.24730,0.00017
2470.31887,0.00016
2468.39044,0.00028
2466.46201,0.00052
2464.53358,0.00069
2462.60515,0.00075
2460.67672,0.00065
2458.74829,0.00044
2456.81986,0.00027
2454.89143,0.00017
2452.96300,0.00024
2451.03457,0.00053
2449.10614,0.00064
2447.17771,0.00039
2445.24928,0.00007
2443.32085,0.00003
2441.39242,0.00018
2439.46399,0.00026
2437.53556,0.00026
2435.60713,0.00030
2433.67870,0.00036
2431.75027,0.00039
2429.82184,0.00035
2427.89341,0.00018
2425.96498,0.00002
2424.03655,0.00001
2422.10812,0.00001
2420.17969,0.00000
2418.25126,0.00000
2416.32283,-0.00000
2414.39440,-0.00000
2412.46597,-0.00000
2410.53754,-0.00000
2408.60911,-0.00000
2406.68068,-0.00000
2404.75225,-0.00000
2402.82382,0.00000
2400.89539,0.00000
2398.96696,-0.00000
2397.03853,-0.00001
2395.11010,-0.00001
2393.18167,-0.00001
2391.25324,-0.00001
2389.32481,-0.00002
2387.39638,-0.00002
2385.46795,-0.00002
2383.53952,-0.00002
2381.61109,-0.00001
2379.68266,-0.00001
2377.75423,-0.00001
2375.82580,-0.00001
2373.89737,-0.00001
2371.96894,-0.00000
2370.04051,0.00000
2368.11208,0.00001
2366.18365,0.00001
2364.25522,0.00002
2362.32679,0.00002
2360.39836,0.00003
2358.46993,0.00004
2356.54150,0.00004
2354.61307,0.00005
2352.68464,0.00006
2350.75621,0.00007
2348.82778,0.00008
2346.89935,0.00009
2344.97092,0.00010
2343.04249,0.00011
2341.11406,0.00012
2339.18563,0.00014
2337.25720,0.00015
2335.32877,0.00016
2333.40034,0.00018
2331.47191,0.00019
2329.54348,0.00021
2327.61505,0.00022
2325.68662,0.00024
2323.75819,0.00026
2321.82976,0.00027
2319.90133,0.00029
2317.97290,0.00031
2316.04447,0.00033
2314.11604,0.00035
2312.18761,0.00037
2310.25918,0.00039
2308.33075,0.00041
2306.40232,0.00043
2304.47389,0.00045
2302.54546,0.00047
2300.61703,0.00050
2298.68860,0.00052
2296.76017,0.00054
2294.83174,0.00057
2292.90331,0.00059
2290.97488,0.00062
2289.04645,0.00065
2287.11802,0.00067
2285.18959,0.00070
2283.26116,0.00073
2281.33273,0.00076
2279.40430,0.00078
2277.47587,0.00081
2275.54744,0.00084
2273.61901,0.00087
2271.69058,0.00090
2269.76215,0.00094
2267.83372,0.00097
2265.90529,0.00100
2263.97686,0.00103
2262.04843,0.00107
2260.12000,0.00110
2258.19157,0.00114
2256.26314,0.00117
2254.33471,0.00121
2252.40628,0.00124
2250.47785,0.00128
2248.54942,0.00132
2246.62099,0.00135
2244.69256,0.00139
2242.76413,0.00143
2240.83570,0.00124
2238.90727,0.00121
2236.97884,0.00105
2235.05041,0.00080
2233.12198,0.00070
2231.19355,0.00059
2229.26512,0.00037
2227.33669,0.00015
2225.40826,0.00000
2223.47983,0.00006
2221.55140,0.00028
2219.62297,0.00038
2217.69454,0.00041
2215.76611,0.00056
2213.83768,0.00055
2211.90925,0.00028
2209.98082,0.00003
2208.05239,0.00005
2206.12396,0.00027
2204.19553,0.00047
2202.26710,0.00062
2200.33867,0.00085
2198.41024,0.00107
2196.48181,0.00107
2194.55338,0.00091
2192.62495,0.00066
2190.69652,0.00036
2188.76809,0.00017
2186.83966,0.00018
2184.91123,0.00027
2182.98280,0.00026
2181.05437,0.00012
2179.12594,0.00003
2177.19751,0.00002
2175.26908,0.00000
2173.34065,0.00000
2171.41222,0.00005
2169.48379,0.00006
2167.55536,-0.00000
2165.62693,0.00007
2163.69850,0.00033
2161.77007,0.00039
2159.84164,0.00022
2157.91321,0.00027
2155.98478,0.00057
2154.05635,0.00067
2152.12792,0.00039
2150.19949,0.00006
2148.27106,-0.00003
2146.34263,0.00013
2144.41420,0.00040
2142.48577,0.00059
2140.55734,0.00064
2138.62891,0.00058
2136.70048,0.00051
2134.77205,0.00051
2132.84362,0.00051
2130.91519,0.00056
2128.98676,0.00067
2127.05833,0.00068
2125.12990,0.00043
2123.20147,0.00011
2121.27304,0.00002
2119.34461,0.00003
2117.41618,0.00000
2115.48775,0.00016
2113.55932,0.00051
2111.63089,0.00072
2109.70245,0.00067
2107.77402,0.00053
2105.84559,0.00045
2103.91716,0.00045
2101.98873,0.00045
2100.06030,0.00040
2098.13187,0.00032
2096.20344,0.00024
2094.27501,0.00022
2092.34658,0.00021
2090.41815,0.00028
2088.48972,0.00046
2086.56129,0.00053
2084.63286,0.00039
2082.70443,0.00017
2080.77600,0.00003
2078.84757,0.00001
2076.91914,0.00010
2074.99071,0.00027
2073.06228,0.00038
2071.13385,0.00041
2069.20542,0.00054
2067.27699,0.00081
2065.34856,0.00098
2063.42013,0.00092
2061.49170,0.00071
2059.56327,0.00048
2057.63484,0.00037
2055.70641,0.00027
2053.77798,0.00008
2051.84955,0.00000
2049.92112,0.00017
2047.99269,0.00052
2046.06426,0.00078
2044.13583,0.00085
2042.20740,0.00082
2040.27897,0.00070
2038.35054,0.00052
2036.42211,0.00038
2034.49368,0.00033
2032.56525,0.00034
2030.63682,0.00032
2028.70839,0.00022
2026.77996,0.00012
2024.85153,0.00015
2022.92310,0.00028
2020.99467,0.00042
2019.06624,0.00049
2017.13781,0.00048
2015.20938,0.00060
2013.28095,0.00078
2011.35252,0.00074
2009.42409,0.00055
2007.49566,0.00040
2005.56723,0.00040
2003.63880,0.00054
2001.71037,0.00068
1999.78194,0.00070
1997.85351,0.00064
1995.92508,0.00065
1993.99665,0.00066
1992.06822,0.00056
1990.13979,0.00035
1988.21136,0.00014
1986.28293,0.00012
1984.35450,0.00030
1982.42607,0.00046
1980.49764,0.00044
1978.56921,0.00041
1976.64078,0.00042
1974.71235,0.00042
1972.78392,0.00046
1970.85549,0.00061
1968.92706,0.00068
1966.99863,0.00050
1965.07020,0.00036
1963.14177,0.00047
1961.21334,0.00068
1959.28491,0.00077
1957.35648,0.00063
1955.42805,0.00040
1953.49962,0.00035
1951.57119,0.00048
1949.64276,0.00064
1947.71433,0.00073
1945.78590,0.00078
1943.85747,0.00076
1941.92904,0.00067
1940.00061,0.00072
1938.07218,0.00091
1936.14375,0.00092
1934.21532,0.00069
1932.28689,0.00042
1930.35846,0.00036
1928.43003,0.00049
1926.50160,0.00069
1924.57317,0.00087
1922.64474,0.00103
1920.71631,0.00121
1918.78788,0.00126
1916.85945,0.00117
1914.93102,0.00122
1913.00259,0.00140
1911.07416,0.00139
1909.14573,0.00118
1907.21730,0.00099
1905.28887,0.00088
1903.36044,0.00083
1901.43201,0.00088
1899.50358,0.00100
1897.57515,0.00106
1895.64672,0.00098
1893.71829,0.00095
1891.78986,0.00102
1889.86143,0.00103
1887.93300,0.00109
1886.00457,0.00122
1884.07614,0.00129
1882.14771,0.00138
1880.21928,0.00155
1878.29085,0.00169
1876.36242,0.00167
1874.43399,0.00158
1872.50556,0.00152
1870.57713,0.00115
1868.64870,0.00036
1866.72027,0.00000
1864.79184,0.00046
1862.86341,0.00103
1860.93498,0.00124
1859.00655,0.00137
1857.07812,0.00160
1855.14969,0.00182
1853.22126,0.00192
1851.29283,0.00195
1849.36440,0.00195
1847.43597,0.00182
1845.50754,0.00147
1843.57911,0.00102
1841.65068,0.00091
1839.72225,0.00109
1837.79382,0.00125
1835.86539,0.00151
1833.93696,0.00171
1832.00853,0.00129
1830.08010,0.00033
1828.15167,-0.00011
1826.22324,0.00010
1824.29481,0.00040
1822.36638,0.00074
1820.43795,0.00123
1818.50952,0.00166
1816.58109,0.00181
1814.65266,0.00162
1812.72423,0.00120
1810.79580,0.00080
1808.86737,0.00082
1806.93894,0.00120
1805.01051,0.00163
1803.08208,0.00176
1801.15365,0.00140
1799.22522,0.00106
1797.29679,0.00126
1795.36836,0.00149
1793.43993,0.00106
1791.51150,0.00053
1789.58307,0.00095
1787.65464,0.00199
1785.72621,0.00264
1783.79778,0.00246
1781.86935,0.00186
1779.94092,0.00156
1778.01249,0.00186
1776.08406,0.00205
1774.15563,0.00132
1772.22720,0.00015
1770.29877,0.00011
1768.37034,0.00088
1766.44191,0.00144
1764.51348,0.00152
1762.58505,0.00131
1760.65662,0.00121
1758.72819,0.00130
1756.79976,0.00136
1754.87133,0.00163
1752.94290,0.00215
1751.01447,0.00196
1749.08604,0.00077
1747.15761,0.00015
1745.22918,0.00060
1743.30075,0.00119
1741.37232,0.00141
1739.44389,0.00148
1737.51546,0.00164
1735.58703,0.00137
1733.65860,0.00047
1731.73017,0.00016
1729.80174,0.00073
1727.87331,0.00146
1725.94488,0.00192
1724.01645,0.00213
1722.08802,0.00228
1720.15959,0.00209
1718.23116,0.00100
1716.30273,0.00000
1714.37430,0.00064
1712.44587,0.00220
1710.51744,0.00332
1708.58901,0.00355
1706.66058,0.00341
1704.73215,0.00405
1702.80372,0.00551
1700.87529,0.00622
1698.94686,0.00541
1697.01843,0.00494
1695.09000,0.00617
1693.16157,0.00808
1691.23314,0.00950
1689.30471,0.01021
1687.37628,0.01044
1685.44785,0.01033
1683.51942,0.01074
1681.59099,0.01234
1679.66256,0.01426
1677.73413,0.01554
1675.80570,0.01605
1673.87727,0.01617
1671.94884,0.01619
1670.02041,0.01638
1668.09198,0.01760
1666.16355,0.01950
1664.23512,0.02090
1662.30669,0.02180
1660.37826,0.02313
1658.44983,0.02481
1656.52140,0.02599
1654.59297,0.02590
1652.66454,0.02483
1650.73611,0.02468
1648.80768,0.02450
1646.87925,0.02291
1644.95082,0.02208
1643.02239,0.02268
1641.09396,0.02315
1639.16553,0.02255
1637.23710,0.02061
1635.30867,0.01819
1633.38024,0.01732
1631.45181,0.01752
1629.52338,0.01713
1627.59495,0.01595
1625.66652,0.01486
1623.73809,0.01415
1621.80966,0.01393
1619.88123,0.01359
1617.95280,0.01210
1616.02437,0.01020
1614.09594,0.00971
1612.16751,0.00979
1610.23908,0.00909
1608.31065,0.00797
1606.38222,0.00724
1604.45379,0.00680
1602.52536,0.00639
1600.59693,0.00615
1598.66850,0.00606
1596.74007,0.00593
1594.81164,0.00581
1592.88321,0.00589
1590.95478,0.00611
1589.02635,0.00633
1587.09792,0.00655
1585.16949,0.00679
1583.24106,0.00710
1581.31263,0.00737
1579.38420,0.00730
1577.45577,0.00670
1575.52734,0.00647
1573.59891,0.00739
1571.67048,0.00826
1569.74205,0.00830
1567.81362,0.00842
1565.88519,0.00925
1563.95676,0.01036
1562.02833,0.01111
1560.09990,0.01106
1558.17147,0.01062
1556.24304,0.01155
1554.31461,0.01344
1552.38618,0.01512
1550.45775,0.01616
1548.52932,0.01682
1546.60089,0.01710
1544.67246,0.01640
1542.74403,0.01414
1540.81560,0.01123
1538.88717,0.01149
1536.95874,0.01409
1535.03031,0.01557
1533.10188,0.01511
1531.17345,0.01466
1529.24502,0.01492
1527.31659,0.01500
1525.38816,0.01471
1523.45973,0.01413
1521.53130,0.01320
1519.60287,0.01237
1517.67444,0.01177
1515.74601,0.01179
1513.81758,0.01243
1511.88915,0.01278
1509.96072,0.01186
1508.03229,0.00902
1506.10385,0.00609
1504.17542,0.00627
1502.24699,0.00766
1500.31856,0.00752
1498.39013,0.00568
1496.46170,0.00407
1494.53327,0.00374
1492.60484,0.00358
1490.67641,0.00253
1488.74798,0.00136
1486.81955,0.00145
1484.89112,0.00227
1482.96269,0.00260
1481.03426,0.00241
1479.10583,0.00242
1477.17740,0.00255
1475.24897,0.00200
1473.32054,0.00097
1471.39211,0.00110
1469.46368,0.00235
1467.53525,0.00308
1465.60682,0.00282
1463.67839,0.00269
1461.74996,0.00309
1459.82153,0.00291
1457.89310,0.00180
1455.96467,0.00154
1454.03624,0.00261
1452.10781,0.00374
1450.17938,0.00404
1448.25095,0.00362
1446.32252,0.00326
1444.39409,0.00333
1442.46566,0.00354
1440.53723,0.00369
1438.60880,0.00375
1436.68037,0.00353
1434.75194,0.00309
1432.82351,0.00271
1430.89508,0.00240
1428.96665,0.00225
1427.03822,0.00240
1425.10979,0.00254
1423.18136,0.00248
1421.25293,0.00227
1419.32450,0.00204
1417.39607,0.00205
1415.46764,0.00241
1413.53921,0.00280
1411.61078,0.00303
1409.68235,0.00313
1407.75392,0.00303
1405.82549,0.00283
1403.89706,0.00290
1401.96863,0.00330
1400.04020,0.00366
1398.11177,0.00370
1396.18334,0.00346
1394.25491,0.00326
1392.32648,0.00341
1390.39805,0.00351
1388.46962,0.00302
1386.54119,0.00222
1384.61276,0.00180
1382.68433,0.00181
1380.75590,0.00189
1378.82747,0.00184
1376.89904,0.00152
1374.97061,0.00105
1373.04218,0.00084
1371.11375,0.00090
1369.18532,0.00093
1367.25689,0.00086
1365.32846,0.00077
1363.40003,0.00062
1361.47160,0.00055
1359.54317,0.00062
1357.61474,0.00059
1355.68631,0.00033
1353.75788,0.00006
1351.82945,0.00000
1349.90102,0.00008
1347.97259,0.00032
1346.04416,0.00056
1344.11573,0.00073
1342.18730,0.00095
1340.25887,0.00123
1338.33044,0.00138
1336.40201,0.00121
1334.47358,0.00089
1332.54515,0.00076
1330.61672,0.00083
1328.68829,0.00100
1326.75986,0.00127
1324.83143,0.00155
1322.90300,0.00165
1320.97457,0.00153
1319.04614,0.00149
1317.11771,0.00170
1315.18928,0.00195
1313.26085,0.00204
1311.33242,0.00206
1309.40399,0.00213
1307.47556,0.00215
1305.54713,0.00204
1303.61870,0.00204
1301.69027,0.00228
1299.76184,0.00268
1297.83341,0.00311
1295.90498,0.00353
1293.97655,0.00389
1292.04812,0.00425
1290.11969,0.00467
1288.19126,0.00502
1286.26283,0.00516
1284.33440,0.00530
1282.40597,0.00572
1280.47754,0.00631
1278.54911,0.00688
1276.62068,0.00742
1274.69225,0.00794
1272.76382,0.00854
1270.83539,0.00940
1268.90696,0.01045
1266.97853,0.01145
1265.05010,0.01227
1263.12167,0.01312
1261.19324,0.01416
1259.26481,0.01543
1257.33638,0.01669
1255.40795,0.01779
1253.47952,0.01884
1251.55109,0.01994
1249.62266,0.02099
1247.69423,0.02205
1245.76580,0.02324
1243.83737,0.02463
1241.90894,0.02612
1239.98051,0.02750
1238.05208,0.02859
1236.12365,0.02947
1234.19522,0.03034
1232.26679,0.03113
1230.33836,0.03178
1228.40993,0.03265
1226.48150,0.03389
1224.55307,0.03500
1222.62464,0.03565
1220.69621,0.03610
1218.76778,0.03659
1216.83935,0.03695
1214.91092,0.03718
1212.98249,0.03763
1211.05406,0.03843
1209.12563,0.03943
1207.19720,0.04036
1205.26877,0.04100
1203.34034,0.04139
1201.41191,0.04177
1199.48348,0.04235
1197.55505,0.04298
1195.62662,0.04370
1193.69819,0.04464
1191.76976,0.04558
1189.84133,0.04632
1187.91290,0.04719
1185.98447,0.04821
1184.05604,0.04890
1182.12761,0.04956
1180.19918,0.05053
1178.27075,0.05161
1176.34232,0.05277
1174.41389,0.05407
1172.48546,0.05539
1170.55703,0.05672
1168.62860,0.05804
1166.70017,0.05917
1164.77174,0.06004
1162.84331,0.06101
1160.91488,0.06232
1158.98645,0.06386
1157.05802,0.06556
1155.12959,0.06724
1153.20116,0.06878
1151.27273,0.07027
1149.34430,0.07151
1147.41587,0.07225
1145.48744,0.07274
1143.55901,0.07343
1141.63058,0.07413
1139.70215,0.07466
1137.77372,0.07535
1135.84529,0.07625
1133.91686,0.07711
1131.98843,0.07825
1130.06000,0.08003
1128.13157,0.08209
1126.20314,0.08418
1124.27471,0.08612
1122.34628,0.08783
1120.41785,0.08984
1118.48942,0.09226
1116.56099,0.09462
1114.63256,0.09681
1112.70413,0.09903
1110.77570,0.10141
1108.84727,0.10404
1106.91884,0.10685
1104.99041,0.10982
1103.06198,0.11305
1101.13355,0.11652
1099.20512,0.12021
1097.27669,0.12402
1095.34826,0.12769
1093.41983,0.13128
1091.49140,0.13478
1089.56297,0.13774
1087.63454,0.13965
1085.70611,0.14020
1083.77768,0.14023
1081.84925,0.14081
1079.92082,0.14139
1077.99239,0.14131
1076.06396,0.14105
1074.13553,0.14065
1072.20710,0.13991
1070.27867,0.13939
1068.35024,0.13923
1066.42181,0.13861
1064.49338,0.13715
1062.56495,0.13549
1060.63652,0.13410
1058.70809,0.13284
1056.77966,0.13125
1054.85123,0.12896
1052.92280,0.12609
1050.99437,0.12277
1049.06594,0.11911
1047.13751,0.11550
1045.20908,0.11207
1043.28065,0.10839
1041.35222,0.10402
1039.42379,0.09937
1037.49536,0.09495
1035.56693,0.09051
1033.63850,0.08562
1031.71007,0.08056
1029.78164,0.07578
1027.85321,0.07122
1025.92478,0.06691
1023.99635,0.06290
1022.06792,0.05885
1020.13949,0.05487
1018.21106,0.05138
1016.28263,0.04840
1014.35420,0.04564
1012.42577,0.04275
1010.49734,0.03967
1008.56891,0.03658
1006.64048,0.03370
1004.71205,0.03102
1002.78362,0.02853
1000.85519,0.02633
998.92676,0.02440
996.99833,0.02260
995.06990,0.02100
993.14147,0.01968
991.21304,0.01865
989.28461,0.01802
987.35618,0.01760
985.42775,0.01701
983.49932,0.01652
981.57089,0.01652
979.64246,0.01669
977.71403,0.01667
975.78560,0.01649
973.85717,0.01620
971.92874,0.01600
970.00031,0.01579
968.07188,0.01528
966.14345,0.01453
964.21502,0.01393
962.28659,0.01364
960.35816,0.01337
958.42973,0.01279
956.50130,0.01210
954.57287,0.01138
952.64444,0.01054
950.71601,0.00978
948.78758,0.00930
946.85915,0.00922
944.93072,0.00932
943.00229,0.00906
941.07386,0.00823
939.14543,0.00724
937.21700,0.00663
935.28857,0.00646
933.36014,0.00634
931.43171,0.00613
929.50328,0.00580
927.57485,0.00524
925.64642,0.00460
923.71799,0.00425
921.78956,0.00426
919.86113,0.00422
917.93270,0.00359
916.00427,0.00256
914.07584,0.00173
912.14741,0.00123
910.21898,0.00110
908.29055,0.00125
906.36212,0.00117
904.43368,0.00095
902.50525,0.00109
900.57682,0.00134
898.64839,0.00136
896.71996,0.00122
894.79153,0.00100
892.86310,0.00071
890.93467,0.00030
889.00624,0.00000
887.07781,-0.00002
885.14938,0.00013
883.22095,0.00015
881.29252,0.00037
879.36409,0.00097
877.43566,0.00144
875.50723,0.00117
873.57880,0.00035
871.65037,0.00003
869.72194,0.00050
867.79351,0.00108
865.86508,0.00147
863.93665,0.00203
862.00822,0.00247
860.07979,0.00253
858.15136,0.00245
856.22293,0.00261
854.29450,0.00304
852.36607,0.00333
850.43764,0.00348
848.50921,0.00404
846.58078,0.00474
844.65235,0.00487
842.72392,0.00502
840.79549,0.00580
838.86706,0.00647
836.93863,0.00689
835.01020,0.00803
833.08177,0.00979
831.15334,0.01107
829.22491,0.01177
827.29648,0.01276
825.36805,0.01416
823.43962,0.01516
821.51119,0.01548
819.58276,0.01584
817.65433,0.01671
815.72590,0.01780
813.79747,0.01891
811.86904,0.02039
809.94061,0.02216
808.01218,0.02352
806.08375,0.02447
804.15532,0.02501
802.22689,0.02484
800.29846,0.02448
798.37003,0.02445
796.44160,0.02437
794.51317,0.02400
792.58474,0.02342
790.65631,0.02263
788.72788,0.02192
786.79945,0.02150
784.87102,0.02047
782.94259,0.01854
781.01416,0.01651
779.08573,0.01432
777.15730,0.01202
775.22887,0.01033
773.30044,0.00896
771.37201,0.00774
769.44358,0.00711
767.51515,0.00675
765.58672,0.00610
763.65829,0.00501
761.72986,0.00375
759.80143,0.00303
757.87300,0.00304
755.94457,0.00314
754.01614,0.00299
752.08771,0.00283
750.15928,0.00283
748.23085,0.00247
746.30242,0.00152
744.37399,0.00115
742.44556,0.00190
740.51713,0.00232
738.58870,0.00162
736.66027,0.00079
734.73184,0.00036
732.80341,0.00013
730.87498,0.00015
728.94655,0.00046
727.01812,0.00094
725.08969,0.00159
723.16126,0.00414
721.23283,0.00446
719.30440,0.00376
717.37597,0.00298
715.44754,0.00233
713.51911,0.00246
711.59068,0.00302
709.66225,0.00351
707.73382,0.00407
705.80539,0.00518
703.87696,0.00661
701.94853,0.00756
700.02010,0.00785
698.09167,0.00817
696.16324,0.00862
694.23481,0.00841
692.30638,0.00741
690.37795,0.00609
688.44952,0.00453
686.52109,0.00269
684.59266,0.00099
682.66423,0.00000
680.73580,0.00032
678.80737,0.00210
676.87894,0.00429
674.95051,0.00635
673.02208,0.00895
671.09365,0.01076
669.16522,0.00938
667.23679,0.00715
665.30836,0.00805
663.37993,0.00959
661.45150,0.01025
659.52307,0.00981
657.59464,0.00799
655.66621,0.00564
653.73778,0.00372
651.80935,0.00299
649.88092,0.00378
647.95249,0.00506
646.02406,0.00504
644.09563,0.00368
642.16720,0.00168
640.23877,0.00041
638.31034,0.00101
636.38191,0.00231
634.45348,0.00260
632.52505,0.00156
630.59662,0.00000
628.66819,-0.00001
626.73976,0.00275
624.81133,0.00565
622.88290,0.00527
620.95447,0.00439
619.02604,0.00523
617.09761,0.00610
615.16918,0.00587
613.24075,0.00408
611.31232,0.00231
609.38389,0.00203
607.45546,0.00356
605.52703,0.00290
603.59860,0.00057
601.67017,0.00003
599.74174,0.00000
