4001.49232,-0.00114
3999.56389,-0.00068
3997.63546,-0.00022
3995.70703,0.00028
3993.77860,0.00048
3991.85017,0.00027
3989.92174,-0.00006
3987.99331,-0.00011
3986.06488,0.00034
3984.13645,0.00094
3982.20802,0.00105
3980.27959,0.00052
3978.35116,-0.00010
3976.42273,-0.00035
3974.49430,-0.00028
3972.56587,-0.00000
3970.63744,0.00050
3968.70901,0.00101
3966.78058,0.00122
3964.85215,0.00117
3962.92372,0.00111
3960.99529,0.00091
3959.06686,0.00044
3957.13843,0.00000
3955.21000,0.00011
3953.28157,0.00096
3951.35314,0.00176
3949.42471,0.00162
3947.49628,0.00094
3945.56785,0.00075
3943.63942,0.00076
3941.71099,0.00042
3939.78256,0.00020
3937.85413,0.00054
3935.92570,0.00132
3933.99727,0.00200
3932.06884,0.00183
3930.14041,0.00117
3928.21198,0.00111
3926.28355,0.00137
3924.35512,0.00119
3922.42669,0.00103
3920.49826,0.00123
3918.56982,0.00102
3916.64139,0.00027
3914.71296,0.00000
3912.78453,0.00038
3910.85610,0.00098
3908.92767,0.00177
3906.99924,0.00274
3905.07081,0.00321
3903.14238,0.00280
3901.21395,0.00185
3899.28552,0.00071
3897.35709,0.00033
3895.42866,0.00147
3893.50023,0.00295
3891.57180,0.00309
3889.64337,0.00279
3887.71494,0.00352
3885.78651,0.00411
3883.85808,0.00381
3881.92965,0.00349
3880.00122,0.00305
3878.07279,0.00282
3876.14436,0.00332
3874.21593,0.00374
3872.28750,0.00369
3870.35907,0.00322
3868.43064,0.00248
3866.50221,0.00223
3864.57378,0.00194
3862.64535,0.00153
3860.71692,0.00240
3858.78849,0.00494
3856.86006,0.00788
3854.93163,0.00825
3853.00320,0.00407
3851.07477,0.00022
3849.14634,0.00041
3847.21791,0.00234
3845.28948,0.00350
3843.36105,0.00330
3841.43262,0.00231
3839.50419,0.00140
3837.57576,0.00109
3835.64733,0.00136
3833.71890,0.00172
3831.79047,0.00193
3829.86204,0.00234
3827.93361,0.00297
3826.00518,0.00364
3824.07675,0.00435
3822.14832,0.00413
3820.21989,0.00251
3818.29146,0.00132
3816.36303,0.00071
3814.43460,0.00032
3812.50617,0.00113
3810.57774,0.00270
3808.64931,0.00354
3806.72088,0.00335
3804.79245,0.00347
3802.86402,0.00365
3800.93559,0.00210
3799.00716,0.00036
3797.07873,0.00000
3795.15030,0.00009
3793.22187,0.00034
3791.29344,0.00097
3789.36501,0.00176
3787.43658,0.00230
3785.50815,0.00230
3783.57972,0.00223
3781.65129,0.00236
3779.72286,0.00168
3777.79443,0.00033
3775.86600,0.00014
3773.93757,0.00125
3772.00914,0.00227
3770.08071,0.00227
3768.15228,0.00179
3766.22385,0.00163
3764.29542,0.00183
3762.36699,0.00254
3760.43856,0.00336
3758.51013,0.00345
3756.58170,0.00349
3754.65327,0.00436
3752.72484,0.00465
3750.79641,0.00304
3748.86798,0.00189
3746.93955,0.00280
3745.01112,0.00348
3743.08269,0.00288
3741.15426,0.00307
3739.22583,0.00430
3737.29740,0.00442
3735.36897,0.00219
3733.44054,-0.00019
3731.51211,-0.00007
3729.58368,0.00186
3727.65525,0.00351
3725.72682,0.00376
3723.79839,0.00298
3721.86996,0.00208
3719.94153,0.00157
3718.01310,0.00191
3716.08467,0.00324
3714.15624,0.00469
3712.22781,0.00438
3710.29938,0.00203
3708.37095,0.00048
3706.44252,0.00085
3704.51409,0.00185
3702.58566,0.00219
3700.65723,0.00167
3698.72880,0.00122
3696.80037,0.00150
3694.87194,0.00250
3692.94351,0.00354
3691.01508,0.00318
3689.08665,0.00104
3687.15822,-0.00038
3685.22979,0.00023
3683.30136,0.00165
3681.37293,0.00294
3679.44450,0.00398
3677.51607,0.00422
3675.58764,0.00264
3673.65921,0.00070
3671.73078,0.00023
3669.80235,-0.00014
3667.87392,-0.00040
3665.94549,0.00034
3664.01706,0.00130
3662.08863,0.00189
3660.16020,0.00241
3658.23177,0.00272
3656.30334,0.00254
3654.37491,0.00287
3652.44648,0.00413
3650.51805,0.00408
3648.58962,0.00153
3646.66119,0.00000
3644.73276,0.00091
3642.80433,0.00203
3640.87590,0.00219
3638.94747,0.00223
3637.01904,0.00282
3635.09061,0.00361
3633.16218,0.00419
3631.23375,0.00426
3629.30532,0.00273
3627.37689,0.00039
3625.44846,0.00050
3623.52003,0.00273
3621.59160,0.00439
3619.66317,0.00368
3617.73474,0.00167
3615.80631,0.00088
3613.87788,0.00139
3611.94945,0.00226
3610.02102,0.00291
3608.09259,0.00265
3606.16416,0.00189
3604.23573,0.00186
3602.30730,0.00240
3600.37887,0.00279
3598.45044,0.00297
3596.52201,0.00281
3594.59358,0.00222
3592.66515,0.00196
3590.73672,0.00271
3588.80829,0.00338
3586.87986,0.00243
3584.95143,0.00080
3583.02300,0.00019
3581.09457,0.00039
3579.16614,0.00064
3577.23771,0.00055
3575.30928,0.00011
3573.38085,-0.00005
3571.45242,0.00067
3569.52399,0.00179
3567.59556,0.00186
3565.66713,0.00058
3563.73870,-0.00019
3561.81027,0.00020
3559.88184,0.00071
3557.95341,0.00103
3556.02498,0.00147
3554.09655,0.00173
3552.16812,0.00157
3550.23969,0.00140
3548.31126,0.00151
3546.38283,0.00138
3544.45440,0.00065
3542.52597,0.00000
3540.59754,0.00009
3538.66911,0.00070
3536.74068,0.00103
3534.81225,0.00082
3532.88382,0.00060
3530.95539,0.00066
3529.02696,0.00077
3527.09853,0.00088
3525.17010,0.00126
3523.24167,0.00176
3521.31324,0.00191
3519.38481,0.00185
3517.45638,0.00192
3515.52795,0.00212
3513.59952,0.00229
3511.67109,0.00201
3509.74266,0.00098
3507.81423,0.00000
3505.88580,0.00008
3503.95737,0.00080
3502.02894,0.00109
3500.10051,0.00109
3498.17208,0.00130
3496.24365,0.00143
3494.31522,0.00114
3492.38679,0.00088
3490.45836,0.00093
3488.52993,0.00105
3486.60150,0.00126
3484.67307,0.00160
3482.74464,0.00165
3480.81621,0.00130
3478.88778,0.00125
3476.95935,0.00171
3475.03092,0.00192
3473.10249,0.00140
3471.17406,0.00060
3469.24563,0.00031
3467.31720,0.00079
3465.38877,0.00151
3463.46034,0.00182
3461.53191,0.00168
3459.60348,0.00152
3457.67505,0.00149
3455.74662,0.00142
3453.81819,0.00128
3451.88976,0.00117
3449.96133,0.00117
3448.03290,0.00107
3446.10447,0.00069
3444.17604,0.00035
3442.24761,0.00040
3440.31918,0.00092
3438.39075,0.00162
3436.46232,0.00201
3434.53389,0.00209
3432.60546,0.00214
3430.67703,0.00188
3428.74860,0.00105
3426.82017,0.00025
3424.89174,0.00022
3422.96331,0.00074
3421.03488,0.00114
3419.10645,0.00132
3417.17802,0.00176
3415.24959,0.00217
3413.32116,0.00191
3411.39273,0.00141
3409.46430,0.00117
3407.53587,0.00100
3405.60744,0.00093
3403.67901,0.00127
3401.75058,0.00190
3399.82215,0.00246
3397.89372,0.00250
3395.96529,0.00233
3394.03686,0.00215
3392.10843,0.00190
3390.18000,0.00163
3388.25157,0.00167
3386.32314,0.00191
3384.39471,0.00214
3382.46628,0.00257
3380.53785,0.00303
3378.60942,0.00291
3376.68099,0.00241
3374.75256,0.00238
3372.82413,0.00296
3370.89570,0.00351
3368.96727,0.00356
3367.03884,0.00305
3365.11041,0.00250
3363.18198,0.00245
3361.25355,0.00257
3359.32512,0.00246
3357.39669,0.00258
3355.46826,0.00315
3353.53983,0.00364
3351.61140,0.00379
3349.68297,0.00385
3347.75454,0.00393
3345.82611,0.00391
3343.89768,0.00392
3341.96925,0.00428
3340.04082,0.00480
3338.11239,0.00497
3336.18396,0.00481
3334.25553,0.00459
3332.32710,0.00441
3330.39867,0.00452
3328.47024,0.00502
3326.54181,0.00537
3324.61338,0.00529
3322.68495,0.00515
3320.75652,0.00532
3318.82809,0.00574
3316.89966,0.00582
3314.97122,0.00554
3313.04279,0.00577
3311.11436,0.00672
3309.18593,0.00739
3307.25750,0.00740
3305.32907,0.00738
3303.40064,0.00758
3301.47221,0.00778
3299.54378,0.00778
3297.61535,0.00750
3295.68692,0.00738
3293.75849,0.00762
3291.83006,0.00773
3289.90163,0.00749
3287.97320,0.00696
3286.04477,0.00637
3284.11634,0.00629
3282.18791,0.00664
3280.25948,0.00674
3278.33105,0.00659
3276.40262,0.00643
3274.47419,0.00605
3272.54576,0.00571
3270.61733,0.00583
3268.68890,0.00598
3266.76047,0.00588
3264.83204,0.00595
3262.90361,0.00624
3260.97518,0.00618
3259.04675,0.00574
3257.11832,0.00541
3255.18989,0.00516
3253.26146,0.00470
3251.33303,0.00440
3249.40460,0.00462
3247.47617,0.00490
3245.54774,0.00476
3243.61931,0.00445
3241.69088,0.00431
3239.76245,0.00433
3237.83402,0.00438
3235.90559,0.00420
3233.97716,0.00372
3232.04873,0.00339
3230.12030,0.00352
3228.19187,0.00379
3226.26344,0.00389
3224.33501,0.00394
3222.40658,0.00397
3220.47815,0.00368
3218.54972,0.00322
3216.62129,0.00305
3214.69286,0.00318
3212.76443,0.00329
3210.83600,0.00324
3208.90757,0.00310
3206.97914,0.00289
3205.05071,0.00282
3203.12228,0.00308
3201.19385,0.00339
3199.26542,0.00346
3197.33699,0.00334
3195.40856,0.00306
3193.48013,0.00265
3191.55170,0.00242
3189.62327,0.00239
3187.69484,0.00231
3185.76641,0.00217
3183.83798,0.00200
3181.90955,0.00179
3179.98112,0.00178
3178.05269,0.00194
3176.12426,0.00178
3174.19583,0.00131
3172.26740,0.00107
3170.33897,0.00129
3168.41054,0.00165
3166.48211,0.00182
3164.55368,0.00181
3162.62525,0.00178
3160.69682,0.00168
3158.76839,0.00134
3156.83996,0.00088
3154.91153,0.00054
3152.98310,0.00054
3151.05467,0.00086
3149.12624,0.00095
3147.19781,0.00069
3145.26938,0.00066
3143.34095,0.00081
3141.41252,0.00081
3139.48409,0.00075
3137.55566,0.00072
3135.62723,0.00056
3133.69880,0.00018
3131.77037,0.00000
3129.84194,0.00030
3127.91351,0.00063
3125.98508,0.00064
3124.05665,0.00067
3122.12822,0.00086
3120.19979,0.00089
3118.27136,0.00064
3116.34293,0.00024
3114.41450,-0.00014
3112.48607,-0.00019
3110.55764,0.00007
3108.62921,0.00022
3106.70078,0.00007
3104.77235,-0.00013
3102.84392,-0.00007
3100.91549,0.00033
3098.98706,0.00085
3097.05863,0.00102
3095.13020,0.00074
3093.20177,0.00055
3091.27334,0.00066
3089.34491,0.00071
3087.41648,0.00047
3085.48805,0.00012
3083.55962,0.00000
3081.63119,0.00012
3079.70276,0.00026
3077.77433,0.00033
3075.84590,0.00047
3073.91747,0.00071
3071.98904,0.00091
3070.06061,0.00099
3068.13218,0.00094
3066.20375,0.00067
3064.27532,0.00019
3062.34689,-0.00010
3060.41846,0.00004
3058.49003,0.00038
3056.56160,0.00066
3054.63317,0.00089
3052.70474,0.00103
3050.77631,0.00107
3048.84788,0.00100
3046.91945,0.00077
3044.99102,0.00046
3043.06259,0.00030
3041.13416,0.00031
3039.20573,0.00023
3037.27730,0.00005
3035.34887,0.00019
3033.42044,0.00058
3031.49201,0.00070
3029.56358,0.00051
3027.63515,0.00029
3025.70672,0.00011
3023.77829,0.00008
3021.84986,0.00023
3019.92143,0.00030
3017.99300,0.00013
3016.06457,0.00000
3014.13614,0.00007
3012.20771,0.00023
3010.27928,0.00027
3008.35085,0.00021
3006.42242,0.00033
3004.49399,0.00052
3002.56556,0.00038
3000.63713,0.00011
2998.70870,0.00007
2996.78027,0.00007
2994.85184,0.00005
2992.92341,0.00029
2990.99498,0.00074
2989.06655,0.00106
2987.13812,0.00094
2985.20969,0.00042
2983.28126,-0.00002
2981.35283,0.00000
2979.42440,0.00036
2977.49597,0.00083
2975.56754,0.00123
2973.63911,0.00140
2971.71068,0.00140
2969.78225,0.00158
2967.85382,0.00206
2965.92539,0.00248
2963.99696,0.00259
2962.06853,0.00250
2960.14010,0.00239
2958.21167,0.00227
2956.28324,0.00214
2954.35481,0.00201
2952.42638,0.00204
2950.49795,0.00232
2948.56952,0.00260
2946.64109,0.00268
2944.71266,0.00272
2942.78423,0.00285
2940.85580,0.00305
2938.92737,0.00324
2936.99894,0.00349
2935.07051,0.00364
2933.14208,0.00348
2931.21365,0.00322
2929.28522,0.00324
2927.35679,0.00335
2925.42836,0.00305
2923.49993,0.00259
2921.57150,0.00263
2919.64307,0.00305
2917.71464,0.00318
2915.78621,0.00294
2913.85778,0.00265
2911.92935,0.00244
2910.00092,0.00234
2908.07249,0.00212
2906.14406,0.00173
2904.21563,0.00144
2902.28720,0.00118
2900.35877,0.00100
2898.43034,0.00118
2896.50191,0.00154
2894.57348,0.00159
2892.64505,0.00130
2890.71662,0.00104
2888.78819,0.00095
2886.85976,0.00092
2884.93133,0.00103
2883.00290,0.00120
2881.07447,0.00115
2879.14604,0.00095
2877.21761,0.00104
2875.28918,0.00142
2873.36075,0.00165
2871.43232,0.00155
2869.50389,0.00144
2867.57546,0.00138
2865.64703,0.00116
2863.71860,0.00094
2861.79017,0.00100
2859.86174,0.00122
2857.93331,0.00144
2856.00488,0.00162
2854.07645,0.00160
2852.14802,0.00130
2850.21959,0.00101
2848.29116,0.00080
2846.36273,0.00062
2844.43430,0.00066
2842.50587,0.00100
2840.57744,0.00123
2838.64901,0.00097
2836.72058,0.00048
2834.79215,0.00011
2832.86372,0.00000
2830.93529,0.00010
2829.00686,0.00032
2827.07843,0.00049
2825.15000,0.00051
2823.22157,0.00047
2821.29314,0.00051
2819.36471,0.00054
2817.43628,0.00057
2815.50785,0.00068
2813.57942,0.00073
2811.65099,0.00061
2809.72256,0.00038
2807.79413,0.00021
2805.86570,0.00024
2803.93727,0.00042
2802.00884,0.00057
2800.08041,0.00072
2798.15198,0.00075
2796.22355,0.00043
2794.29512,0.00007
2792.36669,0.00016
2790.43826,0.00051
2788.50983,0.00075
2786.58140,0.00073
2784.65297,0.00044
2782.72454,0.00005
2780.79611,-0.00005
2778.86768,0.00018
2776.93925,0.00046
2775.01082,0.00065
2773.08239,0.00070
2771.15396,0.00066
2769.22553,0.00061
2767.29710,0.00052
2765.36867,0.00048
2763.44024,0.00060
2761.51181,0.00076
2759.58338,0.00072
2757.65495,0.00040
2755.72652,0.00008
2753.79809,0.00001
2751.86966,0.00009
2749.94123,0.00031
2748.01280,0.00067
2746.08437,0.00096
2744.15594,0.00092
2742.22751,0.00061
2740.29908,0.00034
2738.37065,0.00017
2736.44222,0.00010
2734.51379,0.00019
2732.58536,0.00032
2730.65693,0.00041
2728.72850,0.00047
2726.80007,0.00045
2724.87164,0.00035
2722.94321,0.00026
2721.01478,0.00012
2719.08635,-0.00005
2717.15792,-0.00006
2715.22949,0.00017
2713.30105,0.00045
2711.37262,0.00045
2709.44419,0.00018
2707.51576,0.00001
2705.58733,0.00000
2703.65890,0.00005
2701.73047,0.00015
2699.80204,0.00018
2697.87361,0.00015
2695.94518,0.00016
2694.01675,0.00021
2692.08832,0.00023
2690.15989,0.00027
2688.23146,0.00042
2686.30303,0.00050
2684.37460,0.00039
2682.44617,0.00034
2680.51774,0.00040
2678.58931,0.00042
2676.66088,0.00037
2674.73245,0.00021
2672.80402,0.00005
2670.87559,0.00013
2668.94716,0.00043
2667.01873,0.00053
2665.09030,0.00028
2663.16187,0.00003
2661.23344,0.00011
2659.30501,0.00040
2657.37658,0.00045
2655.44815,0.00015
2653.51972,0.00000
2651.59129,0.00016
2649.66286,0.00036
2647.73443,0.00056
2645.80600,0.00070
2643.87757,0.00061
2641.94914,0.00047
2640.02071,0.00048
2638.09228,0.00060
2636.16385,0.00066
2634.23542,0.00049
2632.30699,0.00039
2630.37856,0.00066
2628.45013,0.00093
2626.52170,0.00082
2624.59327,0.00042
2622.66484,0.00014
2620.73641,0.00023
2618.80798,0.00053
2616.87955,0.00073
2614.95112,0.00068
2613.02269,0.00048
2611.09426,0.00033
2609.16583,0.00038
2607.23740,0.00052
2605.30897,0.00050
2603.38054,0.00032
2601.45211,0.00011
2599.52368,-0.00001
2597.59525,0.00000
2595.66682,0.00003
2593.73839,0.00018
2591.80996,0.00048
2589.88153,0.00068
2587.95310,0.00063
2586.02467,0.00040
2584.09624,0.00011
2582.16781,0.00000
2580.23938,0.00026
2578.31095,0.00068
2576.38252,0.00082
2574.45409,0.00067
2572.52566,0.00054
2570.59723,0.00055
2568.66880,0.00059
2566.74037,0.00057
2564.81194,0.00048
2562.88351,0.00054
2560.95508,0.00074
2559.02665,0.00067
2557.09822,0.00043
2555.16979,0.00048
2553.24136,0.00071
2551.31293,0.00066
2549.38450,0.00037
2547.45607,0.00017
2545.52764,0.00018
2543.59921,0.00029
2541.67078,0.00030
2539.74235,0.00020
2537.81392,0.00013
2535.88549,0.00021
2533.95706,0.00041
2532.02863,0.00058
2530.10020,0.00052
2528.17177,0.00032
2526.24334,0.00031
2524.31491,0.00038
2522.38648,0.00038
2520.45805,0.00046
2518.52962,0.00049
2516.60119,0.00037
2514.67276,0.00033
2512.74433,0.00030
2510.81590,0.00021
2508.88747,0.00025
2506.95904,0.00031
2505.03061,0.00024
2503.10218,0.00018
2501.17375,0.00015
2499.24532,0.00013
2497.31689,0.00021
2495.38846,0.00038
2493.46003,0.00060
2491.53160,0.00073
2489.60317,0.00072
2487.67474,0.00070
2485.74631,0.00068
2483.81788,0.00061
2481.88945,0.00059
2479.96102,0.00051
2478.03259,0.00018
2476.10416,0.00000
2474.17573,0.00024
2472.24730,0.00056
2470.31887,0.00064
2468.39044,0.00063
2466.46201,0.00067
2464.53358,0.00061
2462.60515,0.00038
2460.67672,0.00017
2458.74829,0.00019
2456.81986,0.00025
2454.89143,0.00019
2452.96300,0.00022
2451.03457,0.00040
2449.10614,0.00047
2447.17771,0.00035
2445.24928,0.00021
2443.32085,0.00018
2441.39242,0.00016
2439.46399,0.00002
2437.53556,-0.00009
2435.60713,-0.00008
2433.67870,0.00001
2431.75027,0.00014
2429.82184,0.00031
2427.89341,0.00032
2425.96498,0.00010
2424.03655,0.00009
2422.10812,0.00007
2420.17969,0.00006
2418.25126,0.00005
2416.32283,0.00004
2414.39440,0.00003
2412.46597,0.00003
2410.53754,0.00002
2408.60911,0.00001
2406.68068,0.00001
2404.75225,0.00001
2402.82382,0.00000
2400.89539,0.00000
2398.96696,-0.00003
2397.03853,-0.00006
2395.11010,-0.00008
2393.18167,-0.00011
2391.25324,-0.00014
2389.32481,-0.00016
2387.39638,-0.00018
2385.46795,-0.00021
2383.53952,-0.00023
2381.61109,-0.00025
2379.68266,-0.00027
2377.75423,-0.00029
2375.82580,-0.00031
2373.89737,-0.00032
2371.96894,-0.00034
2370.04051,-0.00035
2368.11208,-0.00037
2366.18365,-0.00038
2364.25522,-0.00039
2362.32679,-0.00040
2360.39836,-0.00041
2358.46993,-0.00042
2356.54150,-0.00043
2354.61307,-0.00044
2352.68464,-0.00045
2350.75621,-0.00045
2348.82778,-0.00046
2346.89935,-0.00046
2344.97092,-0.00047
2343.04249,-0.00047
2341.11406,-0.00047
2339.18563,-0.00047
2337.25720,-0.00047
2335.32877,-0.00047
2333.40034,-0.00046
2331.47191,-0.00046
2329.54348,-0.00046
2327.61505,-0.00045
2325.68662,-0.00045
2323.75819,-0.00044
2321.82976,-0.00043
2319.90133,-0.00042
2317.97290,-0.00041
2316.04447,-0.00040
2314.11604,-0.00039
2312.18761,-0.00038
2310.25918,-0.00036
2308.33075,-0.00035
2306.40232,-0.00033
2304.47389,-0.00032
2302.54546,-0.00030
2300.61703,-0.00028
2298.68860,-0.00026
2296.76017,-0.00024
2294.83174,-0.00022
2292.90331,-0.00020
2290.97488,-0.00018
2289.04645,-0.00015
2287.11802,-0.00013
2285.18959,-0.00010
2283.26116,-0.00007
2281.33273,-0.00005
2279.40430,-0.00002
2277.47587,0.00001
2275.54744,0.00004
2273.61901,0.00007
2271.69058,0.00010
2269.76215,0.00014
2267.83372,0.00017
2265.90529,0.00021
2263.97686,0.00024
2262.04843,0.00028
2260.12000,0.00032
2258.19157,0.00036
2256.26314,0.00040
2254.33471,0.00044
2252.40628,0.00048
2250.47785,0.00052
2248.54942,0.00056
2246.62099,0.00061
2244.69256,0.00065
2242.76413,0.00070
2240.83570,0.00046
2238.90727,0.00041
2236.97884,0.00046
2235.05041,0.00056
2233.12198,0.00066
2231.19355,0.00045
2229.26512,0.00008
2227.33669,0.00000
2225.40826,0.00005
2223.47983,0.00006
2221.55140,0.00015
2219.62297,0.00027
2217.69454,0.00033
2215.76611,0.00041
2213.83768,0.00043
2211.90925,0.00020
2209.98082,-0.00003
2208.05239,0.00004
2206.12396,0.00022
2204.19553,0.00027
2202.26710,0.00045
2200.33867,0.00086
2198.41024,0.00118
2196.48181,0.00118
2194.55338,0.00105
2192.62495,0.00096
2190.69652,0.00082
2188.76809,0.00065
2186.83966,0.00058
2184.91123,0.00055
2182.98280,0.00049
2181.05437,0.00045
2179.12594,0.00046
2177.19751,0.00047
2175.26908,0.00042
2173.34065,0.00040
2171.41222,0.00037
2169.48379,0.00020
2167.55536,0.00000
2165.62693,0.00010
2163.69850,0.00043
2161.77007,0.00049
2159.84164,0.00034
2157.91321,0.00037
2155.98478,0.00056
2154.05635,0.00061
2152.12792,0.00040
2150.19949,0.00009
2148.27106,-0.00004
2146.34263,0.00013
2144.41420,0.00050
2142.48577,0.00077
2140.55734,0.00084
2138.62891,0.00068
2136.70048,0.00049
2134.77205,0.00047
2132.84362,0.00046
2130.91519,0.00046
2128.98676,0.00062
2127.05833,0.00075
2125.12990,0.00055
2123.20147,0.00017
2121.27304,0.00000
2119.34461,0.00002
2117.41618,0.00006
2115.48775,0.00020
2113.55932,0.00040
2111.63089,0.00048
2109.70245,0.00048
2107.77402,0.00044
2105.84559,0.00042
2103.91716,0.00050
2101.98873,0.00051
2100.06030,0.00040
2098.13187,0.00036
2096.20344,0.00035
2094.27501,0.00033
2092.34658,0.00028
2090.41815,0.00022
2088.48972,0.00018
2086.56129,0.00010
2084.63286,-0.00005
2082.70443,-0.00011
2080.77600,-0.00003
2078.84757,0.00001
2076.91914,-0.00004
2074.99071,0.00002
2073.06228,0.00017
2071.13385,0.00023
2069.20542,0.00022
2067.27699,0.00021
2065.34856,0.00030
2063.42013,0.00044
2061.49170,0.00039
2059.56327,0.00019
2057.63484,0.00006
2055.70641,-0.00001
2053.77798,-0.00004
2051.84955,-0.00002
2049.92112,0.00011
2047.99269,0.00037
2046.06426,0.00058
2044.13583,0.00062
2042.20740,0.00051
2040.27897,0.00033
2038.35054,0.00018
2036.42211,0.00015
2034.49368,0.00019
2032.56525,0.00018
2030.63682,0.00016
2028.70839,0.00016
2026.77996,0.00016
2024.85153,0.00019
2022.92310,0.00018
2020.99467,0.00017
2019.06624,0.00017
2017.13781,0.00012
2015.20938,0.00022
2013.28095,0.00043
2011.35252,0.00042
2009.42409,0.00018
2007.49566,0.00000
2005.56723,0.00001
2003.63880,0.00016
2001.71037,0.00033
1999.78194,0.00039
1997.85351,0.00037
1995.92508,0.00040
1993.99665,0.00047
1992.06822,0.00043
1990.13979,0.00022
1988.21136,-0.00004
1986.28293,-0.00012
1984.35450,0.00005
1982.42607,0.00024
1980.49764,0.00027
1978.56921,0.00022
1976.64078,0.00019
1974.71235,0.00019
1972.78392,0.00026
1970.85549,0.00034
1968.92706,0.00028
1966.99863,0.00010
1965.07020,0.00000
1963.14177,0.00005
1961.21334,0.00019
1959.28491,0.00028
1957.35648,0.00026
1955.42805,0.00015
1953.49962,0.00007
1951.57119,0.00010
1949.64276,0.00022
1947.71433,0.00035
1945.78590,0.00034
1943.85747,0.00012
1941.92904,-0.00013
1940.00061,-0.00010
1938.07218,0.00017
1936.14375,0.00036
1934.21532,0.00028
1932.28689,0.00009
1930.35846,-0.00005
1928.43003,-0.00016
1926.50160,-0.00017
1924.57317,-0.00003
1922.64474,0.00021
1920.71631,0.00050
1918.78788,0.00071
1916.85945,0.00065
1914.93102,0.00049
1913.00259,0.00045
1911.07416,0.00038
1909.14573,0.00024
1907.21730,0.00016
1905.28887,0.00016
1903.36044,0.00016
1901.43201,0.00018
1899.50358,0.00026
1897.57515,0.00035
1895.64672,0.00032
1893.71829,0.00021
1891.78986,0.00016
1889.86143,0.00017
1887.93300,0.00026
1886.00457,0.00038
1884.07614,0.00046
1882.14771,0.00059
1880.21928,0.00083
1878.29085,0.00102
1876.36242,0.00095
1874.43399,0.00077
1872.50556,0.00074
1870.57713,0.00070
1868.64870,0.00034
1866.72027,0.00000
1864.79184,0.00007
1862.86341,0.00026
1860.93498,0.00031
1859.00655,0.00034
1857.07812,0.00051
1855.14969,0.00066
1853.22126,0.00069
1851.29283,0.00069
1849.36440,0.00076
1847.43597,0.00081
1845.50754,0.00069
1843.57911,0.00039
1841.65068,0.00018
1839.72225,0.00019
1837.79382,0.00032
1835.86539,0.00056
1833.93696,0.00074
1832.00853,0.00059
1830.08010,0.00018
1828.15167,0.00003
1826.22324,0.00015
1824.29481,0.00015
1822.36638,0.00016
1820.43795,0.00042
1818.50952,0.00079
1816.58109,0.00101
1814.65266,0.00088
1812.72423,0.00047
1810.79580,0.00011
1808.86737,0.00014
1806.93894,0.00053
1805.01051,0.00092
1803.08208,0.00100
1801.15365,0.00062
1799.22522,0.00022
1797.29679,0.00028
1795.36836,0.00046
1793.43993,0.00026
1791.51150,-0.00000
1789.58307,0.00032
1787.65464,0.00101
1785.72621,0.00140
1783.79778,0.00121
1781.86935,0.00077
1779.94092,0.00056
1778.01249,0.00077
1776.08406,0.00106
1774.15563,0.00084
1772.22720,0.00014
1770.29877,-0.00014
1768.37034,0.00015
1766.44191,0.00049
1764.51348,0.00060
1762.58505,0.00051
1760.65662,0.00046
1758.72819,0.00060
1756.79976,0.00075
1754.87133,0.00096
1752.94290,0.00125
1751.01447,0.00111
1749.08604,0.00040
1747.15761,0.00014
1745.22918,0.00047
1743.30075,0.00088
1741.37232,0.00105
1739.44389,0.00113
1737.51546,0.00119
1735.58703,0.00087
1733.65860,0.00016
1731.73017,0.00000
1729.80174,0.00040
1727.87331,0.00078
1725.94488,0.00096
1724.01645,0.00108
1722.08802,0.00123
1720.15959,0.00139
1718.23116,0.00123
1716.30273,0.00082
1714.37430,0.00077
1712.44587,0.00130
1710.51744,0.00201
1708.58901,0.00257
1706.66058,0.00305
1704.73215,0.00390
1702.80372,0.00516
1700.87529,0.00628
1698.94686,0.00674
1697.01843,0.00706
1695.09000,0.00815
1693.16157,0.00977
1691.23314,0.01136
1689.30471,0.01285
1687.37628,0.01420
1685.44785,0.01534
1683.51942,0.01667
1681.59099,0.01841
1679.66256,0.02013
1677.73413,0.02155
1675.80570,0.02283
1673.87727,0.02419
1671.94884,0.02549
1670.02041,0.02674
1668.09198,0.02828
1666.16355,0.03005
1664.23512,0.03186
1662.30669,0.03370
1660.37826,0.03558
1658.44983,0.03724
1656.52140,0.03844
1654.59297,0.03890
1652.66454,0.03881
1650.73611,0.03910
1648.80768,0.03932
1646.87925,0.03848
1644.95082,0.03736
1643.02239,0.03683
1641.09396,0.03650
1639.16553,0.03592
1637.23710,0.03461
1635.30867,0.03235
1633.38024,0.03039
1631.45181,0.02919
1629.52338,0.02781
1627.59495,0.02599
1625.66652,0.02428
1623.73809,0.02269
1621.80966,0.02131
1619.88123,0.02031
1617.95280,0.01885
1616.02437,0.01671
1614.09594,0.01522
1612.16751,0.01452
1610.23908,0.01377
1608.31065,0.01282
1606.38222,0.01196
1604.45379,0.01126
1602.52536,0.01068
1600.59693,0.01026
1598.66850,0.00997
1596.74007,0.00971
1594.81164,0.00955
1592.88321,0.00958
1590.95478,0.00973
1589.02635,0.00989
1587.09792,0.01010
1585.16949,0.01039
1583.24106,0.01069
1581.31263,0.01100
1579.38420,0.01128
1577.45577,0.01129
1575.52734,0.01108
1573.59891,0.01123
1571.67048,0.01157
1569.74205,0.01178
1567.81362,0.01226
1565.88519,0.01325
1563.95676,0.01438
1562.02833,0.01523
1560.09990,0.01587
1558.17147,0.01677
1556.24304,0.01818
1554.31461,0.01970
1552.38618,0.02103
1550.45775,0.02199
1548.52932,0.02260
1546.60089,0.02306
1544.67246,0.02347
1542.74403,0.02334
1540.81560,0.02201
1538.88717,0.02109
1536.95874,0.02164
1535.03031,0.02208
1533.10188,0.02148
1531.17345,0.02090
1529.24502,0.02088
1527.31659,0.02082
1525.38816,0.02066
1523.45973,0.02048
1521.53130,0.01969
1519.60287,0.01819
1517.67444,0.01676
1515.74601,0.01596
1513.81758,0.01574
1511.88915,0.01540
1509.96072,0.01417
1508.03229,0.01163
1506.10385,0.00903
1504.17542,0.00853
1502.24699,0.00884
1500.31856,0.00830
1498.39013,0.00685
1496.46170,0.00546
1494.53327,0.00469
1492.60484,0.00413
1490.67641,0.00312
1488.74798,0.00186
1486.81955,0.00122
1484.89112,0.00119
1482.96269,0.00112
1481.03426,0.00091
1479.10583,0.00092
1477.17740,0.00111
1475.24897,0.00100
1473.32054,0.00064
1471.39211,0.00091
1469.46368,0.00181
1467.53525,0.00233
1465.60682,0.00211
1463.67839,0.00199
1461.74996,0.00248
1459.82153,0.00286
1457.89310,0.00256
1455.96467,0.00218
1454.03624,0.00239
1452.10781,0.00290
1450.17938,0.00317
1448.25095,0.00304
1446.32252,0.00285
1444.39409,0.00287
1442.46566,0.00292
1440.53723,0.00285
1438.60880,0.00263
1436.68037,0.00226
1434.75194,0.00201
1432.82351,0.00200
1430.89508,0.00197
1428.96665,0.00181
1427.03822,0.00172
1425.10979,0.00178
1423.18136,0.00182
1421.25293,0.00167
1419.32450,0.00153
1417.39607,0.00177
1415.46764,0.00218
1413.53921,0.00238
1411.61078,0.00243
1409.68235,0.00258
1407.75392,0.00277
1405.82549,0.00287
1403.89706,0.00299
1401.96863,0.00324
1400.04020,0.00343
1398.11177,0.00338
1396.18334,0.00318
1394.25491,0.00308
1392.32648,0.00314
1390.39805,0.00306
1388.46962,0.00267
1386.54119,0.00224
1384.61276,0.00209
1382.68433,0.00211
1380.75590,0.00202
1378.82747,0.00170
1376.89904,0.00119
1374.97061,0.00073
1373.04218,0.00059
1371.11375,0.00073
1369.18532,0.00084
1367.25689,0.00082
1365.32846,0.00074
1363.40003,0.00065
1361.47160,0.00061
1359.54317,0.00061
1357.61474,0.00048
1355.68631,0.00021
1353.75788,0.00003
1351.82945,0.00000
1349.90102,0.00013
1347.97259,0.00032
1346.04416,0.00038
1344.11573,0.00037
1342.18730,0.00042
1340.25887,0.00059
1338.33044,0.00074
1336.40201,0.00068
1334.47358,0.00049
1332.54515,0.00036
1330.61672,0.00038
1328.68829,0.00056
1326.75986,0.00081
1324.83143,0.00092
1322.90300,0.00084
1320.97457,0.00071
1319.04614,0.00073
1317.11771,0.00100
1315.18928,0.00138
1313.26085,0.00168
1311.33242,0.00184
1309.40399,0.00188
1307.47556,0.00184
1305.54713,0.00185
1303.61870,0.00198
1301.69027,0.00221
1299.76184,0.00251
1297.83341,0.00289
1295.90498,0.00327
1293.97655,0.00358
1292.04812,0.00394
1290.11969,0.00446
1288.19126,0.00489
1286.26283,0.00503
1284.33440,0.00526
1282.40597,0.00590
1280.47754,0.00671
1278.54911,0.00739
1276.62068,0.00800
1274.69225,0.00871
1272.76382,0.00958
1270.83539,0.01052
1268.90696,0.01138
1266.97853,0.01224
1265.05010,0.01326
1263.12167,0.01463
1261.19324,0.01638
1259.26481,0.01840
1257.33638,0.02052
1255.40795,0.02261
1253.47952,0.02463
1251.55109,0.02666
1249.62266,0.02879
1247.69423,0.03098
1245.76580,0.03316
1243.83737,0.03538
1241.90894,0.03766
1239.98051,0.03991
1238.05208,0.04196
1236.12365,0.04377
1234.19522,0.04557
1232.26679,0.04747
1230.33836,0.04936
1228.40993,0.05123
1226.48150,0.05315
1224.55307,0.05490
1222.62464,0.05617
1220.69621,0.05722
1218.76778,0.05839
1216.83935,0.05939
1214.91092,0.06030
1212.98249,0.06158
1211.05406,0.06305
1209.12563,0.06429
1207.19720,0.06539
1205.26877,0.06653
1203.34034,0.06758
1201.41191,0.06844
1199.48348,0.06947
1197.55505,0.07080
1195.62662,0.07213
1193.69819,0.07340
1191.76976,0.07451
1189.84133,0.07526
1187.91290,0.07610
1185.98447,0.07740
1184.05604,0.07884
1182.12761,0.08028
1180.19918,0.08185
1178.27075,0.08350
1176.34232,0.08515
1174.41389,0.08679
1172.48546,0.08824
1170.55703,0.08956
1168.62860,0.09105
1166.70017,0.09265
1164.77174,0.09398
1162.84331,0.09511
1160.91488,0.09643
1158.98645,0.09807
1157.05802,0.09983
1155.12959,0.10155
1153.20116,0.10336
1151.27273,0.10531
1149.34430,0.10706
1147.41587,0.10838
1145.48744,0.10964
1143.55901,0.11153
1141.63058,0.11391
1139.70215,0.11613
1137.77372,0.11828
1135.84529,0.12076
1133.91686,0.12339
1131.98843,0.12614
1130.06000,0.12929
1128.13157,0.13270
1126.20314,0.13603
1124.27471,0.13917
1122.34628,0.14259
1120.41785,0.14686
1118.48942,0.15181
1116.56099,0.15680
1114.63256,0.16161
1112.70413,0.16678
1110.77570,0.17317
1108.84727,0.18053
1106.91884,0.18756
1104.99041,0.19385
1103.06198,0.20024
1101.13355,0.20686
1099.20512,0.21301
1097.27669,0.21834
1095.34826,0.22334
1093.41983,0.22858
1091.49140,0.23394
1089.56297,0.23889
1087.63454,0.24293
1085.70611,0.24616
1083.77768,0.24936
1081.84925,0.25287
1079.92082,0.25611
1077.99239,0.25850
1076.06396,0.26030
1074.13553,0.26162
1072.20710,0.26215
1070.27867,0.26218
1068.35024,0.26253
1066.42181,0.26303
1064.49338,0.26278
1062.56495,0.26155
1060.63652,0.25977
1058.70809,0.25768
1056.77966,0.25502
1054.85123,0.25163
1052.92280,0.24729
1050.99437,0.24160
1049.06594,0.23487
1047.13751,0.22769
1045.20908,0.22030
1043.28065,0.21264
1041.35222,0.20443
1039.42379,0.19578
1037.49536,0.18679
1035.56693,0.17704
1033.63850,0.16652
1031.71007,0.15593
1029.78164,0.14558
1027.85321,0.13538
1025.92478,0.12551
1023.99635,0.11618
1022.06792,0.10725
1020.13949,0.09883
1018.21106,0.09116
1016.28263,0.08428
1014.35420,0.07804
1012.42577,0.07199
1010.49734,0.06580
1008.56891,0.05987
1006.64048,0.05458
1004.71205,0.04993
1002.78362,0.04586
1000.85519,0.04232
998.92676,0.03913
996.99833,0.03622
995.06990,0.03378
993.14147,0.03203
991.21304,0.03102
989.28461,0.03068
987.35618,0.03068
985.42775,0.03070
983.49932,0.03092
981.57089,0.03162
979.64246,0.03241
977.71403,0.03282
975.78560,0.03296
973.85717,0.03291
971.92874,0.03268
970.00031,0.03224
968.07188,0.03147
966.14345,0.03057
964.21502,0.02989
962.28659,0.02949
960.35816,0.02887
958.42973,0.02790
956.50130,0.02700
954.57287,0.02606
952.64444,0.02488
950.71601,0.02391
948.78758,0.02326
946.85915,0.02270
944.93072,0.02215
943.00229,0.02142
941.07386,0.02035
939.14543,0.01909
937.21700,0.01807
935.28857,0.01746
933.36014,0.01699
931.43171,0.01630
929.50328,0.01527
927.57485,0.01405
925.64642,0.01302
923.71799,0.01238
921.78956,0.01199
919.86113,0.01150
917.93270,0.01065
916.00427,0.00949
914.07584,0.00834
912.14741,0.00734
910.21898,0.00673
908.29055,0.00652
906.36212,0.00618
904.43368,0.00570
902.50525,0.00552
900.57682,0.00536
898.64839,0.00493
896.71996,0.00448
894.79153,0.00397
892.86310,0.00320
890.93467,0.00232
889.00624,0.00170
887.07781,0.00146
885.14938,0.00128
883.22095,0.00111
881.29252,0.00115
879.36409,0.00137
877.43566,0.00154
875.50723,0.00135
873.57880,0.00057
871.65037,0.00000
869.72194,0.00020
867.79351,0.00091
865.86508,0.00130
863.93665,0.00144
862.00822,0.00171
860.07979,0.00206
858.15136,0.00239
856.22293,0.00299
854.29450,0.00367
852.36607,0.00377
850.43764,0.00378
848.50921,0.00473
846.58078,0.00615
844.65235,0.00683
842.72392,0.00726
840.79549,0.00847
838.86706,0.00991
836.93863,0.01121
835.01020,0.01308
833.08177,0.01542
831.15334,0.01714
829.22491,0.01809
827.29648,0.01909
825.36805,0.02032
823.43962,0.02140
821.51119,0.02236
819.58276,0.02353
817.65433,0.02519
815.72590,0.02733
813.79747,0.02949
811.86904,0.03120
809.94061,0.03255
808.01218,0.03384
806.08375,0.03482
804.15532,0.03484
802.22689,0.03407
800.29846,0.03362
798.37003,0.03383
796.44160,0.03400
794.51317,0.03364
792.58474,0.03290
790.65631,0.03196
788.72788,0.03129
786.79945,0.03096
784.87102,0.03001
782.94259,0.02804
781.01416,0.02526
779.08573,0.02166
777.15730,0.01833
775.22887,0.01616
773.30044,0.01447
771.37201,0.01311
769.44358,0.01207
767.51515,0.01064
765.58672,0.00922
763.65829,0.00840
761.72986,0.00771
759.80143,0.00716
757.87300,0.00704
755.94457,0.00685
754.01614,0.00632
752.08771,0.00630
750.15928,0.00700
748.23085,0.00698
746.30242,0.00550
744.37399,0.00412
742.44556,0.00418
740.51713,0.00477
738.58870,0.00438
736.66027,0.00329
734.73184,0.00277
732.80341,0.00283
730.87498,0.00273
728.94655,0.00266
727.01812,0.00296
725.08969,0.00337
723.16126,0.00388
721.23283,0.00382
719.30440,0.00339
717.37597,0.00304
715.44754,0.00313
713.51911,0.00349
711.59068,0.00341
709.66225,0.00269
707.73382,0.00219
705.80539,0.00294
703.87696,0.00481
701.94853,0.00639
700.02010,0.00660
698.09167,0.00617
696.16324,0.00611
694.23481,0.00587
692.30638,0.00470
690.37795,0.00316
688.44952,0.00209
686.52109,0.00144
684.59266,0.00080
682.66423,0.00069
680.73580,0.00205
678.80737,0.00463
676.87894,0.00654
674.95051,0.00682
673.02208,0.00762
671.09365,0.01135
669.16522,0.01508
667.23679,0.01282
665.30836,0.00782
663.37993,0.00580
661.45150,0.00642
659.52307,0.00706
657.59464,0.00655
655.66621,0.00521
653.73778,0.00350
651.80935,0.00251
649.88092,0.00365
647.95249,0.00629
646.02406,0.00743
644.09563,0.00576
642.16720,0.00234
640.23877,0.00000
638.31034,0.00059
636.38191,0.00273
634.45348,0.00369
632.52505,0.00302
630.59662,0.00218
628.66819,0.00313
626.73976,0.00622
624.81133,0.00835
622.88290,0.00813
620.95447,0.00764
619.02604,0.00652
617.09761,0.00381
615.16918,0.00163
613.24075,0.00093
611.31232,0.00087
609.38389,0.00413
607.45546,0.00831
605.52703,0.00927
603.59860,0.00651
601.67017,0.00249
599.74174,0.00000
