4001.49232,0.00000
3999.56389,0.00054
3997.63546,0.00051
3995.70703,0.00110
3993.77860,0.00213
3991.85017,0.00248
3989.92174,0.00192
3987.99331,0.00140
3986.06488,0.00157
3984.13645,0.00211
3982.20802,0.00217
3980.27959,0.00153
3978.35116,0.00080
3976.42273,0.00069
3974.49430,0.00123
3972.56587,0.00190
3970.63744,0.00242
3968.70901,0.00292
3966.78058,0.00311
3964.85215,0.00257
3962.92372,0.00195
3960.99529,0.00172
3959.06686,0.00125
3957.13843,0.00072
3955.21000,0.00095
3953.28157,0.00188
3951.35314,0.00276
3949.42471,0.00320
3947.49628,0.00306
3945.56785,0.00218
3943.63942,0.00138
3941.71099,0.00128
3939.78256,0.00115
3937.85413,0.00098
3935.92570,0.00114
3933.99727,0.00153
3932.06884,0.00227
3930.14041,0.00291
3928.21198,0.00238
3926.28355,0.00124
3924.35512,0.00144
3922.42669,0.00270
3920.49826,0.00311
3918.56982,0.00280
3916.64139,0.00278
3914.71296,0.00279
3912.78453,0.00262
3910.85610,0.00267
3908.92767,0.00254
3906.99924,0.00192
3905.07081,0.00251
3903.14238,0.00478
3901.21395,0.00599
3899.28552,0.00601
3897.35709,0.00548
3895.42866,0.00369
3893.50023,0.00249
3891.57180,0.00436
3889.64337,0.00636
3887.71494,0.00570
3885.78651,0.00513
3883.85808,0.00551
3881.92965,0.00553
3880.00122,0.00660
3878.07279,0.00712
3876.14436,0.00558
3874.21593,0.00437
3872.28750,0.00459
3870.35907,0.00583
3868.43064,0.00690
3866.50221,0.00555
3864.57378,0.00426
3862.64535,0.00572
3860.71692,0.00742
3858.78849,0.00755
3856.86006,0.00637
3854.93163,0.00511
3853.00320,0.00632
3851.07477,0.00898
3849.14634,0.00920
3847.21791,0.00711
3845.28948,0.00475
3843.36105,0.00302
3841.43262,0.00109
3839.50419,0.00000
3837.57576,0.00232
3835.64733,0.00565
3833.71890,0.00734
3831.79047,0.00809
3829.86204,0.00779
3827.93361,0.00655
3826.00518,0.00540
3824.07675,0.00398
3822.14832,0.00336
3820.21989,0.00521
3818.29146,0.00600
3816.36303,0.00612
3814.43460,0.00756
3812.50617,0.00775
3810.57774,0.00611
3808.64931,0.00496
3806.72088,0.00548
3804.79245,0.00502
3802.86402,0.00344
3800.93559,0.00419
3799.00716,0.00525
3797.07873,0.00528
3795.15030,0.00580
3793.22187,0.00554
3791.29344,0.00450
3789.36501,0.00394
3787.43658,0.00382
3785.50815,0.00414
3783.57972,0.00447
3781.65129,0.00366
3779.72286,0.00303
3777.79443,0.00358
3775.86600,0.00352
3773.93757,0.00236
3772.00914,0.00159
3770.08071,0.00259
3768.15228,0.00428
3766.22385,0.00491
3764.29542,0.00473
3762.36699,0.00396
3760.43856,0.00403
3758.51013,0.00597
3756.58170,0.00679
3754.65327,0.00482
3752.72484,0.00314
3750.79641,0.00537
3748.86798,0.00809
3746.93955,0.00695
3745.01112,0.00667
3743.08269,0.00830
3741.15426,0.00731
3739.22583,0.00366
3737.29740,0.00069
3735.36897,0.00105
3733.44054,0.00412
3731.51211,0.00673
3729.58368,0.00722
3727.65525,0.00722
3725.72682,0.00841
3723.79839,0.00938
3721.86996,0.00863
3719.94153,0.00733
3718.01310,0.00619
3716.08467,0.00473
3714.15624,0.00348
3712.22781,0.00484
3710.29938,0.00849
3708.37095,0.00926
3706.44252,0.00667
3704.51409,0.00401
3702.58566,0.00401
3700.65723,0.00592
3698.72880,0.00639
3696.80037,0.00526
3694.87194,0.00386
3692.94351,0.00222
3691.01508,0.00170
3689.08665,0.00460
3687.15822,0.00788
3685.22979,0.00811
3683.30136,0.00651
3681.37293,0.00455
3679.44450,0.00260
3677.51607,0.00212
3675.58764,0.00471
3673.65921,0.00588
3671.73078,0.00329
3669.80235,0.00339
3667.87392,0.00654
3665.94549,0.00701
3664.01706,0.00534
3662.08863,0.00399
3660.16020,0.00338
3658.23177,0.00379
3656.30334,0.00556
3654.37491,0.00586
3652.44648,0.00240
3650.51805,0.00000
3648.58962,0.00409
3646.66119,0.00864
3644.73276,0.00850
3642.80433,0.00640
3640.87590,0.00534
3638.94747,0.00538
3637.01904,0.00551
3635.09061,0.00541
3633.16218,0.00488
3631.23375,0.00391
3629.30532,0.00458
3627.37689,0.00719
3625.44846,0.00761
3623.52003,0.00570
3621.59160,0.00347
3619.66317,0.00239
3617.73474,0.00241
3615.80631,0.00214
3613.87788,0.00286
3611.94945,0.00501
3610.02102,0.00650
3608.09259,0.00724
3606.16416,0.00708
3604.23573,0.00506
3602.30730,0.00285
3600.37887,0.00272
3598.45044,0.00393
3596.52201,0.00478
3594.59358,0.00524
3592.66515,0.00490
3590.73672,0.00345
3588.80829,0.00296
3586.87986,0.00458
3584.95143,0.00529
3583.02300,0.00406
3581.09457,0.00288
3579.16614,0.00250
3577.23771,0.00248
3575.30928,0.00275
3573.38085,0.00318
3571.45242,0.00292
3569.52399,0.00228
3567.59556,0.00288
3565.66713,0.00411
3563.73870,0.00379
3561.81027,0.00302
3559.88184,0.00325
3557.95341,0.00388
3556.02498,0.00395
3554.09655,0.00348
3552.16812,0.00310
3550.23969,0.00275
3548.31126,0.00221
3546.38283,0.00209
3544.45440,0.00245
3542.52597,0.00259
3540.59754,0.00238
3538.66911,0.00212
3536.74068,0.00227
3534.81225,0.00255
3532.88382,0.00215
3530.95539,0.00115
3529.02696,0.00079
3527.09853,0.00187
3525.17010,0.00355
3523.24167,0.00459
3521.31324,0.00445
3519.38481,0.00346
3517.45638,0.00256
3515.52795,0.00197
3513.59952,0.00113
3511.67109,0.00020
3509.74266,0.00000
3507.81423,0.00049
3505.88580,0.00118
3503.95737,0.00227
3502.02894,0.00306
3500.10051,0.00226
3498.17208,0.00104
3496.24365,0.00112
3494.31522,0.00195
3492.38679,0.00241
3490.45836,0.00247
3488.52993,0.00252
3486.60150,0.00262
3484.67307,0.00256
3482.74464,0.00240
3480.81621,0.00231
3478.88778,0.00198
3476.95935,0.00158
3475.03092,0.00181
3473.10249,0.00219
3471.17406,0.00178
3469.24563,0.00114
3467.31720,0.00104
3465.38877,0.00100
3463.46034,0.00077
3461.53191,0.00095
3459.60348,0.00149
3457.67505,0.00176
3455.74662,0.00176
3453.81819,0.00188
3451.88976,0.00195
3449.96133,0.00142
3448.03290,0.00103
3446.10447,0.00156
3444.17604,0.00186
3442.24761,0.00149
3440.31918,0.00123
3438.39075,0.00147
3436.46232,0.00216
3434.53389,0.00280
3432.60546,0.00273
3430.67703,0.00187
3428.74860,0.00083
3426.82017,0.00054
3424.89174,0.00095
3422.96331,0.00136
3421.03488,0.00184
3419.10645,0.00225
3417.17802,0.00222
3415.24959,0.00216
3413.32116,0.00205
3411.39273,0.00182
3409.46430,0.00195
3407.53587,0.00200
3405.60744,0.00179
3403.67901,0.00212
3401.75058,0.00303
3399.82215,0.00396
3397.89372,0.00358
3395.96529,0.00301
3394.03686,0.00257
3392.10843,0.00225
3390.18000,0.00182
3388.25157,0.00157
3386.32314,0.00195
3384.39471,0.00245
3382.46628,0.00271
3380.53785,0.00290
3378.60942,0.00289
3376.68099,0.00272
3374.75256,0.00282
3372.82413,0.00309
3370.89570,0.00320
3368.96727,0.00326
3367.03884,0.00335
3365.11041,0.00334
3363.18198,0.00325
3361.25355,0.00305
3359.32512,0.00277
3357.39669,0.00288
3355.46826,0.00360
3353.53983,0.00413
3351.61140,0.00393
3349.68297,0.00357
3347.75454,0.00358
3345.82611,0.00361
3343.89768,0.00349
3341.96925,0.00356
3340.04082,0.00366
3338.11239,0.00367
3336.18396,0.00408
3334.25553,0.00450
3332.32710,0.00432
3330.39867,0.00423
3328.47024,0.00471
3326.54181,0.00508
3324.61338,0.00509
3322.68495,0.00508
3320.75652,0.00505
3318.82809,0.00483
3316.89966,0.00425
3314.97122,0.00352
3313.04279,0.00369
3311.11436,0.00518
3309.18593,0.00682
3307.25750,0.00748
3305.32907,0.00737
3303.40064,0.00709
3301.47221,0.00676
3299.54378,0.00665
3297.61535,0.00701
3295.68692,0.00728
3293.75849,0.00731
3291.83006,0.00746
3289.90163,0.00735
3287.97320,0.00677
3286.04477,0.00654
3284.11634,0.00687
3282.18791,0.00689
3280.25948,0.00633
3278.33105,0.00595
3276.40262,0.00607
3274.47419,0.00621
3272.54576,0.00624
3270.61733,0.00626
3268.68890,0.00605
3266.76047,0.00591
3264.83204,0.00647
3262.90361,0.00696
3260.97518,0.00667
3259.04675,0.00634
3257.11832,0.00637
3255.18989,0.00642
3253.26146,0.00662
3251.33303,0.00689
3249.40460,0.00667
3247.47617,0.00603
3245.54774,0.00575
3243.61931,0.00592
3241.69088,0.00593
3239.76245,0.00583
3237.83402,0.00575
3235.90559,0.00553
3233.97716,0.00541
3232.04873,0.00563
3230.12030,0.00601
3228.19187,0.00620
3226.26344,0.00597
3224.33501,0.00587
3222.40658,0.00633
3220.47815,0.00665
3218.54972,0.00610
3216.62129,0.00535
3214.69286,0.00541
3212.76443,0.00579
3210.83600,0.00554
3208.90757,0.00505
3206.97914,0.00498
3205.05071,0.00532
3203.12228,0.00585
3201.19385,0.00617
3199.26542,0.00618
3197.33699,0.00630
3195.40856,0.00637
3193.48013,0.00566
3191.55170,0.00451
3189.62327,0.00394
3187.69484,0.00412
3185.76641,0.00434
3183.83798,0.00412
3181.90955,0.00383
3179.98112,0.00397
3178.05269,0.00449
3176.12426,0.00480
3174.19583,0.00452
3172.26740,0.00391
3170.33897,0.00352
3168.41054,0.00366
3166.48211,0.00390
3164.55368,0.00361
3162.62525,0.00303
3160.69682,0.00279
3158.76839,0.00282
3156.83996,0.00278
3154.91153,0.00265
3152.98310,0.00263
3151.05467,0.00298
3149.12624,0.00335
3147.19781,0.00336
3145.26938,0.00328
3143.34095,0.00328
3141.41252,0.00333
3139.48409,0.00331
3137.55566,0.00322
3135.62723,0.00305
3133.69880,0.00270
3131.77037,0.00248
3129.84194,0.00268
3127.91351,0.00287
3125.98508,0.00256
3124.05665,0.00201
3122.12822,0.00169
3120.19979,0.00155
3118.27136,0.00161
3116.34293,0.00191
3114.41450,0.00204
3112.48607,0.00194
3110.55764,0.00185
3108.62921,0.00164
3106.70078,0.00123
3104.77235,0.00090
3102.84392,0.00102
3100.91549,0.00166
3098.98706,0.00229
3097.05863,0.00243
3095.13020,0.00199
3093.20177,0.00108
3091.27334,0.00031
3089.34491,0.00030
3087.41648,0.00074
3085.48805,0.00085
3083.55962,0.00047
3081.63119,0.00004
3079.70276,0.00000
3077.77433,0.00046
3075.84590,0.00126
3073.91747,0.00210
3071.98904,0.00256
3070.06061,0.00228
3068.13218,0.00150
3066.20375,0.00083
3064.27532,0.00063
3062.34689,0.00084
3060.41846,0.00096
3058.49003,0.00069
3056.56160,0.00067
3054.63317,0.00127
3052.70474,0.00183
3050.77631,0.00193
3048.84788,0.00192
3046.91945,0.00187
3044.99102,0.00143
3043.06259,0.00068
3041.13416,0.00012
3039.20573,0.00000
3037.27730,0.00006
3035.34887,0.00011
3033.42044,0.00023
3031.49201,0.00053
3029.56358,0.00073
3027.63515,0.00067
3025.70672,0.00077
3023.77829,0.00121
3021.84986,0.00144
3019.92143,0.00110
3017.99300,0.00079
3016.06457,0.00104
3014.13614,0.00139
3012.20771,0.00144
3010.27928,0.00127
3008.35085,0.00094
3006.42242,0.00084
3004.49399,0.00112
3002.56556,0.00129
3000.63713,0.00107
2998.70870,0.00092
2996.78027,0.00062
2994.85184,0.00098
2992.92341,0.00152
2990.99498,0.00156
2989.06655,0.00147
2987.13812,0.00144
2985.20969,0.00119
2983.28126,0.00088
2981.35283,0.00082
2979.42440,0.00081
2977.49597,0.00079
2975.56754,0.00106
2973.63911,0.00154
2971.71068,0.00170
2969.78225,0.00169
2967.85382,0.00184
2965.92539,0.00189
2963.99696,0.00179
2962.06853,0.00190
2960.14010,0.00213
2958.21167,0.00219
2956.28324,0.00232
2954.35481,0.00265
2952.42638,0.00283
2950.49795,0.00266
2948.56952,0.00229
2946.64109,0.00195
2944.71266,0.00207
2942.78423,0.00281
2940.85580,0.00361
2938.92737,0.00381
2936.99894,0.00358
2935.07051,0.00352
2933.14208,0.00353
2931.21365,0.00315
2929.28522,0.00277
2927.35679,0.00286
2925.42836,0.00289
2923.49993,0.00266
2921.57150,0.00264
2919.64307,0.00273
2917.71464,0.00254
2915.78621,0.00230
2913.85778,0.00210
2911.92935,0.00189
2910.00092,0.00190
2908.07249,0.00183
2906.14406,0.00138
2904.21563,0.00102
2902.28720,0.00097
2900.35877,0.00124
2898.43034,0.00170
2896.50191,0.00186
2894.57348,0.00147
2892.64505,0.00091
2890.71662,0.00073
2888.78819,0.00093
2886.85976,0.00117
2884.93133,0.00124
2883.00290,0.00099
2881.07447,0.00062
2879.14604,0.00070
2877.21761,0.00117
2875.28918,0.00147
2873.36075,0.00159
2871.43232,0.00172
2869.50389,0.00186
2867.57546,0.00183
2865.64703,0.00160
2863.71860,0.00135
2861.79017,0.00128
2859.86174,0.00145
2857.93331,0.00172
2856.00488,0.00186
2854.07645,0.00189
2852.14802,0.00175
2850.21959,0.00146
2848.29116,0.00137
2846.36273,0.00149
2844.43430,0.00145
2842.50587,0.00138
2840.57744,0.00133
2838.64901,0.00112
2836.72058,0.00094
2834.79215,0.00070
2832.86372,0.00024
2830.93529,0.00000
2829.00686,0.00015
2827.07843,0.00039
2825.15000,0.00055
2823.22157,0.00069
2821.29314,0.00109
2819.36471,0.00162
2817.43628,0.00174
2815.50785,0.00133
2813.57942,0.00076
2811.65099,0.00036
2809.72256,0.00022
2807.79413,0.00032
2805.86570,0.00067
2803.93727,0.00108
2802.00884,0.00134
2800.08041,0.00163
2798.15198,0.00190
2796.22355,0.00168
2794.29512,0.00111
2792.36669,0.00069
2790.43826,0.00070
2788.50983,0.00112
2786.58140,0.00125
2784.65297,0.00060
2782.72454,0.00000
2780.79611,0.00022
2778.86768,0.00065
2776.93925,0.00066
2775.01082,0.00072
2773.08239,0.00101
2771.15396,0.00108
2769.22553,0.00088
2767.29710,0.00060
2765.36867,0.00038
2763.44024,0.00035
2761.51181,0.00059
2759.58338,0.00088
2757.65495,0.00104
2755.72652,0.00097
2753.79809,0.00058
2751.86966,0.00015
2749.94123,0.00016
2748.01280,0.00054
2746.08437,0.00081
2744.15594,0.00071
2742.22751,0.00054
2740.29908,0.00058
2738.37065,0.00058
2736.44222,0.00036
2734.51379,0.00018
2732.58536,0.00023
2730.65693,0.00040
2728.72850,0.00053
2726.80007,0.00057
2724.87164,0.00065
2722.94321,0.00078
2721.01478,0.00075
2719.08635,0.00062
2717.15792,0.00058
2715.22949,0.00078
2713.30105,0.00118
2711.37262,0.00128
2709.44419,0.00087
2707.51576,0.00042
2705.58733,0.00019
2703.65890,0.00030
2701.73047,0.00058
2699.80204,0.00055
2697.87361,0.00021
2695.94518,-0.00005
2694.01675,-0.00007
2692.08832,0.00012
2690.15989,0.00046
2688.23146,0.00071
2686.30303,0.00059
2684.37460,0.00036
2682.44617,0.00055
2680.51774,0.00092
2678.58931,0.00101
2676.66088,0.00092
2674.73245,0.00075
2672.80402,0.00046
2670.87559,0.00041
2668.94716,0.00082
2667.01873,0.00107
2665.09030,0.00070
2663.16187,0.00036
2661.23344,0.00048
2659.30501,0.00061
2657.37658,0.00037
2655.44815,0.00003
2653.51972,0.00001
2651.59129,0.00027
2649.66286,0.00057
2647.73443,0.00092
2645.80600,0.00116
2643.87757,0.00105
2641.94914,0.00077
2640.02071,0.00069
2638.09228,0.00083
2636.16385,0.00082
2634.23542,0.00053
2632.30699,0.00044
2630.37856,0.00082
2628.45013,0.00112
2626.52170,0.00098
2624.59327,0.00067
2622.66484,0.00031
2620.73641,0.00013
2618.80798,0.00036
2616.87955,0.00051
2614.95112,0.00028
2613.02269,0.00019
2611.09426,0.00023
2609.16583,0.00008
2607.23740,0.00017
2605.30897,0.00055
2603.38054,0.00063
2601.45211,0.00048
2599.52368,0.00041
2597.59525,0.00024
2595.66682,-0.00000
2593.73839,0.00003
2591.80996,0.00049
2589.88153,0.00102
2587.95310,0.00110
2586.02467,0.00075
2584.09624,0.00051
2582.16781,0.00081
2580.23938,0.00138
2578.31095,0.00157
2576.38252,0.00117
2574.45409,0.00066
2572.52566,0.00046
2570.59723,0.00053
2568.66880,0.00055
2566.74037,0.00036
2564.81194,0.00030
2562.88351,0.00054
2560.95508,0.00075
2559.02665,0.00073
2557.09822,0.00086
2555.16979,0.00113
2553.24136,0.00113
2551.31293,0.00073
2549.38450,0.00020
2547.45607,0.00000
2545.52764,0.00028
2543.59921,0.00059
2541.67078,0.00055
2539.74235,0.00036
2537.81392,0.00035
2535.88549,0.00057
2533.95706,0.00077
2532.02863,0.00077
2530.10020,0.00060
2528.17177,0.00045
2526.24334,0.00047
2524.31491,0.00059
2522.38648,0.00056
2520.45805,0.00043
2518.52962,0.00032
2516.60119,0.00045
2514.67276,0.00078
2512.74433,0.00078
2510.81590,0.00044
2508.88747,0.00032
2506.95904,0.00041
2505.03061,0.00048
2503.10218,0.00035
2501.17375,0.00011
2499.24532,0.00009
2497.31689,0.00030
2495.38846,0.00047
2493.46003,0.00060
2491.53160,0.00073
2489.60317,0.00085
2487.67474,0.00094
2485.74631,0.00083
2483.81788,0.00063
2481.88945,0.00075
2479.96102,0.00095
2478.03259,0.00065
2476.10416,0.00022
2474.17573,0.00015
2472.24730,0.00023
2470.31887,0.00024
2468.39044,0.00017
2466.46201,0.00010
2464.53358,0.00017
2462.60515,0.00036
2460.67672,0.00050
2458.74829,0.00062
2456.81986,0.00083
2454.89143,0.00097
2452.96300,0.00098
2451.03457,0.00100
2449.10614,0.00090
2447.17771,0.00060
2445.24928,0.00035
2443.32085,0.00033
2441.39242,0.00036
2439.46399,0.00025
2437.53556,0.00009
2435.60713,-0.00000
2433.67870,0.00000
2431.75027,0.00011
2429.82184,0.00030
2427.89341,0.00047
2425.96498,0.00054
2424.03655,0.00052
2422.10812,0.00051
2420.17969,0.00049
2418.25126,0.00048
2416.32283,0.00046
2414.39440,0.00045
2412.46597,0.00043
2410.53754,0.00042
2408.60911,0.00040
2406.68068,0.00039
2404.75225,0.00037
2402.82382,0.00036
2400.89539,0.00035
2398.96696,0.00034
2397.03853,0.00033
2395.11010,0.00031
2393.18167,0.00030
2391.25324,0.00029
2389.32481,0.00028
2387.39638,0.00027
2385.46795,0.00026
2383.53952,0.00025
2381.61109,0.00025
2379.68266,0.00024
2377.75423,0.00023
2375.82580,0.00022
2373.89737,0.00022
2371.96894,0.00021
2370.04051,0.00020
2368.11208,0.00020
2366.18365,0.00019
2364.25522,0.00019
2362.32679,0.00018
2360.39836,0.00018
2358.46993,0.00017
2356.54150,0.00017
2354.61307,0.00017
2352.68464,0.00016
2350.75621,0.00016
2348.82778,0.00016
2346.89935,0.00016
2344.97092,0.00016
2343.04249,0.00015
2341.11406,0.00015
2339.18563,0.00015
2337.25720,0.00015
2335.32877,0.00015
2333.40034,0.00016
2331.47191,0.00016
2329.54348,0.00016
2327.61505,0.00016
2325.68662,0.00016
2323.75819,0.00017
2321.82976,0.00017
2319.90133,0.00017
2317.97290,0.00018
2316.04447,0.00018
2314.11604,0.00019
2312.18761,0.00019
2310.25918,0.00020
2308.33075,0.00020
2306.40232,0.00021
2304.47389,0.00022
2302.54546,0.00022
2300.61703,0.00023
2298.68860,0.00024
2296.76017,0.00025
2294.83174,0.00026
2292.90331,0.00027
2290.97488,0.00027
2289.04645,0.00028
2287.11802,0.00029
2285.18959,0.00031
2283.26116,0.00032
2281.33273,0.00033
2279.40430,0.00034
2277.47587,0.00035
2275.54744,0.00036
2273.61901,0.00038
2271.69058,0.00039
2269.76215,0.00040
2267.83372,0.00042
2265.90529,0.00043
2263.97686,0.00045
2262.04843,0.00046
2260.12000,0.00048
2258.19157,0.00049
2256.26314,0.00051
2254.33471,0.00053
2252.40628,0.00054
2250.47785,0.00056
2248.54942,0.00058
2246.62099,0.00060
2244.69256,0.00062
2242.76413,0.00064
2240.83570,0.00031
2238.90727,0.00019
2236.97884,0.00022
2235.05041,0.00044
2233.12198,0.00056
2231.19355,0.00029
2229.26512,0.00000
2227.33669,0.00003
2225.40826,0.00013
2223.47983,0.00005
2221.55140,0.00005
2219.62297,0.00026
2217.69454,0.00058
2215.76611,0.00094
2213.83768,0.00102
2211.90925,0.00063
2209.98082,0.00027
2208.05239,0.00033
2206.12396,0.00056
2204.19553,0.00073
2202.26710,0.00091
2200.33867,0.00118
2198.41024,0.00144
2196.48181,0.00153
2194.55338,0.00156
2192.62495,0.00157
2190.69652,0.00144
2188.76809,0.00125
2186.83966,0.00109
2184.91123,0.00082
2182.98280,0.00050
2181.05437,0.00031
2179.12594,0.00024
2177.19751,0.00017
2175.26908,0.00010
2173.34065,0.00013
2171.41222,0.00018
2169.48379,0.00008
2167.55536,0.00002
2165.62693,0.00017
2163.69850,0.00041
2161.77007,0.00044
2159.84164,0.00037
2157.91321,0.00043
2155.98478,0.00061
2154.05635,0.00073
2152.12792,0.00063
2150.19949,0.00028
2148.27106,0.00000
2146.34263,0.00014
2144.41420,0.00042
2142.48577,0.00050
2140.55734,0.00053
2138.62891,0.00064
2136.70048,0.00067
2134.77205,0.00065
2132.84362,0.00071
2130.91519,0.00089
2128.98676,0.00112
2127.05833,0.00126
2125.12990,0.00131
2123.20147,0.00126
2121.27304,0.00108
2119.34461,0.00074
2117.41618,0.00045
2115.48775,0.00062
2113.55932,0.00114
2111.63089,0.00147
2109.70245,0.00137
2107.77402,0.00097
2105.84559,0.00065
2103.91716,0.00062
2101.98873,0.00062
2100.06030,0.00050
2098.13187,0.00044
2096.20344,0.00061
2094.27501,0.00064
2092.34658,0.00038
2090.41815,0.00018
2088.48972,0.00026
2086.56129,0.00033
2084.63286,0.00020
2082.70443,0.00016
2080.77600,0.00032
2078.84757,0.00043
2076.91914,0.00050
2074.99071,0.00068
2073.06228,0.00081
2071.13385,0.00074
2069.20542,0.00067
2067.27699,0.00061
2065.34856,0.00058
2063.42013,0.00050
2061.49170,0.00021
2059.56327,0.00000
2057.63484,0.00021
2055.70641,0.00058
2053.77798,0.00083
2051.84955,0.00089
2049.92112,0.00088
2047.99269,0.00093
2046.06426,0.00096
2044.13583,0.00090
2042.20740,0.00087
2040.27897,0.00083
2038.35054,0.00063
2036.42211,0.00043
2034.49368,0.00040
2032.56525,0.00044
2030.63682,0.00052
2028.70839,0.00059
2026.77996,0.00043
2024.85153,0.00013
2022.92310,0.00009
2020.99467,0.00024
2019.06624,0.00028
2017.13781,0.00033
2015.20938,0.00054
2013.28095,0.00069
2011.35252,0.00065
2009.42409,0.00059
2007.49566,0.00059
2005.56723,0.00070
2003.63880,0.00098
2001.71037,0.00115
1999.78194,0.00103
1997.85351,0.00090
1995.92508,0.00077
1993.99665,0.00049
1992.06822,0.00049
1990.13979,0.00069
1988.21136,0.00075
1986.28293,0.00085
1984.35450,0.00090
1982.42607,0.00068
1980.49764,0.00047
1978.56921,0.00061
1976.64078,0.00092
1974.71235,0.00107
1972.78392,0.00109
1970.85549,0.00097
1968.92706,0.00080
1966.99863,0.00090
1965.07020,0.00108
1963.14177,0.00097
1961.21334,0.00088
1959.28491,0.00087
1957.35648,0.00069
1955.42805,0.00052
1953.49962,0.00055
1951.57119,0.00068
1949.64276,0.00076
1947.71433,0.00067
1945.78590,0.00039
1943.85747,0.00024
1941.92904,0.00050
1940.00061,0.00075
1938.07218,0.00072
1936.14375,0.00064
1934.21532,0.00054
1932.28689,0.00042
1930.35846,0.00041
1928.43003,0.00040
1926.50160,0.00025
1924.57317,0.00033
1922.64474,0.00092
1920.71631,0.00133
1918.78788,0.00140
1916.85945,0.00160
1914.93102,0.00160
1913.00259,0.00114
1911.07416,0.00076
1909.14573,0.00085
1907.21730,0.00110
1905.28887,0.00106
1903.36044,0.00081
1901.43201,0.00070
1899.50358,0.00078
1897.57515,0.00089
1895.64672,0.00104
1893.71829,0.00113
1891.78986,0.00108
1889.86143,0.00143
1887.93300,0.00212
1886.00457,0.00220
1884.07614,0.00190
1882.14771,0.00183
1880.21928,0.00188
1878.29085,0.00188
1876.36242,0.00180
1874.43399,0.00157
1872.50556,0.00095
1870.57713,0.00009
1868.64870,0.00000
1866.72027,0.00070
1864.79184,0.00114
1862.86341,0.00121
1860.93498,0.00128
1859.00655,0.00137
1857.07812,0.00143
1855.14969,0.00143
1853.22126,0.00141
1851.29283,0.00133
1849.36440,0.00107
1847.43597,0.00084
1845.50754,0.00131
1843.57911,0.00257
1841.65068,0.00298
1839.72225,0.00217
1837.79382,0.00167
1835.86539,0.00203
1833.93696,0.00190
1832.00853,0.00078
1830.08010,0.00017
1828.15167,0.00061
1826.22324,0.00107
1824.29481,0.00167
1822.36638,0.00227
1820.43795,0.00240
1818.50952,0.00250
1816.58109,0.00258
1814.65266,0.00210
1812.72423,0.00133
1810.79580,0.00128
1808.86737,0.00199
1806.93894,0.00247
1805.01051,0.00225
1803.08208,0.00165
1801.15365,0.00135
1799.22522,0.00166
1797.29679,0.00193
1795.36836,0.00135
1793.43993,0.00052
1791.51150,0.00110
1789.58307,0.00249
1787.65464,0.00308
1785.72621,0.00301
1783.79778,0.00264
1781.86935,0.00237
1779.94092,0.00280
1778.01249,0.00308
1776.08406,0.00197
1774.15563,0.00026
1772.22720,0.00000
1770.29877,0.00140
1768.37034,0.00275
1766.44191,0.00302
1764.51348,0.00212
1762.58505,0.00140
1760.65662,0.00176
1758.72819,0.00228
1756.79976,0.00278
1754.87133,0.00301
1752.94290,0.00231
1751.01447,0.00142
1749.08604,0.00141
1747.15761,0.00206
1745.22918,0.00258
1743.30075,0.00272
1741.37232,0.00285
1739.44389,0.00306
1737.51546,0.00221
1735.58703,0.00052
1733.65860,0.00046
1731.73017,0.00216
1729.80174,0.00344
1727.87331,0.00380
1725.94488,0.00344
1724.01645,0.00293
1722.08802,0.00210
1720.15959,0.00058
1718.23116,0.00000
1716.30273,0.00189
1714.37430,0.00404
1712.44587,0.00488
1710.51744,0.00450
1708.58901,0.00333
1706.66058,0.00284
1704.73215,0.00401
1702.80372,0.00507
1700.87529,0.00493
1698.94686,0.00455
1697.01843,0.00558
1695.09000,0.00839
1693.16157,0.01002
1691.23314,0.00985
1689.30471,0.00939
1687.37628,0.00865
1685.44785,0.00828
1683.51942,0.01058
1681.59099,0.01345
1679.66256,0.01431
1677.73413,0.01395
1675.80570,0.01413
1673.87727,0.01463
1671.94884,0.01411
1670.02041,0.01431
1668.09198,0.01654
1666.16355,0.01796
1664.23512,0.01855
1662.30669,0.02029
1660.37826,0.02224
1658.44983,0.02209
1656.52140,0.02001
1654.59297,0.01887
1652.66454,0.02100
1650.73611,0.02212
1648.80768,0.02031
1646.87925,0.01993
1644.95082,0.02206
1643.02239,0.02276
1641.09396,0.02134
1639.16553,0.01872
1637.23710,0.01654
1635.30867,0.01701
1633.38024,0.01825
1631.45181,0.01749
1629.52338,0.01570
1627.59495,0.01425
1625.66652,0.01312
1623.73809,0.01248
1621.80966,0.01221
1619.88123,0.01063
1617.95280,0.00864
1616.02437,0.00883
1614.09594,0.00996
1612.16751,0.00965
1610.23908,0.00844
1608.31065,0.00767
1606.38222,0.00748
1604.45379,0.00734
1602.52536,0.00731
1600.59693,0.00742
1598.66850,0.00737
1596.74007,0.00726
1594.81164,0.00746
1592.88321,0.00780
1590.95478,0.00794
1589.02635,0.00799
1587.09792,0.00814
1585.16949,0.00841
1583.24106,0.00880
1581.31263,0.00871
1579.38420,0.00742
1577.45577,0.00629
1575.52734,0.00747
1573.59891,0.00882
1571.67048,0.00850
1569.74205,0.00854
1567.81362,0.00968
1565.88519,0.01036
1563.95676,0.01004
1562.02833,0.00852
1560.09990,0.00766
1558.17147,0.00987
1556.24304,0.01216
1554.31461,0.01320
1552.38618,0.01409
1550.45775,0.01504
1548.52932,0.01543
1546.60089,0.01436
1544.67246,0.01179
1542.74403,0.00890
1540.81560,0.00888
1538.88717,0.01372
1536.95874,0.01639
1535.03031,0.01606
1533.10188,0.01596
1531.17345,0.01629
1529.24502,0.01570
1527.31659,0.01470
1525.38816,0.01366
1523.45973,0.01254
1521.53130,0.01265
1519.60287,0.01344
1517.67444,0.01371
1515.74601,0.01449
1513.81758,0.01508
1511.88915,0.01389
1509.96072,0.01085
1508.03229,0.00823
1506.10385,0.00917
1504.17542,0.01085
1502.24699,0.01041
1500.31856,0.00824
1498.39013,0.00610
1496.46170,0.00575
1494.53327,0.00592
1492.60484,0.00467
1490.67641,0.00306
1488.74798,0.00303
1486.81955,0.00387
1484.89112,0.00416
1482.96269,0.00392
1481.03426,0.00383
1479.10583,0.00382
1477.17740,0.00316
1475.24897,0.00189
1473.32054,0.00190
1471.39211,0.00425
1469.46368,0.00579
1467.53525,0.00519
1465.60682,0.00453
1463.67839,0.00501
1461.74996,0.00462
1459.82153,0.00244
1457.89310,0.00119
1455.96467,0.00319
1454.03624,0.00520
1452.10781,0.00571
1450.17938,0.00554
1448.25095,0.00556
1446.32252,0.00585
1444.39409,0.00592
1442.46566,0.00565
1440.53723,0.00502
1438.60880,0.00439
1436.68037,0.00459
1434.75194,0.00515
1432.82351,0.00492
1430.89508,0.00447
1428.96665,0.00429
1427.03822,0.00391
1425.10979,0.00354
1423.18136,0.00337
1421.25293,0.00297
1419.32450,0.00310
1417.39607,0.00427
1415.46764,0.00498
1413.53921,0.00482
1411.61078,0.00448
1409.68235,0.00419
1407.75392,0.00371
1405.82549,0.00358
1403.89706,0.00408
1401.96863,0.00433
1400.04020,0.00409
1398.11177,0.00392
1396.18334,0.00404
1394.25491,0.00480
1392.32648,0.00561
1390.39805,0.00556
1388.46962,0.00522
1386.54119,0.00547
1384.61276,0.00594
1382.68433,0.00603
1380.75590,0.00585
1378.82747,0.00541
1376.89904,0.00472
1374.97061,0.00451
1373.04218,0.00503
1371.11375,0.00527
1369.18532,0.00495
1367.25689,0.00456
1365.32846,0.00423
1363.40003,0.00428
1361.47160,0.00461
1359.54317,0.00445
1357.61474,0.00379
1355.68631,0.00304
1353.75788,0.00244
1351.82945,0.00205
1349.90102,0.00201
1347.97259,0.00228
1346.04416,0.00245
1344.11573,0.00223
1342.18730,0.00197
1340.25887,0.00234
1338.33044,0.00304
1336.40201,0.00296
1334.47358,0.00216
1332.54515,0.00154
1330.61672,0.00151
1328.68829,0.00178
1326.75986,0.00194
1324.83143,0.00187
1322.90300,0.00159
1320.97457,0.00126
1319.04614,0.00130
1317.11771,0.00165
1315.18928,0.00180
1313.26085,0.00170
1311.33242,0.00162
1309.40399,0.00155
1307.47556,0.00133
1305.54713,0.00094
1303.61870,0.00067
1301.69027,0.00070
1299.76184,0.00102
1297.83341,0.00157
1295.90498,0.00204
1293.97655,0.00204
1292.04812,0.00173
1290.11969,0.00147
1288.19126,0.00117
1286.26283,0.00067
1284.33440,0.00024
1282.40597,0.00022
1280.47754,0.00045
1278.54911,0.00056
1276.62068,0.00050
1274.69225,0.00037
1272.76382,0.00027
1270.83539,0.00026
1268.90696,0.00027
1266.97853,0.00025
1265.05010,0.00013
1263.12167,0.00000
1261.19324,0.00005
1259.26481,0.00031
1257.33638,0.00039
1255.40795,0.00042
1253.47952,0.00084
1251.55109,0.00143
1249.62266,0.00190
1247.69423,0.00236
1245.76580,0.00291
1243.83737,0.00356
1241.90894,0.00443
1239.98051,0.00543
1238.05208,0.00626
1236.12365,0.00683
1234.19522,0.00738
1232.26679,0.00795
1230.33836,0.00869
1228.40993,0.00983
1226.48150,0.01102
1224.55307,0.01179
1222.62464,0.01248
1220.69621,0.01345
1218.76778,0.01429
1216.83935,0.01461
1214.91092,0.01479
1212.98249,0.01543
1211.05406,0.01632
1209.12563,0.01688
1207.19720,0.01713
1205.26877,0.01734
1203.34034,0.01770
1201.41191,0.01842
1199.48348,0.01905
1197.55505,0.01983
1195.62662,0.02058
1193.69819,0.02123
1191.76976,0.02147
1189.84133,0.02147
1187.91290,0.02201
1185.98447,0.02310
1184.05604,0.02399
1182.12761,0.02461
1180.19918,0.02524
1178.27075,0.02590
1176.34232,0.02668
1174.41389,0.02738
1172.48546,0.02795
1170.55703,0.02885
1168.62860,0.02988
1166.70017,0.03075
1164.77174,0.03176
1162.84331,0.03262
1160.91488,0.03315
1158.98645,0.03392
1157.05802,0.03503
1155.12959,0.03602
1153.20116,0.03708
1151.27273,0.03818
1149.34430,0.03863
1147.41587,0.03867
1145.48744,0.03915
1143.55901,0.04011
1141.63058,0.04099
1139.70215,0.04169
1137.77372,0.04268
1135.84529,0.04393
1133.91686,0.04503
1131.98843,0.04596
1130.06000,0.04697
1128.13157,0.04834
1126.20314,0.04998
1124.27471,0.05120
1122.34628,0.05188
1120.41785,0.05268
1118.48942,0.05395
1116.56099,0.05523
1114.63256,0.05618
1112.70413,0.05725
1110.77570,0.05892
1108.84727,0.06070
1106.91884,0.06216
1104.99041,0.06366
1103.06198,0.06539
1101.13355,0.06726
1099.20512,0.06921
1097.27669,0.07091
1095.34826,0.07197
1093.41983,0.07259
1091.49140,0.07335
1089.56297,0.07466
1087.63454,0.07619
1085.70611,0.07707
1083.77768,0.07748
1081.84925,0.07849
1079.92082,0.07983
1077.99239,0.08057
1076.06396,0.08094
1074.13553,0.08106
1072.20710,0.08057
1070.27867,0.07997
1068.35024,0.08001
1066.42181,0.08018
1064.49338,0.07977
1062.56495,0.07921
1060.63652,0.07924
1058.70809,0.07955
1056.77966,0.07917
1054.85123,0.07815
1052.92280,0.07690
1050.99437,0.07502
1049.06594,0.07292
1047.13751,0.07146
1045.20908,0.07049
1043.28065,0.06940
1041.35222,0.06785
1039.42379,0.06613
1037.49536,0.06491
1035.56693,0.06382
1033.63850,0.06192
1031.71007,0.05949
1029.78164,0.05734
1027.85321,0.05545
1025.92478,0.05355
1023.99635,0.05159
1022.06792,0.04965
1020.13949,0.04787
1018.21106,0.04615
1016.28263,0.04471
1014.35420,0.04383
1012.42577,0.04311
1010.49734,0.04177
1008.56891,0.03960
1006.64048,0.03748
1004.71205,0.03634
1002.78362,0.03594
1000.85519,0.03557
998.92676,0.03475
996.99833,0.03346
995.06990,0.03226
993.14147,0.03176
991.21304,0.03192
989.28461,0.03203
987.35618,0.03138
985.42775,0.03017
983.49932,0.02943
981.57089,0.02954
979.64246,0.02973
977.71403,0.02960
975.78560,0.02943
973.85717,0.02922
971.92874,0.02873
970.00031,0.02781
968.07188,0.02679
966.14345,0.02576
964.21502,0.02456
962.28659,0.02364
960.35816,0.02295
958.42973,0.02209
956.50130,0.02098
954.57287,0.01961
952.64444,0.01828
950.71601,0.01747
948.78758,0.01695
946.85915,0.01617
944.93072,0.01529
943.00229,0.01472
941.07386,0.01438
939.14543,0.01403
937.21700,0.01363
935.28857,0.01323
933.36014,0.01299
931.43171,0.01274
929.50328,0.01209
927.57485,0.01140
925.64642,0.01131
923.71799,0.01157
921.78956,0.01182
919.86113,0.01207
917.93270,0.01180
916.00427,0.01102
914.07584,0.01053
912.14741,0.01038
910.21898,0.01031
908.29055,0.01011
906.36212,0.00935
904.43368,0.00843
902.50525,0.00811
900.57682,0.00792
898.64839,0.00735
896.71996,0.00685
894.79153,0.00671
892.86310,0.00649
890.93467,0.00569
889.00624,0.00465
887.07781,0.00392
885.14938,0.00318
883.22095,0.00264
881.29252,0.00264
879.36409,0.00244
877.43566,0.00200
875.50723,0.00172
873.57880,0.00099
871.65037,0.00010
869.72194,0.00000
867.79351,0.00064
865.86508,0.00123
863.93665,0.00150
862.00822,0.00120
860.07979,0.00058
858.15136,0.00024
856.22293,0.00029
854.29450,0.00046
852.36607,0.00039
850.43764,0.00024
848.50921,0.00066
846.58078,0.00122
844.65235,0.00123
842.72392,0.00124
840.79549,0.00188
838.86706,0.00316
836.93863,0.00440
835.01020,0.00518
833.08177,0.00593
831.15334,0.00653
829.22491,0.00672
827.29648,0.00682
825.36805,0.00692
823.43962,0.00705
821.51119,0.00721
819.58276,0.00724
817.65433,0.00719
815.72590,0.00716
813.79747,0.00724
811.86904,0.00780
809.94061,0.00820
808.01218,0.00781
806.08375,0.00743
804.15532,0.00719
802.22689,0.00670
800.29846,0.00639
798.37003,0.00659
796.44160,0.00708
794.51317,0.00719
792.58474,0.00626
790.65631,0.00475
788.72788,0.00389
786.79945,0.00421
784.87102,0.00478
782.94259,0.00447
781.01416,0.00328
779.08573,0.00197
777.15730,0.00129
775.22887,0.00126
773.30044,0.00136
771.37201,0.00168
769.44358,0.00238
767.51515,0.00260
765.58672,0.00280
763.65829,0.00373
761.72986,0.00442
759.80143,0.00451
757.87300,0.00485
755.94457,0.00523
754.01614,0.00475
752.08771,0.00414
750.15928,0.00455
748.23085,0.00500
746.30242,0.00436
744.37399,0.00396
742.44556,0.00484
740.51713,0.00531
738.58870,0.00406
736.66027,0.00239
734.73184,0.00188
732.80341,0.00244
730.87498,0.00336
728.94655,0.00404
727.01812,0.00409
725.08969,0.00386
723.16126,0.00450
721.23283,0.00335
719.30440,0.00239
717.37597,0.00206
715.44754,0.00214
713.51911,0.00264
711.59068,0.00255
709.66225,0.00127
707.73382,0.00000
705.80539,0.00008
703.87696,0.00125
701.94853,0.00264
700.02010,0.00396
698.09167,0.00528
696.16324,0.00610
694.23481,0.00582
692.30638,0.00477
690.37795,0.00340
688.44952,0.00156
686.52109,0.00007
684.59266,-0.00005
682.66423,0.00034
680.73580,0.00067
678.80737,0.00249
676.87894,0.00608
674.95051,0.00964
673.02208,0.01235
671.09365,0.01363
669.16522,0.01233
667.23679,0.00989
665.30836,0.00923
663.37993,0.01016
661.45150,0.01168
659.52307,0.01147
657.59464,0.00886
655.66621,0.00677
653.73778,0.00582
651.80935,0.00435
649.88092,0.00370
647.95249,0.00505
646.02406,0.00666
644.09563,0.00667
642.16720,0.00518
640.23877,0.00344
638.31034,0.00214
636.38191,0.00087
634.45348,0.00013
632.52505,0.00025
630.59662,0.00050
628.66819,0.00086
626.73976,0.00238
624.81133,0.00469
622.88290,0.00619
620.95447,0.00758
619.02604,0.00819
617.09761,0.00617
615.16918,0.00289
613.24075,0.00038
611.31232,0.00200
609.38389,0.00424
607.45546,0.00368
605.52703,0.00182
603.59860,0.00059
601.67017,0.00000
599.74174,0.00000
