4001.49232,0.00022
3999.56389,0.00014
3997.63546,0.00012
3995.70703,0.00053
3993.77860,0.00097
3991.85017,0.00098
3989.92174,0.00050
3987.99331,0.00000
3986.06488,0.00006
3984.13645,0.00060
3982.20802,0.00091
3980.27959,0.00073
3978.35116,0.00047
3976.42273,0.00046
3974.49430,0.00059
3972.56587,0.00078
3970.63744,0.00122
3968.70901,0.00192
3966.78058,0.00240
3964.85215,0.00220
3962.92372,0.00156
3960.99529,0.00105
3959.06686,0.00080
3957.13843,0.00060
3955.21000,0.00066
3953.28157,0.00136
3951.35314,0.00218
3949.42471,0.00219
3947.49628,0.00159
3945.56785,0.00121
3943.63942,0.00096
3941.71099,0.00059
3939.78256,0.00060
3937.85413,0.00114
3935.92570,0.00179
3933.99727,0.00206
3932.06884,0.00166
3930.14041,0.00103
3928.21198,0.00101
3926.28355,0.00149
3924.35512,0.00187
3922.42669,0.00220
3920.49826,0.00248
3918.56982,0.00213
3916.64139,0.00113
3914.71296,0.00045
3912.78453,0.00065
3910.85610,0.00144
3908.92767,0.00257
3906.99924,0.00363
3905.07081,0.00379
3903.14238,0.00309
3901.21395,0.00241
3899.28552,0.00171
3897.35709,0.00139
3895.42866,0.00234
3893.50023,0.00389
3891.57180,0.00452
3889.64337,0.00457
3887.71494,0.00531
3885.78651,0.00596
3883.85808,0.00569
3881.92965,0.00501
3880.00122,0.00410
3878.07279,0.00391
3876.14436,0.00491
3874.21593,0.00578
3872.28750,0.00562
3870.35907,0.00458
3868.43064,0.00359
3866.50221,0.00354
3864.57378,0.00322
3862.64535,0.00233
3860.71692,0.00276
3858.78849,0.00520
3856.86006,0.00798
3854.93163,0.00761
3853.00320,0.00285
3851.07477,0.00000
3849.14634,0.00157
3847.21791,0.00417
3845.28948,0.00535
3843.36105,0.00488
3841.43262,0.00375
3839.50419,0.00306
3837.57576,0.00308
3835.64733,0.00349
3833.71890,0.00388
3831.79047,0.00402
3829.86204,0.00422
3827.93361,0.00451
3826.00518,0.00475
3824.07675,0.00514
3822.14832,0.00494
3820.21989,0.00355
3818.29146,0.00259
3816.36303,0.00229
3814.43460,0.00216
3812.50617,0.00306
3810.57774,0.00477
3808.64931,0.00576
3806.72088,0.00531
3804.79245,0.00475
3802.86402,0.00453
3800.93559,0.00325
3799.00716,0.00189
3797.07873,0.00145
3795.15030,0.00131
3793.22187,0.00150
3791.29344,0.00202
3789.36501,0.00257
3787.43658,0.00300
3785.50815,0.00314
3783.57972,0.00321
3781.65129,0.00339
3779.72286,0.00286
3777.79443,0.00166
3775.86600,0.00130
3773.93757,0.00207
3772.00914,0.00283
3770.08071,0.00269
3768.15228,0.00211
3766.22385,0.00184
3764.29542,0.00197
3762.36699,0.00273
3760.43856,0.00368
3758.51013,0.00403
3756.58170,0.00453
3754.65327,0.00578
3752.72484,0.00607
3750.79641,0.00397
3748.86798,0.00196
3746.93955,0.00198
3745.01112,0.00229
3743.08269,0.00205
3741.15426,0.00270
3739.22583,0.00418
3737.29740,0.00458
3735.36897,0.00257
3733.44054,0.00000
3731.51211,0.00022
3729.58368,0.00297
3727.65525,0.00566
3725.72682,0.00642
3723.79839,0.00541
3721.86996,0.00392
3719.94153,0.00292
3718.01310,0.00287
3716.08467,0.00366
3714.15624,0.00457
3712.22781,0.00460
3710.29938,0.00326
3708.37095,0.00177
3706.44252,0.00144
3704.51409,0.00181
3702.58566,0.00195
3700.65723,0.00184
3698.72880,0.00208
3696.80037,0.00275
3694.87194,0.00387
3692.94351,0.00504
3691.01508,0.00446
3689.08665,0.00172
3687.15822,0.00022
3685.22979,0.00120
3683.30136,0.00278
3681.37293,0.00396
3679.44450,0.00487
3677.51607,0.00501
3675.58764,0.00326
3673.65921,0.00135
3671.73078,0.00121
3669.80235,0.00079
3667.87392,0.00000
3665.94549,0.00053
3664.01706,0.00169
3662.08863,0.00241
3660.16020,0.00278
3658.23177,0.00291
3656.30334,0.00263
3654.37491,0.00283
3652.44648,0.00390
3650.51805,0.00389
3648.58962,0.00189
3646.66119,0.00070
3644.73276,0.00152
3642.80433,0.00257
3640.87590,0.00285
3638.94747,0.00293
3637.01904,0.00349
3635.09061,0.00434
3633.16218,0.00488
3631.23375,0.00444
3629.30532,0.00232
3627.37689,-0.00002
3625.44846,0.00028
3623.52003,0.00219
3621.59160,0.00299
3619.66317,0.00164
3617.73474,0.00010
3615.80631,0.00035
3613.87788,0.00153
3611.94945,0.00278
3610.02102,0.00403
3608.09259,0.00434
3606.16416,0.00353
3604.23573,0.00305
3602.30730,0.00340
3600.37887,0.00370
3598.45044,0.00367
3596.52201,0.00369
3594.59358,0.00365
3592.66515,0.00359
3590.73672,0.00384
3588.80829,0.00344
3586.87986,0.00162
3584.95143,0.00012
3583.02300,0.00014
3581.09457,0.00074
3579.16614,0.00112
3577.23771,0.00129
3575.30928,0.00131
3573.38085,0.00155
3571.45242,0.00255
3569.52399,0.00385
3567.59556,0.00379
3565.66713,0.00202
3563.73870,0.00091
3561.81027,0.00125
3559.88184,0.00186
3557.95341,0.00226
3556.02498,0.00282
3554.09655,0.00323
3552.16812,0.00295
3550.23969,0.00242
3548.31126,0.00228
3546.38283,0.00204
3544.45440,0.00112
3542.52597,0.00013
3540.59754,0.00000
3538.66911,0.00064
3536.74068,0.00130
3534.81225,0.00148
3532.88382,0.00145
3530.95539,0.00142
3529.02696,0.00143
3527.09853,0.00172
3525.17010,0.00228
3523.24167,0.00242
3521.31324,0.00191
3519.38481,0.00153
3517.45638,0.00181
3515.52795,0.00239
3513.59952,0.00263
3511.67109,0.00213
3509.74266,0.00101
3507.81423,0.00018
3505.88580,0.00031
3503.95737,0.00091
3502.02894,0.00101
3500.10051,0.00061
3498.17208,0.00042
3496.24365,0.00056
3494.31522,0.00066
3492.38679,0.00083
3490.45836,0.00121
3488.52993,0.00138
3486.60150,0.00127
3484.67307,0.00133
3482.74464,0.00154
3480.81621,0.00138
3478.88778,0.00104
3476.95935,0.00107
3475.03092,0.00139
3473.10249,0.00144
3471.17406,0.00106
3469.24563,0.00069
3467.31720,0.00070
3465.38877,0.00093
3463.46034,0.00128
3461.53191,0.00171
3459.60348,0.00195
3457.67505,0.00177
3455.74662,0.00148
3453.81819,0.00148
3451.88976,0.00161
3449.96133,0.00171
3448.03290,0.00161
3446.10447,0.00102
3444.17604,0.00049
3442.24761,0.00059
3440.31918,0.00097
3438.39075,0.00141
3436.46232,0.00200
3434.53389,0.00261
3432.60546,0.00285
3430.67703,0.00248
3428.74860,0.00171
3426.82017,0.00123
3424.89174,0.00128
3422.96331,0.00144
3421.03488,0.00148
3419.10645,0.00170
3417.17802,0.00231
3415.24959,0.00278
3413.32116,0.00264
3411.39273,0.00227
3409.46430,0.00206
3407.53587,0.00178
3405.60744,0.00142
3403.67901,0.00136
3401.75058,0.00177
3399.82215,0.00258
3397.89372,0.00290
3395.96529,0.00289
3394.03686,0.00294
3392.10843,0.00277
3390.18000,0.00216
3388.25157,0.00164
3386.32314,0.00171
3384.39471,0.00210
3382.46628,0.00252
3380.53785,0.00305
3378.60942,0.00353
3376.68099,0.00369
3374.75256,0.00360
3372.82413,0.00362
3370.89570,0.00406
3368.96727,0.00467
3367.03884,0.00484
3365.11041,0.00447
3363.18198,0.00403
3361.25355,0.00377
3359.32512,0.00363
3357.39669,0.00379
3355.46826,0.00429
3353.53983,0.00464
3351.61140,0.00465
3349.68297,0.00473
3347.75454,0.00490
3345.82611,0.00487
3343.89768,0.00491
3341.96925,0.00528
3340.04082,0.00568
3338.11239,0.00587
3336.18396,0.00587
3334.25553,0.00579
3332.32710,0.00578
3330.39867,0.00601
3328.47024,0.00648
3326.54181,0.00676
3324.61338,0.00662
3322.68495,0.00657
3320.75652,0.00694
3318.82809,0.00728
3316.89966,0.00703
3314.97122,0.00635
3313.04279,0.00617
3311.11436,0.00694
3309.18593,0.00771
3307.25750,0.00788
3305.32907,0.00801
3303.40064,0.00825
3301.47221,0.00822
3299.54378,0.00796
3297.61535,0.00793
3295.68692,0.00839
3293.75849,0.00885
3291.83006,0.00868
3289.90163,0.00805
3287.97320,0.00740
3286.04477,0.00703
3284.11634,0.00713
3282.18791,0.00747
3280.25948,0.00765
3278.33105,0.00775
3276.40262,0.00774
3274.47419,0.00733
3272.54576,0.00678
3270.61733,0.00669
3268.68890,0.00694
3266.76047,0.00696
3264.83204,0.00678
3262.90361,0.00655
3260.97518,0.00610
3259.04675,0.00566
3257.11832,0.00558
3255.18989,0.00554
3253.26146,0.00523
3251.33303,0.00491
3249.40460,0.00484
3247.47617,0.00490
3245.54774,0.00471
3243.61931,0.00422
3241.69088,0.00386
3239.76245,0.00392
3237.83402,0.00416
3235.90559,0.00421
3233.97716,0.00397
3232.04873,0.00363
3230.12030,0.00349
3228.19187,0.00374
3226.26344,0.00417
3224.33501,0.00444
3222.40658,0.00441
3220.47815,0.00423
3218.54972,0.00416
3216.62129,0.00410
3214.69286,0.00379
3212.76443,0.00344
3210.83600,0.00323
3208.90757,0.00303
3206.97914,0.00293
3205.05071,0.00307
3203.12228,0.00336
3201.19385,0.00359
3199.26542,0.00374
3197.33699,0.00374
3195.40856,0.00345
3193.48013,0.00303
3191.55170,0.00284
3189.62327,0.00282
3187.69484,0.00265
3185.76641,0.00226
3183.83798,0.00182
3181.90955,0.00172
3179.98112,0.00194
3178.05269,0.00196
3176.12426,0.00162
3174.19583,0.00135
3172.26740,0.00157
3170.33897,0.00218
3168.41054,0.00257
3166.48211,0.00226
3164.55368,0.00155
3162.62525,0.00117
3160.69682,0.00126
3158.76839,0.00133
3156.83996,0.00129
3154.91153,0.00125
3152.98310,0.00113
3151.05467,0.00113
3149.12624,0.00133
3147.19781,0.00144
3145.26938,0.00131
3143.34095,0.00102
3141.41252,0.00076
3139.48409,0.00075
3137.55566,0.00098
3135.62723,0.00100
3133.69880,0.00057
3131.77037,0.00028
3129.84194,0.00053
3127.91351,0.00068
3125.98508,0.00038
3124.05665,0.00020
3122.12822,0.00049
3120.19979,0.00094
3118.27136,0.00104
3116.34293,0.00061
3114.41450,0.00009
3112.48607,-0.00006
3110.55764,0.00004
3108.62921,0.00007
3106.70078,0.00000
3104.77235,0.00000
3102.84392,0.00011
3100.91549,0.00035
3098.98706,0.00067
3097.05863,0.00083
3095.13020,0.00064
3093.20177,0.00041
3091.27334,0.00048
3089.34491,0.00066
3087.41648,0.00060
3085.48805,0.00033
3083.55962,0.00026
3081.63119,0.00045
3079.70276,0.00055
3077.77433,0.00048
3075.84590,0.00034
3073.91747,0.00028
3071.98904,0.00047
3070.06061,0.00078
3068.13218,0.00086
3066.20375,0.00063
3064.27532,0.00038
3062.34689,0.00033
3060.41846,0.00043
3058.49003,0.00055
3056.56160,0.00067
3054.63317,0.00082
3052.70474,0.00099
3050.77631,0.00109
3048.84788,0.00106
3046.91945,0.00085
3044.99102,0.00046
3043.06259,0.00002
3041.13416,-0.00014
3039.20573,-0.00001
3037.27730,0.00019
3035.34887,0.00041
3033.42044,0.00057
3031.49201,0.00051
3029.56358,0.00037
3027.63515,0.00032
3025.70672,0.00036
3023.77829,0.00043
3021.84986,0.00043
3019.92143,0.00024
3017.99300,0.00000
3016.06457,0.00002
3014.13614,0.00036
3012.20771,0.00062
3010.27928,0.00051
3008.35085,0.00022
3006.42242,0.00007
3004.49399,0.00012
3002.56556,0.00015
3000.63713,0.00021
2998.70870,0.00038
2996.78027,0.00050
2994.85184,0.00060
2992.92341,0.00084
2990.99498,0.00112
2989.06655,0.00135
2987.13812,0.00132
2985.20969,0.00100
2983.28126,0.00084
2981.35283,0.00095
2979.42440,0.00116
2977.49597,0.00149
2975.56754,0.00196
2973.63911,0.00213
2971.71068,0.00175
2969.78225,0.00146
2967.85382,0.00184
2965.92539,0.00250
2963.99696,0.00277
2962.06853,0.00260
2960.14010,0.00241
2958.21167,0.00252
2956.28324,0.00280
2954.35481,0.00284
2952.42638,0.00260
2950.49795,0.00244
2948.56952,0.00242
2946.64109,0.00237
2944.71266,0.00244
2942.78423,0.00277
2940.85580,0.00318
2938.92737,0.00359
2936.99894,0.00400
2935.07051,0.00418
2933.14208,0.00400
2931.21365,0.00365
2929.28522,0.00338
2927.35679,0.00320
2925.42836,0.00287
2923.49993,0.00256
2921.57150,0.00280
2919.64307,0.00329
2917.71464,0.00336
2915.78621,0.00306
2913.85778,0.00277
2911.92935,0.00263
2910.00092,0.00259
2908.07249,0.00236
2906.14406,0.00191
2904.21563,0.00150
2902.28720,0.00115
2900.35877,0.00100
2898.43034,0.00120
2896.50191,0.00151
2894.57348,0.00166
2892.64505,0.00158
2890.71662,0.00132
2888.78819,0.00110
2886.85976,0.00110
2884.93133,0.00133
2883.00290,0.00159
2881.07447,0.00166
2879.14604,0.00157
2877.21761,0.00161
2875.28918,0.00176
2873.36075,0.00178
2871.43232,0.00169
2869.50389,0.00165
2867.57546,0.00146
2865.64703,0.00100
2863.71860,0.00063
2861.79017,0.00060
2859.86174,0.00081
2857.93331,0.00125
2856.00488,0.00169
2854.07645,0.00169
2852.14802,0.00135
2850.21959,0.00124
2848.29116,0.00139
2846.36273,0.00135
2844.43430,0.00108
2842.50587,0.00103
2840.57744,0.00122
2838.64901,0.00128
2836.72058,0.00096
2834.79215,0.00041
2832.86372,0.00001
2830.93529,0.00000
2829.00686,0.00021
2827.07843,0.00040
2825.15000,0.00054
2823.22157,0.00070
2821.29314,0.00086
2819.36471,0.00091
2817.43628,0.00082
2815.50785,0.00064
2813.57942,0.00042
2811.65099,0.00030
2809.72256,0.00025
2807.79413,0.00019
2805.86570,0.00034
2803.93727,0.00069
2802.00884,0.00088
2800.08041,0.00093
2798.15198,0.00094
2796.22355,0.00064
2794.29512,0.00025
2792.36669,0.00027
2790.43826,0.00054
2788.50983,0.00071
2786.58140,0.00068
2784.65297,0.00041
2782.72454,0.00012
2780.79611,0.00017
2778.86768,0.00038
2776.93925,0.00047
2775.01082,0.00046
2773.08239,0.00047
2771.15396,0.00054
2769.22553,0.00058
2767.29710,0.00044
2765.36867,0.00029
2763.44024,0.00039
2761.51181,0.00063
2759.58338,0.00075
2757.65495,0.00070
2755.72652,0.00054
2753.79809,0.00027
2751.86966,0.00000
2749.94123,0.00010
2748.01280,0.00062
2746.08437,0.00101
2744.15594,0.00093
2742.22751,0.00067
2740.29908,0.00057
2738.37065,0.00047
2736.44222,0.00027
2734.51379,0.00016
2732.58536,0.00011
2730.65693,0.00009
2728.72850,0.00016
2726.80007,0.00023
2724.87164,0.00024
2722.94321,0.00020
2721.01478,0.00020
2719.08635,0.00034
2717.15792,0.00052
2715.22949,0.00067
2713.30105,0.00082
2711.37262,0.00082
2709.44419,0.00064
2707.51576,0.00058
2705.58733,0.00064
2703.65890,0.00063
2701.73047,0.00057
2699.80204,0.00050
2697.87361,0.00037
2695.94518,0.00021
2694.01675,0.00017
2692.08832,0.00029
2690.15989,0.00041
2688.23146,0.00049
2686.30303,0.00057
2684.37460,0.00062
2682.44617,0.00071
2680.51774,0.00085
2678.58931,0.00106
2676.66088,0.00117
2674.73245,0.00087
2672.80402,0.00041
2670.87559,0.00033
2668.94716,0.00058
2667.01873,0.00062
2665.09030,0.00026
2663.16187,0.00000
2661.23344,0.00021
2659.30501,0.00057
2657.37658,0.00058
2655.44815,0.00027
2653.51972,0.00005
2651.59129,0.00011
2649.66286,0.00028
2647.73443,0.00041
2645.80600,0.00042
2643.87757,0.00038
2641.94914,0.00051
2640.02071,0.00070
2638.09228,0.00079
2636.16385,0.00080
2634.23542,0.00071
2632.30699,0.00067
2630.37856,0.00093
2628.45013,0.00123
2626.52170,0.00109
2624.59327,0.00062
2622.66484,0.00028
2620.73641,0.00026
2618.80798,0.00043
2616.87955,0.00063
2614.95112,0.00071
2613.02269,0.00070
2611.09426,0.00067
2609.16583,0.00067
2607.23740,0.00068
2605.30897,0.00060
2603.38054,0.00046
2601.45211,0.00033
2599.52368,0.00014
2597.59525,0.00000
2595.66682,0.00005
2593.73839,0.00034
2591.80996,0.00073
2589.88153,0.00100
2587.95310,0.00102
2586.02467,0.00084
2584.09624,0.00056
2582.16781,0.00032
2580.23938,0.00038
2578.31095,0.00079
2576.38252,0.00106
2574.45409,0.00094
2572.52566,0.00077
2570.59723,0.00078
2568.66880,0.00087
2566.74037,0.00085
2564.81194,0.00082
2562.88351,0.00096
2560.95508,0.00114
2559.02665,0.00110
2557.09822,0.00091
2555.16979,0.00077
2553.24136,0.00076
2551.31293,0.00077
2549.38450,0.00061
2547.45607,0.00039
2545.52764,0.00035
2543.59921,0.00048
2541.67078,0.00055
2539.74235,0.00050
2537.81392,0.00043
2535.88549,0.00048
2533.95706,0.00070
2532.02863,0.00089
2530.10020,0.00080
2528.17177,0.00063
2526.24334,0.00068
2524.31491,0.00069
2522.38648,0.00044
2520.45805,0.00025
2518.52962,0.00024
2516.60119,0.00025
2514.67276,0.00030
2512.74433,0.00029
2510.81590,0.00022
2508.88747,0.00028
2506.95904,0.00043
2505.03061,0.00048
2503.10218,0.00044
2501.17375,0.00029
2499.24532,0.00017
2497.31689,0.00031
2495.38846,0.00062
2493.46003,0.00078
2491.53160,0.00069
2489.60317,0.00066
2487.67474,0.00082
2485.74631,0.00085
2483.81788,0.00064
2481.88945,0.00053
2479.96102,0.00054
2478.03259,0.00035
2476.10416,0.00002
2474.17573,-0.00005
2472.24730,0.00012
2470.31887,0.00040
2468.39044,0.00059
2466.46201,0.00065
2464.53358,0.00067
2462.60515,0.00064
2460.67672,0.00054
2458.74829,0.00039
2456.81986,0.00033
2454.89143,0.00039
2452.96300,0.00054
2451.03457,0.00064
2449.10614,0.00053
2447.17771,0.00028
2445.24928,0.00005
2443.32085,0.00000
2441.39242,0.00011
2439.46399,0.00015
2437.53556,0.00007
2435.60713,0.00004
2433.67870,0.00004
2431.75027,0.00003
2429.82184,0.00009
2427.89341,0.00012
2425.96498,0.00006
2424.03655,0.00006
2422.10812,0.00005
2420.17969,0.00004
2418.25126,0.00003
2416.32283,0.00003
2414.39440,0.00002
2412.46597,0.00002
2410.53754,0.00001
2408.60911,0.00001
2406.68068,0.00001
2404.75225,0.00000
2402.82382,0.00000
2400.89539,0.00000
2398.96696,-0.00001
2397.03853,-0.00001
2395.11010,-0.00002
2393.18167,-0.00003
2391.25324,-0.00003
2389.32481,-0.00004
2387.39638,-0.00004
2385.46795,-0.00005
2383.53952,-0.00005
2381.61109,-0.00005
2379.68266,-0.00005
2377.75423,-0.00006
2375.82580,-0.00006
2373.89737,-0.00006
2371.96894,-0.00006
2370.04051,-0.00006
2368.11208,-0.00006
2366.18365,-0.00006
2364.25522,-0.00006
2362.32679,-0.00006
2360.39836,-0.00005
2358.46993,-0.00005
2356.54150,-0.00005
2354.61307,-0.00004
2352.68464,-0.00004
2350.75621,-0.00004
2348.82778,-0.00003
2346.89935,-0.00003
2344.97092,-0.00002
2343.04249,-0.00001
2341.11406,-0.00001
2339.18563,0.00000
2337.25720,0.00001
2335.32877,0.00002
2333.40034,0.00003
2331.47191,0.00004
2329.54348,0.00005
2327.61505,0.00006
2325.68662,0.00007
2323.75819,0.00008
2321.82976,0.00009
2319.90133,0.00010
2317.97290,0.00012
2316.04447,0.00013
2314.11604,0.00014
2312.18761,0.00016
2310.25918,0.00017
2308.33075,0.00019
2306.40232,0.00020
2304.47389,0.00022
2302.54546,0.00024
2300.61703,0.00025
2298.68860,0.00027
2296.76017,0.00029
2294.83174,0.00031
2292.90331,0.00033
2290.97488,0.00035
2289.04645,0.00037
2287.11802,0.00039
2285.18959,0.00041
2283.26116,0.00043
2281.33273,0.00045
2279.40430,0.00047
2277.47587,0.00050
2275.54744,0.00052
2273.61901,0.00054
2271.69058,0.00057
2269.76215,0.00059
2267.83372,0.00062
2265.90529,0.00064
2263.97686,0.00067
2262.04843,0.00070
2260.12000,0.00072
2258.19157,0.00075
2256.26314,0.00078
2254.33471,0.00081
2252.40628,0.00084
2250.47785,0.00087
2248.54942,0.00090
2246.62099,0.00093
2244.69256,0.00096
2242.76413,0.00099
2240.83570,0.00095
2238.90727,0.00105
2236.97884,0.00104
2235.05041,0.00088
2233.12198,0.00067
2231.19355,0.00040
2229.26512,0.00019
2227.33669,0.00014
2225.40826,0.00010
2223.47983,0.00009
2221.55140,0.00016
2219.62297,0.00016
2217.69454,0.00021
2215.76611,0.00045
2213.83768,0.00053
2211.90925,0.00027
2209.98082,0.00000
2208.05239,0.00009
2206.12396,0.00042
2204.19553,0.00062
2202.26710,0.00065
2200.33867,0.00078
2198.41024,0.00100
2196.48181,0.00101
2194.55338,0.00080
2192.62495,0.00062
2190.69652,0.00044
2188.76809,0.00023
2186.83966,0.00020
2184.91123,0.00037
2182.98280,0.00045
2181.05437,0.00029
2179.12594,0.00017
2177.19751,0.00017
2175.26908,0.00018
2173.34065,0.00026
2171.41222,0.00043
2169.48379,0.00048
2167.55536,0.00030
2165.62693,0.00018
2163.69850,0.00035
2161.77007,0.00046
2159.84164,0.00037
2157.91321,0.00041
2155.98478,0.00070
2154.05635,0.00085
2152.12792,0.00057
2150.19949,0.00014
2148.27106,0.00000
2146.34263,0.00028
2144.41420,0.00070
2142.48577,0.00088
2140.55734,0.00078
2138.62891,0.00046
2136.70048,0.00020
2134.77205,0.00017
2132.84362,0.00029
2130.91519,0.00048
2128.98676,0.00069
2127.05833,0.00076
2125.12990,0.00065
2123.20147,0.00045
2121.27304,0.00029
2119.34461,0.00018
2117.41618,0.00014
2115.48775,0.00027
2113.55932,0.00048
2111.63089,0.00061
2109.70245,0.00061
2107.77402,0.00050
2105.84559,0.00050
2103.91716,0.00064
2101.98873,0.00065
2100.06030,0.00048
2098.13187,0.00035
2096.20344,0.00032
2094.27501,0.00035
2092.34658,0.00029
2090.41815,0.00020
2088.48972,0.00023
2086.56129,0.00027
2084.63286,0.00017
2082.70443,0.00008
2080.77600,0.00014
2078.84757,0.00021
2076.91914,0.00016
2074.99071,0.00006
2073.06228,0.00000
2071.13385,0.00000
2069.20542,0.00014
2067.27699,0.00031
2065.34856,0.00042
2063.42013,0.00049
2061.49170,0.00045
2059.56327,0.00027
2057.63484,0.00018
2055.70641,0.00014
2053.77798,0.00002
2051.84955,-0.00005
2049.92112,0.00005
2047.99269,0.00022
2046.06426,0.00034
2044.13583,0.00050
2042.20740,0.00068
2040.27897,0.00062
2038.35054,0.00030
2036.42211,0.00008
2034.49368,0.00010
2032.56525,0.00013
2030.63682,0.00005
2028.70839,-0.00004
2026.77996,-0.00001
2024.85153,0.00018
2022.92310,0.00037
2020.99467,0.00044
2019.06624,0.00038
2017.13781,0.00023
2015.20938,0.00018
2013.28095,0.00034
2011.35252,0.00050
2009.42409,0.00046
2007.49566,0.00027
2005.56723,0.00017
2003.63880,0.00023
2001.71037,0.00026
1999.78194,0.00016
1997.85351,0.00014
1995.92508,0.00031
1993.99665,0.00042
1992.06822,0.00032
1990.13979,0.00013
1988.21136,0.00000
1986.28293,0.00005
1984.35450,0.00028
1982.42607,0.00038
1980.49764,0.00022
1978.56921,0.00007
1976.64078,0.00014
1974.71235,0.00020
1972.78392,0.00019
1970.85549,0.00027
1968.92706,0.00036
1966.99863,0.00034
1965.07020,0.00028
1963.14177,0.00031
1961.21334,0.00043
1959.28491,0.00059
1957.35648,0.00058
1955.42805,0.00034
1953.49962,0.00011
1951.57119,0.00010
1949.64276,0.00024
1947.71433,0.00040
1945.78590,0.00051
1943.85747,0.00046
1941.92904,0.00030
1940.00061,0.00030
1938.07218,0.00043
1936.14375,0.00046
1934.21532,0.00029
1932.28689,0.00005
1930.35846,0.00000
1928.43003,0.00011
1926.50160,0.00021
1924.57317,0.00028
1922.64474,0.00039
1920.71631,0.00057
1918.78788,0.00066
1916.85945,0.00051
1914.93102,0.00041
1913.00259,0.00055
1911.07416,0.00069
1909.14573,0.00071
1907.21730,0.00074
1905.28887,0.00075
1903.36044,0.00062
1901.43201,0.00044
1899.50358,0.00037
1897.57515,0.00041
1895.64672,0.00042
1893.71829,0.00041
1891.78986,0.00039
1889.86143,0.00035
1887.93300,0.00039
1886.00457,0.00050
1884.07614,0.00053
1882.14771,0.00058
1880.21928,0.00077
1878.29085,0.00096
1876.36242,0.00098
1874.43399,0.00085
1872.50556,0.00076
1870.57713,0.00064
1868.64870,0.00029
1866.72027,0.00000
1864.79184,0.00016
1862.86341,0.00046
1860.93498,0.00060
1859.00655,0.00069
1857.07812,0.00088
1855.14969,0.00098
1853.22126,0.00093
1851.29283,0.00089
1849.36440,0.00097
1847.43597,0.00116
1845.50754,0.00128
1843.57911,0.00110
1841.65068,0.00086
1839.72225,0.00078
1837.79382,0.00080
1835.86539,0.00086
1833.93696,0.00086
1832.00853,0.00057
1830.08010,0.00009
1828.15167,-0.00009
1826.22324,-0.00007
1824.29481,-0.00006
1822.36638,0.00013
1820.43795,0.00056
1818.50952,0.00092
1816.58109,0.00101
1814.65266,0.00085
1812.72423,0.00049
1810.79580,0.00014
1808.86737,0.00011
1806.93894,0.00040
1805.01051,0.00071
1803.08208,0.00083
1801.15365,0.00071
1799.22522,0.00059
1797.29679,0.00068
1795.36836,0.00075
1793.43993,0.00051
1791.51150,0.00018
1789.58307,0.00030
1787.65464,0.00085
1785.72621,0.00128
1783.79778,0.00120
1781.86935,0.00081
1779.94092,0.00063
1778.01249,0.00089
1776.08406,0.00118
1774.15563,0.00090
1772.22720,0.00016
1770.29877,-0.00005
1768.37034,0.00029
1766.44191,0.00065
1764.51348,0.00082
1762.58505,0.00085
1760.65662,0.00082
1758.72819,0.00082
1756.79976,0.00079
1754.87133,0.00091
1752.94290,0.00118
1751.01447,0.00097
1749.08604,0.00020
1747.15761,0.00000
1745.22918,0.00057
1743.30075,0.00118
1741.37232,0.00139
1739.44389,0.00134
1737.51546,0.00133
1735.58703,0.00112
1733.65860,0.00051
1731.73017,0.00029
1729.80174,0.00066
1727.87331,0.00105
1725.94488,0.00125
1724.01645,0.00144
1722.08802,0.00181
1720.15959,0.00218
1718.23116,0.00211
1716.30273,0.00173
1714.37430,0.00190
1712.44587,0.00271
1710.51744,0.00359
1708.58901,0.00418
1706.66058,0.00454
1704.73215,0.00514
1702.80372,0.00616
1700.87529,0.00717
1698.94686,0.00780
1697.01843,0.00842
1695.09000,0.00951
1693.16157,0.01082
1691.23314,0.01209
1689.30471,0.01341
1687.37628,0.01474
1685.44785,0.01562
1683.51942,0.01630
1681.59099,0.01767
1679.66256,0.01956
1677.73413,0.02118
1675.80570,0.02225
1673.87727,0.02301
1671.94884,0.02376
1670.02041,0.02465
1668.09198,0.02604
1666.16355,0.02778
1664.23512,0.02934
1662.30669,0.03064
1660.37826,0.03212
1658.44983,0.03385
1656.52140,0.03532
1654.59297,0.03582
1652.66454,0.03533
1650.73611,0.03527
1648.80768,0.03513
1646.87925,0.03376
1644.95082,0.03244
1643.02239,0.03201
1641.09396,0.03186
1639.16553,0.03152
1637.23710,0.03019
1635.30867,0.02744
1633.38024,0.02521
1631.45181,0.02422
1629.52338,0.02323
1627.59495,0.02176
1625.66652,0.02036
1623.73809,0.01908
1621.80966,0.01791
1619.88123,0.01685
1617.95280,0.01528
1616.02437,0.01341
1614.09594,0.01245
1612.16751,0.01212
1610.23908,0.01156
1608.31065,0.01069
1606.38222,0.00988
1604.45379,0.00931
1602.52536,0.00895
1600.59693,0.00880
1598.66850,0.00877
1596.74007,0.00878
1594.81164,0.00875
1592.88321,0.00867
1590.95478,0.00861
1589.02635,0.00869
1587.09792,0.00892
1585.16949,0.00921
1583.24106,0.00946
1581.31263,0.00979
1579.38420,0.01023
1577.45577,0.01051
1575.52734,0.01073
1573.59891,0.01133
1571.67048,0.01186
1569.74205,0.01190
1567.81362,0.01213
1565.88519,0.01314
1563.95676,0.01451
1562.02833,0.01557
1560.09990,0.01608
1558.17147,0.01642
1556.24304,0.01747
1554.31461,0.01897
1552.38618,0.02034
1550.45775,0.02129
1548.52932,0.02193
1546.60089,0.02240
1544.67246,0.02260
1542.74403,0.02206
1540.81560,0.02062
1538.88717,0.02022
1536.95874,0.02128
1535.03031,0.02189
1533.10188,0.02114
1531.17345,0.02029
1529.24502,0.02008
1527.31659,0.01983
1525.38816,0.01942
1523.45973,0.01924
1521.53130,0.01881
1519.60287,0.01749
1517.67444,0.01572
1515.74601,0.01458
1513.81758,0.01446
1511.88915,0.01461
1509.96072,0.01400
1508.03229,0.01167
1506.10385,0.00870
1504.17542,0.00810
1502.24699,0.00871
1500.31856,0.00847
1498.39013,0.00706
1496.46170,0.00560
1494.53327,0.00491
1492.60484,0.00448
1490.67641,0.00347
1488.74798,0.00215
1486.81955,0.00162
1484.89112,0.00188
1482.96269,0.00208
1481.03426,0.00196
1479.10583,0.00191
1477.17740,0.00207
1475.24897,0.00198
1473.32054,0.00149
1471.39211,0.00149
1469.46368,0.00224
1467.53525,0.00282
1465.60682,0.00276
1463.67839,0.00269
1461.74996,0.00304
1459.82153,0.00336
1457.89310,0.00315
1455.96467,0.00286
1454.03624,0.00305
1452.10781,0.00350
1450.17938,0.00374
1448.25095,0.00362
1446.32252,0.00330
1444.39409,0.00302
1442.46566,0.00292
1440.53723,0.00305
1438.60880,0.00328
1436.68037,0.00322
1434.75194,0.00286
1432.82351,0.00250
1430.89508,0.00219
1428.96665,0.00199
1427.03822,0.00199
1425.10979,0.00210
1423.18136,0.00218
1421.25293,0.00218
1419.32450,0.00215
1417.39607,0.00220
1415.46764,0.00234
1413.53921,0.00243
1411.61078,0.00245
1409.68235,0.00249
1407.75392,0.00254
1405.82549,0.00253
1403.89706,0.00262
1401.96863,0.00301
1400.04020,0.00350
1398.11177,0.00377
1396.18334,0.00364
1394.25491,0.00331
1392.32648,0.00316
1390.39805,0.00310
1388.46962,0.00277
1386.54119,0.00227
1384.61276,0.00202
1382.68433,0.00196
1380.75590,0.00184
1378.82747,0.00163
1376.89904,0.00133
1374.97061,0.00098
1373.04218,0.00073
1371.11375,0.00061
1369.18532,0.00055
1367.25689,0.00051
1365.32846,0.00049
1363.40003,0.00047
1361.47160,0.00050
1359.54317,0.00057
1357.61474,0.00052
1355.68631,0.00026
1353.75788,0.00000
1351.82945,-0.00002
1349.90102,0.00019
1347.97259,0.00051
1346.04416,0.00074
1344.11573,0.00091
1342.18730,0.00111
1340.25887,0.00135
1338.33044,0.00155
1336.40201,0.00159
1334.47358,0.00153
1332.54515,0.00157
1330.61672,0.00183
1328.68829,0.00219
1326.75986,0.00249
1324.83143,0.00268
1322.90300,0.00276
1320.97457,0.00276
1319.04614,0.00283
1317.11771,0.00311
1315.18928,0.00347
1313.26085,0.00373
1311.33242,0.00393
1309.40399,0.00411
1307.47556,0.00425
1305.54713,0.00439
1303.61870,0.00459
1301.69027,0.00485
1299.76184,0.00521
1297.83341,0.00573
1295.90498,0.00633
1293.97655,0.00686
1292.04812,0.00726
1290.11969,0.00757
1288.19126,0.00781
1286.26283,0.00804
1284.33440,0.00847
1282.40597,0.00914
1280.47754,0.00979
1278.54911,0.01032
1276.62068,0.01086
1274.69225,0.01147
1272.76382,0.01219
1270.83539,0.01304
1268.90696,0.01390
1266.97853,0.01462
1265.05010,0.01529
1263.12167,0.01609
1261.19324,0.01720
1259.26481,0.01868
1257.33638,0.02025
1255.40795,0.02160
1253.47952,0.02280
1251.55109,0.02398
1249.62266,0.02510
1247.69423,0.02627
1245.76580,0.02759
1243.83737,0.02897
1241.90894,0.03030
1239.98051,0.03155
1238.05208,0.03263
1236.12365,0.03359
1234.19522,0.03461
1232.26679,0.03555
1230.33836,0.03621
1228.40993,0.03691
1226.48150,0.03786
1224.55307,0.03880
1222.62464,0.03936
1220.69621,0.03971
1218.76778,0.04017
1216.83935,0.04065
1214.91092,0.04101
1212.98249,0.04154
1211.05406,0.04240
1209.12563,0.04342
1207.19720,0.04439
1205.26877,0.04513
1203.34034,0.04555
1201.41191,0.04572
1199.48348,0.04591
1197.55505,0.04643
1195.62662,0.04729
1193.69819,0.04818
1191.76976,0.04883
1189.84133,0.04930
1187.91290,0.04988
1185.98447,0.05065
1184.05604,0.05147
1182.12761,0.05245
1180.19918,0.05351
1178.27075,0.05451
1176.34232,0.05564
1174.41389,0.05693
1172.48546,0.05802
1170.55703,0.05898
1168.62860,0.06014
1166.70017,0.06127
1164.77174,0.06201
1162.84331,0.06247
1160.91488,0.06302
1158.98645,0.06395
1157.05802,0.06524
1155.12959,0.06650
1153.20116,0.06759
1151.27273,0.06860
1149.34430,0.06938
1147.41587,0.06986
1145.48744,0.07045
1143.55901,0.07139
1141.63058,0.07234
1139.70215,0.07303
1137.77372,0.07377
1135.84529,0.07475
1133.91686,0.07573
1131.98843,0.07691
1130.06000,0.07854
1128.13157,0.08038
1126.20314,0.08228
1124.27471,0.08415
1122.34628,0.08603
1120.41785,0.08840
1118.48942,0.09120
1116.56099,0.09388
1114.63256,0.09635
1112.70413,0.09896
1110.77570,0.10200
1108.84727,0.10531
1106.91884,0.10834
1104.99041,0.11105
1103.06198,0.11391
1101.13355,0.11724
1099.20512,0.12074
1097.27669,0.12364
1095.34826,0.12587
1093.41983,0.12822
1091.49140,0.13088
1089.56297,0.13322
1087.63454,0.13482
1085.70611,0.13572
1083.77768,0.13636
1081.84925,0.13724
1079.92082,0.13815
1077.99239,0.13866
1076.06396,0.13896
1074.13553,0.13917
1072.20710,0.13919
1070.27867,0.13916
1068.35024,0.13926
1066.42181,0.13923
1064.49338,0.13897
1062.56495,0.13862
1060.63652,0.13799
1058.70809,0.13723
1056.77966,0.13643
1054.85123,0.13505
1052.92280,0.13311
1050.99437,0.13104
1049.06594,0.12869
1047.13751,0.12579
1045.20908,0.12250
1043.28065,0.11914
1041.35222,0.11573
1039.42379,0.11209
1037.49536,0.10821
1035.56693,0.10401
1033.63850,0.09936
1031.71007,0.09446
1029.78164,0.08943
1027.85321,0.08414
1025.92478,0.07890
1023.99635,0.07397
1022.06792,0.06910
1020.13949,0.06434
1018.21106,0.05997
1016.28263,0.05592
1014.35420,0.05220
1012.42577,0.04861
1010.49734,0.04481
1008.56891,0.04083
1006.64048,0.03704
1004.71205,0.03355
1002.78362,0.03024
1000.85519,0.02732
998.92676,0.02510
996.99833,0.02340
995.06990,0.02174
993.14147,0.02018
991.21304,0.01922
989.28461,0.01887
987.35618,0.01849
985.42775,0.01780
983.49932,0.01739
981.57089,0.01771
979.64246,0.01823
977.71403,0.01850
975.78560,0.01863
973.85717,0.01864
971.92874,0.01844
970.00031,0.01796
968.07188,0.01719
966.14345,0.01639
964.21502,0.01596
962.28659,0.01611
960.35816,0.01632
958.42973,0.01598
956.50130,0.01534
954.57287,0.01462
952.64444,0.01367
950.71601,0.01282
948.78758,0.01238
946.85915,0.01222
944.93072,0.01206
943.00229,0.01159
941.07386,0.01065
939.14543,0.00963
937.21700,0.00915
935.28857,0.00904
933.36014,0.00864
931.43171,0.00802
929.50328,0.00746
927.57485,0.00690
925.64642,0.00636
923.71799,0.00607
921.78956,0.00602
919.86113,0.00578
917.93270,0.00501
916.00427,0.00412
914.07584,0.00357
912.14741,0.00316
910.21898,0.00289
908.29055,0.00295
906.36212,0.00292
904.43368,0.00264
902.50525,0.00254
900.57682,0.00262
898.64839,0.00263
896.71996,0.00251
894.79153,0.00207
892.86310,0.00127
890.93467,0.00042
889.00624,0.00000
887.07781,0.00011
885.14938,0.00020
883.22095,0.00004
881.29252,0.00005
879.36409,0.00032
877.43566,0.00064
875.50723,0.00061
873.57880,0.00016
871.65037,0.00000
869.72194,0.00075
867.79351,0.00148
865.86508,0.00172
863.93665,0.00197
862.00822,0.00243
860.07979,0.00277
858.15136,0.00294
856.22293,0.00341
854.29450,0.00426
852.36607,0.00471
850.43764,0.00471
848.50921,0.00526
846.58078,0.00617
844.65235,0.00656
842.72392,0.00696
840.79549,0.00810
838.86706,0.00940
836.93863,0.01037
835.01020,0.01140
833.08177,0.01263
831.15334,0.01360
829.22491,0.01418
827.29648,0.01505
825.36805,0.01634
823.43962,0.01734
821.51119,0.01778
819.58276,0.01807
817.65433,0.01857
815.72590,0.01957
813.79747,0.02114
811.86904,0.02280
809.94061,0.02398
808.01218,0.02482
806.08375,0.02563
804.15532,0.02565
802.22689,0.02468
800.29846,0.02405
798.37003,0.02425
796.44160,0.02449
794.51317,0.02449
792.58474,0.02423
790.65631,0.02357
788.72788,0.02285
786.79945,0.02208
784.87102,0.02067
782.94259,0.01897
781.01416,0.01764
779.08573,0.01611
777.15730,0.01410
775.22887,0.01232
773.30044,0.01068
771.37201,0.00902
769.44358,0.00788
767.51515,0.00730
765.58672,0.00711
763.65829,0.00685
761.72986,0.00625
759.80143,0.00597
757.87300,0.00615
755.94457,0.00602
754.01614,0.00544
752.08771,0.00509
750.15928,0.00515
748.23085,0.00494
746.30242,0.00435
744.37399,0.00421
742.44556,0.00481
740.51713,0.00494
738.58870,0.00388
736.66027,0.00268
734.73184,0.00226
732.80341,0.00254
730.87498,0.00303
728.94655,0.00348
727.01812,0.00407
725.08969,0.00472
723.16126,0.00640
721.23283,0.00582
719.30440,0.00498
717.37597,0.00455
715.44754,0.00403
713.51911,0.00407
711.59068,0.00449
709.66225,0.00448
707.73382,0.00416
705.80539,0.00463
703.87696,0.00609
701.94853,0.00757
700.02010,0.00847
698.09167,0.00919
696.16324,0.00979
694.23481,0.00963
692.30638,0.00863
690.37795,0.00720
688.44952,0.00581
686.52109,0.00505
684.59266,0.00488
682.66423,0.00438
680.73580,0.00368
678.80737,0.00456
676.87894,0.00723
674.95051,0.00968
673.02208,0.01086
671.09365,0.01002
669.16522,0.00623
667.23679,0.00363
665.30836,0.00607
663.37993,0.00952
661.45150,0.01140
659.52307,0.01176
657.59464,0.01132
655.66621,0.01063
653.73778,0.00893
651.80935,0.00572
649.88092,0.00297
647.95249,0.00233
646.02406,0.00220
644.09563,0.00171
642.16720,0.00060
640.23877,0.00000
638.31034,0.00123
636.38191,0.00319
634.45348,0.00360
632.52505,0.00229
630.59662,0.00081
628.66819,0.00094
626.73976,0.00352
624.81133,0.00630
622.88290,0.00405
620.95447,0.00011
619.02604,0.00018
617.09761,0.00231
615.16918,0.00185
613.24075,0.00025
611.31232,0.00000
609.38389,0.00177
607.45546,0.00469
605.52703,0.00613
603.59860,0.00389
601.67017,0.00041
599.74174,0.00000
