4001.49232,-0.00026
3999.56389,-0.00003
3997.63546,0.00001
3995.70703,0.00026
3993.77860,0.00061
3991.85017,0.00067
3989.92174,0.00037
3987.99331,0.00006
3986.06488,0.00009
3984.13645,0.00039
3982.20802,0.00045
3980.27959,0.00014
3978.35116,0.00000
3976.42273,0.00025
3974.49430,0.00042
3972.56587,0.00046
3970.63744,0.00066
3968.70901,0.00100
3966.78058,0.00124
3964.85215,0.00133
3962.92372,0.00139
3960.99529,0.00125
3959.06686,0.00079
3957.13843,0.00032
3955.21000,0.00042
3953.28157,0.00126
3951.35314,0.00218
3949.42471,0.00245
3947.49628,0.00228
3945.56785,0.00215
3943.63942,0.00170
3941.71099,0.00075
3939.78256,0.00022
3937.85413,0.00055
3935.92570,0.00138
3933.99727,0.00208
3932.06884,0.00205
3930.14041,0.00140
3928.21198,0.00107
3926.28355,0.00127
3924.35512,0.00157
3922.42669,0.00201
3920.49826,0.00246
3918.56982,0.00237
3916.64139,0.00160
3914.71296,0.00074
3912.78453,0.00036
3910.85610,0.00071
3908.92767,0.00181
3906.99924,0.00309
3905.07081,0.00352
3903.14238,0.00285
3901.21395,0.00179
3899.28552,0.00080
3897.35709,0.00035
3895.42866,0.00101
3893.50023,0.00236
3891.57180,0.00330
3889.64337,0.00387
3887.71494,0.00477
3885.78651,0.00530
3883.85808,0.00491
3881.92965,0.00414
3880.00122,0.00309
3878.07279,0.00257
3876.14436,0.00319
3874.21593,0.00399
3872.28750,0.00424
3870.35907,0.00371
3868.43064,0.00286
3866.50221,0.00261
3864.57378,0.00229
3862.64535,0.00161
3860.71692,0.00199
3858.78849,0.00416
3856.86006,0.00689
3854.93163,0.00698
3853.00320,0.00290
3851.07477,0.00007
3849.14634,0.00124
3847.21791,0.00349
3845.28948,0.00446
3843.36105,0.00381
3841.43262,0.00260
3839.50419,0.00195
3837.57576,0.00192
3835.64733,0.00214
3833.71890,0.00228
3831.79047,0.00205
3829.86204,0.00179
3827.93361,0.00198
3826.00518,0.00271
3824.07675,0.00373
3822.14832,0.00364
3820.21989,0.00176
3818.29146,0.00030
3816.36303,0.00000
3814.43460,0.00029
3812.50617,0.00166
3810.57774,0.00361
3808.64931,0.00453
3806.72088,0.00396
3804.79245,0.00339
3802.86402,0.00303
3800.93559,0.00165
3799.00716,0.00067
3797.07873,0.00088
3795.15030,0.00105
3793.22187,0.00097
3791.29344,0.00107
3789.36501,0.00136
3787.43658,0.00161
3785.50815,0.00161
3783.57972,0.00171
3781.65129,0.00196
3779.72286,0.00150
3777.79443,0.00046
3775.86600,0.00044
3773.93757,0.00158
3772.00914,0.00252
3770.08071,0.00243
3768.15228,0.00198
3766.22385,0.00187
3764.29542,0.00204
3762.36699,0.00267
3760.43856,0.00350
3758.51013,0.00388
3756.58170,0.00421
3754.65327,0.00472
3752.72484,0.00425
3750.79641,0.00247
3748.86798,0.00170
3746.93955,0.00245
3745.01112,0.00290
3743.08269,0.00262
3741.15426,0.00321
3739.22583,0.00458
3737.29740,0.00489
3735.36897,0.00293
3733.44054,0.00028
3731.51211,0.00000
3729.58368,0.00200
3727.65525,0.00413
3725.72682,0.00481
3723.79839,0.00418
3721.86996,0.00323
3719.94153,0.00258
3718.01310,0.00262
3716.08467,0.00333
3714.15624,0.00407
3712.22781,0.00383
3710.29938,0.00250
3708.37095,0.00145
3706.44252,0.00156
3704.51409,0.00210
3702.58566,0.00206
3700.65723,0.00152
3698.72880,0.00132
3696.80037,0.00170
3694.87194,0.00253
3692.94351,0.00337
3691.01508,0.00312
3689.08665,0.00167
3687.15822,0.00099
3685.22979,0.00180
3683.30136,0.00298
3681.37293,0.00368
3679.44450,0.00388
3677.51607,0.00373
3675.58764,0.00289
3673.65921,0.00181
3671.73078,0.00134
3669.80235,0.00076
3667.87392,0.00059
3665.94549,0.00140
3664.01706,0.00226
3662.08863,0.00259
3660.16020,0.00283
3658.23177,0.00302
3656.30334,0.00291
3654.37491,0.00321
3652.44648,0.00398
3650.51805,0.00324
3648.58962,0.00081
3646.66119,0.00000
3644.73276,0.00127
3642.80433,0.00254
3640.87590,0.00290
3638.94747,0.00303
3637.01904,0.00362
3635.09061,0.00449
3633.16218,0.00502
3631.23375,0.00487
3629.30532,0.00349
3627.37689,0.00157
3625.44846,0.00144
3623.52003,0.00274
3621.59160,0.00318
3619.66317,0.00176
3617.73474,0.00041
3615.80631,0.00077
3613.87788,0.00176
3611.94945,0.00259
3610.02102,0.00321
3608.09259,0.00295
3606.16416,0.00210
3604.23573,0.00192
3602.30730,0.00236
3600.37887,0.00279
3598.45044,0.00323
3596.52201,0.00349
3594.59358,0.00322
3592.66515,0.00306
3590.73672,0.00379
3588.80829,0.00441
3586.87986,0.00323
3584.95143,0.00110
3583.02300,0.00010
3581.09457,0.00029
3579.16614,0.00080
3577.23771,0.00111
3575.30928,0.00105
3573.38085,0.00103
3571.45242,0.00171
3569.52399,0.00287
3567.59556,0.00305
3565.66713,0.00165
3563.73870,0.00061
3561.81027,0.00095
3559.88184,0.00159
3557.95341,0.00187
3556.02498,0.00211
3554.09655,0.00227
3552.16812,0.00204
3550.23969,0.00182
3548.31126,0.00212
3546.38283,0.00232
3544.45440,0.00154
3542.52597,0.00049
3540.59754,0.00028
3538.66911,0.00078
3536.74068,0.00120
3534.81225,0.00100
3532.88382,0.00046
3530.95539,0.00007
3529.02696,0.00007
3527.09853,0.00064
3525.17010,0.00153
3523.24167,0.00195
3521.31324,0.00174
3519.38481,0.00154
3517.45638,0.00164
3515.52795,0.00176
3513.59952,0.00179
3511.67109,0.00167
3509.74266,0.00103
3507.81423,0.00016
3505.88580,0.00000
3503.95737,0.00058
3502.02894,0.00098
3500.10051,0.00089
3498.17208,0.00091
3496.24365,0.00107
3494.31522,0.00102
3492.38679,0.00095
3490.45836,0.00112
3488.52993,0.00131
3486.60150,0.00137
3484.67307,0.00156
3482.74464,0.00186
3480.81621,0.00184
3478.88778,0.00141
3476.95935,0.00103
3475.03092,0.00109
3473.10249,0.00131
3471.17406,0.00114
3469.24563,0.00078
3467.31720,0.00090
3465.38877,0.00155
3463.46034,0.00230
3461.53191,0.00270
3459.60348,0.00248
3457.67505,0.00187
3455.74662,0.00149
3453.81819,0.00174
3451.88976,0.00238
3449.96133,0.00300
3448.03290,0.00321
3446.10447,0.00260
3444.17604,0.00166
3442.24761,0.00137
3440.31918,0.00187
3438.39075,0.00256
3436.46232,0.00285
3434.53389,0.00280
3432.60546,0.00268
3430.67703,0.00223
3428.74860,0.00148
3426.82017,0.00106
3424.89174,0.00121
3422.96331,0.00153
3421.03488,0.00180
3419.10645,0.00229
3417.17802,0.00307
3415.24959,0.00343
3413.32116,0.00295
3411.39273,0.00237
3409.46430,0.00233
3407.53587,0.00258
3405.60744,0.00283
3403.67901,0.00314
3401.75058,0.00351
3399.82215,0.00414
3397.89372,0.00431
3395.96529,0.00411
3394.03686,0.00386
3392.10843,0.00358
3390.18000,0.00326
3388.25157,0.00316
3386.32314,0.00322
3384.39471,0.00310
3382.46628,0.00302
3380.53785,0.00322
3378.60942,0.00338
3376.68099,0.00332
3374.75256,0.00347
3372.82413,0.00401
3370.89570,0.00457
3368.96727,0.00486
3367.03884,0.00474
3365.11041,0.00436
3363.18198,0.00414
3361.25355,0.00415
3359.32512,0.00412
3357.39669,0.00411
3355.46826,0.00423
3353.53983,0.00431
3351.61140,0.00438
3349.68297,0.00449
3347.75454,0.00451
3345.82611,0.00449
3343.89768,0.00463
3341.96925,0.00495
3340.04082,0.00521
3338.11239,0.00527
3336.18396,0.00514
3334.25553,0.00483
3332.32710,0.00450
3330.39867,0.00446
3328.47024,0.00494
3326.54181,0.00560
3324.61338,0.00583
3322.68495,0.00569
3320.75652,0.00578
3318.82809,0.00616
3316.89966,0.00630
3314.97122,0.00607
3313.04279,0.00615
3311.11436,0.00695
3309.18593,0.00781
3307.25750,0.00805
3305.32907,0.00791
3303.40064,0.00779
3301.47221,0.00780
3299.54378,0.00803
3297.61535,0.00848
3295.68692,0.00890
3293.75849,0.00891
3291.83006,0.00853
3289.90163,0.00804
3287.97320,0.00745
3286.04477,0.00704
3284.11634,0.00720
3282.18791,0.00759
3280.25948,0.00774
3278.33105,0.00772
3276.40262,0.00755
3274.47419,0.00715
3272.54576,0.00668
3270.61733,0.00634
3268.68890,0.00622
3266.76047,0.00644
3264.83204,0.00698
3262.90361,0.00737
3260.97518,0.00730
3259.04675,0.00721
3257.11832,0.00737
3255.18989,0.00731
3253.26146,0.00681
3251.33303,0.00618
3249.40460,0.00582
3247.47617,0.00579
3245.54774,0.00565
3243.61931,0.00539
3241.69088,0.00539
3239.76245,0.00551
3237.83402,0.00549
3235.90559,0.00542
3233.97716,0.00529
3232.04873,0.00501
3230.12030,0.00486
3228.19187,0.00498
3226.26344,0.00509
3224.33501,0.00510
3222.40658,0.00517
3220.47815,0.00520
3218.54972,0.00516
3216.62129,0.00509
3214.69286,0.00495
3212.76443,0.00484
3210.83600,0.00486
3208.90757,0.00491
3206.97914,0.00479
3205.05071,0.00454
3203.12228,0.00443
3201.19385,0.00464
3199.26542,0.00495
3197.33699,0.00494
3195.40856,0.00442
3193.48013,0.00378
3191.55170,0.00356
3189.62327,0.00376
3187.69484,0.00387
3185.76641,0.00362
3183.83798,0.00324
3181.90955,0.00308
3179.98112,0.00321
3178.05269,0.00330
3176.12426,0.00316
3174.19583,0.00302
3172.26740,0.00308
3170.33897,0.00322
3168.41054,0.00329
3166.48211,0.00309
3164.55368,0.00253
3162.62525,0.00208
3160.69682,0.00208
3158.76839,0.00214
3156.83996,0.00208
3154.91153,0.00222
3152.98310,0.00248
3151.05467,0.00263
3149.12624,0.00257
3147.19781,0.00222
3145.26938,0.00178
3143.34095,0.00159
3141.41252,0.00163
3139.48409,0.00166
3137.55566,0.00168
3135.62723,0.00163
3133.69880,0.00131
3131.77037,0.00112
3129.84194,0.00134
3127.91351,0.00130
3125.98508,0.00089
3124.05665,0.00079
3122.12822,0.00098
3120.19979,0.00112
3118.27136,0.00108
3116.34293,0.00076
3114.41450,0.00043
3112.48607,0.00044
3110.55764,0.00069
3108.62921,0.00081
3106.70078,0.00072
3104.77235,0.00053
3102.84392,0.00033
3100.91549,0.00044
3098.98706,0.00088
3097.05863,0.00111
3095.13020,0.00084
3093.20177,0.00053
3091.27334,0.00062
3089.34491,0.00082
3087.41648,0.00060
3085.48805,0.00012
3083.55962,0.00000
3081.63119,0.00010
3079.70276,0.00002
3077.77433,0.00005
3075.84590,0.00029
3073.91747,0.00041
3071.98904,0.00059
3070.06061,0.00093
3068.13218,0.00098
3066.20375,0.00064
3064.27532,0.00028
3062.34689,0.00006
3060.41846,0.00002
3058.49003,0.00002
3056.56160,-0.00001
3054.63317,0.00022
3052.70474,0.00069
3050.77631,0.00101
3048.84788,0.00099
3046.91945,0.00070
3044.99102,0.00033
3043.06259,0.00013
3041.13416,0.00014
3039.20573,0.00020
3037.27730,0.00023
3035.34887,0.00029
3033.42044,0.00032
3031.49201,0.00024
3029.56358,0.00009
3027.63515,0.00002
3025.70672,0.00006
3023.77829,0.00017
3021.84986,0.00021
3019.92143,0.00011
3017.99300,0.00000
3016.06457,0.00007
3014.13614,0.00022
3012.20771,0.00026
3010.27928,0.00016
3008.35085,0.00001
3006.42242,-0.00001
3004.49399,0.00023
3002.56556,0.00048
3000.63713,0.00050
2998.70870,0.00047
2996.78027,0.00053
2994.85184,0.00059
2992.92341,0.00068
2990.99498,0.00085
2989.06655,0.00103
2987.13812,0.00104
2985.20969,0.00087
2983.28126,0.00066
2981.35283,0.00038
2979.42440,0.00010
2977.49597,0.00021
2975.56754,0.00088
2973.63911,0.00152
2971.71068,0.00160
2969.78225,0.00129
2967.85382,0.00092
2965.92539,0.00094
2963.99696,0.00138
2962.06853,0.00164
2960.14010,0.00144
2958.21167,0.00128
2956.28324,0.00141
2954.35481,0.00144
2952.42638,0.00136
2950.49795,0.00133
2948.56952,0.00133
2946.64109,0.00145
2944.71266,0.00172
2942.78423,0.00189
2940.85580,0.00190
2938.92737,0.00212
2936.99894,0.00266
2935.07051,0.00297
2933.14208,0.00265
2931.21365,0.00207
2929.28522,0.00169
2927.35679,0.00151
2925.42836,0.00117
2923.49993,0.00095
2921.57150,0.00127
2919.64307,0.00180
2917.71464,0.00204
2915.78621,0.00199
2913.85778,0.00185
2911.92935,0.00179
2910.00092,0.00175
2908.07249,0.00162
2906.14406,0.00152
2904.21563,0.00139
2902.28720,0.00094
2900.35877,0.00055
2898.43034,0.00070
2896.50191,0.00108
2894.57348,0.00120
2892.64505,0.00100
2890.71662,0.00074
2888.78819,0.00063
2886.85976,0.00068
2884.93133,0.00080
2883.00290,0.00083
2881.07447,0.00063
2879.14604,0.00054
2877.21761,0.00084
2875.28918,0.00121
2873.36075,0.00132
2871.43232,0.00122
2869.50389,0.00102
2867.57546,0.00084
2865.64703,0.00070
2863.71860,0.00050
2861.79017,0.00035
2859.86174,0.00044
2857.93331,0.00062
2856.00488,0.00062
2854.07645,0.00050
2852.14802,0.00050
2850.21959,0.00075
2848.29116,0.00106
2846.36273,0.00100
2844.43430,0.00070
2842.50587,0.00072
2840.57744,0.00099
2838.64901,0.00094
2836.72058,0.00048
2834.79215,0.00006
2832.86372,0.00000
2830.93529,0.00015
2829.00686,0.00035
2827.07843,0.00057
2825.15000,0.00056
2823.22157,0.00033
2821.29314,0.00026
2819.36471,0.00035
2817.43628,0.00045
2815.50785,0.00050
2813.57942,0.00042
2811.65099,0.00037
2809.72256,0.00039
2807.79413,0.00040
2805.86570,0.00045
2803.93727,0.00064
2802.00884,0.00087
2800.08041,0.00103
2798.15198,0.00085
2796.22355,0.00029
2794.29512,0.00000
2792.36669,0.00030
2790.43826,0.00080
2788.50983,0.00115
2786.58140,0.00125
2784.65297,0.00085
2782.72454,0.00023
2780.79611,0.00011
2778.86768,0.00036
2776.93925,0.00041
2775.01082,0.00033
2773.08239,0.00042
2771.15396,0.00057
2769.22553,0.00059
2767.29710,0.00051
2765.36867,0.00051
2763.44024,0.00063
2761.51181,0.00078
2759.58338,0.00068
2757.65495,0.00032
2755.72652,0.00013
2753.79809,0.00018
2751.86966,0.00019
2749.94123,0.00017
2748.01280,0.00041
2746.08437,0.00074
2744.15594,0.00079
2742.22751,0.00062
2740.29908,0.00045
2738.37065,0.00026
2736.44222,0.00013
2734.51379,0.00019
2732.58536,0.00031
2730.65693,0.00035
2728.72850,0.00038
2726.80007,0.00036
2724.87164,0.00025
2722.94321,0.00018
2721.01478,0.00015
2719.08635,0.00016
2717.15792,0.00029
2715.22949,0.00053
2713.30105,0.00075
2711.37262,0.00068
2709.44419,0.00039
2707.51576,0.00025
2705.58733,0.00033
2703.65890,0.00043
2701.73047,0.00046
2699.80204,0.00041
2697.87361,0.00032
2695.94518,0.00024
2694.01675,0.00025
2692.08832,0.00048
2690.15989,0.00075
2688.23146,0.00079
2686.30303,0.00070
2684.37460,0.00076
2682.44617,0.00096
2680.51774,0.00098
2678.58931,0.00090
2676.66088,0.00091
2674.73245,0.00084
2672.80402,0.00067
2670.87559,0.00065
2668.94716,0.00078
2667.01873,0.00069
2665.09030,0.00029
2663.16187,0.00000
2661.23344,0.00012
2659.30501,0.00042
2657.37658,0.00043
2655.44815,0.00020
2653.51972,0.00012
2651.59129,0.00025
2649.66286,0.00051
2647.73443,0.00094
2645.80600,0.00135
2643.87757,0.00142
2641.94914,0.00123
2640.02071,0.00105
2638.09228,0.00099
2636.16385,0.00093
2634.23542,0.00069
2632.30699,0.00049
2630.37856,0.00065
2628.45013,0.00087
2626.52170,0.00074
2624.59327,0.00042
2622.66484,0.00035
2620.73641,0.00055
2618.80798,0.00077
2616.87955,0.00081
2614.95112,0.00073
2613.02269,0.00080
2611.09426,0.00099
2609.16583,0.00100
2607.23740,0.00088
2605.30897,0.00072
2603.38054,0.00057
2601.45211,0.00047
2599.52368,0.00031
2597.59525,0.00008
2595.66682,0.00000
2593.73839,0.00017
2591.80996,0.00053
2589.88153,0.00084
2587.95310,0.00086
2586.02467,0.00062
2584.09624,0.00037
2582.16781,0.00041
2580.23938,0.00069
2578.31095,0.00091
2576.38252,0.00089
2574.45409,0.00074
2572.52566,0.00075
2570.59723,0.00096
2568.66880,0.00112
2566.74037,0.00110
2564.81194,0.00101
2562.88351,0.00100
2560.95508,0.00107
2559.02665,0.00096
2557.09822,0.00073
2555.16979,0.00072
2553.24136,0.00089
2551.31293,0.00090
2549.38450,0.00067
2547.45607,0.00048
2545.52764,0.00046
2543.59921,0.00044
2541.67078,0.00031
2539.74235,0.00026
2537.81392,0.00048
2535.88549,0.00085
2533.95706,0.00104
2532.02863,0.00094
2530.10020,0.00071
2528.17177,0.00052
2526.24334,0.00039
2524.31491,0.00018
2522.38648,0.00000
2520.45805,0.00011
2518.52962,0.00039
2516.60119,0.00057
2514.67276,0.00061
2512.74433,0.00051
2510.81590,0.00039
2508.88747,0.00038
2506.95904,0.00042
2505.03061,0.00051
2503.10218,0.00069
2501.17375,0.00066
2499.24532,0.00043
2497.31689,0.00038
2495.38846,0.00058
2493.46003,0.00078
2491.53160,0.00075
2489.60317,0.00062
2487.67474,0.00072
2485.74631,0.00081
2483.81788,0.00059
2481.88945,0.00039
2479.96102,0.00036
2478.03259,0.00017
2476.10416,-0.00002
2474.17573,0.00009
2472.24730,0.00032
2470.31887,0.00053
2468.39044,0.00071
2466.46201,0.00085
2464.53358,0.00099
2462.60515,0.00100
2460.67672,0.00084
2458.74829,0.00075
2456.81986,0.00078
2454.89143,0.00074
2452.96300,0.00076
2451.03457,0.00084
2449.10614,0.00074
2447.17771,0.00047
2445.24928,0.00015
2443.32085,0.00000
2441.39242,0.00005
2439.46399,0.00011
2437.53556,0.00015
2435.60713,0.00021
2433.67870,0.00015
2431.75027,0.00012
2429.82184,0.00032
2427.89341,0.00043
2425.96498,0.00030
2424.03655,0.00029
2422.10812,0.00028
2420.17969,0.00027
2418.25126,0.00027
2416.32283,0.00026
2414.39440,0.00025
2412.46597,0.00025
2410.53754,0.00024
2408.60911,0.00023
2406.68068,0.00023
2404.75225,0.00022
2402.82382,0.00022
2400.89539,0.00022
2398.96696,0.00021
2397.03853,0.00021
2395.11010,0.00021
2393.18167,0.00020
2391.25324,0.00020
2389.32481,0.00020
2387.39638,0.00020
2385.46795,0.00020
2383.53952,0.00020
2381.61109,0.00020
2379.68266,0.00020
2377.75423,0.00020
2375.82580,0.00020
2373.89737,0.00020
2371.96894,0.00020
2370.04051,0.00020
2368.11208,0.00020
2366.18365,0.00020
2364.25522,0.00021
2362.32679,0.00021
2360.39836,0.00021
2358.46993,0.00022
2356.54150,0.00022
2354.61307,0.00023
2352.68464,0.00023
2350.75621,0.00024
2348.82778,0.00024
2346.89935,0.00025
2344.97092,0.00025
2343.04249,0.00026
2341.11406,0.00027
2339.18563,0.00027
2337.25720,0.00028
2335.32877,0.00029
2333.40034,0.00030
2331.47191,0.00031
2329.54348,0.00032
2327.61505,0.00033
2325.68662,0.00034
2323.75819,0.00035
2321.82976,0.00036
2319.90133,0.00037
2317.97290,0.00038
2316.04447,0.00039
2314.11604,0.00040
2312.18761,0.00041
2310.25918,0.00043
2308.33075,0.00044
2306.40232,0.00045
2304.47389,0.00047
2302.54546,0.00048
2300.61703,0.00050
2298.68860,0.00051
2296.76017,0.00053
2294.83174,0.00054
2292.90331,0.00056
2290.97488,0.00057
2289.04645,0.00059
2287.11802,0.00061
2285.18959,0.00062
2283.26116,0.00064
2281.33273,0.00066
2279.40430,0.00068
2277.47587,0.00070
2275.54744,0.00072
2273.61901,0.00073
2271.69058,0.00075
2269.76215,0.00077
2267.83372,0.00080
2265.90529,0.00082
2263.97686,0.00084
2262.04843,0.00086
2260.12000,0.00088
2258.19157,0.00090
2256.26314,0.00093
2254.33471,0.00095
2252.40628,0.00097
2250.47785,0.00100
2248.54942,0.00102
2246.62099,0.00104
2244.69256,0.00107
2242.76413,0.00109
2240.83570,0.00088
2238.90727,0.00084
2236.97884,0.00081
2235.05041,0.00078
2233.12198,0.00075
2231.19355,0.00050
2229.26512,0.00017
2227.33669,0.00004
2225.40826,0.00009
2223.47983,0.00029
2221.55140,0.00055
2219.62297,0.00067
2217.69454,0.00069
2215.76611,0.00082
2213.83768,0.00082
2211.90925,0.00049
2209.98082,0.00011
2208.05239,0.00007
2206.12396,0.00022
2204.19553,0.00032
2202.26710,0.00044
2200.33867,0.00077
2198.41024,0.00106
2196.48181,0.00104
2194.55338,0.00096
2192.62495,0.00101
2190.69652,0.00096
2188.76809,0.00073
2186.83966,0.00061
2184.91123,0.00068
2182.98280,0.00071
2181.05437,0.00059
2179.12594,0.00048
2177.19751,0.00043
2175.26908,0.00039
2173.34065,0.00036
2171.41222,0.00035
2169.48379,0.00032
2167.55536,0.00024
2165.62693,0.00024
2163.69850,0.00036
2161.77007,0.00035
2159.84164,0.00017
2157.91321,0.00018
2155.98478,0.00049
2154.05635,0.00071
2152.12792,0.00059
2150.19949,0.00025
2148.27106,0.00000
2146.34263,0.00014
2144.41420,0.00058
2142.48577,0.00087
2140.55734,0.00081
2138.62891,0.00056
2136.70048,0.00035
2134.77205,0.00027
2132.84362,0.00028
2130.91519,0.00042
2128.98676,0.00062
2127.05833,0.00068
2125.12990,0.00048
2123.20147,0.00018
2121.27304,0.00009
2119.34461,0.00020
2117.41618,0.00034
2115.48775,0.00057
2113.55932,0.00086
2111.63089,0.00091
2109.70245,0.00066
2107.77402,0.00035
2105.84559,0.00026
2103.91716,0.00039
2101.98873,0.00046
2100.06030,0.00028
2098.13187,0.00007
2096.20344,0.00000
2094.27501,0.00010
2092.34658,0.00022
2090.41815,0.00032
2088.48972,0.00044
2086.56129,0.00050
2084.63286,0.00044
2082.70443,0.00032
2080.77600,0.00026
2078.84757,0.00023
2076.91914,0.00016
2074.99071,0.00017
2073.06228,0.00027
2071.13385,0.00035
2069.20542,0.00040
2067.27699,0.00046
2065.34856,0.00048
2063.42013,0.00042
2061.49170,0.00021
2059.56327,0.00003
2057.63484,0.00006
2055.70641,0.00015
2053.77798,0.00010
2051.84955,0.00000
2049.92112,0.00002
2047.99269,0.00017
2046.06426,0.00033
2044.13583,0.00051
2042.20740,0.00059
2040.27897,0.00040
2038.35054,0.00012
2036.42211,0.00008
2034.49368,0.00027
2032.56525,0.00031
2030.63682,0.00016
2028.70839,0.00006
2026.77996,0.00010
2024.85153,0.00016
2022.92310,0.00026
2020.99467,0.00045
2019.06624,0.00055
2017.13781,0.00045
2015.20938,0.00038
2013.28095,0.00045
2011.35252,0.00046
2009.42409,0.00037
2007.49566,0.00031
2005.56723,0.00035
2003.63880,0.00044
2001.71037,0.00053
1999.78194,0.00047
1997.85351,0.00034
1995.92508,0.00034
1993.99665,0.00041
1992.06822,0.00036
1990.13979,0.00020
1988.21136,0.00005
1986.28293,0.00000
1984.35450,0.00010
1982.42607,0.00022
1980.49764,0.00020
1978.56921,0.00011
1976.64078,0.00003
1974.71235,0.00002
1972.78392,0.00012
1970.85549,0.00031
1968.92706,0.00039
1966.99863,0.00029
1965.07020,0.00023
1963.14177,0.00022
1961.21334,0.00021
1959.28491,0.00026
1957.35648,0.00030
1955.42805,0.00022
1953.49962,0.00015
1951.57119,0.00027
1949.64276,0.00052
1947.71433,0.00069
1945.78590,0.00067
1943.85747,0.00046
1941.92904,0.00020
1940.00061,0.00014
1938.07218,0.00024
1936.14375,0.00029
1934.21532,0.00022
1932.28689,0.00012
1930.35846,0.00009
1928.43003,0.00011
1926.50160,0.00015
1924.57317,0.00025
1922.64474,0.00040
1920.71631,0.00059
1918.78788,0.00075
1916.85945,0.00075
1914.93102,0.00075
1913.00259,0.00086
1911.07416,0.00091
1909.14573,0.00082
1907.21730,0.00067
1905.28887,0.00055
1903.36044,0.00048
1901.43201,0.00055
1899.50358,0.00072
1897.57515,0.00082
1895.64672,0.00077
1893.71829,0.00075
1891.78986,0.00080
1889.86143,0.00079
1887.93300,0.00072
1886.00457,0.00065
1884.07614,0.00066
1882.14771,0.00090
1880.21928,0.00125
1878.29085,0.00142
1876.36242,0.00133
1874.43399,0.00116
1872.50556,0.00106
1870.57713,0.00080
1868.64870,0.00028
1866.72027,0.00000
1864.79184,0.00025
1862.86341,0.00063
1860.93498,0.00078
1859.00655,0.00083
1857.07812,0.00093
1855.14969,0.00101
1853.22126,0.00097
1851.29283,0.00093
1849.36440,0.00104
1847.43597,0.00121
1845.50754,0.00122
1843.57911,0.00095
1841.65068,0.00066
1839.72225,0.00053
1837.79382,0.00055
1835.86539,0.00076
1833.93696,0.00098
1832.00853,0.00079
1830.08010,0.00025
1828.15167,-0.00006
1826.22324,-0.00004
1824.29481,0.00005
1822.36638,0.00022
1820.43795,0.00054
1818.50952,0.00088
1816.58109,0.00102
1814.65266,0.00084
1812.72423,0.00045
1810.79580,0.00013
1808.86737,0.00016
1806.93894,0.00044
1805.01051,0.00077
1803.08208,0.00095
1801.15365,0.00076
1799.22522,0.00048
1797.29679,0.00063
1795.36836,0.00097
1793.43993,0.00093
1791.51150,0.00064
1789.58307,0.00073
1787.65464,0.00117
1785.72621,0.00141
1783.79778,0.00116
1781.86935,0.00075
1779.94092,0.00072
1778.01249,0.00107
1776.08406,0.00119
1774.15563,0.00065
1772.22720,0.00000
1770.29877,0.00014
1768.37034,0.00071
1766.44191,0.00103
1764.51348,0.00102
1762.58505,0.00086
1760.65662,0.00072
1758.72819,0.00062
1756.79976,0.00047
1754.87133,0.00054
1752.94290,0.00087
1751.01447,0.00084
1749.08604,0.00026
1747.15761,0.00003
1745.22918,0.00037
1743.30075,0.00063
1741.37232,0.00058
1739.44389,0.00043
1737.51546,0.00040
1735.58703,0.00031
1733.65860,0.00008
1731.73017,0.00015
1729.80174,0.00048
1727.87331,0.00074
1725.94488,0.00081
1724.01645,0.00083
1722.08802,0.00097
1720.15959,0.00107
1718.23116,0.00075
1716.30273,0.00032
1714.37430,0.00057
1712.44587,0.00145
1710.51744,0.00218
1708.58901,0.00239
1706.66058,0.00242
1704.73215,0.00295
1702.80372,0.00397
1700.87529,0.00478
1698.94686,0.00490
1697.01843,0.00486
1695.09000,0.00548
1693.16157,0.00668
1691.23314,0.00788
1689.30471,0.00865
1687.37628,0.00893
1685.44785,0.00902
1683.51942,0.00979
1681.59099,0.01132
1679.66256,0.01271
1677.73413,0.01350
1675.80570,0.01383
1673.87727,0.01394
1671.94884,0.01401
1670.02041,0.01438
1668.09198,0.01546
1666.16355,0.01681
1664.23512,0.01801
1662.30669,0.01919
1660.37826,0.02051
1658.44983,0.02165
1656.52140,0.02235
1654.59297,0.02267
1652.66454,0.02292
1650.73611,0.02321
1648.80768,0.02280
1646.87925,0.02167
1644.95082,0.02138
1643.02239,0.02183
1641.09396,0.02193
1639.16553,0.02133
1637.23710,0.02010
1635.30867,0.01867
1633.38024,0.01780
1631.45181,0.01728
1629.52338,0.01635
1627.59495,0.01503
1625.66652,0.01393
1623.73809,0.01316
1621.80966,0.01256
1619.88123,0.01171
1617.95280,0.01013
1616.02437,0.00841
1614.09594,0.00771
1612.16751,0.00749
1610.23908,0.00694
1608.31065,0.00630
1606.38222,0.00597
1604.45379,0.00582
1602.52536,0.00565
1600.59693,0.00548
1598.66850,0.00535
1596.74007,0.00524
1594.81164,0.00511
1592.88321,0.00508
1590.95478,0.00524
1589.02635,0.00555
1587.09792,0.00587
1585.16949,0.00612
1583.24106,0.00635
1581.31263,0.00660
1579.38420,0.00674
1577.45577,0.00667
1575.52734,0.00685
1573.59891,0.00752
1571.67048,0.00799
1569.74205,0.00800
1567.81362,0.00819
1565.88519,0.00890
1563.95676,0.00980
1562.02833,0.01048
1560.09990,0.01088
1558.17147,0.01130
1556.24304,0.01212
1554.31461,0.01318
1552.38618,0.01420
1550.45775,0.01492
1548.52932,0.01530
1546.60089,0.01528
1544.67246,0.01456
1542.74403,0.01274
1540.81560,0.01073
1538.88717,0.01139
1536.95874,0.01338
1535.03031,0.01416
1533.10188,0.01363
1531.17345,0.01339
1529.24502,0.01373
1527.31659,0.01385
1525.38816,0.01357
1523.45973,0.01306
1521.53130,0.01235
1519.60287,0.01151
1517.67444,0.01066
1515.74601,0.01030
1513.81758,0.01062
1511.88915,0.01091
1509.96072,0.01030
1508.03229,0.00832
1506.10385,0.00617
1504.17542,0.00595
1502.24699,0.00656
1500.31856,0.00628
1498.39013,0.00504
1496.46170,0.00402
1494.53327,0.00374
1492.60484,0.00351
1490.67641,0.00282
1488.74798,0.00213
1486.81955,0.00197
1484.89112,0.00213
1482.96269,0.00217
1481.03426,0.00207
1479.10583,0.00209
1477.17740,0.00217
1475.24897,0.00193
1473.32054,0.00144
1471.39211,0.00141
1469.46368,0.00189
1467.53525,0.00214
1465.60682,0.00195
1463.67839,0.00197
1461.74996,0.00244
1459.82153,0.00280
1457.89310,0.00278
1455.96467,0.00278
1454.03624,0.00286
1452.10781,0.00291
1450.17938,0.00267
1448.25095,0.00222
1446.32252,0.00201
1444.39409,0.00220
1442.46566,0.00240
1440.53723,0.00241
1438.60880,0.00234
1436.68037,0.00234
1434.75194,0.00242
1432.82351,0.00242
1430.89508,0.00227
1428.96665,0.00205
1427.03822,0.00189
1425.10979,0.00178
1423.18136,0.00167
1421.25293,0.00160
1419.32450,0.00166
1417.39607,0.00191
1415.46764,0.00210
1413.53921,0.00214
1411.61078,0.00218
1409.68235,0.00225
1407.75392,0.00211
1405.82549,0.00184
1403.89706,0.00181
1401.96863,0.00212
1400.04020,0.00257
1398.11177,0.00288
1396.18334,0.00279
1394.25491,0.00245
1392.32648,0.00233
1390.39805,0.00238
1388.46962,0.00228
1386.54119,0.00201
1384.61276,0.00177
1382.68433,0.00163
1380.75590,0.00157
1378.82747,0.00151
1376.89904,0.00129
1374.97061,0.00094
1373.04218,0.00086
1371.11375,0.00105
1369.18532,0.00115
1367.25689,0.00105
1365.32846,0.00090
1363.40003,0.00082
1361.47160,0.00086
1359.54317,0.00086
1357.61474,0.00063
1355.68631,0.00025
1353.75788,0.00001
1351.82945,0.00000
1349.90102,0.00013
1347.97259,0.00023
1346.04416,0.00024
1344.11573,0.00026
1342.18730,0.00046
1340.25887,0.00086
1338.33044,0.00121
1336.40201,0.00117
1334.47358,0.00088
1332.54515,0.00073
1330.61672,0.00083
1328.68829,0.00106
1326.75986,0.00129
1324.83143,0.00140
1322.90300,0.00132
1320.97457,0.00123
1319.04614,0.00135
1317.11771,0.00170
1315.18928,0.00211
1313.26085,0.00243
1311.33242,0.00262
1309.40399,0.00270
1307.47556,0.00264
1305.54713,0.00249
1303.61870,0.00240
1301.69027,0.00257
1299.76184,0.00306
1297.83341,0.00370
1295.90498,0.00425
1293.97655,0.00465
1292.04812,0.00498
1290.11969,0.00534
1288.19126,0.00557
1286.26283,0.00562
1284.33440,0.00575
1282.40597,0.00616
1280.47754,0.00672
1278.54911,0.00731
1276.62068,0.00790
1274.69225,0.00843
1272.76382,0.00894
1270.83539,0.00958
1268.90696,0.01036
1266.97853,0.01103
1265.05010,0.01147
1263.12167,0.01204
1261.19324,0.01304
1259.26481,0.01432
1257.33638,0.01564
1255.40795,0.01697
1253.47952,0.01836
1251.55109,0.01972
1249.62266,0.02083
1247.69423,0.02178
1245.76580,0.02283
1243.83737,0.02401
1241.90894,0.02517
1239.98051,0.02617
1238.05208,0.02695
1236.12365,0.02766
1234.19522,0.02858
1232.26679,0.02961
1230.33836,0.03040
1228.40993,0.03113
1226.48150,0.03199
1224.55307,0.03275
1222.62464,0.03326
1220.69621,0.03367
1218.76778,0.03409
1216.83935,0.03439
1214.91092,0.03479
1212.98249,0.03548
1211.05406,0.03606
1209.12563,0.03640
1207.19720,0.03679
1205.26877,0.03722
1203.34034,0.03746
1201.41191,0.03759
1199.48348,0.03786
1197.55505,0.03819
1195.62662,0.03847
1193.69819,0.03886
1191.76976,0.03940
1189.84133,0.03980
1187.91290,0.04013
1185.98447,0.04064
1184.05604,0.04127
1182.12761,0.04196
1180.19918,0.04257
1178.27075,0.04287
1176.34232,0.04323
1174.41389,0.04394
1172.48546,0.04470
1170.55703,0.04525
1168.62860,0.04567
1166.70017,0.04608
1164.77174,0.04650
1162.84331,0.04692
1160.91488,0.04733
1158.98645,0.04771
1157.05802,0.04818
1155.12959,0.04891
1153.20116,0.04982
1151.27273,0.05079
1149.34430,0.05150
1147.41587,0.05166
1145.48744,0.05166
1143.55901,0.05216
1141.63058,0.05308
1139.70215,0.05389
1137.77372,0.05461
1135.84529,0.05531
1133.91686,0.05588
1131.98843,0.05658
1130.06000,0.05755
1128.13157,0.05844
1126.20314,0.05930
1124.27471,0.06027
1122.34628,0.06130
1120.41785,0.06245
1118.48942,0.06366
1116.56099,0.06478
1114.63256,0.06599
1112.70413,0.06749
1110.77570,0.06949
1108.84727,0.07214
1106.91884,0.07501
1104.99041,0.07760
1103.06198,0.08000
1101.13355,0.08254
1099.20512,0.08527
1097.27669,0.08774
1095.34826,0.08970
1093.41983,0.09150
1091.49140,0.09345
1089.56297,0.09532
1087.63454,0.09684
1085.70611,0.09796
1083.77768,0.09895
1081.84925,0.10014
1079.92082,0.10107
1077.99239,0.10123
1076.06396,0.10112
1074.13553,0.10099
1072.20710,0.10065
1070.27867,0.10038
1068.35024,0.10023
1066.42181,0.09942
1064.49338,0.09777
1062.56495,0.09606
1060.63652,0.09457
1058.70809,0.09320
1056.77966,0.09188
1054.85123,0.09036
1052.92280,0.08831
1050.99437,0.08544
1049.06594,0.08202
1047.13751,0.07866
1045.20908,0.07548
1043.28065,0.07217
1041.35222,0.06859
1039.42379,0.06495
1037.49536,0.06140
1035.56693,0.05763
1033.63850,0.05357
1031.71007,0.04980
1029.78164,0.04633
1027.85321,0.04264
1025.92478,0.03915
1023.99635,0.03637
1022.06792,0.03384
1020.13949,0.03104
1018.21106,0.02809
1016.28263,0.02545
1014.35420,0.02336
1012.42577,0.02135
1010.49734,0.01903
1008.56891,0.01678
1006.64048,0.01509
1004.71205,0.01384
1002.78362,0.01258
1000.85519,0.01121
998.92676,0.00991
996.99833,0.00862
995.06990,0.00724
993.14147,0.00608
991.21304,0.00555
989.28461,0.00554
987.35618,0.00544
985.42775,0.00493
983.49932,0.00458
981.57089,0.00498
979.64246,0.00573
977.71403,0.00628
975.78560,0.00655
973.85717,0.00660
971.92874,0.00652
970.00031,0.00631
968.07188,0.00601
966.14345,0.00577
964.21502,0.00587
962.28659,0.00633
960.35816,0.00664
958.42973,0.00645
956.50130,0.00598
954.57287,0.00531
952.64444,0.00448
950.71601,0.00391
948.78758,0.00388
946.85915,0.00423
944.93072,0.00451
943.00229,0.00435
941.07386,0.00364
939.14543,0.00281
937.21700,0.00250
935.28857,0.00266
933.36014,0.00283
931.43171,0.00281
929.50328,0.00261
927.57485,0.00227
925.64642,0.00195
923.71799,0.00191
921.78956,0.00212
919.86113,0.00224
917.93270,0.00200
916.00427,0.00173
914.07584,0.00170
912.14741,0.00160
910.21898,0.00145
908.29055,0.00134
906.36212,0.00099
904.43368,0.00074
902.50525,0.00088
900.57682,0.00103
898.64839,0.00116
896.71996,0.00144
894.79153,0.00149
892.86310,0.00109
890.93467,0.00046
889.00624,0.00005
887.07781,0.00013
885.14938,0.00038
883.22095,0.00044
881.29252,0.00046
879.36409,0.00074
877.43566,0.00117
875.50723,0.00108
873.57880,0.00033
871.65037,0.00000
869.72194,0.00051
867.79351,0.00124
865.86508,0.00162
863.93665,0.00196
862.00822,0.00239
860.07979,0.00254
858.15136,0.00242
856.22293,0.00267
854.29450,0.00324
852.36607,0.00355
850.43764,0.00396
848.50921,0.00483
846.58078,0.00523
844.65235,0.00471
842.72392,0.00448
840.79549,0.00505
838.86706,0.00561
836.93863,0.00630
835.01020,0.00785
833.08177,0.00975
831.15334,0.01075
829.22491,0.01087
827.29648,0.01118
825.36805,0.01190
823.43962,0.01244
821.51119,0.01261
819.58276,0.01272
817.65433,0.01306
815.72590,0.01360
813.79747,0.01436
811.86904,0.01566
809.94061,0.01715
808.01218,0.01824
806.08375,0.01910
804.15532,0.01937
802.22689,0.01862
800.29846,0.01793
798.37003,0.01827
796.44160,0.01903
794.51317,0.01917
792.58474,0.01851
790.65631,0.01738
788.72788,0.01641
786.79945,0.01612
784.87102,0.01598
782.94259,0.01550
781.01416,0.01460
779.08573,0.01291
777.15730,0.01093
775.22887,0.00970
773.30044,0.00888
771.37201,0.00811
769.44358,0.00777
767.51515,0.00757
765.58672,0.00728
763.65829,0.00699
761.72986,0.00638
759.80143,0.00568
757.87300,0.00556
755.94457,0.00572
754.01614,0.00582
752.08771,0.00626
750.15928,0.00667
748.23085,0.00591
746.30242,0.00429
744.37399,0.00364
742.44556,0.00454
740.51713,0.00508
738.58870,0.00407
736.66027,0.00290
734.73184,0.00276
732.80341,0.00292
730.87498,0.00287
728.94655,0.00299
727.01812,0.00304
725.08969,0.00296
723.16126,0.00362
721.23283,0.00337
719.30440,0.00264
717.37597,0.00203
715.44754,0.00191
713.51911,0.00259
711.59068,0.00342
709.66225,0.00340
707.73382,0.00285
705.80539,0.00310
703.87696,0.00441
701.94853,0.00584
700.02010,0.00671
698.09167,0.00721
696.16324,0.00749
694.23481,0.00711
692.30638,0.00595
690.37795,0.00459
688.44952,0.00349
686.52109,0.00258
684.59266,0.00161
682.66423,0.00087
680.73580,0.00114
678.80737,0.00248
676.87894,0.00399
674.95051,0.00535
673.02208,0.00687
671.09365,0.00738
669.16522,0.00568
667.23679,0.00396
665.30836,0.00446
663.37993,0.00541
661.45150,0.00521
659.52307,0.00332
657.59464,0.00104
655.66621,0.00074
653.73778,0.00160
651.80935,0.00178
649.88092,0.00200
647.95249,0.00347
646.02406,0.00489
644.09563,0.00466
642.16720,0.00267
640.23877,0.00118
638.31034,0.00274
636.38191,0.00547
634.45348,0.00565
632.52505,0.00375
630.59662,0.00261
628.66819,0.00346
626.73976,0.00557
624.81133,0.00582
622.88290,0.00238
620.95447,0.00000
619.02604,0.00088
617.09761,0.00254
615.16918,0.00284
613.24075,0.00145
611.31232,0.00066
609.38389,0.00060
607.45546,0.00219
605.52703,0.00308
603.59860,0.00209
601.67017,0.00029
599.74174,0.00000
