4001.49232,0.00014
3999.56389,0.00086
3997.63546,0.00076
3995.70703,0.00044
3993.77860,0.00046
3991.85017,0.00055
3989.92174,0.00035
3987.99331,0.00020
3986.06488,0.00047
3984.13645,0.00096
3982.20802,0.00115
3980.27959,0.00091
3978.35116,0.00065
3976.42273,0.00066
3974.49430,0.00076
3972.56587,0.00084
3970.63744,0.00087
3968.70901,0.00082
3966.78058,0.00072
3964.85215,0.00074
3962.92372,0.00096
3960.99529,0.00107
3959.06686,0.00078
3957.13843,0.00024
3955.21000,0.00000
3953.28157,0.00048
3951.35314,0.00131
3949.42471,0.00179
3947.49628,0.00201
3945.56785,0.00224
3943.63942,0.00184
3941.71099,0.00067
3939.78256,0.00009
3937.85413,0.00083
3935.92570,0.00203
3933.99727,0.00257
3932.06884,0.00207
3930.14041,0.00122
3928.21198,0.00088
3926.28355,0.00085
3924.35512,0.00077
3922.42669,0.00106
3920.49826,0.00178
3918.56982,0.00199
3916.64139,0.00113
3914.71296,0.00014
3912.78453,0.00000
3910.85610,0.00055
3908.92767,0.00161
3906.99924,0.00293
3905.07081,0.00391
3903.14238,0.00409
3901.21395,0.00323
3899.28552,0.00158
3897.35709,0.00046
3895.42866,0.00086
3893.50023,0.00194
3891.57180,0.00248
3889.64337,0.00286
3887.71494,0.00379
3885.78651,0.00429
3883.85808,0.00384
3881.92965,0.00312
3880.00122,0.00233
3878.07279,0.00221
3876.14436,0.00298
3874.21593,0.00345
3872.28750,0.00333
3870.35907,0.00306
3868.43064,0.00282
3866.50221,0.00271
3864.57378,0.00205
3862.64535,0.00116
3860.71692,0.00177
3858.78849,0.00433
3856.86006,0.00735
3854.93163,0.00749
3853.00320,0.00319
3851.07477,0.00015
3849.14634,0.00125
3847.21791,0.00331
3845.28948,0.00393
3843.36105,0.00312
3841.43262,0.00214
3839.50419,0.00169
3837.57576,0.00148
3835.64733,0.00161
3833.71890,0.00224
3831.79047,0.00282
3829.86204,0.00323
3827.93361,0.00363
3826.00518,0.00407
3824.07675,0.00467
3822.14832,0.00441
3820.21989,0.00264
3818.29146,0.00136
3816.36303,0.00097
3814.43460,0.00087
3812.50617,0.00190
3810.57774,0.00377
3808.64931,0.00483
3806.72088,0.00437
3804.79245,0.00368
3802.86402,0.00293
3800.93559,0.00118
3799.00716,0.00000
3797.07873,0.00005
3795.15030,0.00027
3793.22187,0.00054
3791.29344,0.00108
3789.36501,0.00170
3787.43658,0.00216
3785.50815,0.00222
3783.57972,0.00221
3781.65129,0.00221
3779.72286,0.00156
3777.79443,0.00069
3775.86600,0.00086
3773.93757,0.00187
3772.00914,0.00258
3770.08071,0.00246
3768.15228,0.00213
3766.22385,0.00211
3764.29542,0.00225
3762.36699,0.00265
3760.43856,0.00307
3758.51013,0.00348
3756.58170,0.00464
3754.65327,0.00625
3752.72484,0.00645
3750.79641,0.00455
3748.86798,0.00331
3746.93955,0.00415
3745.01112,0.00507
3743.08269,0.00468
3741.15426,0.00490
3739.22583,0.00647
3737.29740,0.00720
3735.36897,0.00475
3733.44054,0.00082
3731.51211,0.00000
3729.58368,0.00240
3727.65525,0.00510
3725.72682,0.00593
3723.79839,0.00490
3721.86996,0.00322
3719.94153,0.00212
3718.01310,0.00228
3716.08467,0.00336
3714.15624,0.00437
3712.22781,0.00422
3710.29938,0.00283
3708.37095,0.00151
3706.44252,0.00121
3704.51409,0.00146
3702.58566,0.00155
3700.65723,0.00149
3698.72880,0.00170
3696.80037,0.00228
3694.87194,0.00325
3692.94351,0.00395
3691.01508,0.00302
3689.08665,0.00100
3687.15822,0.00058
3685.22979,0.00178
3683.30136,0.00296
3681.37293,0.00341
3679.44450,0.00336
3677.51607,0.00298
3675.58764,0.00198
3673.65921,0.00112
3671.73078,0.00108
3669.80235,0.00079
3667.87392,0.00062
3665.94549,0.00124
3664.01706,0.00192
3662.08863,0.00216
3660.16020,0.00228
3658.23177,0.00239
3656.30334,0.00234
3654.37491,0.00264
3652.44648,0.00317
3650.51805,0.00248
3648.58962,0.00086
3646.66119,0.00063
3644.73276,0.00204
3642.80433,0.00341
3640.87590,0.00389
3638.94747,0.00397
3637.01904,0.00440
3635.09061,0.00512
3633.16218,0.00541
3631.23375,0.00435
3629.30532,0.00171
3627.37689,0.00000
3625.44846,0.00137
3623.52003,0.00379
3621.59160,0.00468
3619.66317,0.00359
3617.73474,0.00225
3615.80631,0.00224
3613.87788,0.00317
3611.94945,0.00441
3610.02102,0.00539
3608.09259,0.00501
3606.16416,0.00359
3604.23573,0.00292
3602.30730,0.00333
3600.37887,0.00400
3598.45044,0.00451
3596.52201,0.00456
3594.59358,0.00400
3592.66515,0.00346
3590.73672,0.00376
3588.80829,0.00415
3586.87986,0.00319
3584.95143,0.00167
3583.02300,0.00125
3581.09457,0.00169
3579.16614,0.00203
3577.23771,0.00188
3575.30928,0.00154
3573.38085,0.00173
3571.45242,0.00274
3569.52399,0.00382
3567.59556,0.00354
3565.66713,0.00189
3563.73870,0.00102
3561.81027,0.00141
3559.88184,0.00182
3557.95341,0.00197
3556.02498,0.00234
3554.09655,0.00267
3552.16812,0.00244
3550.23969,0.00203
3548.31126,0.00202
3546.38283,0.00192
3544.45440,0.00116
3542.52597,0.00034
3540.59754,0.00021
3538.66911,0.00067
3536.74068,0.00104
3534.81225,0.00102
3532.88382,0.00084
3530.95539,0.00076
3529.02696,0.00097
3527.09853,0.00162
3525.17010,0.00233
3523.24167,0.00234
3521.31324,0.00165
3519.38481,0.00099
3517.45638,0.00079
3515.52795,0.00100
3513.59952,0.00135
3511.67109,0.00130
3509.74266,0.00061
3507.81423,0.00000
3505.88580,0.00017
3503.95737,0.00065
3502.02894,0.00083
3500.10051,0.00082
3498.17208,0.00079
3496.24365,0.00052
3494.31522,0.00010
3492.38679,0.00009
3490.45836,0.00061
3488.52993,0.00106
3486.60150,0.00118
3484.67307,0.00123
3482.74464,0.00123
3480.81621,0.00107
3478.88778,0.00097
3476.95935,0.00107
3475.03092,0.00123
3473.10249,0.00117
3471.17406,0.00089
3469.24563,0.00079
3467.31720,0.00098
3465.38877,0.00111
3463.46034,0.00120
3461.53191,0.00139
3459.60348,0.00138
3457.67505,0.00105
3455.74662,0.00076
3453.81819,0.00075
3451.88976,0.00097
3449.96133,0.00152
3448.03290,0.00211
3446.10447,0.00202
3444.17604,0.00153
3442.24761,0.00161
3440.31918,0.00223
3438.39075,0.00280
3436.46232,0.00306
3434.53389,0.00318
3432.60546,0.00312
3430.67703,0.00255
3428.74860,0.00162
3426.82017,0.00113
3424.89174,0.00134
3422.96331,0.00172
3421.03488,0.00193
3419.10645,0.00210
3417.17802,0.00249
3415.24959,0.00284
3413.32116,0.00278
3411.39273,0.00264
3409.46430,0.00272
3407.53587,0.00253
3405.60744,0.00195
3403.67901,0.00170
3401.75058,0.00233
3399.82215,0.00359
3397.89372,0.00397
3395.96529,0.00357
3394.03686,0.00292
3392.10843,0.00222
3390.18000,0.00178
3388.25157,0.00197
3386.32314,0.00251
3384.39471,0.00294
3382.46628,0.00344
3380.53785,0.00398
3378.60942,0.00389
3376.68099,0.00313
3374.75256,0.00269
3372.82413,0.00331
3370.89570,0.00463
3368.96727,0.00541
3367.03884,0.00503
3365.11041,0.00424
3363.18198,0.00401
3361.25355,0.00417
3359.32512,0.00422
3357.39669,0.00438
3355.46826,0.00481
3353.53983,0.00505
3351.61140,0.00504
3349.68297,0.00515
3347.75454,0.00552
3345.82611,0.00583
3343.89768,0.00570
3341.96925,0.00524
3340.04082,0.00510
3338.11239,0.00533
3336.18396,0.00535
3334.25553,0.00524
3332.32710,0.00544
3330.39867,0.00593
3328.47024,0.00635
3326.54181,0.00657
3324.61338,0.00682
3322.68495,0.00711
3320.75652,0.00724
3318.82809,0.00722
3316.89966,0.00690
3314.97122,0.00629
3313.04279,0.00620
3311.11436,0.00716
3309.18593,0.00829
3307.25750,0.00861
3305.32907,0.00852
3303.40064,0.00863
3301.47221,0.00879
3299.54378,0.00873
3297.61535,0.00852
3295.68692,0.00857
3293.75849,0.00902
3291.83006,0.00924
3289.90163,0.00878
3287.97320,0.00801
3286.04477,0.00758
3284.11634,0.00768
3282.18791,0.00790
3280.25948,0.00803
3278.33105,0.00826
3276.40262,0.00851
3274.47419,0.00848
3272.54576,0.00829
3270.61733,0.00805
3268.68890,0.00761
3266.76047,0.00717
3264.83204,0.00729
3262.90361,0.00783
3260.97518,0.00799
3259.04675,0.00767
3257.11832,0.00742
3255.18989,0.00722
3253.26146,0.00683
3251.33303,0.00647
3249.40460,0.00630
3247.47617,0.00622
3245.54774,0.00609
3243.61931,0.00585
3241.69088,0.00563
3239.76245,0.00553
3237.83402,0.00541
3235.90559,0.00513
3233.97716,0.00482
3232.04873,0.00481
3230.12030,0.00517
3228.19187,0.00549
3226.26344,0.00531
3224.33501,0.00490
3222.40658,0.00462
3220.47815,0.00452
3218.54972,0.00473
3216.62129,0.00502
3214.69286,0.00485
3212.76443,0.00429
3210.83600,0.00405
3208.90757,0.00434
3206.97914,0.00457
3205.05071,0.00452
3203.12228,0.00463
3201.19385,0.00501
3199.26542,0.00543
3197.33699,0.00542
3195.40856,0.00470
3193.48013,0.00384
3191.55170,0.00360
3189.62327,0.00386
3187.69484,0.00392
3185.76641,0.00357
3183.83798,0.00310
3181.90955,0.00281
3179.98112,0.00295
3178.05269,0.00332
3176.12426,0.00331
3174.19583,0.00292
3172.26740,0.00261
3170.33897,0.00266
3168.41054,0.00286
3166.48211,0.00286
3164.55368,0.00252
3162.62525,0.00209
3160.69682,0.00173
3158.76839,0.00133
3156.83996,0.00103
3154.91153,0.00109
3152.98310,0.00143
3151.05467,0.00177
3149.12624,0.00180
3147.19781,0.00147
3145.26938,0.00113
3143.34095,0.00090
3141.41252,0.00079
3139.48409,0.00094
3137.55566,0.00132
3135.62723,0.00145
3133.69880,0.00104
3131.77037,0.00068
3129.84194,0.00083
3127.91351,0.00082
3125.98508,0.00039
3124.05665,0.00033
3122.12822,0.00093
3120.19979,0.00149
3118.27136,0.00143
3116.34293,0.00082
3114.41450,0.00032
3112.48607,0.00036
3110.55764,0.00056
3108.62921,0.00051
3106.70078,0.00024
3104.77235,-0.00011
3102.84392,-0.00032
3100.91549,0.00001
3098.98706,0.00074
3097.05863,0.00116
3095.13020,0.00094
3093.20177,0.00054
3091.27334,0.00044
3089.34491,0.00046
3087.41648,0.00029
3085.48805,0.00001
3083.55962,-0.00000
3081.63119,0.00015
3079.70276,0.00013
3077.77433,0.00000
3075.84590,0.00003
3073.91747,0.00037
3071.98904,0.00085
3070.06061,0.00103
3068.13218,0.00069
3066.20375,0.00012
3064.27532,-0.00020
3062.34689,-0.00003
3060.41846,0.00034
3058.49003,0.00046
3056.56160,0.00031
3054.63317,0.00029
3052.70474,0.00056
3050.77631,0.00091
3048.84788,0.00110
3046.91945,0.00111
3044.99102,0.00103
3043.06259,0.00083
3041.13416,0.00045
3039.20573,0.00009
3037.27730,-0.00004
3035.34887,0.00017
3033.42044,0.00053
3031.49201,0.00058
3029.56358,0.00043
3027.63515,0.00042
3025.70672,0.00035
3023.77829,0.00011
3021.84986,0.00003
3019.92143,0.00015
3017.99300,0.00015
3016.06457,0.00007
3014.13614,0.00019
3012.20771,0.00042
3010.27928,0.00046
3008.35085,0.00020
3006.42242,0.00000
3004.49399,0.00012
3002.56556,0.00039
3000.63713,0.00063
2998.70870,0.00079
2996.78027,0.00069
2994.85184,0.00051
2992.92341,0.00075
2990.99498,0.00131
2989.06655,0.00177
2987.13812,0.00176
2985.20969,0.00135
2983.28126,0.00098
2981.35283,0.00090
2979.42440,0.00095
2977.49597,0.00104
2975.56754,0.00132
2973.63911,0.00164
2971.71068,0.00177
2969.78225,0.00186
2967.85382,0.00218
2965.92539,0.00263
2963.99696,0.00281
2962.06853,0.00256
2960.14010,0.00223
2958.21167,0.00216
2956.28324,0.00227
2954.35481,0.00241
2952.42638,0.00253
2950.49795,0.00267
2948.56952,0.00281
2946.64109,0.00291
2944.71266,0.00298
2942.78423,0.00308
2940.85580,0.00320
2938.92737,0.00337
2936.99894,0.00360
2935.07051,0.00377
2933.14208,0.00369
2931.21365,0.00327
2929.28522,0.00284
2927.35679,0.00273
2925.42836,0.00263
2923.49993,0.00245
2921.57150,0.00257
2919.64307,0.00285
2917.71464,0.00280
2915.78621,0.00251
2913.85778,0.00234
2911.92935,0.00232
2910.00092,0.00217
2908.07249,0.00180
2906.14406,0.00166
2904.21563,0.00179
2902.28720,0.00163
2900.35877,0.00126
2898.43034,0.00125
2896.50191,0.00147
2894.57348,0.00154
2892.64505,0.00145
2890.71662,0.00127
2888.78819,0.00094
2886.85976,0.00068
2884.93133,0.00076
2883.00290,0.00102
2881.07447,0.00121
2879.14604,0.00128
2877.21761,0.00137
2875.28918,0.00152
2873.36075,0.00158
2871.43232,0.00150
2869.50389,0.00139
2867.57546,0.00126
2865.64703,0.00108
2863.71860,0.00092
2861.79017,0.00077
2859.86174,0.00067
2857.93331,0.00079
2856.00488,0.00107
2854.07645,0.00131
2852.14802,0.00138
2850.21959,0.00126
2848.29116,0.00113
2846.36273,0.00098
2844.43430,0.00075
2842.50587,0.00071
2840.57744,0.00083
2838.64901,0.00075
2836.72058,0.00045
2834.79215,0.00016
2832.86372,0.00000
2830.93529,0.00003
2829.00686,0.00024
2827.07843,0.00050
2825.15000,0.00057
2823.22157,0.00047
2821.29314,0.00054
2819.36471,0.00075
2817.43628,0.00076
2815.50785,0.00059
2813.57942,0.00043
2811.65099,0.00030
2809.72256,0.00015
2807.79413,0.00011
2805.86570,0.00034
2803.93727,0.00072
2802.00884,0.00088
2800.08041,0.00081
2798.15198,0.00070
2796.22355,0.00049
2794.29512,0.00030
2792.36669,0.00035
2790.43826,0.00057
2788.50983,0.00082
2786.58140,0.00090
2784.65297,0.00057
2782.72454,0.00005
2780.79611,-0.00007
2778.86768,0.00019
2776.93925,0.00034
2775.01082,0.00030
2773.08239,0.00028
2771.15396,0.00030
2769.22553,0.00033
2767.29710,0.00032
2765.36867,0.00032
2763.44024,0.00054
2761.51181,0.00083
2759.58338,0.00071
2757.65495,0.00032
2755.72652,0.00013
2753.79809,0.00004
2751.86966,-0.00013
2749.94123,-0.00001
2748.01280,0.00047
2746.08437,0.00077
2744.15594,0.00062
2742.22751,0.00041
2740.29908,0.00040
2738.37065,0.00041
2736.44222,0.00038
2734.51379,0.00041
2732.58536,0.00039
2730.65693,0.00023
2728.72850,0.00008
2726.80007,0.00008
2724.87164,0.00021
2722.94321,0.00023
2721.01478,0.00006
2719.08635,0.00001
2717.15792,0.00028
2715.22949,0.00065
2713.30105,0.00089
2711.37262,0.00077
2709.44419,0.00037
2707.51576,0.00018
2705.58733,0.00027
2703.65890,0.00035
2701.73047,0.00036
2699.80204,0.00024
2697.87361,0.00005
2695.94518,0.00004
2694.01675,0.00023
2692.08832,0.00049
2690.15989,0.00079
2688.23146,0.00100
2686.30303,0.00088
2684.37460,0.00060
2682.44617,0.00045
2680.51774,0.00046
2678.58931,0.00056
2676.66088,0.00069
2674.73245,0.00064
2672.80402,0.00041
2670.87559,0.00037
2668.94716,0.00062
2667.01873,0.00063
2665.09030,0.00023
2663.16187,0.00002
2661.23344,0.00028
2659.30501,0.00065
2657.37658,0.00067
2655.44815,0.00029
2653.51972,0.00000
2651.59129,0.00006
2649.66286,0.00037
2647.73443,0.00081
2645.80600,0.00111
2643.87757,0.00101
2641.94914,0.00084
2640.02071,0.00081
2638.09228,0.00085
2636.16385,0.00090
2634.23542,0.00069
2632.30699,0.00037
2630.37856,0.00047
2628.45013,0.00081
2626.52170,0.00083
2624.59327,0.00062
2622.66484,0.00043
2620.73641,0.00032
2618.80798,0.00039
2616.87955,0.00048
2614.95112,0.00033
2613.02269,0.00016
2611.09426,0.00026
2609.16583,0.00048
2607.23740,0.00060
2605.30897,0.00050
2603.38054,0.00030
2601.45211,0.00019
2599.52368,0.00016
2597.59525,0.00012
2595.66682,0.00010
2593.73839,0.00022
2591.80996,0.00053
2589.88153,0.00079
2587.95310,0.00083
2586.02467,0.00064
2584.09624,0.00030
2582.16781,-0.00000
2580.23938,0.00000
2578.31095,0.00026
2576.38252,0.00046
2574.45409,0.00045
2572.52566,0.00048
2570.59723,0.00067
2568.66880,0.00084
2566.74037,0.00073
2564.81194,0.00042
2562.88351,0.00046
2560.95508,0.00093
2559.02665,0.00119
2557.09822,0.00094
2555.16979,0.00064
2553.24136,0.00060
2551.31293,0.00066
2549.38450,0.00057
2547.45607,0.00037
2545.52764,0.00028
2543.59921,0.00030
2541.67078,0.00035
2539.74235,0.00040
2537.81392,0.00043
2535.88549,0.00044
2533.95706,0.00041
2532.02863,0.00033
2530.10020,0.00023
2528.17177,0.00016
2526.24334,0.00018
2524.31491,0.00021
2522.38648,0.00023
2520.45805,0.00029
2518.52962,0.00032
2516.60119,0.00029
2514.67276,0.00029
2512.74433,0.00025
2510.81590,0.00016
2508.88747,0.00018
2506.95904,0.00024
2505.03061,0.00025
2503.10218,0.00028
2501.17375,0.00022
2499.24532,0.00013
2497.31689,0.00023
2495.38846,0.00047
2493.46003,0.00063
2491.53160,0.00061
2489.60317,0.00059
2487.67474,0.00066
2485.74631,0.00060
2483.81788,0.00043
2481.88945,0.00032
2479.96102,0.00022
2478.03259,0.00008
2476.10416,0.00003
2474.17573,0.00022
2472.24730,0.00043
2470.31887,0.00044
2468.39044,0.00036
2466.46201,0.00038
2464.53358,0.00048
2462.60515,0.00050
2460.67672,0.00047
2458.74829,0.00062
2456.81986,0.00083
2454.89143,0.00082
2452.96300,0.00070
2451.03457,0.00063
2449.10614,0.00044
2447.17771,0.00014
2445.24928,0.00000
2443.32085,0.00016
2441.39242,0.00051
2439.46399,0.00063
2437.53556,0.00048
2435.60713,0.00030
2433.67870,0.00021
2431.75027,0.00024
2429.82184,0.00038
2427.89341,0.00041
2425.96498,0.00024
2424.03655,0.00022
2422.10812,0.00020
2420.17969,0.00018
2418.25126,0.00016
2416.32283,0.00014
2414.39440,0.00012
2412.46597,0.00010
2410.53754,0.00008
2408.60911,0.00006
2406.68068,0.00005
2404.75225,0.00003
2402.82382,0.00002
2400.89539,0.00000
2398.96696,-0.00002
2397.03853,-0.00003
2395.11010,-0.00005
2393.18167,-0.00006
2391.25324,-0.00008
2389.32481,-0.00009
2387.39638,-0.00010
2385.46795,-0.00012
2383.53952,-0.00013
2381.61109,-0.00014
2379.68266,-0.00015
2377.75423,-0.00016
2375.82580,-0.00017
2373.89737,-0.00018
2371.96894,-0.00019
2370.04051,-0.00020
2368.11208,-0.00020
2366.18365,-0.00021
2364.25522,-0.00022
2362.32679,-0.00022
2360.39836,-0.00023
2358.46993,-0.00023
2356.54150,-0.00023
2354.61307,-0.00024
2352.68464,-0.00024
2350.75621,-0.00024
2348.82778,-0.00024
2346.89935,-0.00024
2344.97092,-0.00025
2343.04249,-0.00024
2341.11406,-0.00024
2339.18563,-0.00024
2337.25720,-0.00024
2335.32877,-0.00024
2333.40034,-0.00023
2331.47191,-0.00023
2329.54348,-0.00023
2327.61505,-0.00022
2325.68662,-0.00022
2323.75819,-0.00021
2321.82976,-0.00020
2319.90133,-0.00020
2317.97290,-0.00019
2316.04447,-0.00018
2314.11604,-0.00017
2312.18761,-0.00016
2310.25918,-0.00015
2308.33075,-0.00014
2306.40232,-0.00013
2304.47389,-0.00012
2302.54546,-0.00010
2300.61703,-0.00009
2298.68860,-0.00008
2296.76017,-0.00006
2294.83174,-0.00005
2292.90331,-0.00003
2290.97488,-0.00001
2289.04645,0.00000
2287.11802,0.00002
2285.18959,0.00004
2283.26116,0.00006
2281.33273,0.00007
2279.40430,0.00009
2277.47587,0.00011
2275.54744,0.00014
2273.61901,0.00016
2271.69058,0.00018
2269.76215,0.00020
2267.83372,0.00022
2265.90529,0.00025
2263.97686,0.00027
2262.04843,0.00030
2260.12000,0.00032
2258.19157,0.00035
2256.26314,0.00038
2254.33471,0.00040
2252.40628,0.00043
2250.47785,0.00046
2248.54942,0.00049
2246.62099,0.00052
2244.69256,0.00055
2242.76413,0.00058
2240.83570,0.00044
2238.90727,0.00046
2236.97884,0.00043
2235.05041,0.00033
2233.12198,0.00028
2231.19355,0.00015
2229.26512,0.00000
2227.33669,0.00003
2225.40826,0.00019
2223.47983,0.00036
2221.55140,0.00051
2219.62297,0.00047
2217.69454,0.00035
2215.76611,0.00035
2213.83768,0.00028
2211.90925,0.00006
2209.98082,-0.00001
2208.05239,0.00012
2206.12396,0.00025
2204.19553,0.00028
2202.26710,0.00040
2200.33867,0.00077
2198.41024,0.00110
2196.48181,0.00109
2194.55338,0.00094
2192.62495,0.00081
2190.69652,0.00067
2188.76809,0.00049
2186.83966,0.00034
2184.91123,0.00029
2182.98280,0.00028
2181.05437,0.00017
2179.12594,0.00004
2177.19751,0.00003
2175.26908,0.00010
2173.34065,0.00022
2171.41222,0.00031
2169.48379,0.00033
2167.55536,0.00020
2165.62693,0.00003
2163.69850,0.00002
2161.77007,0.00006
2159.84164,0.00005
2157.91321,0.00019
2155.98478,0.00054
2154.05635,0.00074
2152.12792,0.00055
2150.19949,0.00019
2148.27106,0.00000
2146.34263,0.00017
2144.41420,0.00059
2142.48577,0.00081
2140.55734,0.00074
2138.62891,0.00056
2136.70048,0.00034
2134.77205,0.00022
2132.84362,0.00029
2130.91519,0.00045
2128.98676,0.00058
2127.05833,0.00062
2125.12990,0.00050
2123.20147,0.00033
2121.27304,0.00021
2119.34461,0.00011
2117.41618,0.00005
2115.48775,0.00013
2113.55932,0.00039
2111.63089,0.00067
2109.70245,0.00070
2107.77402,0.00053
2105.84559,0.00043
2103.91716,0.00049
2101.98873,0.00058
2100.06030,0.00058
2098.13187,0.00046
2096.20344,0.00035
2094.27501,0.00035
2092.34658,0.00038
2090.41815,0.00043
2088.48972,0.00045
2086.56129,0.00035
2084.63286,0.00022
2082.70443,0.00016
2080.77600,0.00018
2078.84757,0.00013
2076.91914,-0.00000
2074.99071,0.00000
2073.06228,0.00014
2071.13385,0.00030
2069.20542,0.00051
2067.27699,0.00074
2065.34856,0.00095
2063.42013,0.00101
2061.49170,0.00075
2059.56327,0.00036
2057.63484,0.00021
2055.70641,0.00021
2053.77798,0.00012
2051.84955,0.00006
2049.92112,0.00011
2047.99269,0.00023
2046.06426,0.00037
2044.13583,0.00048
2042.20740,0.00049
2040.27897,0.00033
2038.35054,0.00015
2036.42211,0.00018
2034.49368,0.00030
2032.56525,0.00022
2030.63682,0.00007
2028.70839,0.00003
2026.77996,0.00004
2024.85153,0.00016
2022.92310,0.00044
2020.99467,0.00064
2019.06624,0.00054
2017.13781,0.00037
2015.20938,0.00045
2013.28095,0.00059
2011.35252,0.00051
2009.42409,0.00031
2007.49566,0.00021
2005.56723,0.00030
2003.63880,0.00050
2001.71037,0.00062
1999.78194,0.00054
1997.85351,0.00040
1995.92508,0.00039
1993.99665,0.00046
1992.06822,0.00047
1990.13979,0.00033
1988.21136,0.00011
1986.28293,0.00000
1984.35450,0.00011
1982.42607,0.00029
1980.49764,0.00038
1978.56921,0.00044
1976.64078,0.00048
1974.71235,0.00042
1972.78392,0.00038
1970.85549,0.00046
1968.92706,0.00049
1966.99863,0.00033
1965.07020,0.00021
1963.14177,0.00028
1961.21334,0.00046
1959.28491,0.00065
1957.35648,0.00065
1955.42805,0.00041
1953.49962,0.00016
1951.57119,0.00017
1949.64276,0.00030
1947.71433,0.00035
1945.78590,0.00035
1943.85747,0.00032
1941.92904,0.00023
1940.00061,0.00024
1938.07218,0.00038
1936.14375,0.00042
1934.21532,0.00028
1932.28689,0.00009
1930.35846,0.00000
1928.43003,-0.00001
1926.50160,0.00007
1924.57317,0.00025
1922.64474,0.00049
1920.71631,0.00066
1918.78788,0.00056
1916.85945,0.00033
1914.93102,0.00034
1913.00259,0.00060
1911.07416,0.00075
1909.14573,0.00072
1907.21730,0.00065
1905.28887,0.00059
1903.36044,0.00053
1901.43201,0.00057
1899.50358,0.00068
1897.57515,0.00065
1895.64672,0.00047
1893.71829,0.00039
1891.78986,0.00045
1889.86143,0.00051
1887.93300,0.00062
1886.00457,0.00071
1884.07614,0.00067
1882.14771,0.00066
1880.21928,0.00077
1878.29085,0.00090
1876.36242,0.00093
1874.43399,0.00092
1872.50556,0.00093
1870.57713,0.00074
1868.64870,0.00024
1866.72027,0.00000
1864.79184,0.00031
1862.86341,0.00068
1860.93498,0.00072
1859.00655,0.00067
1857.07812,0.00079
1855.14969,0.00095
1853.22126,0.00096
1851.29283,0.00091
1849.36440,0.00092
1847.43597,0.00096
1845.50754,0.00089
1843.57911,0.00068
1841.65068,0.00057
1839.72225,0.00066
1837.79382,0.00086
1835.86539,0.00110
1833.93696,0.00123
1832.00853,0.00096
1830.08010,0.00038
1828.15167,0.00003
1826.22324,-0.00001
1824.29481,0.00006
1822.36638,0.00023
1820.43795,0.00051
1818.50952,0.00078
1816.58109,0.00097
1814.65266,0.00093
1812.72423,0.00065
1810.79580,0.00037
1808.86737,0.00036
1806.93894,0.00055
1805.01051,0.00078
1803.08208,0.00090
1801.15365,0.00077
1799.22522,0.00061
1797.29679,0.00072
1795.36836,0.00079
1793.43993,0.00052
1791.51150,0.00038
1789.58307,0.00086
1787.65464,0.00155
1785.72621,0.00184
1783.79778,0.00158
1781.86935,0.00117
1779.94092,0.00111
1778.01249,0.00141
1776.08406,0.00144
1774.15563,0.00077
1772.22720,0.00000
1770.29877,0.00014
1768.37034,0.00088
1766.44191,0.00134
1764.51348,0.00141
1762.58505,0.00130
1760.65662,0.00124
1758.72819,0.00128
1756.79976,0.00130
1754.87133,0.00145
1752.94290,0.00167
1751.01447,0.00127
1749.08604,0.00029
1747.15761,0.00000
1745.22918,0.00044
1743.30075,0.00073
1741.37232,0.00063
1739.44389,0.00054
1737.51546,0.00070
1735.58703,0.00070
1733.65860,0.00035
1731.73017,0.00041
1729.80174,0.00091
1727.87331,0.00136
1725.94488,0.00158
1724.01645,0.00168
1722.08802,0.00178
1720.15959,0.00168
1718.23116,0.00106
1716.30273,0.00061
1714.37430,0.00123
1712.44587,0.00240
1710.51744,0.00325
1708.58901,0.00356
1706.66058,0.00374
1704.73215,0.00449
1702.80372,0.00584
1700.87529,0.00687
1698.94686,0.00711
1697.01843,0.00767
1695.09000,0.00936
1693.16157,0.01131
1691.23314,0.01290
1689.30471,0.01417
1687.37628,0.01512
1685.44785,0.01590
1683.51942,0.01748
1681.59099,0.01983
1679.66256,0.02192
1677.73413,0.02343
1675.80570,0.02453
1673.87727,0.02528
1671.94884,0.02581
1670.02041,0.02671
1668.09198,0.02857
1666.16355,0.03068
1664.23512,0.03247
1662.30669,0.03414
1660.37826,0.03599
1658.44983,0.03766
1656.52140,0.03861
1654.59297,0.03855
1652.66454,0.03804
1650.73611,0.03835
1648.80768,0.03855
1646.87925,0.03762
1644.95082,0.03675
1643.02239,0.03646
1641.09396,0.03601
1639.16553,0.03487
1637.23710,0.03277
1635.30867,0.03016
1633.38024,0.02854
1631.45181,0.02768
1629.52338,0.02632
1627.59495,0.02440
1625.66652,0.02266
1623.73809,0.02123
1621.80966,0.02014
1619.88123,0.01916
1617.95280,0.01735
1616.02437,0.01500
1614.09594,0.01355
1612.16751,0.01274
1610.23908,0.01170
1608.31065,0.01070
1606.38222,0.01017
1604.45379,0.00984
1602.52536,0.00938
1600.59693,0.00890
1598.66850,0.00853
1596.74007,0.00830
1594.81164,0.00821
1592.88321,0.00832
1590.95478,0.00850
1589.02635,0.00867
1587.09792,0.00892
1585.16949,0.00933
1583.24106,0.00986
1581.31263,0.01030
1579.38420,0.01044
1577.45577,0.01033
1575.52734,0.01058
1573.59891,0.01138
1571.67048,0.01194
1569.74205,0.01214
1567.81362,0.01275
1565.88519,0.01395
1563.95676,0.01519
1562.02833,0.01596
1560.09990,0.01646
1558.17147,0.01769
1556.24304,0.01995
1554.31461,0.02209
1552.38618,0.02355
1550.45775,0.02441
1548.52932,0.02488
1546.60089,0.02491
1544.67246,0.02420
1542.74403,0.02278
1540.81560,0.02157
1538.88717,0.02232
1536.95874,0.02381
1535.03031,0.02420
1533.10188,0.02322
1531.17345,0.02232
1529.24502,0.02202
1527.31659,0.02173
1525.38816,0.02124
1523.45973,0.02056
1521.53130,0.01974
1519.60287,0.01907
1517.67444,0.01826
1515.74601,0.01749
1513.81758,0.01720
1511.88915,0.01684
1509.96072,0.01543
1508.03229,0.01239
1506.10385,0.00941
1504.17542,0.00911
1502.24699,0.00972
1500.31856,0.00906
1498.39013,0.00717
1496.46170,0.00567
1494.53327,0.00520
1492.60484,0.00473
1490.67641,0.00348
1488.74798,0.00214
1486.81955,0.00182
1484.89112,0.00225
1482.96269,0.00250
1481.03426,0.00241
1479.10583,0.00237
1477.17740,0.00242
1475.24897,0.00215
1473.32054,0.00169
1471.39211,0.00180
1469.46368,0.00249
1467.53525,0.00291
1465.60682,0.00279
1463.67839,0.00280
1461.74996,0.00319
1459.82153,0.00337
1457.89310,0.00321
1455.96467,0.00337
1454.03624,0.00379
1452.10781,0.00415
1450.17938,0.00416
1448.25095,0.00386
1446.32252,0.00359
1444.39409,0.00348
1442.46566,0.00343
1440.53723,0.00345
1438.60880,0.00354
1436.68037,0.00344
1434.75194,0.00306
1432.82351,0.00271
1430.89508,0.00250
1428.96665,0.00238
1427.03822,0.00232
1425.10979,0.00225
1423.18136,0.00213
1421.25293,0.00206
1419.32450,0.00210
1417.39607,0.00220
1415.46764,0.00228
1413.53921,0.00231
1411.61078,0.00239
1409.68235,0.00253
1407.75392,0.00253
1405.82549,0.00246
1403.89706,0.00263
1401.96863,0.00303
1400.04020,0.00336
1398.11177,0.00349
1396.18334,0.00342
1394.25491,0.00335
1392.32648,0.00354
1390.39805,0.00373
1388.46962,0.00352
1386.54119,0.00301
1384.61276,0.00258
1382.68433,0.00234
1380.75590,0.00223
1378.82747,0.00215
1376.89904,0.00188
1374.97061,0.00146
1373.04218,0.00123
1371.11375,0.00122
1369.18532,0.00119
1367.25689,0.00108
1365.32846,0.00090
1363.40003,0.00070
1361.47160,0.00056
1359.54317,0.00052
1357.61474,0.00044
1355.68631,0.00022
1353.75788,0.00002
1351.82945,0.00000
1349.90102,0.00024
1347.97259,0.00056
1346.04416,0.00073
1344.11573,0.00084
1342.18730,0.00112
1340.25887,0.00154
1338.33044,0.00174
1336.40201,0.00150
1334.47358,0.00109
1332.54515,0.00094
1330.61672,0.00115
1328.68829,0.00148
1326.75986,0.00175
1324.83143,0.00189
1322.90300,0.00187
1320.97457,0.00181
1319.04614,0.00190
1317.11771,0.00225
1315.18928,0.00269
1313.26085,0.00300
1311.33242,0.00317
1309.40399,0.00328
1307.47556,0.00324
1305.54713,0.00306
1303.61870,0.00302
1301.69027,0.00327
1299.76184,0.00372
1297.83341,0.00425
1295.90498,0.00472
1293.97655,0.00505
1292.04812,0.00537
1290.11969,0.00583
1288.19126,0.00620
1286.26283,0.00627
1284.33440,0.00638
1282.40597,0.00688
1280.47754,0.00759
1278.54911,0.00827
1276.62068,0.00887
1274.69225,0.00940
1272.76382,0.01004
1270.83539,0.01084
1268.90696,0.01169
1266.97853,0.01250
1265.05010,0.01321
1263.12167,0.01397
1261.19324,0.01506
1259.26481,0.01658
1257.33638,0.01820
1255.40795,0.01969
1253.47952,0.02120
1251.55109,0.02273
1249.62266,0.02421
1247.69423,0.02572
1245.76580,0.02734
1243.83737,0.02907
1241.90894,0.03087
1239.98051,0.03256
1238.05208,0.03386
1236.12365,0.03494
1234.19522,0.03621
1232.26679,0.03764
1230.33836,0.03891
1228.40993,0.04013
1226.48150,0.04146
1224.55307,0.04265
1222.62464,0.04341
1220.69621,0.04389
1218.76778,0.04432
1216.83935,0.04479
1214.91092,0.04546
1212.98249,0.04650
1211.05406,0.04760
1209.12563,0.04840
1207.19720,0.04911
1205.26877,0.04992
1203.34034,0.05069
1201.41191,0.05133
1199.48348,0.05214
1197.55505,0.05311
1195.62662,0.05398
1193.69819,0.05484
1191.76976,0.05587
1189.84133,0.05684
1187.91290,0.05775
1185.98447,0.05873
1184.05604,0.05967
1182.12761,0.06072
1180.19918,0.06198
1178.27075,0.06329
1176.34232,0.06475
1174.41389,0.06624
1172.48546,0.06747
1170.55703,0.06864
1168.62860,0.07007
1166.70017,0.07150
1164.77174,0.07255
1162.84331,0.07330
1160.91488,0.07423
1158.98645,0.07566
1157.05802,0.07739
1155.12959,0.07911
1153.20116,0.08080
1151.27273,0.08248
1149.34430,0.08374
1147.41587,0.08436
1145.48744,0.08493
1143.55901,0.08592
1141.63058,0.08715
1139.70215,0.08844
1137.77372,0.08994
1135.84529,0.09152
1133.91686,0.09289
1131.98843,0.09433
1130.06000,0.09640
1128.13157,0.09891
1126.20314,0.10143
1124.27471,0.10376
1122.34628,0.10617
1120.41785,0.10907
1118.48942,0.11239
1116.56099,0.11582
1114.63256,0.11907
1112.70413,0.12197
1110.77570,0.12511
1108.84727,0.12910
1106.91884,0.13334
1104.99041,0.13705
1103.06198,0.14050
1101.13355,0.14412
1099.20512,0.14773
1097.27669,0.15073
1095.34826,0.15332
1093.41983,0.15614
1091.49140,0.15884
1089.56297,0.16111
1087.63454,0.16305
1085.70611,0.16445
1083.77768,0.16557
1081.84925,0.16665
1079.92082,0.16705
1077.99239,0.16670
1076.06396,0.16637
1074.13553,0.16619
1072.20710,0.16582
1070.27867,0.16512
1068.35024,0.16428
1066.42181,0.16319
1064.49338,0.16163
1062.56495,0.15986
1060.63652,0.15818
1058.70809,0.15637
1056.77966,0.15391
1054.85123,0.15067
1052.92280,0.14691
1050.99437,0.14243
1049.06594,0.13721
1047.13751,0.13190
1045.20908,0.12670
1043.28065,0.12112
1041.35222,0.11484
1039.42379,0.10840
1037.49536,0.10237
1035.56693,0.09625
1033.63850,0.08955
1031.71007,0.08262
1029.78164,0.07580
1027.85321,0.06912
1025.92478,0.06302
1023.99635,0.05763
1022.06792,0.05244
1020.13949,0.04736
1018.21106,0.04271
1016.28263,0.03858
1014.35420,0.03492
1012.42577,0.03160
1010.49734,0.02830
1008.56891,0.02498
1006.64048,0.02196
1004.71205,0.01947
1002.78362,0.01737
1000.85519,0.01541
998.92676,0.01364
996.99833,0.01215
995.06990,0.01096
993.14147,0.01022
991.21304,0.01015
989.28461,0.01061
987.35618,0.01088
985.42775,0.01063
983.49932,0.01057
981.57089,0.01129
979.64246,0.01223
977.71403,0.01289
975.78560,0.01335
973.85717,0.01363
971.92874,0.01366
970.00031,0.01345
968.07188,0.01300
966.14345,0.01241
964.21502,0.01206
962.28659,0.01219
960.35816,0.01223
958.42973,0.01177
956.50130,0.01129
954.57287,0.01080
952.64444,0.01001
950.71601,0.00931
948.78758,0.00900
946.85915,0.00898
944.93072,0.00904
943.00229,0.00886
941.07386,0.00823
939.14543,0.00746
937.21700,0.00698
935.28857,0.00673
933.36014,0.00644
931.43171,0.00610
929.50328,0.00567
927.57485,0.00519
925.64642,0.00493
923.71799,0.00490
921.78956,0.00489
919.86113,0.00481
917.93270,0.00445
916.00427,0.00363
914.07584,0.00269
912.14741,0.00214
910.21898,0.00212
908.29055,0.00223
906.36212,0.00198
904.43368,0.00164
902.50525,0.00180
900.57682,0.00218
898.64839,0.00237
896.71996,0.00227
894.79153,0.00177
892.86310,0.00100
890.93467,0.00025
889.00624,0.00000
887.07781,0.00041
885.14938,0.00058
883.22095,0.00010
881.29252,-0.00008
879.36409,0.00026
877.43566,0.00057
875.50723,0.00034
873.57880,0.00000
871.65037,-0.00001
869.72194,0.00037
867.79351,0.00081
865.86508,0.00103
863.93665,0.00113
862.00822,0.00134
860.07979,0.00152
858.15136,0.00163
856.22293,0.00214
854.29450,0.00294
852.36607,0.00332
850.43764,0.00344
848.50921,0.00397
846.58078,0.00466
844.65235,0.00487
842.72392,0.00499
840.79549,0.00563
838.86706,0.00648
836.93863,0.00734
835.01020,0.00854
833.08177,0.00982
831.15334,0.01075
829.22491,0.01178
827.29648,0.01320
825.36805,0.01429
823.43962,0.01455
821.51119,0.01455
819.58276,0.01495
817.65433,0.01595
815.72590,0.01736
813.79747,0.01859
811.86904,0.01957
809.94061,0.02062
808.01218,0.02131
806.08375,0.02151
804.15532,0.02150
802.22689,0.02119
800.29846,0.02085
798.37003,0.02084
796.44160,0.02091
794.51317,0.02071
792.58474,0.02023
790.65631,0.01982
788.72788,0.01958
786.79945,0.01899
784.87102,0.01776
782.94259,0.01634
781.01416,0.01491
779.08573,0.01317
777.15730,0.01149
775.22887,0.01041
773.30044,0.00930
771.37201,0.00782
769.44358,0.00692
767.51515,0.00690
765.58672,0.00670
763.65829,0.00579
761.72986,0.00477
759.80143,0.00420
757.87300,0.00410
755.94457,0.00411
754.01614,0.00427
752.08771,0.00507
750.15928,0.00582
748.23085,0.00518
746.30242,0.00357
744.37399,0.00273
742.44556,0.00303
740.51713,0.00298
738.58870,0.00206
736.66027,0.00158
734.73184,0.00205
732.80341,0.00237
730.87498,0.00199
728.94655,0.00163
727.01812,0.00193
725.08969,0.00249
723.16126,0.00326
721.23283,0.00292
719.30440,0.00208
717.37597,0.00121
715.44754,0.00069
713.51911,0.00087
711.59068,0.00130
709.66225,0.00132
707.73382,0.00124
705.80539,0.00193
703.87696,0.00340
701.94853,0.00477
700.02010,0.00536
698.09167,0.00532
696.16324,0.00521
694.23481,0.00519
692.30638,0.00480
690.37795,0.00348
688.44952,0.00157
686.52109,0.00028
684.59266,0.00000
682.66423,0.00023
680.73580,0.00123
678.80737,0.00315
676.87894,0.00456
674.95051,0.00476
673.02208,0.00571
671.09365,0.00895
669.16522,0.01130
667.23679,0.00822
665.30836,0.00365
663.37993,0.00200
661.45150,0.00252
659.52307,0.00334
657.59464,0.00429
655.66621,0.00518
653.73778,0.00450
651.80935,0.00250
649.88092,0.00171
647.95249,0.00236
646.02406,0.00287
644.09563,0.00262
642.16720,0.00144
640.23877,0.00006
638.31034,0.00047
636.38191,0.00274
634.45348,0.00407
632.52505,0.00283
630.59662,0.00092
628.66819,0.00163
626.73976,0.00542
624.81133,0.00737
622.88290,0.00512
620.95447,0.00301
619.02604,0.00363
617.09761,0.00459
615.16918,0.00355
613.24075,0.00167
611.31232,0.00022
609.38389,0.00268
607.45546,0.00688
605.52703,0.00757
603.59860,0.00360
601.67017,0.00000
599.74174,0.00000
