4001.49232,0.00064
3999.56389,0.00148
3997.63546,0.00125
3995.70703,0.00116
3993.77860,0.00145
3991.85017,0.00163
3989.92174,0.00147
3987.99331,0.00121
3986.06488,0.00115
3984.13645,0.00119
3982.20802,0.00101
3980.27959,0.00050
3978.35116,0.00005
3976.42273,0.00000
3974.49430,0.00025
3972.56587,0.00074
3970.63744,0.00151
3968.70901,0.00222
3966.78058,0.00213
3964.85215,0.00137
3962.92372,0.00101
3960.99529,0.00113
3959.06686,0.00115
3957.13843,0.00104
3955.21000,0.00100
3953.28157,0.00117
3951.35314,0.00146
3949.42471,0.00156
3947.49628,0.00126
3945.56785,0.00092
3943.63942,0.00095
3941.71099,0.00074
3939.78256,0.00021
3937.85413,0.00005
3935.92570,0.00021
3933.99727,0.00078
3932.06884,0.00171
3930.14041,0.00215
3928.21198,0.00168
3926.28355,0.00134
3924.35512,0.00129
3922.42669,0.00086
3920.49826,0.00063
3918.56982,0.00094
3916.64139,0.00113
3914.71296,0.00063
3912.78453,0.00024
3910.85610,0.00035
3908.92767,0.00058
3906.99924,0.00110
3905.07081,0.00238
3903.14238,0.00341
3901.21395,0.00346
3899.28552,0.00309
3897.35709,0.00177
3895.42866,0.00042
3893.50023,0.00103
3891.57180,0.00275
3889.64337,0.00235
3887.71494,0.00147
3885.78651,0.00181
3883.85808,0.00132
3881.92965,0.00125
3880.00122,0.00221
3878.07279,0.00155
3876.14436,0.00058
3874.21593,0.00069
3872.28750,0.00158
3870.35907,0.00326
3868.43064,0.00308
3866.50221,0.00203
3864.57378,0.00279
3862.64535,0.00374
3860.71692,0.00315
3858.78849,0.00209
3856.86006,0.00249
3854.93163,0.00441
3853.00320,0.00492
3851.07477,0.00276
3849.14634,0.00117
3847.21791,0.00030
3845.28948,-0.00020
3843.36105,-0.00050
3841.43262,-0.00026
3839.50419,0.00132
3837.57576,0.00256
3835.64733,0.00178
3833.71890,0.00080
3831.79047,0.00086
3829.86204,0.00098
3827.93361,0.00115
3826.00518,0.00082
3824.07675,0.00021
3822.14832,0.00134
3820.21989,0.00172
3818.29146,0.00003
3816.36303,0.00000
3814.43460,0.00079
3812.50617,0.00110
3810.57774,0.00137
3808.64931,0.00225
3806.72088,0.00282
3804.79245,0.00179
3802.86402,0.00203
3800.93559,0.00257
3799.00716,0.00107
3797.07873,0.00073
3795.15030,0.00122
3793.22187,0.00110
3791.29344,0.00101
3789.36501,0.00112
3787.43658,0.00130
3785.50815,0.00142
3783.57972,0.00092
3781.65129,0.00062
3779.72286,0.00134
3777.79443,0.00144
3775.86600,0.00078
3773.93757,0.00021
3772.00914,0.00029
3770.08071,0.00094
3768.15228,0.00111
3766.22385,0.00130
3764.29542,0.00121
3762.36699,0.00099
3760.43856,0.00195
3758.51013,0.00308
3756.58170,0.00259
3754.65327,0.00181
3752.72484,0.00315
3750.79641,0.00533
3748.86798,0.00398
3746.93955,0.00235
3745.01112,0.00421
3743.08269,0.00466
3741.15426,0.00242
3739.22583,0.00052
3737.29740,0.00029
3735.36897,0.00084
3733.44054,0.00120
3731.51211,0.00162
3729.58368,0.00156
3727.65525,0.00195
3725.72682,0.00268
3723.79839,0.00295
3721.86996,0.00275
3719.94153,0.00252
3718.01310,0.00236
3716.08467,0.00171
3714.15624,0.00151
3712.22781,0.00285
3710.29938,0.00385
3708.37095,0.00247
3706.44252,0.00053
3704.51409,0.00004
3702.58566,0.00132
3700.65723,0.00210
3698.72880,0.00152
3696.80037,0.00124
3694.87194,0.00111
3692.94351,0.00094
3691.01508,0.00166
3689.08665,0.00301
3687.15822,0.00308
3685.22979,0.00254
3683.30136,0.00215
3681.37293,0.00156
3679.44450,0.00092
3677.51607,0.00176
3675.58764,0.00344
3673.65921,0.00133
3671.73078,-0.00032
3669.80235,0.00176
3667.87392,0.00288
3665.94549,0.00251
3664.01706,0.00233
3662.08863,0.00216
3660.16020,0.00174
3658.23177,0.00220
3656.30334,0.00309
3654.37491,0.00173
3652.44648,0.00000
3650.51805,0.00075
3648.58962,0.00259
3646.66119,0.00269
3644.73276,0.00212
3642.80433,0.00255
3640.87590,0.00352
3638.94747,0.00408
3637.01904,0.00396
3635.09061,0.00352
3633.16218,0.00262
3631.23375,0.00215
3629.30532,0.00321
3627.37689,0.00328
3625.44846,0.00236
3623.52003,0.00203
3621.59160,0.00231
3619.66317,0.00242
3617.73474,0.00135
3615.80631,0.00073
3613.87788,0.00227
3611.94945,0.00366
3610.02102,0.00396
3608.09259,0.00412
3606.16416,0.00329
3604.23573,0.00192
3602.30730,0.00176
3600.37887,0.00281
3598.45044,0.00344
3596.52201,0.00330
3594.59358,0.00293
3592.66515,0.00187
3590.73672,0.00072
3588.80829,0.00120
3586.87986,0.00208
3584.95143,0.00104
3583.02300,-0.00011
3581.09457,0.00021
3579.16614,0.00121
3577.23771,0.00183
3575.30928,0.00190
3573.38085,0.00166
3571.45242,0.00132
3569.52399,0.00167
3567.59556,0.00300
3565.66713,0.00319
3563.73870,0.00180
3561.81027,0.00096
3559.88184,0.00103
3557.95341,0.00110
3556.02498,0.00126
3554.09655,0.00197
3552.16812,0.00249
3550.23969,0.00186
3548.31126,0.00111
3546.38283,0.00108
3544.45440,0.00083
3542.52597,0.00014
3540.59754,0.00000
3538.66911,0.00069
3536.74068,0.00158
3534.81225,0.00172
3532.88382,0.00118
3530.95539,0.00092
3529.02696,0.00139
3527.09853,0.00198
3525.17010,0.00235
3523.24167,0.00261
3521.31324,0.00243
3519.38481,0.00234
3517.45638,0.00275
3515.52795,0.00290
3513.59952,0.00242
3511.67109,0.00183
3509.74266,0.00141
3507.81423,0.00080
3505.88580,0.00065
3503.95737,0.00155
3502.02894,0.00207
3500.10051,0.00148
3498.17208,0.00094
3496.24365,0.00090
3494.31522,0.00101
3492.38679,0.00153
3490.45836,0.00256
3488.52993,0.00335
3486.60150,0.00333
3484.67307,0.00314
3482.74464,0.00321
3480.81621,0.00278
3478.88778,0.00185
3476.95935,0.00156
3475.03092,0.00199
3473.10249,0.00197
3471.17406,0.00095
3469.24563,0.00000
3467.31720,0.00008
3465.38877,0.00097
3463.46034,0.00193
3461.53191,0.00237
3459.60348,0.00214
3457.67505,0.00171
3455.74662,0.00152
3453.81819,0.00167
3451.88976,0.00203
3449.96133,0.00246
3448.03290,0.00301
3446.10447,0.00289
3444.17604,0.00217
3442.24761,0.00211
3440.31918,0.00239
3438.39075,0.00226
3436.46232,0.00185
3434.53389,0.00168
3432.60546,0.00170
3430.67703,0.00143
3428.74860,0.00104
3426.82017,0.00066
3424.89174,-0.00006
3422.96331,-0.00038
3421.03488,0.00035
3419.10645,0.00117
3417.17802,0.00162
3415.24959,0.00166
3413.32116,0.00106
3411.39273,0.00054
3409.46430,0.00062
3407.53587,0.00074
3405.60744,0.00065
3403.67901,0.00086
3401.75058,0.00135
3399.82215,0.00202
3397.89372,0.00193
3395.96529,0.00166
3394.03686,0.00127
3392.10843,0.00084
3390.18000,0.00045
3388.25157,0.00040
3386.32314,0.00070
3384.39471,0.00107
3382.46628,0.00134
3380.53785,0.00139
3378.60942,0.00100
3376.68099,0.00046
3374.75256,0.00037
3372.82413,0.00069
3370.89570,0.00106
3368.96727,0.00130
3367.03884,0.00115
3365.11041,0.00071
3363.18198,0.00069
3361.25355,0.00104
3359.32512,0.00112
3357.39669,0.00098
3355.46826,0.00084
3353.53983,0.00071
3351.61140,0.00084
3349.68297,0.00133
3347.75454,0.00177
3345.82611,0.00179
3343.89768,0.00173
3341.96925,0.00207
3340.04082,0.00244
3338.11239,0.00251
3336.18396,0.00250
3334.25553,0.00244
3332.32710,0.00234
3330.39867,0.00230
3328.47024,0.00222
3326.54181,0.00203
3324.61338,0.00196
3322.68495,0.00216
3320.75652,0.00259
3318.82809,0.00309
3316.89966,0.00324
3314.97122,0.00275
3313.04279,0.00219
3311.11436,0.00215
3309.18593,0.00253
3307.25750,0.00290
3305.32907,0.00312
3303.40064,0.00329
3301.47221,0.00380
3299.54378,0.00448
3297.61535,0.00465
3295.68692,0.00433
3293.75849,0.00386
3291.83006,0.00350
3289.90163,0.00343
3287.97320,0.00325
3286.04477,0.00289
3284.11634,0.00307
3282.18791,0.00377
3280.25948,0.00417
3278.33105,0.00420
3276.40262,0.00398
3274.47419,0.00338
3272.54576,0.00279
3270.61733,0.00273
3268.68890,0.00308
3266.76047,0.00348
3264.83204,0.00395
3262.90361,0.00418
3260.97518,0.00370
3259.04675,0.00301
3257.11832,0.00264
3255.18989,0.00248
3253.26146,0.00233
3251.33303,0.00208
3249.40460,0.00190
3247.47617,0.00195
3245.54774,0.00196
3243.61931,0.00143
3241.69088,0.00083
3239.76245,0.00101
3237.83402,0.00156
3235.90559,0.00156
3233.97716,0.00121
3232.04873,0.00127
3230.12030,0.00176
3228.19187,0.00234
3226.26344,0.00267
3224.33501,0.00266
3222.40658,0.00246
3220.47815,0.00223
3218.54972,0.00198
3216.62129,0.00167
3214.69286,0.00137
3212.76443,0.00106
3210.83600,0.00097
3208.90757,0.00099
3206.97914,0.00107
3205.05071,0.00152
3203.12228,0.00215
3201.19385,0.00253
3199.26542,0.00272
3197.33699,0.00287
3195.40856,0.00272
3193.48013,0.00229
3191.55170,0.00191
3189.62327,0.00153
3187.69484,0.00101
3185.76641,0.00077
3183.83798,0.00105
3181.90955,0.00127
3179.98112,0.00128
3178.05269,0.00147
3176.12426,0.00161
3174.19583,0.00150
3172.26740,0.00139
3170.33897,0.00139
3168.41054,0.00130
3166.48211,0.00100
3164.55368,0.00061
3162.62525,0.00047
3160.69682,0.00054
3158.76839,0.00029
3156.83996,-0.00031
3154.91153,-0.00065
3152.98310,-0.00042
3151.05467,0.00012
3149.12624,0.00046
3147.19781,0.00035
3145.26938,0.00008
3143.34095,-0.00007
3141.41252,0.00001
3139.48409,0.00021
3137.55566,0.00033
3135.62723,0.00033
3133.69880,0.00031
3131.77037,0.00027
3129.84194,0.00043
3127.91351,0.00075
3125.98508,0.00085
3124.05665,0.00059
3122.12822,0.00014
3120.19979,0.00000
3118.27136,0.00042
3116.34293,0.00075
3114.41450,0.00061
3112.48607,0.00035
3110.55764,-0.00001
3108.62921,-0.00033
3106.70078,-0.00037
3104.77235,-0.00045
3102.84392,-0.00045
3100.91549,0.00007
3098.98706,0.00061
3097.05863,0.00062
3095.13020,0.00019
3093.20177,-0.00021
3091.27334,-0.00026
3089.34491,-0.00011
3087.41648,0.00003
3085.48805,0.00002
3083.55962,0.00002
3081.63119,0.00005
3079.70276,0.00003
3077.77433,0.00015
3075.84590,0.00045
3073.91747,0.00082
3071.98904,0.00101
3070.06061,0.00077
3068.13218,0.00039
3066.20375,0.00019
3064.27532,-0.00007
3062.34689,-0.00045
3060.41846,-0.00038
3058.49003,0.00030
3056.56160,0.00079
3054.63317,0.00057
3052.70474,0.00029
3050.77631,0.00049
3048.84788,0.00092
3046.91945,0.00102
3044.99102,0.00057
3043.06259,-0.00002
3041.13416,-0.00009
3039.20573,0.00028
3037.27730,0.00045
3035.34887,0.00029
3033.42044,0.00018
3031.49201,0.00029
3029.56358,0.00045
3027.63515,0.00048
3025.70672,0.00028
3023.77829,0.00009
3021.84986,0.00030
3019.92143,0.00057
3017.99300,0.00039
3016.06457,0.00003
3014.13614,0.00000
3012.20771,0.00028
3010.27928,0.00059
3008.35085,0.00056
3006.42242,0.00031
3004.49399,0.00023
3002.56556,0.00032
3000.63713,0.00037
2998.70870,0.00056
2996.78027,0.00032
2994.85184,0.00023
2992.92341,0.00054
2990.99498,0.00098
2989.06655,0.00121
2987.13812,0.00102
2985.20969,0.00050
2983.28126,0.00005
2981.35283,0.00000
2979.42440,0.00034
2977.49597,0.00077
2975.56754,0.00113
2973.63911,0.00121
2971.71068,0.00085
2969.78225,0.00068
2967.85382,0.00122
2965.92539,0.00197
2963.99696,0.00215
2962.06853,0.00187
2960.14010,0.00160
2958.21167,0.00151
2956.28324,0.00163
2954.35481,0.00174
2952.42638,0.00161
2950.49795,0.00131
2948.56952,0.00104
2946.64109,0.00108
2944.71266,0.00147
2942.78423,0.00201
2940.85580,0.00257
2938.92737,0.00291
2936.99894,0.00305
2935.07051,0.00327
2933.14208,0.00335
2931.21365,0.00281
2929.28522,0.00208
2927.35679,0.00177
2925.42836,0.00154
2923.49993,0.00139
2921.57150,0.00175
2919.64307,0.00218
2917.71464,0.00203
2915.78621,0.00139
2913.85778,0.00080
2911.92935,0.00073
2910.00092,0.00100
2908.07249,0.00094
2906.14406,0.00049
2904.21563,0.00011
2902.28720,-0.00007
2900.35877,0.00003
2898.43034,0.00061
2896.50191,0.00119
2894.57348,0.00110
2892.64505,0.00059
2890.71662,0.00037
2888.78819,0.00034
2886.85976,0.00020
2884.93133,0.00018
2883.00290,0.00033
2881.07447,0.00041
2879.14604,0.00048
2877.21761,0.00069
2875.28918,0.00083
2873.36075,0.00078
2871.43232,0.00084
2869.50389,0.00113
2867.57546,0.00117
2865.64703,0.00073
2863.71860,0.00018
2861.79017,0.00000
2859.86174,0.00040
2857.93331,0.00118
2856.00488,0.00172
2854.07645,0.00166
2852.14802,0.00125
2850.21959,0.00089
2848.29116,0.00073
2846.36273,0.00064
2844.43430,0.00045
2842.50587,0.00025
2840.57744,0.00020
2838.64901,0.00017
2836.72058,-0.00002
2834.79215,-0.00032
2832.86372,-0.00033
2830.93529,0.00012
2829.00686,0.00062
2827.07843,0.00075
2825.15000,0.00056
2823.22157,0.00028
2821.29314,0.00008
2819.36471,-0.00001
2817.43628,0.00002
2815.50785,0.00018
2813.57942,0.00031
2811.65099,0.00018
2809.72256,-0.00003
2807.79413,0.00000
2805.86570,0.00022
2803.93727,0.00043
2802.00884,0.00039
2800.08041,0.00033
2798.15198,0.00044
2796.22355,0.00032
2794.29512,0.00002
2792.36669,-0.00001
2790.43826,0.00019
2788.50983,0.00035
2786.58140,0.00033
2784.65297,0.00002
2782.72454,-0.00028
2780.79611,-0.00007
2778.86768,0.00040
2776.93925,0.00057
2775.01082,0.00038
2773.08239,0.00008
2771.15396,-0.00009
2769.22553,-0.00006
2767.29710,0.00001
2765.36867,0.00017
2763.44024,0.00056
2761.51181,0.00089
2759.58338,0.00083
2757.65495,0.00048
2755.72652,0.00015
2753.79809,0.00000
2751.86966,-0.00006
2749.94123,-0.00004
2748.01280,0.00012
2746.08437,0.00037
2744.15594,0.00058
2742.22751,0.00074
2740.29908,0.00070
2738.37065,0.00033
2736.44222,-0.00002
2734.51379,0.00002
2732.58536,0.00022
2730.65693,0.00031
2728.72850,0.00044
2726.80007,0.00058
2724.87164,0.00046
2722.94321,0.00031
2721.01478,0.00040
2719.08635,0.00052
2717.15792,0.00045
2715.22949,0.00048
2713.30105,0.00076
2711.37262,0.00078
2709.44419,0.00037
2707.51576,0.00002
2705.58733,0.00000
2703.65890,0.00016
2701.73047,0.00024
2699.80204,0.00015
2697.87361,0.00012
2695.94518,0.00031
2694.01675,0.00064
2692.08832,0.00077
2690.15989,0.00050
2688.23146,0.00012
2686.30303,0.00005
2684.37460,0.00024
2682.44617,0.00044
2680.51774,0.00051
2678.58931,0.00045
2676.66088,0.00034
2674.73245,0.00029
2672.80402,0.00028
2670.87559,0.00036
2668.94716,0.00044
2667.01873,0.00033
2665.09030,0.00009
2663.16187,0.00000
2661.23344,0.00025
2659.30501,0.00067
2657.37658,0.00074
2655.44815,0.00037
2653.51972,0.00010
2651.59129,0.00016
2649.66286,0.00036
2647.73443,0.00062
2645.80600,0.00100
2643.87757,0.00128
2641.94914,0.00126
2640.02071,0.00091
2638.09228,0.00057
2636.16385,0.00057
2634.23542,0.00073
2632.30699,0.00071
2630.37856,0.00066
2628.45013,0.00076
2626.52170,0.00069
2624.59327,0.00042
2622.66484,0.00020
2620.73641,0.00014
2618.80798,0.00029
2616.87955,0.00043
2614.95112,0.00029
2613.02269,0.00014
2611.09426,0.00023
2609.16583,0.00032
2607.23740,0.00022
2605.30897,0.00011
2603.38054,0.00013
2601.45211,0.00015
2599.52368,0.00007
2597.59525,0.00000
2595.66682,-0.00007
2593.73839,-0.00007
2591.80996,0.00008
2589.88153,0.00026
2587.95310,0.00035
2586.02467,0.00032
2584.09624,0.00016
2582.16781,0.00001
2580.23938,0.00011
2578.31095,0.00038
2576.38252,0.00045
2574.45409,0.00025
2572.52566,0.00006
2570.59723,0.00005
2568.66880,0.00027
2566.74037,0.00048
2564.81194,0.00044
2562.88351,0.00035
2560.95508,0.00042
2559.02665,0.00039
2557.09822,0.00029
2555.16979,0.00040
2553.24136,0.00059
2551.31293,0.00056
2549.38450,0.00032
2547.45607,0.00006
2545.52764,0.00000
2543.59921,0.00010
2541.67078,0.00015
2539.74235,0.00001
2537.81392,-0.00011
2535.88549,0.00006
2533.95706,0.00026
2532.02863,0.00015
2530.10020,0.00001
2528.17177,0.00010
2526.24334,0.00027
2524.31491,0.00020
2522.38648,0.00002
2520.45805,0.00017
2518.52962,0.00050
2516.60119,0.00052
2514.67276,0.00029
2512.74433,0.00008
2510.81590,0.00000
2508.88747,0.00017
2506.95904,0.00057
2505.03061,0.00081
2503.10218,0.00066
2501.17375,0.00034
2499.24532,0.00025
2497.31689,0.00038
2495.38846,0.00047
2493.46003,0.00038
2491.53160,0.00023
2489.60317,0.00045
2487.67474,0.00080
2485.74631,0.00060
2483.81788,0.00006
2481.88945,0.00003
2479.96102,0.00041
2478.03259,0.00039
2476.10416,0.00004
2474.17573,-0.00004
2472.24730,0.00010
2470.31887,0.00017
2468.39044,0.00015
2466.46201,0.00018
2464.53358,0.00036
2462.60515,0.00059
2460.67672,0.00069
2458.74829,0.00057
2456.81986,0.00032
2454.89143,0.00007
2452.96300,0.00006
2451.03457,0.00029
2449.10614,0.00047
2447.17771,0.00044
2445.24928,0.00028
2443.32085,0.00023
2441.39242,0.00024
2439.46399,0.00018
2437.53556,0.00020
2435.60713,0.00020
2433.67870,0.00006
2431.75027,0.00007
2429.82184,0.00022
2427.89341,0.00017
2425.96498,-0.00002
2424.03655,-0.00001
2422.10812,0.00000
2420.17969,0.00000
2418.25126,0.00000
2416.32283,0.00001
2414.39440,0.00001
2412.46597,0.00002
2410.53754,0.00002
2408.60911,0.00002
2406.68068,0.00002
2404.75225,0.00003
2402.82382,0.00003
2400.89539,0.00003
2398.96696,-0.00002
2397.03853,-0.00006
2395.11010,-0.00010
2393.18167,-0.00014
2391.25324,-0.00017
2389.32481,-0.00021
2387.39638,-0.00024
2385.46795,-0.00028
2383.53952,-0.00031
2381.61109,-0.00034
2379.68266,-0.00037
2377.75423,-0.00040
2375.82580,-0.00043
2373.89737,-0.00045
2371.96894,-0.00047
2370.04051,-0.00050
2368.11208,-0.00052
2366.18365,-0.00054
2364.25522,-0.00056
2362.32679,-0.00058
2360.39836,-0.00059
2358.46993,-0.00061
2356.54150,-0.00062
2354.61307,-0.00064
2352.68464,-0.00065
2350.75621,-0.00066
2348.82778,-0.00066
2346.89935,-0.00067
2344.97092,-0.00068
2343.04249,-0.00068
2341.11406,-0.00069
2339.18563,-0.00069
2337.25720,-0.00069
2335.32877,-0.00069
2333.40034,-0.00069
2331.47191,-0.00068
2329.54348,-0.00068
2327.61505,-0.00067
2325.68662,-0.00067
2323.75819,-0.00066
2321.82976,-0.00065
2319.90133,-0.00064
2317.97290,-0.00062
2316.04447,-0.00061
2314.11604,-0.00060
2312.18761,-0.00058
2310.25918,-0.00056
2308.33075,-0.00054
2306.40232,-0.00052
2304.47389,-0.00050
2302.54546,-0.00048
2300.61703,-0.00046
2298.68860,-0.00043
2296.76017,-0.00040
2294.83174,-0.00038
2292.90331,-0.00035
2290.97488,-0.00032
2289.04645,-0.00028
2287.11802,-0.00025
2285.18959,-0.00022
2283.26116,-0.00018
2281.33273,-0.00014
2279.40430,-0.00010
2277.47587,-0.00006
2275.54744,-0.00002
2273.61901,0.00002
2271.69058,0.00006
2269.76215,0.00011
2267.83372,0.00015
2265.90529,0.00020
2263.97686,0.00025
2262.04843,0.00030
2260.12000,0.00035
2258.19157,0.00041
2256.26314,0.00046
2254.33471,0.00052
2252.40628,0.00057
2250.47785,0.00063
2248.54942,0.00069
2246.62099,0.00075
2244.69256,0.00081
2242.76413,0.00088
2240.83570,0.00077
2238.90727,0.00078
2236.97884,0.00078
2235.05041,0.00080
2233.12198,0.00065
2231.19355,0.00018
2229.26512,0.00000
2227.33669,0.00037
2225.40826,0.00077
2223.47983,0.00080
2221.55140,0.00060
2219.62297,0.00039
2217.69454,0.00043
2215.76611,0.00058
2213.83768,0.00050
2211.90925,0.00022
2209.98082,-0.00002
2208.05239,0.00003
2206.12396,0.00038
2204.19553,0.00055
2202.26710,0.00042
2200.33867,0.00051
2198.41024,0.00094
2196.48181,0.00127
2194.55338,0.00131
2192.62495,0.00120
2190.69652,0.00094
2188.76809,0.00050
2186.83966,0.00017
2184.91123,0.00019
2182.98280,0.00038
2181.05437,0.00052
2179.12594,0.00067
2177.19751,0.00067
2175.26908,0.00041
2173.34065,0.00026
2171.41222,0.00041
2169.48379,0.00049
2167.55536,0.00026
2165.62693,0.00000
2163.69850,0.00003
2161.77007,0.00016
2159.84164,0.00022
2157.91321,0.00045
2155.98478,0.00080
2154.05635,0.00087
2152.12792,0.00058
2150.19949,0.00019
2148.27106,-0.00005
2146.34263,-0.00006
2144.41420,0.00012
2142.48577,0.00035
2140.55734,0.00048
2138.62891,0.00049
2136.70048,0.00054
2134.77205,0.00059
2132.84362,0.00060
2130.91519,0.00072
2128.98676,0.00091
2127.05833,0.00084
2125.12990,0.00046
2123.20147,0.00026
2121.27304,0.00043
2119.34461,0.00051
2117.41618,0.00048
2115.48775,0.00070
2113.55932,0.00088
2111.63089,0.00083
2109.70245,0.00080
2107.77402,0.00076
2105.84559,0.00063
2103.91716,0.00058
2101.98873,0.00058
2100.06030,0.00044
2098.13187,0.00022
2096.20344,0.00009
2094.27501,0.00000
2092.34658,0.00005
2090.41815,0.00025
2088.48972,0.00037
2086.56129,0.00030
2084.63286,0.00012
2082.70443,0.00001
2080.77600,0.00009
2078.84757,0.00021
2076.91914,0.00024
2074.99071,0.00029
2073.06228,0.00037
2071.13385,0.00029
2069.20542,0.00004
2067.27699,0.00000
2065.34856,0.00040
2063.42013,0.00069
2061.49170,0.00060
2059.56327,0.00060
2057.63484,0.00073
2055.70641,0.00059
2053.77798,0.00029
2051.84955,0.00021
2049.92112,0.00026
2047.99269,0.00026
2046.06426,0.00022
2044.13583,0.00027
2042.20740,0.00049
2040.27897,0.00047
2038.35054,0.00015
2036.42211,0.00012
2034.49368,0.00044
2032.56525,0.00060
2030.63682,0.00031
2028.70839,-0.00002
2026.77996,0.00009
2024.85153,0.00039
2022.92310,0.00044
2020.99467,0.00018
2019.06624,0.00000
2017.13781,0.00004
2015.20938,0.00018
2013.28095,0.00036
2011.35252,0.00033
2009.42409,0.00007
2007.49566,-0.00009
2005.56723,0.00003
2003.63880,0.00039
2001.71037,0.00066
1999.78194,0.00061
1997.85351,0.00038
1995.92508,0.00012
1993.99665,0.00021
1992.06822,0.00047
1990.13979,0.00030
1988.21136,0.00012
1986.28293,0.00003
1984.35450,-0.00002
1982.42607,0.00015
1980.49764,0.00031
1978.56921,0.00042
1976.64078,0.00052
1974.71235,0.00053
1972.78392,0.00047
1970.85549,0.00038
1968.92706,0.00050
1966.99863,0.00060
1965.07020,0.00020
1963.14177,0.00005
1961.21334,0.00041
1959.28491,0.00059
1957.35648,0.00042
1955.42805,0.00025
1953.49962,0.00011
1951.57119,0.00006
1949.64276,0.00017
1947.71433,0.00021
1945.78590,-0.00005
1943.85747,-0.00004
1941.92904,0.00023
1940.00061,0.00026
1938.07218,0.00043
1936.14375,0.00067
1934.21532,0.00064
1932.28689,0.00040
1930.35846,0.00016
1928.43003,-0.00002
1926.50160,-0.00021
1924.57317,-0.00004
1922.64474,0.00018
1920.71631,0.00014
1918.78788,0.00075
1916.85945,0.00115
1914.93102,0.00066
1913.00259,0.00028
1911.07416,0.00050
1909.14573,0.00093
1907.21730,0.00097
1905.28887,0.00086
1903.36044,0.00096
1901.43201,0.00116
1899.50358,0.00124
1897.57515,0.00128
1895.64672,0.00132
1893.71829,0.00096
1891.78986,0.00073
1889.86143,0.00111
1887.93300,0.00107
1886.00457,0.00072
1884.07614,0.00073
1882.14771,0.00092
1880.21928,0.00123
1878.29085,0.00148
1876.36242,0.00146
1874.43399,0.00106
1872.50556,0.00039
1870.57713,0.00027
1868.64870,0.00055
1866.72027,0.00022
1864.79184,0.00000
1862.86341,0.00043
1860.93498,0.00102
1859.00655,0.00141
1857.07812,0.00157
1855.14969,0.00150
1853.22126,0.00120
1851.29283,0.00082
1849.36440,0.00046
1847.43597,0.00011
1845.50754,0.00052
1843.57911,0.00117
1841.65068,0.00070
1839.72225,0.00044
1837.79382,0.00098
1835.86539,0.00124
1833.93696,0.00072
1832.00853,0.00048
1830.08010,0.00077
1828.15167,0.00020
1826.22324,-0.00010
1824.29481,0.00040
1822.36638,0.00068
1820.43795,0.00111
1818.50952,0.00184
1816.58109,0.00207
1814.65266,0.00149
1812.72423,0.00104
1810.79580,0.00111
1808.86737,0.00120
1806.93894,0.00129
1805.01051,0.00135
1803.08208,0.00147
1801.15365,0.00162
1799.22522,0.00130
1797.29679,0.00064
1795.36836,0.00035
1793.43993,0.00114
1791.51150,0.00206
1789.58307,0.00169
1787.65464,0.00164
1785.72621,0.00228
1783.79778,0.00240
1781.86935,0.00233
1779.94092,0.00230
1778.01249,0.00151
1776.08406,0.00036
1774.15563,0.00000
1772.22720,0.00047
1770.29877,0.00087
1768.37034,0.00178
1766.44191,0.00224
1764.51348,0.00214
1762.58505,0.00253
1760.65662,0.00229
1758.72819,0.00195
1756.79976,0.00223
1754.87133,0.00184
1752.94290,0.00182
1751.01447,0.00228
1749.08604,0.00163
1747.15761,0.00067
1745.22918,0.00071
1743.30075,0.00126
1741.37232,0.00178
1739.44389,0.00149
1737.51546,0.00000
1735.58703,0.00027
1733.65860,0.00169
1731.73017,0.00139
1729.80174,0.00142
1727.87331,0.00179
1725.94488,0.00218
1724.01645,0.00243
1722.08802,0.00139
1720.15959,0.00030
1718.23116,0.00078
1716.30273,0.00141
1714.37430,0.00150
1712.44587,0.00177
1710.51744,0.00204
1708.58901,0.00217
1706.66058,0.00255
1704.73215,0.00235
1702.80372,0.00230
1700.87529,0.00389
1698.94686,0.00429
1697.01843,0.00532
1695.09000,0.00743
1693.16157,0.00787
1691.23314,0.00851
1689.30471,0.00913
1687.37628,0.00906
1685.44785,0.01118
1683.51942,0.01401
1681.59099,0.01430
1679.66256,0.01437
1677.73413,0.01522
1675.80570,0.01672
1673.87727,0.01671
1671.94884,0.01648
1670.02041,0.01850
1668.09198,0.01980
1666.16355,0.01983
1664.23512,0.02164
1662.30669,0.02451
1660.37826,0.02555
1658.44983,0.02535
1656.52140,0.02616
1654.59297,0.02933
1652.66454,0.02946
1650.73611,0.02412
1648.80768,0.02238
1646.87925,0.02451
1644.95082,0.02435
1643.02239,0.02314
1641.09396,0.02227
1639.16553,0.02150
1637.23710,0.02209
1635.30867,0.02238
1633.38024,0.01997
1631.45181,0.01810
1629.52338,0.01756
1627.59495,0.01632
1625.66652,0.01477
1623.73809,0.01456
1621.80966,0.01344
1619.88123,0.01154
1617.95280,0.01166
1616.02437,0.01160
1614.09594,0.00953
1612.16751,0.00831
1610.23908,0.00846
1608.31065,0.00871
1606.38222,0.00836
1604.45379,0.00784
1602.52536,0.00746
1600.59693,0.00698
1598.66850,0.00661
1596.74007,0.00670
1594.81164,0.00694
1592.88321,0.00697
1590.95478,0.00703
1589.02635,0.00727
1587.09792,0.00755
1585.16949,0.00785
1583.24106,0.00792
1581.31263,0.00727
1579.38420,0.00655
1577.45577,0.00730
1575.52734,0.00765
1573.59891,0.00599
1571.67048,0.00612
1569.74205,0.00776
1567.81362,0.00780
1565.88519,0.00768
1563.95676,0.00743
1562.02833,0.00729
1560.09990,0.00978
1558.17147,0.01078
1556.24304,0.00915
1554.31461,0.00983
1552.38618,0.01175
1550.45775,0.01361
1548.52932,0.01391
1546.60089,0.01317
1544.67246,0.01271
1542.74403,0.01192
1540.81560,0.01185
1538.88717,0.01141
1536.95874,0.01038
1535.03031,0.01187
1533.10188,0.01355
1531.17345,0.01226
1529.24502,0.01147
1527.31659,0.01188
1525.38816,0.01117
1523.45973,0.01068
1521.53130,0.01103
1519.60287,0.00979
1517.67444,0.00959
1515.74601,0.00990
1513.81758,0.00879
1511.88915,0.00728
1509.96072,0.00646
1508.03229,0.00734
1506.10385,0.00701
1504.17542,0.00465
1502.24699,0.00396
1500.31856,0.00440
1498.39013,0.00456
1496.46170,0.00372
1494.53327,0.00141
1492.60484,0.00000
1490.67641,0.00063
1488.74798,0.00088
1486.81955,0.00022
1484.89112,0.00020
1482.96269,0.00113
1481.03426,0.00176
1479.10583,0.00133
1477.17740,0.00073
1475.24897,0.00053
1473.32054,0.00130
1471.39211,0.00156
1469.46368,0.00078
1467.53525,0.00105
1465.60682,0.00226
1463.67839,0.00188
1461.74996,0.00018
1459.82153,0.00014
1457.89310,0.00196
1455.96467,0.00205
1454.03624,0.00138
1452.10781,0.00199
1450.17938,0.00283
1448.25095,0.00306
1446.32252,0.00257
1444.39409,0.00221
1442.46566,0.00220
1440.53723,0.00195
1438.60880,0.00247
1436.68037,0.00320
1434.75194,0.00187
1432.82351,0.00082
1430.89508,0.00139
1428.96665,0.00140
1427.03822,0.00068
1425.10979,0.00074
1423.18136,0.00051
1421.25293,0.00017
1419.32450,0.00114
1417.39607,0.00156
1415.46764,0.00122
1413.53921,0.00152
1411.61078,0.00208
1409.68235,0.00194
1407.75392,0.00160
1405.82549,0.00187
1403.89706,0.00172
1401.96863,0.00112
1400.04020,0.00128
1398.11177,0.00136
1396.18334,0.00128
1394.25491,0.00139
1392.32648,0.00105
1390.39805,0.00112
1388.46962,0.00202
1386.54119,0.00226
1384.61276,0.00153
1382.68433,0.00127
1380.75590,0.00157
1378.82747,0.00156
1376.89904,0.00136
1374.97061,0.00162
1373.04218,0.00150
1371.11375,0.00106
1369.18532,0.00120
1367.25689,0.00108
1365.32846,0.00087
1363.40003,0.00136
1361.47160,0.00148
1359.54317,0.00099
1357.61474,0.00083
1355.68631,0.00079
1353.75788,0.00039
1351.82945,0.00000
1349.90102,0.00011
1347.97259,0.00041
1346.04416,0.00048
1344.11573,0.00029
1342.18730,0.00033
1340.25887,0.00101
1338.33044,0.00118
1336.40201,0.00049
1334.47358,0.00000
1332.54515,0.00001
1330.61672,0.00023
1328.68829,0.00045
1326.75986,0.00062
1324.83143,0.00049
1322.90300,0.00005
1320.97457,-0.00026
1319.04614,-0.00022
1317.11771,-0.00004
1315.18928,0.00022
1313.26085,0.00034
1311.33242,0.00008
1309.40399,-0.00017
1307.47556,-0.00026
1305.54713,-0.00042
1303.61870,-0.00051
1301.69027,-0.00033
1299.76184,0.00004
1297.83341,0.00040
1295.90498,0.00053
1293.97655,0.00042
1292.04812,0.00027
1290.11969,0.00027
1288.19126,0.00030
1286.26283,0.00011
1284.33440,0.00000
1282.40597,0.00019
1280.47754,0.00061
1278.54911,0.00106
1276.62068,0.00144
1274.69225,0.00177
1272.76382,0.00223
1270.83539,0.00273
1268.90696,0.00315
1266.97853,0.00366
1265.05010,0.00434
1263.12167,0.00526
1261.19324,0.00658
1259.26481,0.00810
1257.33638,0.00964
1255.40795,0.01122
1253.47952,0.01299
1251.55109,0.01510
1249.62266,0.01733
1247.69423,0.01944
1245.76580,0.02161
1243.83737,0.02417
1241.90894,0.02709
1239.98051,0.03000
1238.05208,0.03255
1236.12365,0.03473
1234.19522,0.03686
1232.26679,0.03906
1230.33836,0.04119
1228.40993,0.04346
1226.48150,0.04610
1224.55307,0.04884
1222.62464,0.05123
1220.69621,0.05312
1218.76778,0.05462
1216.83935,0.05592
1214.91092,0.05736
1212.98249,0.05919
1211.05406,0.06108
1209.12563,0.06277
1207.19720,0.06439
1205.26877,0.06607
1203.34034,0.06781
1201.41191,0.06978
1199.48348,0.07135
1197.55505,0.07272
1195.62662,0.07403
1193.69819,0.07569
1191.76976,0.07746
1189.84133,0.07897
1187.91290,0.08066
1185.98447,0.08272
1184.05604,0.08463
1182.12761,0.08640
1180.19918,0.08830
1178.27075,0.09019
1176.34232,0.09216
1174.41389,0.09429
1172.48546,0.09642
1170.55703,0.09849
1168.62860,0.10044
1166.70017,0.10250
1164.77174,0.10483
1162.84331,0.10715
1160.91488,0.10942
1158.98645,0.11182
1157.05802,0.11431
1155.12959,0.11687
1153.20116,0.11966
1151.27273,0.12256
1149.34430,0.12516
1147.41587,0.12752
1145.48744,0.12998
1143.55901,0.13288
1141.63058,0.13621
1139.70215,0.13943
1137.77372,0.14242
1135.84529,0.14519
1133.91686,0.14775
1131.98843,0.15106
1130.06000,0.15565
1128.13157,0.16064
1126.20314,0.16549
1124.27471,0.17024
1122.34628,0.17463
1120.41785,0.17903
1118.48942,0.18426
1116.56099,0.19037
1114.63256,0.19661
1112.70413,0.20295
1110.77570,0.21007
1108.84727,0.21849
1106.91884,0.22792
1104.99041,0.23674
1103.06198,0.24417
1101.13355,0.25149
1099.20512,0.25953
1097.27669,0.26765
1095.34826,0.27534
1093.41983,0.28318
1091.49140,0.29113
1089.56297,0.29816
1087.63454,0.30366
1085.70611,0.30778
1083.77768,0.31156
1081.84925,0.31570
1079.92082,0.31947
1077.99239,0.32234
1076.06396,0.32479
1074.13553,0.32724
1072.20710,0.32983
1070.27867,0.33202
1068.35024,0.33298
1066.42181,0.33257
1064.49338,0.33112
1062.56495,0.32914
1060.63652,0.32725
1058.70809,0.32525
1056.77966,0.32153
1054.85123,0.31530
1052.92280,0.30758
1050.99437,0.29904
1049.06594,0.28961
1047.13751,0.27934
1045.20908,0.26822
1043.28065,0.25594
1041.35222,0.24270
1039.42379,0.22951
1037.49536,0.21666
1035.56693,0.20337
1033.63850,0.18950
1031.71007,0.17583
1029.78164,0.16250
1027.85321,0.14940
1025.92478,0.13704
1023.99635,0.12548
1022.06792,0.11452
1020.13949,0.10455
1018.21106,0.09577
1016.28263,0.08800
1014.35420,0.08108
1012.42577,0.07476
1010.49734,0.06874
1008.56891,0.06329
1006.64048,0.05867
1004.71205,0.05462
1002.78362,0.05117
1000.85519,0.04835
998.92676,0.04584
996.99833,0.04356
995.06990,0.04160
993.14147,0.04017
991.21304,0.03982
989.28461,0.04071
987.35618,0.04180
985.42775,0.04214
983.49932,0.04241
981.57089,0.04337
979.64246,0.04426
977.71403,0.04470
975.78560,0.04517
973.85717,0.04531
971.92874,0.04467
970.00031,0.04371
968.07188,0.04281
966.14345,0.04159
964.21502,0.04006
962.28659,0.03899
960.35816,0.03843
958.42973,0.03773
956.50130,0.03661
954.57287,0.03485
952.64444,0.03259
950.71601,0.03073
948.78758,0.02985
946.85915,0.02954
944.93072,0.02909
943.00229,0.02814
941.07386,0.02670
939.14543,0.02495
937.21700,0.02323
935.28857,0.02199
933.36014,0.02124
931.43171,0.02040
929.50328,0.01923
927.57485,0.01827
925.64642,0.01769
923.71799,0.01732
921.78956,0.01715
919.86113,0.01672
917.93270,0.01559
916.00427,0.01408
914.07584,0.01270
912.14741,0.01173
910.21898,0.01101
908.29055,0.01030
906.36212,0.00953
904.43368,0.00895
902.50525,0.00894
900.57682,0.00897
898.64839,0.00810
896.71996,0.00667
894.79153,0.00557
892.86310,0.00492
890.93467,0.00411
889.00624,0.00303
887.07781,0.00239
885.14938,0.00238
883.22095,0.00248
881.29252,0.00258
879.36409,0.00280
877.43566,0.00275
875.50723,0.00192
873.57880,0.00066
871.65037,0.00000
869.72194,-0.00008
867.79351,0.00017
865.86508,0.00028
863.93665,0.00027
862.00822,0.00012
860.07979,-0.00003
858.15136,0.00026
856.22293,0.00117
854.29450,0.00214
852.36607,0.00270
850.43764,0.00349
848.50921,0.00512
846.58078,0.00689
844.65235,0.00807
842.72392,0.00907
840.79549,0.01036
838.86706,0.01164
836.93863,0.01289
835.01020,0.01455
833.08177,0.01672
831.15334,0.01912
829.22491,0.02168
827.29648,0.02433
825.36805,0.02645
823.43962,0.02779
821.51119,0.02892
819.58276,0.03006
817.65433,0.03075
815.72590,0.03127
813.79747,0.03242
811.86904,0.03384
809.94061,0.03469
808.01218,0.03515
806.08375,0.03573
804.15532,0.03619
802.22689,0.03617
800.29846,0.03591
798.37003,0.03560
796.44160,0.03514
794.51317,0.03474
792.58474,0.03428
790.65631,0.03314
788.72788,0.03171
786.79945,0.03079
784.87102,0.02967
782.94259,0.02757
781.01416,0.02469
779.08573,0.02097
777.15730,0.01707
775.22887,0.01440
773.30044,0.01261
771.37201,0.01126
769.44358,0.01062
767.51515,0.00987
765.58672,0.00859
763.65829,0.00741
761.72986,0.00663
759.80143,0.00642
757.87300,0.00642
755.94457,0.00587
754.01614,0.00541
752.08771,0.00625
750.15928,0.00739
748.23085,0.00674
746.30242,0.00499
744.37399,0.00450
742.44556,0.00525
740.51713,0.00535
738.58870,0.00465
736.66027,0.00439
734.73184,0.00473
732.80341,0.00488
730.87498,0.00495
728.94655,0.00530
727.01812,0.00535
725.08969,0.00465
723.16126,0.00459
721.23283,0.00381
719.30440,0.00366
717.37597,0.00390
715.44754,0.00372
713.51911,0.00343
711.59068,0.00305
709.66225,0.00203
707.73382,0.00110
705.80539,0.00164
703.87696,0.00328
701.94853,0.00434
700.02010,0.00443
698.09167,0.00430
696.16324,0.00443
694.23481,0.00444
692.30638,0.00425
690.37795,0.00419
688.44952,0.00371
686.52109,0.00194
684.59266,0.00000
682.66423,-0.00004
680.73580,0.00276
678.80737,0.00701
676.87894,0.00963
674.95051,0.00972
673.02208,0.00981
671.09365,0.01088
669.16522,0.01108
667.23679,0.01013
665.30836,0.00993
663.37993,0.01044
661.45150,0.01074
659.52307,0.01029
657.59464,0.00994
655.66621,0.01081
653.73778,0.01198
651.80935,0.01142
649.88092,0.00874
647.95249,0.00549
646.02406,0.00303
644.09563,0.00151
642.16720,0.00064
640.23877,0.00211
638.31034,0.00627
636.38191,0.00987
634.45348,0.00956
632.52505,0.00588
630.59662,0.00207
628.66819,0.00081
626.73976,0.00287
624.81133,0.00532
622.88290,0.00368
620.95447,0.00105
619.02604,0.00231
617.09761,0.00574
615.16918,0.00788
613.24075,0.00676
611.31232,0.00507
609.38389,0.00913
607.45546,0.01620
605.52703,0.01812
603.59860,0.01380
601.67017,0.00604
599.74174,0.00000
