4001.49232,0.00127
3999.56389,0.00316
3997.63546,0.00298
3995.70703,0.00206
3993.77860,0.00165
3991.85017,0.00169
3989.92174,0.00162
3987.99331,0.00114
3986.06488,0.00057
3984.13645,0.00038
3982.20802,0.00037
3980.27959,0.00043
3978.35116,0.00064
3976.42273,0.00086
3974.49430,0.00075
3972.56587,0.00046
3970.63744,0.00023
3968.70901,0.00005
3966.78058,0.00000
3964.85215,0.00035
3962.92372,0.00096
3960.99529,0.00111
3959.06686,0.00070
3957.13843,0.00033
3955.21000,0.00023
3953.28157,0.00024
3951.35314,0.00055
3949.42471,0.00142
3947.49628,0.00220
3945.56785,0.00215
3943.63942,0.00163
3941.71099,0.00101
3939.78256,0.00036
3937.85413,0.00006
3935.92570,0.00039
3933.99727,0.00101
3932.06884,0.00125
3930.14041,0.00095
3928.21198,0.00060
3926.28355,0.00040
3924.35512,0.00051
3922.42669,0.00114
3920.49826,0.00197
3918.56982,0.00257
3916.64139,0.00235
3914.71296,0.00122
3912.78453,0.00026
3910.85610,0.00000
3908.92767,0.00013
3906.99924,0.00058
3905.07081,0.00221
3903.14238,0.00485
3901.21395,0.00585
3899.28552,0.00494
3897.35709,0.00387
3895.42866,0.00322
3893.50023,0.00308
3891.57180,0.00373
3889.64337,0.00443
3887.71494,0.00464
3885.78651,0.00465
3883.85808,0.00468
3881.92965,0.00479
3880.00122,0.00474
3878.07279,0.00440
3876.14436,0.00433
3874.21593,0.00458
3872.28750,0.00506
3870.35907,0.00567
3868.43064,0.00605
3866.50221,0.00580
3864.57378,0.00529
3862.64535,0.00564
3860.71692,0.00648
3858.78849,0.00683
3856.86006,0.00640
3854.93163,0.00517
3853.00320,0.00423
3851.07477,0.00473
3849.14634,0.00551
3847.21791,0.00555
3845.28948,0.00493
3843.36105,0.00437
3841.43262,0.00383
3839.50419,0.00328
3837.57576,0.00361
3835.64733,0.00429
3833.71890,0.00462
3831.79047,0.00474
3829.86204,0.00467
3827.93361,0.00443
3826.00518,0.00421
3824.07675,0.00406
3822.14832,0.00393
3820.21989,0.00452
3818.29146,0.00513
3816.36303,0.00502
3814.43460,0.00457
3812.50617,0.00436
3810.57774,0.00415
3808.64931,0.00375
3806.72088,0.00384
3804.79245,0.00415
3802.86402,0.00367
3800.93559,0.00296
3799.00716,0.00289
3797.07873,0.00271
3795.15030,0.00198
3793.22187,0.00109
3791.29344,0.00052
3789.36501,0.00025
3787.43658,0.00015
3785.50815,0.00018
3783.57972,0.00037
3781.65129,0.00040
3779.72286,0.00017
3777.79443,0.00000
3775.86600,0.00007
3773.93757,0.00026
3772.00914,0.00061
3770.08071,0.00139
3768.15228,0.00229
3766.22385,0.00279
3764.29542,0.00318
3762.36699,0.00362
3760.43856,0.00413
3758.51013,0.00536
3756.58170,0.00712
3754.65327,0.00777
3752.72484,0.00690
3750.79641,0.00740
3748.86798,0.01086
3746.93955,0.01357
3745.01112,0.01478
3743.08269,0.01404
3741.15426,0.01252
3739.22583,0.01134
3737.29740,0.01036
3735.36897,0.00967
3733.44054,0.00908
3731.51211,0.00867
3729.58368,0.00847
3727.65525,0.00815
3725.72682,0.00749
3723.79839,0.00638
3721.86996,0.00495
3719.94153,0.00403
3718.01310,0.00413
3716.08467,0.00461
3714.15624,0.00436
3712.22781,0.00327
3710.29938,0.00292
3708.37095,0.00287
3706.44252,0.00260
3704.51409,0.00232
3702.58566,0.00206
3700.65723,0.00174
3698.72880,0.00148
3696.80037,0.00158
3694.87194,0.00180
3692.94351,0.00139
3691.01508,0.00056
3689.08665,0.00113
3687.15822,0.00256
3685.22979,0.00321
3683.30136,0.00326
3681.37293,0.00305
3679.44450,0.00285
3677.51607,0.00340
3675.58764,0.00498
3673.65921,0.00578
3671.73078,0.00480
3669.80235,0.00305
3667.87392,0.00243
3665.94549,0.00251
3664.01706,0.00242
3662.08863,0.00206
3660.16020,0.00196
3658.23177,0.00240
3656.30334,0.00330
3654.37491,0.00372
3652.44648,0.00237
3650.51805,0.00000
3648.58962,0.00031
3646.66119,0.00209
3644.73276,0.00317
3642.80433,0.00348
3640.87590,0.00322
3638.94747,0.00286
3637.01904,0.00294
3635.09061,0.00326
3633.16218,0.00326
3631.23375,0.00293
3629.30532,0.00267
3627.37689,0.00308
3625.44846,0.00371
3623.52003,0.00402
3621.59160,0.00362
3619.66317,0.00317
3617.73474,0.00382
3615.80631,0.00489
3613.87788,0.00586
3611.94945,0.00674
3610.02102,0.00696
3608.09259,0.00606
3606.16416,0.00438
3604.23573,0.00289
3602.30730,0.00191
3600.37887,0.00146
3598.45044,0.00160
3596.52201,0.00202
3594.59358,0.00259
3592.66515,0.00304
3590.73672,0.00333
3588.80829,0.00346
3586.87986,0.00312
3584.95143,0.00224
3583.02300,0.00145
3581.09457,0.00104
3579.16614,0.00068
3577.23771,0.00043
3575.30928,0.00056
3573.38085,0.00094
3571.45242,0.00101
3569.52399,0.00078
3567.59556,0.00078
3565.66713,0.00124
3563.73870,0.00137
3561.81027,0.00126
3559.88184,0.00124
3557.95341,0.00129
3556.02498,0.00125
3554.09655,0.00104
3552.16812,0.00089
3550.23969,0.00115
3548.31126,0.00203
3546.38283,0.00285
3544.45440,0.00259
3542.52597,0.00162
3540.59754,0.00084
3538.66911,0.00034
3536.74068,0.00013
3534.81225,0.00006
3532.88382,-0.00005
3530.95539,-0.00002
3529.02696,0.00056
3527.09853,0.00161
3525.17010,0.00230
3523.24167,0.00214
3521.31324,0.00162
3519.38481,0.00112
3517.45638,0.00065
3515.52795,0.00025
3513.59952,0.00000
3511.67109,0.00006
3509.74266,0.00038
3507.81423,0.00074
3505.88580,0.00117
3503.95737,0.00170
3502.02894,0.00183
3500.10051,0.00115
3498.17208,0.00035
3496.24365,0.00017
3494.31522,0.00046
3492.38679,0.00074
3490.45836,0.00095
3488.52993,0.00114
3486.60150,0.00109
3484.67307,0.00075
3482.74464,0.00050
3480.81621,0.00056
3478.88778,0.00059
3476.95935,0.00050
3475.03092,0.00054
3473.10249,0.00056
3471.17406,0.00026
3469.24563,-0.00009
3467.31720,0.00002
3465.38877,0.00043
3463.46034,0.00062
3461.53191,0.00066
3459.60348,0.00070
3457.67505,0.00078
3455.74662,0.00089
3453.81819,0.00081
3451.88976,0.00040
3449.96133,0.00000
3448.03290,0.00017
3446.10447,0.00083
3444.17604,0.00107
3442.24761,0.00077
3440.31918,0.00064
3438.39075,0.00080
3436.46232,0.00098
3434.53389,0.00108
3432.60546,0.00109
3430.67703,0.00107
3428.74860,0.00104
3426.82017,0.00092
3424.89174,0.00083
3422.96331,0.00105
3421.03488,0.00165
3419.10645,0.00206
3417.17802,0.00184
3415.24959,0.00140
3413.32116,0.00129
3411.39273,0.00138
3409.46430,0.00135
3407.53587,0.00125
3405.60744,0.00132
3403.67901,0.00154
3401.75058,0.00176
3399.82215,0.00316
3397.89372,0.00365
3395.96529,0.00376
3394.03686,0.00371
3392.10843,0.00336
3390.18000,0.00276
3388.25157,0.00259
3386.32314,0.00305
3384.39471,0.00341
3382.46628,0.00325
3380.53785,0.00273
3378.60942,0.00227
3376.68099,0.00220
3374.75256,0.00229
3372.82413,0.00223
3370.89570,0.00236
3368.96727,0.00294
3367.03884,0.00362
3365.11041,0.00398
3363.18198,0.00413
3361.25355,0.00419
3359.32512,0.00414
3357.39669,0.00418
3355.46826,0.00417
3353.53983,0.00367
3351.61140,0.00295
3349.68297,0.00265
3347.75454,0.00274
3345.82611,0.00285
3343.89768,0.00290
3341.96925,0.00319
3340.04082,0.00377
3338.11239,0.00428
3336.18396,0.00422
3334.25553,0.00362
3332.32710,0.00314
3330.39867,0.00328
3328.47024,0.00387
3326.54181,0.00427
3324.61338,0.00418
3322.68495,0.00399
3320.75652,0.00418
3318.82809,0.00467
3316.89966,0.00511
3314.97122,0.00539
3313.04279,0.00566
3311.11436,0.00597
3309.18593,0.00599
3307.25750,0.00550
3305.32907,0.00499
3303.40064,0.00501
3301.47221,0.00533
3299.54378,0.00562
3297.61535,0.00590
3295.68692,0.00627
3293.75849,0.00674
3291.83006,0.00691
3289.90163,0.00667
3287.97320,0.00645
3286.04477,0.00659
3284.11634,0.00694
3282.18791,0.00706
3280.25948,0.00692
3278.33105,0.00690
3276.40262,0.00718
3274.47419,0.00750
3272.54576,0.00754
3270.61733,0.00726
3268.68890,0.00695
3266.76047,0.00688
3264.83204,0.00701
3262.90361,0.00721
3260.97518,0.00746
3259.04675,0.00775
3257.11832,0.00802
3255.18989,0.00817
3253.26146,0.00799
3251.33303,0.00755
3249.40460,0.00721
3247.47617,0.00731
3245.54774,0.00762
3243.61931,0.00753
3241.69088,0.00701
3239.76245,0.00661
3237.83402,0.00649
3235.90559,0.00643
3233.97716,0.00633
3232.04873,0.00631
3230.12030,0.00641
3228.19187,0.00643
3226.26344,0.00619
3224.33501,0.00595
3222.40658,0.00623
3220.47815,0.00680
3218.54972,0.00690
3216.62129,0.00665
3214.69286,0.00657
3212.76443,0.00649
3210.83600,0.00634
3208.90757,0.00625
3206.97914,0.00601
3205.05071,0.00568
3203.12228,0.00551
3201.19385,0.00547
3199.26542,0.00562
3197.33699,0.00581
3195.40856,0.00565
3193.48013,0.00529
3191.55170,0.00508
3189.62327,0.00504
3187.69484,0.00520
3185.76641,0.00545
3183.83798,0.00540
3181.90955,0.00503
3179.98112,0.00486
3178.05269,0.00494
3176.12426,0.00473
3174.19583,0.00418
3172.26740,0.00382
3170.33897,0.00391
3168.41054,0.00408
3166.48211,0.00407
3164.55368,0.00393
3162.62525,0.00370
3160.69682,0.00337
3158.76839,0.00292
3156.83996,0.00246
3154.91153,0.00219
3152.98310,0.00222
3151.05467,0.00241
3149.12624,0.00251
3147.19781,0.00242
3145.26938,0.00226
3143.34095,0.00215
3141.41252,0.00205
3139.48409,0.00201
3137.55566,0.00215
3135.62723,0.00245
3133.69880,0.00268
3131.77037,0.00266
3129.84194,0.00255
3127.91351,0.00260
3125.98508,0.00278
3124.05665,0.00288
3122.12822,0.00272
3120.19979,0.00246
3118.27136,0.00241
3116.34293,0.00239
3114.41450,0.00203
3112.48607,0.00147
3110.55764,0.00103
3108.62921,0.00076
3106.70078,0.00061
3104.77235,0.00080
3102.84392,0.00130
3100.91549,0.00149
3098.98706,0.00122
3097.05863,0.00103
3095.13020,0.00104
3093.20177,0.00091
3091.27334,0.00068
3089.34491,0.00054
3087.41648,0.00047
3085.48805,0.00040
3083.55962,0.00055
3081.63119,0.00088
3079.70276,0.00092
3077.77433,0.00056
3075.84590,0.00019
3073.91747,0.00003
3071.98904,0.00000
3070.06061,0.00010
3068.13218,0.00058
3066.20375,0.00114
3064.27532,0.00120
3062.34689,0.00083
3060.41846,0.00060
3058.49003,0.00077
3056.56160,0.00093
3054.63317,0.00064
3052.70474,0.00032
3050.77631,0.00052
3048.84788,0.00082
3046.91945,0.00065
3044.99102,0.00026
3043.06259,0.00004
3041.13416,-0.00004
3039.20573,-0.00002
3037.27730,0.00022
3035.34887,0.00072
3033.42044,0.00130
3031.49201,0.00145
3029.56358,0.00098
3027.63515,0.00049
3025.70672,0.00031
3023.77829,0.00022
3021.84986,0.00011
3019.92143,0.00002
3017.99300,0.00006
3016.06457,0.00029
3014.13614,0.00057
3012.20771,0.00062
3010.27928,0.00034
3008.35085,0.00003
3006.42242,0.00012
3004.49399,0.00042
3002.56556,0.00044
3000.63713,0.00017
2998.70870,0.00000
2996.78027,0.00016
2994.85184,0.00046
2992.92341,0.00055
2990.99498,0.00051
2989.06655,0.00063
2987.13812,0.00073
2985.20969,0.00058
2983.28126,0.00037
2981.35283,0.00033
2979.42440,0.00028
2977.49597,0.00028
2975.56754,0.00058
2973.63911,0.00089
2971.71068,0.00088
2969.78225,0.00068
2967.85382,0.00059
2965.92539,0.00070
2963.99696,0.00077
2962.06853,0.00067
2960.14010,0.00069
2958.21167,0.00088
2956.28324,0.00095
2954.35481,0.00082
2952.42638,0.00072
2950.49795,0.00076
2948.56952,0.00074
2946.64109,0.00050
2944.71266,0.00020
2942.78423,0.00019
2940.85580,0.00049
2938.92737,0.00078
2936.99894,0.00104
2935.07051,0.00126
2933.14208,0.00130
2931.21365,0.00126
2929.28522,0.00129
2927.35679,0.00123
2925.42836,0.00103
2923.49993,0.00077
2921.57150,0.00053
2919.64307,0.00026
2917.71464,0.00003
2915.78621,0.00003
2913.85778,0.00017
2911.92935,0.00028
2910.00092,0.00027
2908.07249,0.00020
2906.14406,0.00023
2904.21563,0.00029
2902.28720,0.00015
2900.35877,0.00000
2898.43034,0.00007
2896.50191,0.00019
2894.57348,0.00018
2892.64505,0.00004
2890.71662,0.00004
2888.78819,0.00037
2886.85976,0.00063
2884.93133,0.00058
2883.00290,0.00055
2881.07447,0.00060
2879.14604,0.00055
2877.21761,0.00049
2875.28918,0.00045
2873.36075,0.00035
2871.43232,0.00021
2869.50389,0.00015
2867.57546,0.00020
2865.64703,0.00028
2863.71860,0.00035
2861.79017,0.00041
2859.86174,0.00039
2857.93331,0.00034
2856.00488,0.00029
2854.07645,0.00023
2852.14802,0.00014
2850.21959,0.00004
2848.29116,-0.00005
2846.36273,-0.00010
2844.43430,-0.00009
2842.50587,0.00005
2840.57744,0.00026
2838.64901,0.00036
2836.72058,0.00034
2834.79215,0.00028
2832.86372,0.00021
2830.93529,0.00026
2829.00686,0.00045
2827.07843,0.00060
2825.15000,0.00058
2823.22157,0.00046
2821.29314,0.00031
2819.36471,0.00016
2817.43628,0.00016
2815.50785,0.00024
2813.57942,0.00015
2811.65099,0.00000
2809.72256,0.00002
2807.79413,0.00012
2805.86570,0.00027
2803.93727,0.00052
2802.00884,0.00068
2800.08041,0.00065
2798.15198,0.00047
2796.22355,0.00025
2794.29512,0.00017
2792.36669,0.00028
2790.43826,0.00038
2788.50983,0.00031
2786.58140,0.00014
2784.65297,-0.00002
2782.72454,-0.00004
2780.79611,0.00010
2778.86768,0.00018
2776.93925,0.00012
2775.01082,0.00008
2773.08239,0.00011
2771.15396,0.00016
2769.22553,0.00023
2767.29710,0.00034
2765.36867,0.00041
2763.44024,0.00036
2761.51181,0.00024
2759.58338,0.00020
2757.65495,0.00022
2755.72652,0.00015
2753.79809,0.00000
2751.86966,-0.00008
2749.94123,-0.00007
2748.01280,-0.00005
2746.08437,0.00005
2744.15594,0.00022
2742.22751,0.00031
2740.29908,0.00029
2738.37065,0.00032
2736.44222,0.00036
2734.51379,0.00036
2732.58536,0.00037
2730.65693,0.00035
2728.72850,0.00023
2726.80007,0.00022
2724.87164,0.00032
2722.94321,0.00035
2721.01478,0.00035
2719.08635,0.00035
2717.15792,0.00025
2715.22949,0.00015
2713.30105,0.00017
2711.37262,0.00019
2709.44419,0.00009
2707.51576,-0.00001
2705.58733,-0.00001
2703.65890,0.00001
2701.73047,0.00000
2699.80204,0.00004
2697.87361,0.00017
2695.94518,0.00034
2694.01675,0.00058
2692.08832,0.00079
2690.15989,0.00069
2688.23146,0.00036
2686.30303,0.00012
2684.37460,0.00011
2682.44617,0.00023
2680.51774,0.00034
2678.58931,0.00030
2676.66088,0.00018
2674.73245,0.00012
2672.80402,0.00010
2670.87559,0.00004
2668.94716,0.00000
2667.01873,0.00003
2665.09030,0.00009
2663.16187,0.00013
2661.23344,0.00014
2659.30501,0.00014
2657.37658,0.00018
2655.44815,0.00021
2653.51972,0.00019
2651.59129,0.00019
2649.66286,0.00021
2647.73443,0.00027
2645.80600,0.00039
2643.87757,0.00036
2641.94914,0.00018
2640.02071,0.00008
2638.09228,0.00009
2636.16385,0.00012
2634.23542,0.00019
2632.30699,0.00023
2630.37856,0.00017
2628.45013,0.00016
2626.52170,0.00031
2624.59327,0.00045
2622.66484,0.00043
2620.73641,0.00029
2618.80798,0.00019
2616.87955,0.00017
2614.95112,0.00019
2613.02269,0.00020
2611.09426,0.00017
2609.16583,0.00016
2607.23740,0.00026
2605.30897,0.00037
2603.38054,0.00034
2601.45211,0.00018
2599.52368,0.00003
2597.59525,0.00000
2595.66682,0.00015
2593.73839,0.00036
2591.80996,0.00041
2589.88153,0.00028
2587.95310,0.00016
2586.02467,0.00014
2584.09624,0.00013
2582.16781,0.00006
2580.23938,0.00001
2578.31095,0.00011
2576.38252,0.00026
2574.45409,0.00027
2572.52566,0.00019
2570.59723,0.00015
2568.66880,0.00012
2566.74037,0.00007
2564.81194,0.00009
2562.88351,0.00014
2560.95508,0.00011
2559.02665,0.00006
2557.09822,0.00011
2555.16979,0.00014
2553.24136,0.00009
2551.31293,0.00008
2549.38450,0.00008
2547.45607,0.00004
2545.52764,0.00000
2543.59921,0.00001
2541.67078,0.00014
2539.74235,0.00032
2537.81392,0.00039
2535.88549,0.00039
2533.95706,0.00042
2532.02863,0.00039
2530.10020,0.00027
2528.17177,0.00019
2526.24334,0.00017
2524.31491,0.00013
2522.38648,0.00004
2520.45805,0.00005
2518.52962,0.00020
2516.60119,0.00030
2514.67276,0.00022
2512.74433,0.00015
2510.81590,0.00021
2508.88747,0.00040
2506.95904,0.00052
2505.03061,0.00037
2503.10218,0.00010
2501.17375,0.00000
2499.24532,0.00008
2497.31689,0.00027
2495.38846,0.00045
2493.46003,0.00045
2491.53160,0.00026
2489.60317,0.00005
2487.67474,-0.00004
2485.74631,-0.00002
2483.81788,0.00001
2481.88945,0.00000
2479.96102,-0.00000
2478.03259,-0.00001
2476.10416,0.00000
2474.17573,0.00009
2472.24730,0.00013
2470.31887,0.00017
2468.39044,0.00036
2466.46201,0.00052
2464.53358,0.00035
2462.60515,0.00007
2460.67672,-0.00001
2458.74829,0.00010
2456.81986,0.00027
2454.89143,0.00037
2452.96300,0.00035
2451.03457,0.00025
2449.10614,0.00023
2447.17771,0.00023
2445.24928,0.00013
2443.32085,0.00001
2441.39242,0.00000
2439.46399,0.00003
2437.53556,0.00005
2435.60713,0.00008
2433.67870,0.00014
2431.75027,0.00014
2429.82184,0.00003
2427.89341,-0.00001
2425.96498,0.00009
2424.03655,0.00021
2422.10812,0.00019
2420.17969,0.00017
2418.25126,0.00015
2416.32283,0.00013
2414.39440,0.00011
2412.46597,0.00009
2410.53754,0.00008
2408.60911,0.00006
2406.68068,0.00004
2404.75225,0.00003
2402.82382,0.00001
2400.89539,0.00000
2398.96696,-0.00002
2397.03853,-0.00003
2395.11010,-0.00005
2393.18167,-0.00007
2391.25324,-0.00008
2389.32481,-0.00009
2387.39638,-0.00011
2385.46795,-0.00012
2383.53952,-0.00013
2381.61109,-0.00015
2379.68266,-0.00016
2377.75423,-0.00017
2375.82580,-0.00018
2373.89737,-0.00019
2371.96894,-0.00020
2370.04051,-0.00021
2368.11208,-0.00022
2366.18365,-0.00023
2364.25522,-0.00023
2362.32679,-0.00024
2360.39836,-0.00025
2358.46993,-0.00025
2356.54150,-0.00026
2354.61307,-0.00026
2352.68464,-0.00026
2350.75621,-0.00027
2348.82778,-0.00027
2346.89935,-0.00027
2344.97092,-0.00027
2343.04249,-0.00028
2341.11406,-0.00028
2339.18563,-0.00028
2337.25720,-0.00028
2335.32877,-0.00028
2333.40034,-0.00027
2331.47191,-0.00027
2329.54348,-0.00027
2327.61505,-0.00027
2325.68662,-0.00026
2323.75819,-0.00026
2321.82976,-0.00025
2319.90133,-0.00025
2317.97290,-0.00024
2316.04447,-0.00024
2314.11604,-0.00023
2312.18761,-0.00022
2310.25918,-0.00021
2308.33075,-0.00020
2306.40232,-0.00019
2304.47389,-0.00018
2302.54546,-0.00017
2300.61703,-0.00016
2298.68860,-0.00015
2296.76017,-0.00014
2294.83174,-0.00013
2292.90331,-0.00011
2290.97488,-0.00010
2289.04645,-0.00009
2287.11802,-0.00007
2285.18959,-0.00006
2283.26116,-0.00004
2281.33273,-0.00002
2279.40430,-0.00001
2277.47587,0.00001
2275.54744,0.00003
2273.61901,0.00005
2271.69058,0.00007
2269.76215,0.00009
2267.83372,0.00011
2265.90529,0.00013
2263.97686,0.00015
2262.04843,0.00017
2260.12000,0.00019
2258.19157,0.00022
2256.26314,0.00024
2254.33471,0.00026
2252.40628,0.00029
2250.47785,0.00031
2248.54942,0.00034
2246.62099,0.00037
2244.69256,0.00039
2242.76413,0.00042
2240.83570,0.00024
2238.90727,0.00015
2236.97884,0.00005
2235.05041,0.00001
2233.12198,0.00013
2231.19355,0.00030
2229.26512,0.00026
2227.33669,0.00008
2225.40826,0.00000
2223.47983,0.00000
2221.55140,0.00001
2219.62297,0.00007
2217.69454,0.00017
2215.76611,0.00020
2213.83768,0.00013
2211.90925,0.00002
2209.98082,-0.00000
2208.05239,0.00002
2206.12396,-0.00000
2204.19553,0.00004
2202.26710,0.00019
2200.33867,0.00028
2198.41024,0.00028
2196.48181,0.00030
2194.55338,0.00029
2192.62495,0.00024
2190.69652,0.00023
2188.76809,0.00023
2186.83966,0.00022
2184.91123,0.00031
2182.98280,0.00045
2181.05437,0.00042
2179.12594,0.00020
2177.19751,0.00000
2175.26908,0.00002
2173.34065,0.00024
2171.41222,0.00038
2169.48379,0.00032
2167.55536,0.00023
2165.62693,0.00030
2163.69850,0.00045
2161.77007,0.00045
2159.84164,0.00026
2157.91321,0.00013
2155.98478,0.00017
2154.05635,0.00026
2152.12792,0.00037
2150.19949,0.00052
2148.27106,0.00055
2146.34263,0.00039
2144.41420,0.00026
2142.48577,0.00030
2140.55734,0.00046
2138.62891,0.00061
2136.70048,0.00060
2134.77205,0.00039
2132.84362,0.00019
2130.91519,0.00015
2128.98676,0.00016
2127.05833,0.00012
2125.12990,0.00006
2123.20147,0.00003
2121.27304,0.00000
2119.34461,0.00004
2117.41618,0.00036
2115.48775,0.00073
2113.55932,0.00063
2111.63089,0.00022
2109.70245,-0.00001
2107.77402,-0.00001
2105.84559,0.00006
2103.91716,0.00014
2101.98873,0.00022
2100.06030,0.00021
2098.13187,0.00021
2096.20344,0.00029
2094.27501,0.00041
2092.34658,0.00058
2090.41815,0.00075
2088.48972,0.00072
2086.56129,0.00050
2084.63286,0.00032
2082.70443,0.00020
2080.77600,0.00011
2078.84757,0.00011
2076.91914,0.00014
2074.99071,0.00017
2073.06228,0.00017
2071.13385,0.00011
2069.20542,0.00015
2067.27699,0.00042
2065.34856,0.00072
2063.42013,0.00074
2061.49170,0.00053
2059.56327,0.00027
2057.63484,0.00006
2055.70641,0.00000
2053.77798,0.00008
2051.84955,0.00011
2049.92112,0.00010
2047.99269,0.00013
2046.06426,0.00022
2044.13583,0.00028
2042.20740,0.00029
2040.27897,0.00035
2038.35054,0.00035
2036.42211,0.00017
2034.49368,0.00001
2032.56525,0.00001
2030.63682,0.00007
2028.70839,0.00017
2026.77996,0.00027
2024.85153,0.00030
2022.92310,0.00026
2020.99467,0.00013
2019.06624,0.00006
2017.13781,0.00017
2015.20938,0.00023
2013.28095,0.00011
2011.35252,0.00000
2009.42409,0.00008
2007.49566,0.00022
2005.56723,0.00027
2003.63880,0.00022
2001.71037,0.00008
1999.78194,-0.00002
1997.85351,0.00006
1995.92508,0.00023
1993.99665,0.00027
1992.06822,0.00031
1990.13979,0.00033
1988.21136,0.00023
1986.28293,0.00013
1984.35450,0.00003
1982.42607,-0.00005
1980.49764,-0.00003
1978.56921,0.00007
1976.64078,0.00011
1974.71235,0.00004
1972.78392,-0.00003
1970.85549,0.00000
1968.92706,0.00007
1966.99863,0.00021
1965.07020,0.00043
1963.14177,0.00050
1961.21334,0.00049
1959.28491,0.00051
1957.35648,0.00050
1955.42805,0.00048
1953.49962,0.00053
1951.57119,0.00054
1949.64276,0.00042
1947.71433,0.00021
1945.78590,0.00015
1943.85747,0.00038
1941.92904,0.00058
1940.00061,0.00059
1938.07218,0.00044
1936.14375,0.00023
1934.21532,0.00015
1932.28689,0.00029
1930.35846,0.00052
1928.43003,0.00065
1926.50160,0.00060
1924.57317,0.00044
1922.64474,0.00054
1920.71631,0.00082
1918.78788,0.00088
1916.85945,0.00084
1914.93102,0.00092
1913.00259,0.00090
1911.07416,0.00068
1909.14573,0.00057
1907.21730,0.00070
1905.28887,0.00084
1903.36044,0.00082
1901.43201,0.00075
1899.50358,0.00072
1897.57515,0.00079
1895.64672,0.00100
1893.71829,0.00118
1891.78986,0.00101
1889.86143,0.00073
1887.93300,0.00082
1886.00457,0.00108
1884.07614,0.00119
1882.14771,0.00119
1880.21928,0.00117
1878.29085,0.00116
1876.36242,0.00126
1874.43399,0.00140
1872.50556,0.00123
1870.57713,0.00054
1868.64870,0.00000
1866.72027,0.00030
1864.79184,0.00111
1862.86341,0.00164
1860.93498,0.00176
1859.00655,0.00168
1857.07812,0.00151
1855.14969,0.00137
1853.22126,0.00140
1851.29283,0.00155
1849.36440,0.00157
1847.43597,0.00142
1845.50754,0.00146
1843.57911,0.00194
1841.65068,0.00245
1839.72225,0.00250
1837.79382,0.00230
1835.86539,0.00245
1833.93696,0.00247
1832.00853,0.00153
1830.08010,0.00027
1828.15167,0.00004
1826.22324,0.00046
1824.29481,0.00092
1822.36638,0.00129
1820.43795,0.00149
1818.50952,0.00158
1816.58109,0.00143
1814.65266,0.00091
1812.72423,0.00034
1810.79580,0.00024
1808.86737,0.00066
1806.93894,0.00113
1805.01051,0.00147
1803.08208,0.00178
1801.15365,0.00202
1799.22522,0.00221
1797.29679,0.00239
1795.36836,0.00221
1793.43993,0.00156
1791.51150,0.00150
1789.58307,0.00244
1787.65464,0.00333
1785.72621,0.00359
1783.79778,0.00312
1781.86935,0.00235
1779.94092,0.00213
1778.01249,0.00241
1776.08406,0.00192
1774.15563,0.00042
1772.22720,0.00000
1770.29877,0.00211
1768.37034,0.00425
1766.44191,0.00461
1764.51348,0.00377
1762.58505,0.00296
1760.65662,0.00288
1758.72819,0.00323
1756.79976,0.00364
1754.87133,0.00405
1752.94290,0.00427
1751.01447,0.00385
1749.08604,0.00299
1747.15761,0.00290
1745.22918,0.00353
1743.30075,0.00388
1741.37232,0.00383
1739.44389,0.00402
1737.51546,0.00424
1735.58703,0.00390
1733.65860,0.00356
1731.73017,0.00409
1729.80174,0.00469
1727.87331,0.00499
1725.94488,0.00505
1724.01645,0.00515
1722.08802,0.00502
1720.15959,0.00370
1718.23116,0.00165
1716.30273,0.00183
1714.37430,0.00442
1712.44587,0.00694
1710.51744,0.00793
1708.58901,0.00764
1706.66058,0.00766
1704.73215,0.00946
1702.80372,0.01166
1700.87529,0.01253
1698.94686,0.01230
1697.01843,0.01268
1695.09000,0.01438
1693.16157,0.01595
1691.23314,0.01659
1689.30471,0.01633
1687.37628,0.01525
1685.44785,0.01412
1683.51942,0.01531
1681.59099,0.01805
1679.66256,0.01982
1677.73413,0.01995
1675.80570,0.01934
1673.87727,0.01863
1671.94884,0.01779
1670.02041,0.01776
1668.09198,0.01981
1666.16355,0.02182
1664.23512,0.02253
1662.30669,0.02352
1660.37826,0.02589
1658.44983,0.02775
1656.52140,0.02741
1654.59297,0.02570
1652.66454,0.02540
1650.73611,0.02724
1648.80768,0.02723
1646.87925,0.02462
1644.95082,0.02393
1643.02239,0.02506
1641.09396,0.02494
1639.16553,0.02251
1637.23710,0.01919
1635.30867,0.01785
1633.38024,0.01871
1631.45181,0.01921
1629.52338,0.01827
1627.59495,0.01655
1625.66652,0.01500
1623.73809,0.01407
1621.80966,0.01401
1619.88123,0.01331
1617.95280,0.01101
1616.02437,0.00913
1614.09594,0.00926
1612.16751,0.00947
1610.23908,0.00844
1608.31065,0.00706
1606.38222,0.00622
1604.45379,0.00562
1602.52536,0.00510
1600.59693,0.00482
1598.66850,0.00448
1596.74007,0.00399
1594.81164,0.00378
1592.88321,0.00398
1590.95478,0.00426
1589.02635,0.00448
1587.09792,0.00482
1585.16949,0.00541
1583.24106,0.00623
1581.31263,0.00673
1579.38420,0.00621
1577.45577,0.00530
1575.52734,0.00620
1573.59891,0.00858
1571.67048,0.00997
1569.74205,0.01035
1567.81362,0.01143
1565.88519,0.01317
1563.95676,0.01421
1562.02833,0.01336
1560.09990,0.01175
1558.17147,0.01258
1556.24304,0.01614
1554.31461,0.01918
1552.38618,0.02090
1550.45775,0.02171
1548.52932,0.02198
1546.60089,0.02118
1544.67246,0.01825
1542.74403,0.01371
1540.81560,0.01128
1538.88717,0.01568
1536.95874,0.02068
1535.03031,0.02188
1533.10188,0.02061
1531.17345,0.02006
1529.24502,0.02008
1527.31659,0.01952
1525.38816,0.01851
1523.45973,0.01736
1521.53130,0.01720
1519.60287,0.01828
1517.67444,0.01822
1515.74601,0.01759
1513.81758,0.01788
1511.88915,0.01798
1509.96072,0.01583
1508.03229,0.01128
1506.10385,0.00874
1504.17542,0.01091
1502.24699,0.01342
1500.31856,0.01283
1498.39013,0.01002
1496.46170,0.00816
1494.53327,0.00786
1492.60484,0.00696
1490.67641,0.00470
1488.74798,0.00311
1486.81955,0.00338
1484.89112,0.00426
1482.96269,0.00458
1481.03426,0.00451
1479.10583,0.00451
1477.17740,0.00427
1475.24897,0.00332
1473.32054,0.00251
1471.39211,0.00334
1469.46368,0.00478
1467.53525,0.00510
1465.60682,0.00459
1463.67839,0.00473
1461.74996,0.00470
1459.82153,0.00286
1457.89310,0.00088
1455.96467,0.00226
1454.03624,0.00465
1452.10781,0.00563
1450.17938,0.00500
1448.25095,0.00386
1446.32252,0.00332
1444.39409,0.00339
1442.46566,0.00346
1440.53723,0.00332
1438.60880,0.00334
1436.68037,0.00371
1434.75194,0.00386
1432.82351,0.00334
1430.89508,0.00246
1428.96665,0.00207
1427.03822,0.00236
1425.10979,0.00264
1423.18136,0.00286
1421.25293,0.00343
1419.32450,0.00419
1417.39607,0.00429
1415.46764,0.00368
1413.53921,0.00295
1411.61078,0.00248
1409.68235,0.00234
1407.75392,0.00222
1405.82549,0.00209
1403.89706,0.00218
1401.96863,0.00238
1400.04020,0.00268
1398.11177,0.00314
1396.18334,0.00328
1394.25491,0.00323
1392.32648,0.00358
1390.39805,0.00397
1388.46962,0.00373
1386.54119,0.00289
1384.61276,0.00213
1382.68433,0.00197
1380.75590,0.00227
1378.82747,0.00236
1376.89904,0.00166
1374.97061,0.00079
1373.04218,0.00070
1371.11375,0.00094
1369.18532,0.00091
1367.25689,0.00076
1365.32846,0.00068
1363.40003,0.00071
1361.47160,0.00081
1359.54317,0.00090
1357.61474,0.00082
1355.68631,0.00050
1353.75788,0.00019
1351.82945,0.00003
1349.90102,0.00000
1347.97259,0.00008
1346.04416,0.00024
1344.11573,0.00042
1342.18730,0.00075
1340.25887,0.00134
1338.33044,0.00171
1336.40201,0.00134
1334.47358,0.00066
1332.54515,0.00035
1330.61672,0.00047
1328.68829,0.00061
1326.75986,0.00066
1324.83143,0.00077
1322.90300,0.00091
1320.97457,0.00091
1319.04614,0.00105
1317.11771,0.00134
1315.18928,0.00144
1313.26085,0.00121
1311.33242,0.00090
1309.40399,0.00067
1307.47556,0.00056
1305.54713,0.00042
1303.61870,0.00015
1301.69027,0.00001
1299.76184,0.00015
1297.83341,0.00046
1295.90498,0.00045
1293.97655,0.00019
1292.04812,0.00020
1290.11969,0.00049
1288.19126,0.00064
1286.26283,0.00054
1284.33440,0.00033
1282.40597,0.00015
1280.47754,0.00007
1278.54911,0.00006
1276.62068,0.00011
1274.69225,0.00014
1272.76382,0.00008
1270.83539,0.00000
1268.90696,0.00009
1266.97853,0.00036
1265.05010,0.00050
1263.12167,0.00046
1261.19324,0.00051
1259.26481,0.00090
1257.33638,0.00142
1255.40795,0.00198
1253.47952,0.00261
1251.55109,0.00326
1249.62266,0.00388
1247.69423,0.00440
1245.76580,0.00490
1243.83737,0.00543
1241.90894,0.00607
1239.98051,0.00679
1238.05208,0.00737
1236.12365,0.00773
1234.19522,0.00812
1232.26679,0.00862
1230.33836,0.00902
1228.40993,0.00942
1226.48150,0.00999
1224.55307,0.01054
1222.62464,0.01095
1220.69621,0.01138
1218.76778,0.01182
1216.83935,0.01232
1214.91092,0.01296
1212.98249,0.01357
1211.05406,0.01390
1209.12563,0.01411
1207.19720,0.01447
1205.26877,0.01492
1203.34034,0.01529
1201.41191,0.01571
1199.48348,0.01642
1197.55505,0.01703
1195.62662,0.01750
1193.69819,0.01802
1191.76976,0.01871
1189.84133,0.01954
1187.91290,0.02048
1185.98447,0.02127
1184.05604,0.02186
1182.12761,0.02255
1180.19918,0.02338
1178.27075,0.02425
1176.34232,0.02528
1174.41389,0.02638
1172.48546,0.02728
1170.55703,0.02806
1168.62860,0.02885
1166.70017,0.02971
1164.77174,0.03061
1162.84331,0.03151
1160.91488,0.03253
1158.98645,0.03376
1157.05802,0.03512
1155.12959,0.03659
1153.20116,0.03792
1151.27273,0.03884
1149.34430,0.03949
1147.41587,0.04017
1145.48744,0.04086
1143.55901,0.04133
1141.63058,0.04152
1139.70215,0.04180
1137.77372,0.04240
1135.84529,0.04320
1133.91686,0.04404
1131.98843,0.04496
1130.06000,0.04600
1128.13157,0.04708
1126.20314,0.04820
1124.27471,0.04954
1122.34628,0.05106
1120.41785,0.05259
1118.48942,0.05430
1116.56099,0.05629
1114.63256,0.05824
1112.70413,0.06001
1110.77570,0.06155
1108.84727,0.06273
1106.91884,0.06380
1104.99041,0.06514
1103.06198,0.06670
1101.13355,0.06835
1099.20512,0.07022
1097.27669,0.07232
1095.34826,0.07422
1093.41983,0.07554
1091.49140,0.07637
1089.56297,0.07683
1087.63454,0.07674
1085.70611,0.07621
1083.77768,0.07578
1081.84925,0.07580
1079.92082,0.07625
1077.99239,0.07672
1076.06396,0.07683
1074.13553,0.07664
1072.20710,0.07631
1070.27867,0.07584
1068.35024,0.07523
1066.42181,0.07456
1064.49338,0.07381
1062.56495,0.07300
1060.63652,0.07238
1058.70809,0.07182
1056.77966,0.07085
1054.85123,0.06954
1052.92280,0.06827
1050.99437,0.06701
1049.06594,0.06564
1047.13751,0.06414
1045.20908,0.06235
1043.28065,0.06026
1041.35222,0.05794
1039.42379,0.05540
1037.49536,0.05279
1035.56693,0.05022
1033.63850,0.04765
1031.71007,0.04517
1029.78164,0.04292
1027.85321,0.04074
1025.92478,0.03842
1023.99635,0.03593
1022.06792,0.03346
1020.13949,0.03131
1018.21106,0.02958
1016.28263,0.02793
1014.35420,0.02624
1012.42577,0.02479
1010.49734,0.02348
1008.56891,0.02196
1006.64048,0.02036
1004.71205,0.01903
1002.78362,0.01795
1000.85519,0.01688
998.92676,0.01571
996.99833,0.01451
995.06990,0.01351
993.14147,0.01279
991.21304,0.01233
989.28461,0.01204
987.35618,0.01187
985.42775,0.01175
983.49932,0.01165
981.57089,0.01169
979.64246,0.01177
977.71403,0.01170
975.78560,0.01162
973.85717,0.01160
971.92874,0.01138
970.00031,0.01090
968.07188,0.01051
966.14345,0.01038
964.21502,0.01027
962.28659,0.01000
960.35816,0.00964
958.42973,0.00936
956.50130,0.00916
954.57287,0.00899
952.64444,0.00870
950.71601,0.00831
948.78758,0.00800
946.85915,0.00766
944.93072,0.00717
943.00229,0.00676
941.07386,0.00658
939.14543,0.00641
937.21700,0.00597
935.28857,0.00555
933.36014,0.00544
931.43171,0.00540
929.50328,0.00528
927.57485,0.00516
925.64642,0.00489
923.71799,0.00449
921.78956,0.00408
919.86113,0.00363
917.93270,0.00321
916.00427,0.00292
914.07584,0.00272
912.14741,0.00261
910.21898,0.00263
908.29055,0.00258
906.36212,0.00219
904.43368,0.00159
902.50525,0.00116
900.57682,0.00104
898.64839,0.00109
896.71996,0.00113
894.79153,0.00112
892.86310,0.00106
890.93467,0.00092
889.00624,0.00078
887.07781,0.00079
885.14938,0.00077
883.22095,0.00049
881.29252,0.00010
879.36409,0.00000
877.43566,0.00019
875.50723,0.00044
873.57880,0.00048
871.65037,0.00055
869.72194,0.00077
867.79351,0.00087
865.86508,0.00071
863.93665,0.00036
862.00822,0.00002
860.07979,0.00000
858.15136,0.00010
856.22293,0.00013
854.29450,0.00048
852.36607,0.00108
850.43764,0.00129
848.50921,0.00109
846.58078,0.00108
844.65235,0.00144
842.72392,0.00176
840.79549,0.00197
838.86706,0.00243
836.93863,0.00312
835.01020,0.00382
833.08177,0.00461
831.15334,0.00532
829.22491,0.00561
827.29648,0.00565
825.36805,0.00593
823.43962,0.00651
821.51119,0.00687
819.58276,0.00668
817.65433,0.00650
815.72590,0.00709
813.79747,0.00815
811.86904,0.00896
809.94061,0.00945
808.01218,0.00998
806.08375,0.01051
804.15532,0.01072
802.22689,0.01069
800.29846,0.01081
798.37003,0.01101
796.44160,0.01107
794.51317,0.01100
792.58474,0.01095
790.65631,0.01113
788.72788,0.01135
786.79945,0.01098
784.87102,0.00985
782.94259,0.00856
781.01416,0.00769
779.08573,0.00696
777.15730,0.00585
775.22887,0.00429
773.30044,0.00269
771.37201,0.00172
769.44358,0.00173
767.51515,0.00241
765.58672,0.00315
763.65829,0.00356
761.72986,0.00349
759.80143,0.00290
757.87300,0.00214
755.94457,0.00167
754.01614,0.00154
752.08771,0.00180
750.15928,0.00218
748.23085,0.00230
746.30242,0.00228
744.37399,0.00226
742.44556,0.00217
740.51713,0.00179
738.58870,0.00123
736.66027,0.00104
734.73184,0.00122
732.80341,0.00132
730.87498,0.00101
728.94655,0.00047
727.01812,0.00043
725.08969,0.00127
723.16126,0.00287
721.23283,0.00351
719.30440,0.00308
717.37597,0.00226
715.44754,0.00178
713.51911,0.00165
711.59068,0.00165
709.66225,0.00205
707.73382,0.00296
705.80539,0.00390
703.87696,0.00428
701.94853,0.00412
700.02010,0.00382
698.09167,0.00350
696.16324,0.00322
694.23481,0.00332
692.30638,0.00405
690.37795,0.00496
688.44952,0.00481
686.52109,0.00315
684.59266,0.00156
682.66423,0.00149
680.73580,0.00283
678.80737,0.00462
676.87894,0.00535
674.95051,0.00396
673.02208,0.00200
671.09365,0.00268
669.16522,0.00555
667.23679,0.00650
665.30836,0.00654
663.37993,0.00825
661.45150,0.01055
659.52307,0.01168
657.59464,0.01121
655.66621,0.00902
653.73778,0.00603
651.80935,0.00411
649.88092,0.00412
647.95249,0.00529
646.02406,0.00609
644.09563,0.00533
642.16720,0.00371
640.23877,0.00310
638.31034,0.00346
636.38191,0.00484
634.45348,0.00605
632.52505,0.00581
630.59662,0.00432
628.66819,0.00353
626.73976,0.00419
624.81133,0.00388
622.88290,0.00135
620.95447,0.00011
619.02604,0.00188
617.09761,0.00376
615.16918,0.00347
613.24075,0.00240
611.31232,0.00214
609.38389,0.00290
607.45546,0.00338
605.52703,0.00200
603.59860,0.00049
601.67017,0.00000
599.74174,0.00000
