4001.49232,0.00183
3999.56389,0.00331
3997.63546,0.00307
3995.70703,0.00227
3993.77860,0.00188
3991.85017,0.00179
3989.92174,0.00187
3987.99331,0.00185
3986.06488,0.00153
3984.13645,0.00109
3982.20802,0.00074
3980.27959,0.00075
3978.35116,0.00121
3976.42273,0.00169
3974.49430,0.00163
3972.56587,0.00113
3970.63744,0.00064
3968.70901,0.00031
3966.78058,0.00007
3964.85215,0.00005
3962.92372,0.00020
3960.99529,0.00018
3959.06686,-0.00004
3957.13843,-0.00008
3955.21000,0.00006
3953.28157,0.00004
3951.35314,0.00000
3949.42471,0.00059
3947.49628,0.00152
3945.56785,0.00175
3943.63942,0.00134
3941.71099,0.00093
3939.78256,0.00058
3937.85413,0.00029
3935.92570,0.00019
3933.99727,0.00015
3932.06884,-0.00002
3930.14041,-0.00008
3928.21198,0.00015
3926.28355,0.00030
3924.35512,0.00042
3922.42669,0.00092
3920.49826,0.00159
3918.56982,0.00194
3916.64139,0.00158
3914.71296,0.00070
3912.78453,0.00006
3910.85610,0.00000
3908.92767,0.00027
3906.99924,0.00062
3905.07081,0.00154
3903.14238,0.00335
3901.21395,0.00424
3899.28552,0.00373
3897.35709,0.00317
3895.42866,0.00283
3893.50023,0.00256
3891.57180,0.00281
3889.64337,0.00359
3887.71494,0.00418
3885.78651,0.00413
3883.85808,0.00364
3881.92965,0.00319
3880.00122,0.00288
3878.07279,0.00279
3876.14436,0.00297
3874.21593,0.00314
3872.28750,0.00342
3870.35907,0.00394
3868.43064,0.00434
3866.50221,0.00424
3864.57378,0.00381
3862.64535,0.00414
3860.71692,0.00515
3858.78849,0.00600
3856.86006,0.00629
3854.93163,0.00534
3853.00320,0.00365
3851.07477,0.00333
3849.14634,0.00402
3847.21791,0.00426
3845.28948,0.00402
3843.36105,0.00413
3841.43262,0.00421
3839.50419,0.00330
3837.57576,0.00236
3835.64733,0.00233
3833.71890,0.00283
3831.79047,0.00331
3829.86204,0.00352
3827.93361,0.00357
3826.00518,0.00377
3824.07675,0.00395
3822.14832,0.00362
3820.21989,0.00342
3818.29146,0.00354
3816.36303,0.00330
3814.43460,0.00289
3812.50617,0.00290
3810.57774,0.00294
3808.64931,0.00263
3806.72088,0.00265
3804.79245,0.00313
3802.86402,0.00294
3800.93559,0.00210
3799.00716,0.00161
3797.07873,0.00111
3795.15030,0.00041
3793.22187,-0.00004
3791.29344,-0.00006
3789.36501,0.00010
3787.43658,0.00028
3785.50815,0.00050
3783.57972,0.00085
3781.65129,0.00088
3779.72286,0.00036
3777.79443,0.00000
3775.86600,0.00022
3773.93757,0.00053
3772.00914,0.00066
3770.08071,0.00108
3768.15228,0.00180
3766.22385,0.00225
3764.29542,0.00264
3762.36699,0.00305
3760.43856,0.00330
3758.51013,0.00421
3756.58170,0.00617
3754.65327,0.00759
3752.72484,0.00735
3750.79641,0.00753
3748.86798,0.00995
3746.93955,0.01161
3745.01112,0.01148
3743.08269,0.01032
3741.15426,0.00976
3739.22583,0.00967
3737.29740,0.00894
3735.36897,0.00785
3733.44054,0.00725
3731.51211,0.00724
3729.58368,0.00736
3727.65525,0.00722
3725.72682,0.00666
3723.79839,0.00573
3721.86996,0.00435
3719.94153,0.00301
3718.01310,0.00259
3716.08467,0.00301
3714.15624,0.00320
3712.22781,0.00250
3710.29938,0.00228
3708.37095,0.00275
3706.44252,0.00296
3704.51409,0.00249
3702.58566,0.00148
3700.65723,0.00071
3698.72880,0.00080
3696.80037,0.00156
3694.87194,0.00225
3692.94351,0.00188
3691.01508,0.00029
3689.08665,-0.00037
3687.15822,0.00093
3685.22979,0.00224
3683.30136,0.00280
3681.37293,0.00294
3679.44450,0.00305
3677.51607,0.00350
3675.58764,0.00453
3673.65921,0.00534
3671.73078,0.00501
3669.80235,0.00376
3667.87392,0.00320
3665.94549,0.00328
3664.01706,0.00325
3662.08863,0.00309
3660.16020,0.00325
3658.23177,0.00377
3656.30334,0.00454
3654.37491,0.00507
3652.44648,0.00400
3650.51805,0.00114
3648.58962,0.00005
3646.66119,0.00156
3644.73276,0.00327
3642.80433,0.00384
3640.87590,0.00336
3638.94747,0.00276
3637.01904,0.00282
3635.09061,0.00335
3633.16218,0.00372
3631.23375,0.00331
3629.30532,0.00220
3627.37689,0.00222
3625.44846,0.00348
3623.52003,0.00430
3621.59160,0.00388
3619.66317,0.00334
3617.73474,0.00421
3615.80631,0.00562
3613.87788,0.00635
3611.94945,0.00639
3610.02102,0.00585
3608.09259,0.00470
3606.16416,0.00349
3604.23573,0.00270
3602.30730,0.00213
3600.37887,0.00174
3598.45044,0.00174
3596.52201,0.00196
3594.59358,0.00237
3592.66515,0.00282
3590.73672,0.00316
3588.80829,0.00323
3586.87986,0.00290
3584.95143,0.00226
3583.02300,0.00172
3581.09457,0.00144
3579.16614,0.00117
3577.23771,0.00089
3575.30928,0.00084
3573.38085,0.00107
3571.45242,0.00115
3569.52399,0.00066
3567.59556,0.00000
3565.66713,0.00020
3563.73870,0.00077
3561.81027,0.00093
3559.88184,0.00086
3557.95341,0.00099
3556.02498,0.00130
3554.09655,0.00138
3552.16812,0.00124
3550.23969,0.00129
3548.31126,0.00170
3546.38283,0.00185
3544.45440,0.00131
3542.52597,0.00075
3540.59754,0.00054
3538.66911,0.00038
3536.74068,0.00033
3534.81225,0.00055
3532.88382,0.00078
3530.95539,0.00080
3529.02696,0.00079
3527.09853,0.00106
3525.17010,0.00138
3523.24167,0.00136
3521.31324,0.00113
3519.38481,0.00079
3517.45638,0.00040
3515.52795,0.00012
3513.59952,0.00008
3511.67109,0.00032
3509.74266,0.00077
3507.81423,0.00128
3505.88580,0.00182
3503.95737,0.00224
3502.02894,0.00212
3500.10051,0.00143
3498.17208,0.00091
3496.24365,0.00096
3494.31522,0.00125
3492.38679,0.00139
3490.45836,0.00136
3488.52993,0.00130
3486.60150,0.00110
3484.67307,0.00081
3482.74464,0.00069
3480.81621,0.00082
3478.88778,0.00097
3476.95935,0.00107
3475.03092,0.00110
3473.10249,0.00084
3471.17406,0.00031
3469.24563,-0.00008
3467.31720,-0.00007
3465.38877,0.00009
3463.46034,0.00018
3461.53191,0.00032
3459.60348,0.00045
3457.67505,0.00042
3455.74662,0.00034
3453.81819,0.00036
3451.88976,0.00041
3449.96133,0.00029
3448.03290,0.00022
3446.10447,0.00060
3444.17604,0.00115
3442.24761,0.00141
3440.31918,0.00140
3438.39075,0.00110
3436.46232,0.00070
3434.53389,0.00047
3432.60546,0.00033
3430.67703,0.00026
3428.74860,0.00028
3426.82017,0.00019
3424.89174,0.00001
3422.96331,0.00006
3421.03488,0.00049
3419.10645,0.00088
3417.17802,0.00076
3415.24959,0.00047
3413.32116,0.00042
3411.39273,0.00045
3409.46430,0.00037
3407.53587,0.00027
3405.60744,0.00026
3403.67901,0.00036
3401.75058,0.00060
3399.82215,0.00183
3397.89372,0.00226
3395.96529,0.00236
3394.03686,0.00220
3392.10843,0.00175
3390.18000,0.00133
3388.25157,0.00143
3386.32314,0.00195
3384.39471,0.00228
3382.46628,0.00204
3380.53785,0.00131
3378.60942,0.00063
3376.68099,0.00039
3374.75256,0.00027
3372.82413,0.00000
3370.89570,0.00017
3368.96727,0.00117
3367.03884,0.00219
3365.11041,0.00227
3363.18198,0.00174
3361.25355,0.00143
3359.32512,0.00152
3357.39669,0.00177
3355.46826,0.00179
3353.53983,0.00135
3351.61140,0.00086
3349.68297,0.00075
3347.75454,0.00088
3345.82611,0.00101
3343.89768,0.00119
3341.96925,0.00147
3340.04082,0.00177
3338.11239,0.00207
3336.18396,0.00223
3334.25553,0.00210
3332.32710,0.00184
3330.39867,0.00180
3328.47024,0.00196
3326.54181,0.00181
3324.61338,0.00133
3322.68495,0.00126
3320.75652,0.00177
3318.82809,0.00221
3316.89966,0.00224
3314.97122,0.00223
3313.04279,0.00263
3311.11436,0.00325
3309.18593,0.00352
3307.25750,0.00312
3305.32907,0.00240
3303.40064,0.00206
3301.47221,0.00233
3299.54378,0.00288
3297.61535,0.00337
3295.68692,0.00372
3293.75849,0.00393
3291.83006,0.00389
3289.90163,0.00368
3287.97320,0.00352
3286.04477,0.00344
3284.11634,0.00342
3282.18791,0.00360
3280.25948,0.00385
3278.33105,0.00397
3276.40262,0.00401
3274.47419,0.00407
3272.54576,0.00416
3270.61733,0.00416
3268.68890,0.00406
3266.76047,0.00402
3264.83204,0.00402
3262.90361,0.00389
3260.97518,0.00379
3259.04675,0.00400
3257.11832,0.00450
3255.18989,0.00495
3253.26146,0.00491
3251.33303,0.00439
3249.40460,0.00389
3247.47617,0.00393
3245.54774,0.00430
3243.61931,0.00431
3241.69088,0.00392
3239.76245,0.00367
3237.83402,0.00360
3235.90559,0.00340
3233.97716,0.00310
3232.04873,0.00306
3230.12030,0.00333
3228.19187,0.00358
3226.26344,0.00355
3224.33501,0.00345
3222.40658,0.00370
3220.47815,0.00421
3218.54972,0.00431
3216.62129,0.00391
3214.69286,0.00359
3212.76443,0.00343
3210.83600,0.00319
3208.90757,0.00298
3206.97914,0.00294
3205.05071,0.00306
3203.12228,0.00319
3201.19385,0.00317
3199.26542,0.00309
3197.33699,0.00294
3195.40856,0.00261
3193.48013,0.00232
3191.55170,0.00237
3189.62327,0.00276
3187.69484,0.00329
3185.76641,0.00358
3183.83798,0.00327
3181.90955,0.00259
3179.98112,0.00221
3178.05269,0.00231
3176.12426,0.00230
3174.19583,0.00194
3172.26740,0.00164
3170.33897,0.00174
3168.41054,0.00195
3166.48211,0.00190
3164.55368,0.00177
3162.62525,0.00179
3160.69682,0.00171
3158.76839,0.00143
3156.83996,0.00123
3154.91153,0.00122
3152.98310,0.00123
3151.05467,0.00122
3149.12624,0.00117
3147.19781,0.00096
3145.26938,0.00065
3143.34095,0.00044
3141.41252,0.00032
3139.48409,0.00024
3137.55566,0.00039
3135.62723,0.00076
3133.69880,0.00104
3131.77037,0.00101
3129.84194,0.00084
3127.91351,0.00083
3125.98508,0.00107
3124.05665,0.00133
3122.12822,0.00138
3120.19979,0.00132
3118.27136,0.00146
3116.34293,0.00162
3114.41450,0.00129
3112.48607,0.00067
3110.55764,0.00034
3108.62921,0.00024
3106.70078,0.00011
3104.77235,0.00022
3102.84392,0.00072
3100.91549,0.00105
3098.98706,0.00094
3097.05863,0.00083
3095.13020,0.00086
3093.20177,0.00074
3091.27334,0.00056
3089.34491,0.00042
3087.41648,0.00023
3085.48805,0.00003
3083.55962,0.00013
3081.63119,0.00052
3079.70276,0.00072
3077.77433,0.00057
3075.84590,0.00036
3073.91747,0.00028
3071.98904,0.00022
3070.06061,0.00020
3068.13218,0.00041
3066.20375,0.00073
3064.27532,0.00080
3062.34689,0.00058
3060.41846,0.00041
3058.49003,0.00058
3056.56160,0.00079
3054.63317,0.00060
3052.70474,0.00037
3050.77631,0.00058
3048.84788,0.00081
3046.91945,0.00061
3044.99102,0.00026
3043.06259,0.00010
3041.13416,0.00013
3039.20573,0.00031
3037.27730,0.00068
3035.34887,0.00124
3033.42044,0.00171
3031.49201,0.00159
3029.56358,0.00103
3027.63515,0.00066
3025.70672,0.00052
3023.77829,0.00039
3021.84986,0.00035
3019.92143,0.00037
3017.99300,0.00039
3016.06457,0.00053
3014.13614,0.00072
3012.20771,0.00078
3010.27928,0.00059
3008.35085,0.00033
3006.42242,0.00045
3004.49399,0.00083
3002.56556,0.00084
3000.63713,0.00041
2998.70870,0.00000
2996.78027,0.00005
2994.85184,0.00044
2992.92341,0.00065
2990.99498,0.00045
2989.06655,0.00023
2987.13812,0.00028
2985.20969,0.00040
2983.28126,0.00040
2981.35283,0.00035
2979.42440,0.00032
2977.49597,0.00027
2975.56754,0.00025
2973.63911,0.00023
2971.71068,0.00016
2969.78225,0.00013
2967.85382,0.00025
2965.92539,0.00046
2963.99696,0.00060
2962.06853,0.00063
2960.14010,0.00062
2958.21167,0.00055
2956.28324,0.00045
2954.35481,0.00046
2952.42638,0.00063
2950.49795,0.00074
2948.56952,0.00069
2946.64109,0.00059
2944.71266,0.00047
2942.78423,0.00039
2940.85580,0.00049
2938.92737,0.00070
2936.99894,0.00086
2935.07051,0.00102
2933.14208,0.00106
2931.21365,0.00087
2929.28522,0.00073
2927.35679,0.00078
2925.42836,0.00078
2923.49993,0.00062
2921.57150,0.00047
2919.64307,0.00038
2917.71464,0.00034
2915.78621,0.00042
2913.85778,0.00048
2911.92935,0.00038
2910.00092,0.00025
2908.07249,0.00014
2906.14406,0.00004
2904.21563,0.00007
2902.28720,0.00021
2900.35877,0.00033
2898.43034,0.00031
2896.50191,0.00022
2894.57348,0.00011
2892.64505,0.00003
2890.71662,0.00013
2888.78819,0.00034
2886.85976,0.00028
2884.93133,0.00007
2883.00290,0.00009
2881.07447,0.00026
2879.14604,0.00032
2877.21761,0.00023
2875.28918,0.00016
2873.36075,0.00019
2871.43232,0.00030
2869.50389,0.00030
2867.57546,0.00023
2865.64703,0.00025
2863.71860,0.00035
2861.79017,0.00052
2859.86174,0.00064
2857.93331,0.00054
2856.00488,0.00032
2854.07645,0.00012
2852.14802,-0.00001
2850.21959,-0.00008
2848.29116,-0.00009
2846.36273,-0.00007
2844.43430,-0.00002
2842.50587,0.00010
2840.57744,0.00026
2838.64901,0.00032
2836.72058,0.00036
2834.79215,0.00044
2832.86372,0.00047
2830.93529,0.00036
2829.00686,0.00022
2827.07843,0.00021
2825.15000,0.00038
2823.22157,0.00050
2821.29314,0.00048
2819.36471,0.00046
2817.43628,0.00054
2815.50785,0.00055
2813.57942,0.00032
2811.65099,0.00006
2809.72256,0.00008
2807.79413,0.00024
2805.86570,0.00028
2803.93727,0.00032
2802.00884,0.00042
2800.08041,0.00037
2798.15198,0.00023
2796.22355,0.00008
2794.29512,-0.00003
2792.36669,0.00007
2790.43826,0.00021
2788.50983,0.00015
2786.58140,0.00000
2784.65297,-0.00006
2782.72454,0.00000
2780.79611,0.00018
2778.86768,0.00038
2776.93925,0.00041
2775.01082,0.00025
2773.08239,0.00010
2771.15396,0.00006
2769.22553,0.00019
2767.29710,0.00039
2765.36867,0.00057
2763.44024,0.00064
2761.51181,0.00053
2759.58338,0.00034
2757.65495,0.00015
2755.72652,0.00004
2753.79809,0.00009
2751.86966,0.00025
2749.94123,0.00038
2748.01280,0.00043
2746.08437,0.00041
2744.15594,0.00038
2742.22751,0.00033
2740.29908,0.00021
2738.37065,0.00015
2736.44222,0.00015
2734.51379,0.00007
2732.58536,0.00008
2730.65693,0.00025
2728.72850,0.00035
2726.80007,0.00039
2724.87164,0.00048
2722.94321,0.00056
2721.01478,0.00060
2719.08635,0.00051
2717.15792,0.00024
2715.22949,0.00000
2713.30105,0.00001
2711.37262,0.00011
2709.44419,0.00018
2707.51576,0.00017
2705.58733,0.00017
2703.65890,0.00022
2701.73047,0.00026
2699.80204,0.00021
2697.87361,0.00019
2695.94518,0.00030
2694.01675,0.00048
2692.08832,0.00064
2690.15989,0.00067
2688.23146,0.00043
2686.30303,0.00009
2684.37460,-0.00002
2682.44617,0.00003
2680.51774,0.00006
2678.58931,0.00016
2676.66088,0.00034
2674.73245,0.00042
2672.80402,0.00030
2670.87559,0.00011
2668.94716,0.00000
2667.01873,0.00008
2665.09030,0.00018
2663.16187,0.00011
2661.23344,0.00003
2659.30501,0.00004
2657.37658,0.00008
2655.44815,0.00017
2653.51972,0.00024
2651.59129,0.00021
2649.66286,0.00015
2647.73443,0.00022
2645.80600,0.00035
2643.87757,0.00026
2641.94914,0.00010
2640.02071,0.00009
2638.09228,0.00015
2636.16385,0.00022
2634.23542,0.00022
2632.30699,0.00006
2630.37856,-0.00010
2628.45013,-0.00005
2626.52170,0.00009
2624.59327,0.00010
2622.66484,-0.00001
2620.73641,-0.00004
2618.80798,0.00002
2616.87955,0.00005
2614.95112,0.00002
2613.02269,0.00004
2611.09426,0.00008
2609.16583,0.00012
2607.23740,0.00018
2605.30897,0.00024
2603.38054,0.00033
2601.45211,0.00033
2599.52368,0.00017
2597.59525,0.00000
2595.66682,0.00004
2593.73839,0.00030
2591.80996,0.00052
2589.88153,0.00055
2587.95310,0.00042
2586.02467,0.00023
2584.09624,0.00012
2582.16781,0.00008
2580.23938,0.00006
2578.31095,0.00003
2576.38252,-0.00002
2574.45409,-0.00005
2572.52566,-0.00005
2570.59723,0.00000
2568.66880,0.00005
2566.74037,0.00004
2564.81194,0.00003
2562.88351,0.00005
2560.95508,0.00012
2559.02665,0.00024
2557.09822,0.00036
2555.16979,0.00023
2553.24136,0.00001
2551.31293,0.00000
2549.38450,0.00015
2547.45607,0.00029
2545.52764,0.00035
2543.59921,0.00035
2541.67078,0.00033
2539.74235,0.00033
2537.81392,0.00037
2535.88549,0.00045
2533.95706,0.00053
2532.02863,0.00047
2530.10020,0.00033
2528.17177,0.00028
2526.24334,0.00033
2524.31491,0.00036
2522.38648,0.00037
2520.45805,0.00043
2518.52962,0.00043
2516.60119,0.00026
2514.67276,0.00011
2512.74433,0.00020
2510.81590,0.00036
2508.88747,0.00051
2506.95904,0.00065
2505.03061,0.00059
2503.10218,0.00033
2501.17375,0.00014
2499.24532,0.00019
2497.31689,0.00035
2495.38846,0.00047
2493.46003,0.00047
2491.53160,0.00043
2489.60317,0.00042
2487.67474,0.00040
2485.74631,0.00023
2483.81788,0.00003
2481.88945,0.00000
2479.96102,0.00016
2478.03259,0.00041
2476.10416,0.00052
2474.17573,0.00046
2472.24730,0.00038
2470.31887,0.00042
2468.39044,0.00052
2466.46201,0.00053
2464.53358,0.00040
2462.60515,0.00028
2460.67672,0.00026
2458.74829,0.00034
2456.81986,0.00039
2454.89143,0.00035
2452.96300,0.00027
2451.03457,0.00017
2449.10614,0.00013
2447.17771,0.00021
2445.24928,0.00026
2443.32085,0.00019
2441.39242,0.00011
2439.46399,0.00010
2437.53556,0.00013
2435.60713,0.00015
2433.67870,0.00012
2431.75027,0.00002
2429.82184,-0.00002
2427.89341,0.00006
2425.96498,0.00018
2424.03655,0.00019
2422.10812,0.00016
2420.17969,0.00014
2418.25126,0.00013
2416.32283,0.00011
2414.39440,0.00009
2412.46597,0.00008
2410.53754,0.00006
2408.60911,0.00005
2406.68068,0.00003
2404.75225,0.00002
2402.82382,0.00001
2400.89539,0.00000
2398.96696,-0.00003
2397.03853,-0.00006
2395.11010,-0.00009
2393.18167,-0.00012
2391.25324,-0.00015
2389.32481,-0.00017
2387.39638,-0.00020
2385.46795,-0.00022
2383.53952,-0.00025
2381.61109,-0.00027
2379.68266,-0.00029
2377.75423,-0.00031
2375.82580,-0.00033
2373.89737,-0.00035
2371.96894,-0.00037
2370.04051,-0.00039
2368.11208,-0.00040
2366.18365,-0.00042
2364.25522,-0.00043
2362.32679,-0.00044
2360.39836,-0.00046
2358.46993,-0.00047
2356.54150,-0.00048
2354.61307,-0.00049
2352.68464,-0.00050
2350.75621,-0.00050
2348.82778,-0.00051
2346.89935,-0.00051
2344.97092,-0.00052
2343.04249,-0.00052
2341.11406,-0.00052
2339.18563,-0.00053
2337.25720,-0.00053
2335.32877,-0.00053
2333.40034,-0.00052
2331.47191,-0.00052
2329.54348,-0.00052
2327.61505,-0.00051
2325.68662,-0.00051
2323.75819,-0.00050
2321.82976,-0.00050
2319.90133,-0.00049
2317.97290,-0.00048
2316.04447,-0.00047
2314.11604,-0.00046
2312.18761,-0.00044
2310.25918,-0.00043
2308.33075,-0.00042
2306.40232,-0.00040
2304.47389,-0.00039
2302.54546,-0.00037
2300.61703,-0.00035
2298.68860,-0.00033
2296.76017,-0.00031
2294.83174,-0.00029
2292.90331,-0.00027
2290.97488,-0.00025
2289.04645,-0.00022
2287.11802,-0.00020
2285.18959,-0.00017
2283.26116,-0.00015
2281.33273,-0.00012
2279.40430,-0.00009
2277.47587,-0.00006
2275.54744,-0.00003
2273.61901,0.00000
2271.69058,0.00001
2269.76215,0.00002
2267.83372,0.00004
2265.90529,0.00005
2263.97686,0.00007
2262.04843,0.00008
2260.12000,0.00010
2258.19157,0.00012
2256.26314,0.00014
2254.33471,0.00016
2252.40628,0.00018
2250.47785,0.00020
2248.54942,0.00022
2246.62099,0.00025
2244.69256,0.00027
2242.76413,0.00030
2240.83570,0.00015
2238.90727,0.00010
2236.97884,0.00014
2235.05041,0.00013
2233.12198,0.00008
2231.19355,0.00013
2229.26512,0.00012
2227.33669,0.00000
2225.40826,0.00000
2223.47983,0.00011
2221.55140,0.00016
2219.62297,0.00018
2217.69454,0.00023
2215.76611,0.00023
2213.83768,0.00018
2211.90925,0.00017
2209.98082,0.00021
2208.05239,0.00019
2206.12396,0.00013
2204.19553,0.00014
2202.26710,0.00019
2200.33867,0.00022
2198.41024,0.00028
2196.48181,0.00025
2194.55338,0.00006
2192.62495,-0.00003
2190.69652,0.00007
2188.76809,0.00016
2186.83966,0.00018
2184.91123,0.00027
2182.98280,0.00036
2181.05437,0.00033
2179.12594,0.00021
2177.19751,0.00006
2175.26908,0.00000
2173.34065,0.00011
2171.41222,0.00023
2169.48379,0.00017
2167.55536,0.00005
2165.62693,0.00006
2163.69850,0.00019
2161.77007,0.00026
2159.84164,0.00024
2157.91321,0.00016
2155.98478,0.00004
2154.05635,-0.00003
2152.12792,0.00011
2150.19949,0.00035
2148.27106,0.00039
2146.34263,0.00027
2144.41420,0.00022
2142.48577,0.00026
2140.55734,0.00033
2138.62891,0.00043
2136.70048,0.00042
2134.77205,0.00023
2132.84362,0.00012
2130.91519,0.00026
2128.98676,0.00037
2127.05833,0.00024
2125.12990,0.00007
2123.20147,0.00005
2121.27304,0.00010
2119.34461,0.00018
2117.41618,0.00041
2115.48775,0.00067
2113.55932,0.00058
2111.63089,0.00021
2109.70245,0.00000
2107.77402,0.00005
2105.84559,0.00020
2103.91716,0.00034
2101.98873,0.00042
2100.06030,0.00040
2098.13187,0.00030
2096.20344,0.00020
2094.27501,0.00025
2092.34658,0.00048
2090.41815,0.00065
2088.48972,0.00061
2086.56129,0.00043
2084.63286,0.00021
2082.70443,0.00002
2080.77600,-0.00002
2078.84757,0.00004
2076.91914,0.00012
2074.99071,0.00022
2073.06228,0.00025
2071.13385,0.00016
2069.20542,0.00013
2067.27699,0.00034
2065.34856,0.00063
2063.42013,0.00069
2061.49170,0.00049
2059.56327,0.00022
2057.63484,0.00002
2055.70641,0.00002
2053.77798,0.00024
2051.84955,0.00044
2049.92112,0.00050
2047.99269,0.00054
2046.06426,0.00058
2044.13583,0.00048
2042.20740,0.00029
2040.27897,0.00030
2038.35054,0.00039
2036.42211,0.00027
2034.49368,0.00009
2032.56525,0.00002
2030.63682,-0.00002
2028.70839,0.00000
2026.77996,0.00009
2024.85153,0.00016
2022.92310,0.00021
2020.99467,0.00025
2019.06624,0.00028
2017.13781,0.00031
2015.20938,0.00024
2013.28095,0.00010
2011.35252,0.00009
2009.42409,0.00020
2007.49566,0.00025
2005.56723,0.00025
2003.63880,0.00023
2001.71037,0.00013
1999.78194,0.00007
1997.85351,0.00014
1995.92508,0.00025
1993.99665,0.00024
1992.06822,0.00026
1990.13979,0.00033
1988.21136,0.00033
1986.28293,0.00026
1984.35450,0.00012
1982.42607,0.00003
1980.49764,0.00002
1978.56921,0.00008
1976.64078,0.00012
1974.71235,0.00004
1972.78392,0.00000
1970.85549,0.00012
1968.92706,0.00029
1966.99863,0.00040
1965.07020,0.00044
1963.14177,0.00033
1961.21334,0.00022
1959.28491,0.00022
1957.35648,0.00025
1955.42805,0.00031
1953.49962,0.00039
1951.57119,0.00040
1949.64276,0.00030
1947.71433,0.00020
1945.78590,0.00016
1943.85747,0.00019
1941.92904,0.00013
1940.00061,0.00010
1938.07218,0.00013
1936.14375,0.00008
1934.21532,-0.00001
1932.28689,-0.00000
1930.35846,0.00014
1928.43003,0.00028
1926.50160,0.00029
1924.57317,0.00018
1922.64474,0.00026
1920.71631,0.00051
1918.78788,0.00059
1916.85945,0.00056
1914.93102,0.00065
1913.00259,0.00061
1911.07416,0.00031
1909.14573,0.00012
1907.21730,0.00028
1905.28887,0.00047
1903.36044,0.00046
1901.43201,0.00037
1899.50358,0.00039
1897.57515,0.00063
1895.64672,0.00100
1893.71829,0.00122
1891.78986,0.00104
1889.86143,0.00068
1887.93300,0.00066
1886.00457,0.00088
1884.07614,0.00096
1882.14771,0.00093
1880.21928,0.00095
1878.29085,0.00101
1876.36242,0.00107
1874.43399,0.00115
1872.50556,0.00105
1870.57713,0.00050
1868.64870,-0.00003
1866.72027,0.00023
1864.79184,0.00109
1862.86341,0.00162
1860.93498,0.00160
1859.00655,0.00134
1857.07812,0.00114
1855.14969,0.00110
1853.22126,0.00125
1851.29283,0.00146
1849.36440,0.00152
1847.43597,0.00139
1845.50754,0.00135
1843.57911,0.00165
1841.65068,0.00204
1839.72225,0.00206
1837.79382,0.00181
1835.86539,0.00188
1833.93696,0.00191
1832.00853,0.00115
1830.08010,0.00012
1828.15167,0.00000
1826.22324,0.00039
1824.29481,0.00068
1822.36638,0.00088
1820.43795,0.00107
1818.50952,0.00124
1816.58109,0.00121
1814.65266,0.00086
1812.72423,0.00040
1810.79580,0.00029
1808.86737,0.00060
1806.93894,0.00095
1805.01051,0.00116
1803.08208,0.00129
1801.15365,0.00140
1799.22522,0.00165
1797.29679,0.00204
1795.36836,0.00208
1793.43993,0.00151
1791.51150,0.00127
1789.58307,0.00192
1787.65464,0.00266
1785.72621,0.00289
1783.79778,0.00252
1781.86935,0.00189
1779.94092,0.00167
1778.01249,0.00192
1776.08406,0.00160
1774.15563,0.00040
1772.22720,0.00000
1770.29877,0.00170
1768.37034,0.00358
1766.44191,0.00399
1764.51348,0.00322
1762.58505,0.00226
1760.65662,0.00198
1758.72819,0.00228
1756.79976,0.00271
1754.87133,0.00318
1752.94290,0.00345
1751.01447,0.00312
1749.08604,0.00246
1747.15761,0.00253
1745.22918,0.00306
1743.30075,0.00321
1741.37232,0.00302
1739.44389,0.00301
1737.51546,0.00307
1735.58703,0.00263
1733.65860,0.00211
1731.73017,0.00244
1729.80174,0.00301
1727.87331,0.00332
1725.94488,0.00336
1724.01645,0.00347
1722.08802,0.00345
1720.15959,0.00232
1718.23116,0.00027
1716.30273,0.00008
1714.37430,0.00232
1712.44587,0.00459
1710.51744,0.00544
1708.58901,0.00506
1706.66058,0.00480
1704.73215,0.00605
1702.80372,0.00786
1700.87529,0.00866
1698.94686,0.00836
1697.01843,0.00829
1695.09000,0.00936
1693.16157,0.01066
1691.23314,0.01133
1689.30471,0.01118
1687.37628,0.01027
1685.44785,0.00908
1683.51942,0.00952
1681.59099,0.01156
1679.66256,0.01312
1677.73413,0.01341
1675.80570,0.01320
1673.87727,0.01299
1671.94884,0.01237
1670.02041,0.01200
1668.09198,0.01332
1666.16355,0.01469
1664.23512,0.01476
1662.30669,0.01499
1660.37826,0.01687
1658.44983,0.01866
1656.52140,0.01830
1654.59297,0.01638
1652.66454,0.01619
1650.73611,0.01863
1648.80768,0.01910
1646.87925,0.01668
1644.95082,0.01595
1643.02239,0.01709
1641.09396,0.01720
1639.16553,0.01519
1637.23710,0.01236
1635.30867,0.01133
1633.38024,0.01230
1631.45181,0.01286
1629.52338,0.01205
1627.59495,0.01058
1625.66652,0.00929
1623.73809,0.00855
1621.80966,0.00861
1619.88123,0.00809
1617.95280,0.00609
1616.02437,0.00457
1614.09594,0.00509
1612.16751,0.00571
1610.23908,0.00506
1608.31065,0.00388
1606.38222,0.00314
1604.45379,0.00266
1602.52536,0.00231
1600.59693,0.00219
1598.66850,0.00197
1596.74007,0.00151
1594.81164,0.00122
1592.88321,0.00133
1590.95478,0.00155
1589.02635,0.00172
1587.09792,0.00195
1585.16949,0.00241
1583.24106,0.00320
1581.31263,0.00387
1579.38420,0.00358
1577.45577,0.00278
1575.52734,0.00355
1573.59891,0.00573
1571.67048,0.00690
1569.74205,0.00680
1567.81362,0.00723
1565.88519,0.00854
1563.95676,0.00952
1562.02833,0.00882
1560.09990,0.00698
1558.17147,0.00701
1556.24304,0.01012
1554.31461,0.01287
1552.38618,0.01418
1550.45775,0.01464
1548.52932,0.01480
1546.60089,0.01416
1544.67246,0.01160
1542.74403,0.00736
1540.81560,0.00502
1538.88717,0.00902
1536.95874,0.01343
1535.03031,0.01429
1533.10188,0.01308
1531.17345,0.01269
1529.24502,0.01274
1527.31659,0.01221
1525.38816,0.01150
1523.45973,0.01104
1521.53130,0.01144
1519.60287,0.01255
1517.67444,0.01244
1515.74601,0.01183
1513.81758,0.01215
1511.88915,0.01237
1509.96072,0.01047
1508.03229,0.00639
1506.10385,0.00446
1504.17542,0.00687
1502.24699,0.00928
1500.31856,0.00877
1498.39013,0.00641
1496.46170,0.00511
1494.53327,0.00529
1492.60484,0.00476
1490.67641,0.00274
1488.74798,0.00124
1486.81955,0.00162
1484.89112,0.00259
1482.96269,0.00291
1481.03426,0.00290
1479.10583,0.00307
1477.17740,0.00300
1475.24897,0.00201
1473.32054,0.00107
1471.39211,0.00198
1469.46368,0.00360
1467.53525,0.00401
1465.60682,0.00347
1463.67839,0.00367
1461.74996,0.00393
1459.82153,0.00229
1457.89310,0.00000
1455.96467,0.00086
1454.03624,0.00325
1452.10781,0.00427
1450.17938,0.00354
1448.25095,0.00234
1446.32252,0.00187
1444.39409,0.00202
1442.46566,0.00216
1440.53723,0.00212
1438.60880,0.00204
1436.68037,0.00209
1434.75194,0.00215
1432.82351,0.00193
1430.89508,0.00140
1428.96665,0.00116
1427.03822,0.00143
1425.10979,0.00172
1423.18136,0.00196
1421.25293,0.00236
1419.32450,0.00275
1417.39607,0.00273
1415.46764,0.00240
1413.53921,0.00200
1411.61078,0.00171
1409.68235,0.00164
1407.75392,0.00143
1405.82549,0.00109
1403.89706,0.00102
1401.96863,0.00124
1400.04020,0.00158
1398.11177,0.00192
1396.18334,0.00193
1394.25491,0.00185
1392.32648,0.00220
1390.39805,0.00247
1388.46962,0.00206
1386.54119,0.00130
1384.61276,0.00092
1382.68433,0.00106
1380.75590,0.00138
1378.82747,0.00136
1376.89904,0.00070
1374.97061,0.00000
1373.04218,0.00003
1371.11375,0.00033
1369.18532,0.00036
1367.25689,0.00026
1365.32846,0.00018
1363.40003,0.00015
1361.47160,0.00027
1359.54317,0.00053
1357.61474,0.00061
1355.68631,0.00032
1353.75788,-0.00003
1351.82945,-0.00019
1349.90102,-0.00019
1347.97259,-0.00013
1346.04416,0.00000
1344.11573,0.00017
1342.18730,0.00040
1340.25887,0.00070
1338.33044,0.00085
1336.40201,0.00063
1334.47358,0.00024
1332.54515,0.00005
1330.61672,0.00014
1328.68829,0.00025
1326.75986,0.00028
1324.83143,0.00032
1322.90300,0.00034
1320.97457,0.00025
1319.04614,0.00025
1317.11771,0.00041
1315.18928,0.00052
1313.26085,0.00048
1311.33242,0.00037
1309.40399,0.00023
1307.47556,0.00008
1305.54713,-0.00012
1303.61870,-0.00035
1301.69027,-0.00037
1299.76184,-0.00014
1297.83341,0.00015
1295.90498,0.00019
1293.97655,0.00003
1292.04812,0.00000
1290.11969,0.00018
1288.19126,0.00027
1286.26283,0.00016
1284.33440,0.00000
1282.40597,-0.00006
1280.47754,0.00004
1278.54911,0.00023
1276.62068,0.00045
1274.69225,0.00058
1272.76382,0.00057
1270.83539,0.00060
1268.90696,0.00091
1266.97853,0.00145
1265.05010,0.00191
1263.12167,0.00229
1261.19324,0.00286
1259.26481,0.00372
1257.33638,0.00463
1255.40795,0.00558
1253.47952,0.00670
1251.55109,0.00792
1249.62266,0.00910
1247.69423,0.01024
1245.76580,0.01138
1243.83737,0.01246
1241.90894,0.01359
1239.98051,0.01480
1238.05208,0.01591
1236.12365,0.01688
1234.19522,0.01788
1232.26679,0.01895
1230.33836,0.01992
1228.40993,0.02081
1226.48150,0.02172
1224.55307,0.02260
1222.62464,0.02341
1220.69621,0.02419
1218.76778,0.02495
1216.83935,0.02578
1214.91092,0.02678
1212.98249,0.02769
1211.05406,0.02826
1209.12563,0.02867
1207.19720,0.02919
1205.26877,0.02985
1203.34034,0.03053
1201.41191,0.03123
1199.48348,0.03210
1197.55505,0.03285
1195.62662,0.03345
1193.69819,0.03395
1191.76976,0.03455
1189.84133,0.03541
1187.91290,0.03642
1185.98447,0.03717
1184.05604,0.03770
1182.12761,0.03830
1180.19918,0.03901
1178.27075,0.03971
1176.34232,0.04051
1174.41389,0.04136
1172.48546,0.04209
1170.55703,0.04272
1168.62860,0.04340
1166.70017,0.04422
1164.77174,0.04508
1162.84331,0.04582
1160.91488,0.04657
1158.98645,0.04746
1157.05802,0.04848
1155.12959,0.04958
1153.20116,0.05053
1151.27273,0.05134
1149.34430,0.05229
1147.41587,0.05345
1145.48744,0.05477
1143.55901,0.05610
1141.63058,0.05733
1139.70215,0.05863
1137.77372,0.06019
1135.84529,0.06181
1133.91686,0.06337
1131.98843,0.06511
1130.06000,0.06705
1128.13157,0.06904
1126.20314,0.07109
1124.27471,0.07335
1122.34628,0.07580
1120.41785,0.07822
1118.48942,0.08050
1116.56099,0.08298
1114.63256,0.08600
1112.70413,0.08941
1110.77570,0.09290
1108.84727,0.09640
1106.91884,0.09999
1104.99041,0.10359
1103.06198,0.10696
1101.13355,0.11005
1099.20512,0.11321
1097.27669,0.11643
1095.34826,0.11921
1093.41983,0.12166
1091.49140,0.12396
1089.56297,0.12570
1087.63454,0.12692
1085.70611,0.12828
1083.77768,0.12987
1081.84925,0.13135
1079.92082,0.13263
1077.99239,0.13361
1076.06396,0.13421
1074.13553,0.13456
1072.20710,0.13477
1070.27867,0.13479
1068.35024,0.13452
1066.42181,0.13407
1064.49338,0.13348
1062.56495,0.13231
1060.63652,0.13032
1058.70809,0.12824
1056.77966,0.12663
1054.85123,0.12479
1052.92280,0.12192
1050.99437,0.11832
1049.06594,0.11458
1047.13751,0.11084
1045.20908,0.10683
1043.28065,0.10218
1041.35222,0.09699
1039.42379,0.09169
1037.49536,0.08632
1035.56693,0.08092
1033.63850,0.07566
1031.71007,0.07055
1029.78164,0.06575
1027.85321,0.06118
1025.92478,0.05651
1023.99635,0.05178
1022.06792,0.04723
1020.13949,0.04302
1018.21106,0.03922
1016.28263,0.03580
1014.35420,0.03278
1012.42577,0.03025
1010.49734,0.02802
1008.56891,0.02585
1006.64048,0.02382
1004.71205,0.02203
1002.78362,0.02038
1000.85519,0.01872
998.92676,0.01732
996.99833,0.01638
995.06990,0.01566
993.14147,0.01521
991.21304,0.01527
989.28461,0.01556
987.35618,0.01567
985.42775,0.01564
983.49932,0.01561
981.57089,0.01572
979.64246,0.01611
977.71403,0.01650
975.78560,0.01677
973.85717,0.01695
971.92874,0.01673
970.00031,0.01610
968.07188,0.01559
966.14345,0.01542
964.21502,0.01532
962.28659,0.01507
960.35816,0.01477
958.42973,0.01453
956.50130,0.01423
954.57287,0.01382
952.64444,0.01351
950.71601,0.01330
948.78758,0.01297
946.85915,0.01241
944.93072,0.01177
943.00229,0.01121
941.07386,0.01073
939.14543,0.01016
937.21700,0.00946
935.28857,0.00897
933.36014,0.00876
931.43171,0.00855
929.50328,0.00832
927.57485,0.00805
925.64642,0.00754
923.71799,0.00688
921.78956,0.00626
919.86113,0.00577
917.93270,0.00542
916.00427,0.00510
914.07584,0.00487
912.14741,0.00475
910.21898,0.00455
908.29055,0.00417
906.36212,0.00364
904.43368,0.00310
902.50525,0.00269
900.57682,0.00237
898.64839,0.00209
896.71996,0.00192
894.79153,0.00197
892.86310,0.00208
890.93467,0.00193
889.00624,0.00161
887.07781,0.00144
885.14938,0.00133
883.22095,0.00106
881.29252,0.00068
879.36409,0.00047
877.43566,0.00060
875.50723,0.00072
873.57880,0.00036
871.65037,0.00000
869.72194,0.00007
867.79351,0.00040
865.86508,0.00043
863.93665,0.00015
862.00822,-0.00012
860.07979,-0.00009
858.15136,0.00008
856.22293,0.00012
854.29450,0.00028
852.36607,0.00063
850.43764,0.00067
848.50921,0.00043
846.58078,0.00048
844.65235,0.00102
842.72392,0.00179
840.79549,0.00249
838.86706,0.00304
836.93863,0.00372
835.01020,0.00469
833.08177,0.00567
831.15334,0.00644
829.22491,0.00706
827.29648,0.00769
825.36805,0.00856
823.43962,0.00952
821.51119,0.01015
819.58276,0.01049
817.65433,0.01101
815.72590,0.01187
813.79747,0.01264
811.86904,0.01326
809.94061,0.01412
808.01218,0.01517
806.08375,0.01590
804.15532,0.01600
802.22689,0.01583
800.29846,0.01587
798.37003,0.01603
796.44160,0.01595
794.51317,0.01574
792.58474,0.01567
790.65631,0.01558
788.72788,0.01527
786.79945,0.01477
784.87102,0.01390
782.94259,0.01252
781.01416,0.01105
779.08573,0.00983
777.15730,0.00863
775.22887,0.00705
773.30044,0.00502
771.37201,0.00317
769.44358,0.00237
767.51515,0.00283
765.58672,0.00390
763.65829,0.00475
761.72986,0.00496
759.80143,0.00449
757.87300,0.00351
755.94457,0.00247
754.01614,0.00202
752.08771,0.00216
750.15928,0.00216
748.23085,0.00189
746.30242,0.00188
744.37399,0.00225
742.44556,0.00263
740.51713,0.00256
738.58870,0.00211
736.66027,0.00178
734.73184,0.00189
732.80341,0.00210
730.87498,0.00178
728.94655,0.00116
727.01812,0.00093
725.08969,0.00113
723.16126,0.00186
721.23283,0.00279
719.30440,0.00266
717.37597,0.00169
715.44754,0.00143
713.51911,0.00160
711.59068,0.00113
709.66225,0.00051
707.73382,0.00077
705.80539,0.00179
703.87696,0.00241
701.94853,0.00210
700.02010,0.00144
698.09167,0.00109
696.16324,0.00121
694.23481,0.00154
692.30638,0.00173
690.37795,0.00169
688.44952,0.00124
686.52109,0.00044
684.59266,0.00000
682.66423,0.00026
680.73580,0.00085
678.80737,0.00143
676.87894,0.00136
674.95051,-0.00096
673.02208,-0.00398
671.09365,-0.00014
669.16522,0.00882
667.23679,0.00698
665.30836,-0.00040
663.37993,0.00062
661.45150,0.00584
659.52307,0.00753
657.59464,0.00627
655.66621,0.00450
653.73778,0.00286
651.80935,0.00184
649.88092,0.00160
647.95249,0.00132
646.02406,0.00066
644.09563,0.00022
642.16720,0.00005
640.23877,0.00050
638.31034,0.00132
636.38191,0.00247
634.45348,0.00377
632.52505,0.00432
630.59662,0.00372
628.66819,0.00325
626.73976,0.00374
624.81133,0.00320
622.88290,0.00093
620.95447,0.00014
619.02604,0.00137
617.09761,0.00278
615.16918,0.00338
613.24075,0.00295
611.31232,0.00195
609.38389,0.00148
607.45546,0.00216
605.52703,0.00243
603.59860,0.00103
601.67017,0.00000
599.74174,0.00000
