4001.49232,0.00093
3999.56389,0.00223
3997.63546,0.00223
3995.70703,0.00160
3993.77860,0.00133
3991.85017,0.00144
3989.92174,0.00144
3987.99331,0.00107
3986.06488,0.00057
3984.13645,0.00027
3982.20802,0.00014
3980.27959,0.00023
3978.35116,0.00058
3976.42273,0.00088
3974.49430,0.00084
3972.56587,0.00064
3970.63744,0.00049
3968.70901,0.00028
3966.78058,0.00006
3964.85215,0.00014
3962.92372,0.00041
3960.99529,0.00036
3959.06686,0.00007
3957.13843,0.00000
3955.21000,0.00012
3953.28157,0.00014
3951.35314,0.00023
3949.42471,0.00063
3947.49628,0.00105
3945.56785,0.00109
3943.63942,0.00088
3941.71099,0.00056
3939.78256,0.00020
3937.85413,0.00004
3935.92570,0.00025
3933.99727,0.00071
3932.06884,0.00104
3930.14041,0.00106
3928.21198,0.00093
3926.28355,0.00067
3924.35512,0.00047
3922.42669,0.00072
3920.49826,0.00128
3918.56982,0.00166
3916.64139,0.00139
3914.71296,0.00057
3912.78453,0.00000
3910.85610,0.00000
3908.92767,0.00024
3906.99924,0.00064
3905.07081,0.00174
3903.14238,0.00338
3901.21395,0.00368
3899.28552,0.00266
3897.35709,0.00202
3895.42866,0.00206
3893.50023,0.00222
3891.57180,0.00233
3889.64337,0.00245
3887.71494,0.00281
3885.78651,0.00324
3883.85808,0.00322
3881.92965,0.00287
3880.00122,0.00253
3878.07279,0.00242
3876.14436,0.00268
3874.21593,0.00300
3872.28750,0.00312
3870.35907,0.00304
3868.43064,0.00284
3866.50221,0.00253
3864.57378,0.00238
3862.64535,0.00299
3860.71692,0.00389
3858.78849,0.00447
3856.86006,0.00460
3854.93163,0.00379
3853.00320,0.00235
3851.07477,0.00193
3849.14634,0.00242
3847.21791,0.00279
3845.28948,0.00278
3843.36105,0.00274
3841.43262,0.00274
3839.50419,0.00257
3837.57576,0.00252
3835.64733,0.00251
3833.71890,0.00250
3831.79047,0.00258
3829.86204,0.00270
3827.93361,0.00274
3826.00518,0.00275
3824.07675,0.00275
3822.14832,0.00265
3820.21989,0.00298
3818.29146,0.00340
3816.36303,0.00311
3814.43460,0.00254
3812.50617,0.00253
3810.57774,0.00278
3808.64931,0.00277
3806.72088,0.00276
3804.79245,0.00288
3802.86402,0.00259
3800.93559,0.00186
3799.00716,0.00138
3797.07873,0.00099
3795.15030,0.00047
3793.22187,0.00012
3791.29344,0.00011
3789.36501,0.00024
3787.43658,0.00033
3785.50815,0.00039
3783.57972,0.00042
3781.65129,0.00031
3779.72286,0.00010
3777.79443,0.00000
3775.86600,0.00011
3773.93757,0.00037
3772.00914,0.00063
3770.08071,0.00100
3768.15228,0.00150
3766.22385,0.00189
3764.29542,0.00221
3762.36699,0.00259
3760.43856,0.00284
3758.51013,0.00324
3756.58170,0.00422
3754.65327,0.00513
3752.72484,0.00498
3750.79641,0.00479
3748.86798,0.00629
3746.93955,0.00804
3745.01112,0.00899
3743.08269,0.00859
3741.15426,0.00779
3739.22583,0.00728
3737.29740,0.00658
3735.36897,0.00550
3733.44054,0.00455
3731.51211,0.00437
3729.58368,0.00465
3727.65525,0.00485
3725.72682,0.00456
3723.79839,0.00369
3721.86996,0.00250
3719.94153,0.00174
3718.01310,0.00185
3716.08467,0.00243
3714.15624,0.00269
3712.22781,0.00227
3710.29938,0.00182
3708.37095,0.00147
3706.44252,0.00119
3704.51409,0.00083
3702.58566,0.00031
3700.65723,0.00001
3698.72880,0.00023
3696.80037,0.00081
3694.87194,0.00132
3692.94351,0.00115
3691.01508,0.00014
3689.08665,-0.00042
3687.15822,0.00020
3685.22979,0.00105
3683.30136,0.00155
3681.37293,0.00162
3679.44450,0.00154
3677.51607,0.00171
3675.58764,0.00224
3673.65921,0.00252
3671.73078,0.00219
3669.80235,0.00153
3667.87392,0.00137
3665.94549,0.00147
3664.01706,0.00141
3662.08863,0.00131
3660.16020,0.00166
3658.23177,0.00238
3656.30334,0.00293
3654.37491,0.00283
3652.44648,0.00181
3650.51805,0.00019
3648.58962,0.00000
3646.66119,0.00089
3644.73276,0.00172
3642.80433,0.00206
3640.87590,0.00194
3638.94747,0.00179
3637.01904,0.00197
3635.09061,0.00227
3633.16218,0.00237
3631.23375,0.00226
3629.30532,0.00205
3627.37689,0.00205
3625.44846,0.00222
3623.52003,0.00233
3621.59160,0.00208
3619.66317,0.00188
3617.73474,0.00258
3615.80631,0.00370
3613.87788,0.00441
3611.94945,0.00469
3610.02102,0.00477
3608.09259,0.00446
3606.16416,0.00364
3604.23573,0.00282
3602.30730,0.00231
3600.37887,0.00211
3598.45044,0.00209
3596.52201,0.00208
3594.59358,0.00210
3592.66515,0.00209
3590.73672,0.00215
3588.80829,0.00224
3586.87986,0.00204
3584.95143,0.00138
3583.02300,0.00080
3581.09457,0.00065
3579.16614,0.00068
3577.23771,0.00069
3575.30928,0.00073
3573.38085,0.00083
3571.45242,0.00087
3569.52399,0.00089
3567.59556,0.00110
3565.66713,0.00157
3563.73870,0.00176
3561.81027,0.00166
3559.88184,0.00159
3557.95341,0.00162
3556.02498,0.00157
3554.09655,0.00140
3552.16812,0.00141
3550.23969,0.00186
3548.31126,0.00263
3546.38283,0.00314
3544.45440,0.00289
3542.52597,0.00229
3540.59754,0.00185
3538.66911,0.00153
3536.74068,0.00138
3534.81225,0.00136
3532.88382,0.00134
3530.95539,0.00148
3529.02696,0.00186
3527.09853,0.00243
3525.17010,0.00287
3523.24167,0.00284
3521.31324,0.00236
3519.38481,0.00163
3517.45638,0.00087
3515.52795,0.00041
3513.59952,0.00040
3511.67109,0.00060
3509.74266,0.00070
3507.81423,0.00071
3505.88580,0.00089
3503.95737,0.00116
3502.02894,0.00113
3500.10051,0.00067
3498.17208,0.00027
3496.24365,0.00029
3494.31522,0.00053
3492.38679,0.00068
3490.45836,0.00081
3488.52993,0.00103
3486.60150,0.00125
3484.67307,0.00132
3482.74464,0.00122
3480.81621,0.00100
3478.88778,0.00072
3476.95935,0.00046
3475.03092,0.00034
3473.10249,0.00030
3471.17406,0.00016
3469.24563,-0.00002
3467.31720,0.00000
3465.38877,0.00020
3463.46034,0.00030
3461.53191,0.00033
3459.60348,0.00041
3457.67505,0.00043
3455.74662,0.00045
3453.81819,0.00049
3451.88976,0.00047
3449.96133,0.00034
3448.03290,0.00024
3446.10447,0.00035
3444.17604,0.00056
3442.24761,0.00069
3440.31918,0.00078
3438.39075,0.00094
3436.46232,0.00116
3434.53389,0.00128
3432.60546,0.00120
3430.67703,0.00111
3428.74860,0.00104
3426.82017,0.00079
3424.89174,0.00052
3422.96331,0.00070
3421.03488,0.00139
3419.10645,0.00206
3417.17802,0.00224
3415.24959,0.00197
3413.32116,0.00165
3411.39273,0.00159
3409.46430,0.00174
3407.53587,0.00193
3405.60744,0.00215
3403.67901,0.00243
3401.75058,0.00262
3399.82215,0.00338
3397.89372,0.00350
3395.96529,0.00341
3394.03686,0.00308
3392.10843,0.00251
3390.18000,0.00206
3388.25157,0.00205
3386.32314,0.00227
3384.39471,0.00226
3382.46628,0.00188
3380.53785,0.00129
3378.60942,0.00083
3376.68099,0.00074
3374.75256,0.00072
3372.82413,0.00045
3370.89570,0.00034
3368.96727,0.00077
3367.03884,0.00128
3365.11041,0.00143
3363.18198,0.00142
3361.25355,0.00138
3359.32512,0.00120
3357.39669,0.00109
3355.46826,0.00114
3353.53983,0.00106
3351.61140,0.00083
3349.68297,0.00073
3347.75454,0.00084
3345.82611,0.00093
3343.89768,0.00076
3341.96925,0.00051
3340.04082,0.00056
3338.11239,0.00101
3336.18396,0.00143
3334.25553,0.00154
3332.32710,0.00148
3330.39867,0.00135
3328.47024,0.00114
3326.54181,0.00094
3324.61338,0.00094
3322.68495,0.00121
3320.75652,0.00154
3318.82809,0.00171
3316.89966,0.00178
3314.97122,0.00196
3313.04279,0.00236
3311.11436,0.00279
3309.18593,0.00287
3307.25750,0.00244
3305.32907,0.00185
3303.40064,0.00161
3301.47221,0.00179
3299.54378,0.00217
3297.61535,0.00246
3295.68692,0.00267
3293.75849,0.00296
3291.83006,0.00322
3289.90163,0.00329
3287.97320,0.00323
3286.04477,0.00306
3284.11634,0.00293
3282.18791,0.00300
3280.25948,0.00316
3278.33105,0.00322
3276.40262,0.00323
3274.47419,0.00333
3272.54576,0.00350
3270.61733,0.00362
3268.68890,0.00359
3266.76047,0.00348
3264.83204,0.00333
3262.90361,0.00312
3260.97518,0.00307
3259.04675,0.00329
3257.11832,0.00370
3255.18989,0.00404
3253.26146,0.00389
3251.33303,0.00331
3249.40460,0.00288
3247.47617,0.00302
3245.54774,0.00354
3243.61931,0.00381
3241.69088,0.00353
3239.76245,0.00300
3237.83402,0.00263
3235.90559,0.00254
3233.97716,0.00253
3232.04873,0.00243
3230.12030,0.00232
3228.19187,0.00229
3226.26344,0.00222
3224.33501,0.00221
3222.40658,0.00255
3220.47815,0.00310
3218.54972,0.00324
3216.62129,0.00290
3214.69286,0.00257
3212.76443,0.00245
3210.83600,0.00245
3208.90757,0.00247
3206.97914,0.00236
3205.05071,0.00222
3203.12228,0.00219
3201.19385,0.00213
3199.26542,0.00198
3197.33699,0.00179
3195.40856,0.00149
3193.48013,0.00126
3191.55170,0.00136
3189.62327,0.00159
3187.69484,0.00173
3185.76641,0.00189
3183.83798,0.00210
3181.90955,0.00213
3179.98112,0.00204
3178.05269,0.00199
3176.12426,0.00186
3174.19583,0.00152
3172.26740,0.00110
3170.33897,0.00086
3168.41054,0.00081
3166.48211,0.00081
3164.55368,0.00083
3162.62525,0.00082
3160.69682,0.00077
3158.76839,0.00066
3156.83996,0.00052
3154.91153,0.00040
3152.98310,0.00031
3151.05467,0.00032
3149.12624,0.00051
3147.19781,0.00068
3145.26938,0.00056
3143.34095,0.00026
3141.41252,0.00002
3139.48409,0.00000
3137.55566,0.00026
3135.62723,0.00054
3133.69880,0.00055
3131.77037,0.00036
3129.84194,0.00027
3127.91351,0.00044
3125.98508,0.00077
3124.05665,0.00106
3122.12822,0.00112
3120.19979,0.00115
3118.27136,0.00131
3116.34293,0.00129
3114.41450,0.00092
3112.48607,0.00049
3110.55764,0.00021
3108.62921,0.00005
3106.70078,-0.00006
3104.77235,-0.00002
3102.84392,0.00034
3100.91549,0.00065
3098.98706,0.00055
3097.05863,0.00040
3095.13020,0.00043
3093.20177,0.00034
3091.27334,0.00014
3089.34491,0.00010
3087.41648,0.00016
3085.48805,0.00021
3083.55962,0.00042
3081.63119,0.00084
3079.70276,0.00103
3077.77433,0.00069
3075.84590,0.00018
3073.91747,0.00000
3071.98904,0.00010
3070.06061,0.00041
3068.13218,0.00085
3066.20375,0.00122
3064.27532,0.00117
3062.34689,0.00072
3060.41846,0.00035
3058.49003,0.00041
3056.56160,0.00067
3054.63317,0.00067
3052.70474,0.00049
3050.77631,0.00052
3048.84788,0.00059
3046.91945,0.00049
3044.99102,0.00034
3043.06259,0.00028
3041.13416,0.00027
3039.20573,0.00039
3037.27730,0.00066
3035.34887,0.00099
3033.42044,0.00129
3031.49201,0.00132
3029.56358,0.00103
3027.63515,0.00072
3025.70672,0.00051
3023.77829,0.00033
3021.84986,0.00025
3019.92143,0.00022
3017.99300,0.00021
3016.06457,0.00036
3014.13614,0.00066
3012.20771,0.00075
3010.27928,0.00040
3008.35085,-0.00005
3006.42242,-0.00004
3004.49399,0.00032
3002.56556,0.00051
3000.63713,0.00040
2998.70870,0.00021
2996.78027,0.00015
2994.85184,0.00020
2992.92341,0.00030
2990.99498,0.00032
2989.06655,0.00034
2987.13812,0.00043
2985.20969,0.00040
2983.28126,0.00019
2981.35283,0.00012
2979.42440,0.00018
2977.49597,0.00018
2975.56754,0.00034
2973.63911,0.00076
2971.71068,0.00104
2969.78225,0.00093
2967.85382,0.00077
2965.92539,0.00077
2963.99696,0.00075
2962.06853,0.00060
2960.14010,0.00058
2958.21167,0.00079
2956.28324,0.00093
2954.35481,0.00082
2952.42638,0.00069
2950.49795,0.00070
2948.56952,0.00073
2946.64109,0.00069
2944.71266,0.00060
2942.78423,0.00053
2940.85580,0.00056
2938.92737,0.00074
2936.99894,0.00105
2935.07051,0.00135
2933.14208,0.00141
2931.21365,0.00126
2929.28522,0.00116
2927.35679,0.00119
2925.42836,0.00115
2923.49993,0.00094
2921.57150,0.00073
2919.64307,0.00060
2917.71464,0.00051
2915.78621,0.00040
2913.85778,0.00030
2911.92935,0.00026
2910.00092,0.00030
2908.07249,0.00030
2906.14406,0.00033
2904.21563,0.00046
2902.28720,0.00056
2900.35877,0.00058
2898.43034,0.00044
2896.50191,0.00017
2894.57348,-0.00001
2892.64505,0.00000
2890.71662,0.00013
2888.78819,0.00031
2886.85976,0.00034
2884.93133,0.00030
2883.00290,0.00037
2881.07447,0.00036
2879.14604,0.00022
2877.21761,0.00019
2875.28918,0.00031
2873.36075,0.00049
2871.43232,0.00067
2869.50389,0.00068
2867.57546,0.00053
2865.64703,0.00041
2863.71860,0.00038
2861.79017,0.00040
2859.86174,0.00040
2857.93331,0.00034
2856.00488,0.00028
2854.07645,0.00024
2852.14802,0.00018
2850.21959,0.00015
2848.29116,0.00020
2846.36273,0.00023
2844.43430,0.00009
2842.50587,-0.00007
2840.57744,-0.00003
2838.64901,0.00016
2836.72058,0.00026
2834.79215,0.00028
2832.86372,0.00030
2830.93529,0.00030
2829.00686,0.00029
2827.07843,0.00037
2825.15000,0.00049
2823.22157,0.00057
2821.29314,0.00057
2819.36471,0.00043
2817.43628,0.00027
2815.50785,0.00021
2813.57942,0.00014
2811.65099,0.00007
2809.72256,0.00009
2807.79413,0.00015
2805.86570,0.00027
2803.93727,0.00047
2802.00884,0.00060
2800.08041,0.00056
2798.15198,0.00045
2796.22355,0.00030
2794.29512,0.00021
2792.36669,0.00029
2790.43826,0.00032
2788.50983,0.00022
2786.58140,0.00016
2784.65297,0.00015
2782.72454,0.00012
2780.79611,0.00015
2778.86768,0.00024
2776.93925,0.00024
2775.01082,0.00020
2773.08239,0.00019
2771.15396,0.00019
2769.22553,0.00016
2767.29710,0.00018
2765.36867,0.00030
2763.44024,0.00033
2761.51181,0.00024
2759.58338,0.00014
2757.65495,0.00005
2755.72652,0.00000
2753.79809,0.00001
2751.86966,0.00003
2749.94123,0.00004
2748.01280,0.00010
2746.08437,0.00018
2744.15594,0.00014
2742.22751,-0.00003
2740.29908,-0.00008
2738.37065,0.00020
2736.44222,0.00049
2734.51379,0.00053
2732.58536,0.00043
2730.65693,0.00032
2728.72850,0.00021
2726.80007,0.00032
2724.87164,0.00054
2722.94321,0.00056
2721.01478,0.00037
2719.08635,0.00018
2717.15792,0.00013
2715.22949,0.00021
2713.30105,0.00026
2711.37262,0.00027
2709.44419,0.00033
2707.51576,0.00037
2705.58733,0.00028
2703.65890,0.00012
2701.73047,0.00000
2699.80204,-0.00009
2697.87361,-0.00004
2695.94518,0.00021
2694.01675,0.00045
2692.08832,0.00051
2690.15989,0.00046
2688.23146,0.00033
2686.30303,0.00016
2684.37460,0.00005
2682.44617,0.00004
2680.51774,0.00007
2678.58931,0.00011
2676.66088,0.00013
2674.73245,0.00017
2672.80402,0.00026
2670.87559,0.00033
2668.94716,0.00030
2667.01873,0.00024
2665.09030,0.00022
2663.16187,0.00015
2661.23344,0.00002
2659.30501,0.00000
2657.37658,0.00013
2655.44815,0.00025
2653.51972,0.00024
2651.59129,0.00018
2649.66286,0.00020
2647.73443,0.00030
2645.80600,0.00041
2643.87757,0.00042
2641.94914,0.00040
2640.02071,0.00038
2638.09228,0.00027
2636.16385,0.00011
2634.23542,0.00008
2632.30699,0.00017
2630.37856,0.00024
2628.45013,0.00027
2626.52170,0.00028
2624.59327,0.00023
2622.66484,0.00011
2620.73641,-0.00002
2618.80798,-0.00004
2616.87955,0.00007
2614.95112,0.00018
2613.02269,0.00018
2611.09426,0.00011
2609.16583,0.00012
2607.23740,0.00022
2605.30897,0.00033
2603.38054,0.00033
2601.45211,0.00017
2599.52368,0.00000
2597.59525,0.00001
2595.66682,0.00017
2593.73839,0.00032
2591.80996,0.00039
2589.88153,0.00038
2587.95310,0.00029
2586.02467,0.00021
2584.09624,0.00023
2582.16781,0.00029
2580.23938,0.00026
2578.31095,0.00019
2576.38252,0.00016
2574.45409,0.00013
2572.52566,0.00003
2570.59723,0.00000
2568.66880,0.00002
2566.74037,0.00002
2564.81194,0.00007
2562.88351,0.00018
2560.95508,0.00021
2559.02665,0.00014
2557.09822,0.00013
2555.16979,0.00017
2553.24136,0.00015
2551.31293,0.00017
2549.38450,0.00025
2547.45607,0.00024
2545.52764,0.00011
2543.59921,-0.00001
2541.67078,0.00002
2539.74235,0.00013
2537.81392,0.00021
2535.88549,0.00032
2533.95706,0.00045
2532.02863,0.00038
2530.10020,0.00018
2528.17177,0.00013
2526.24334,0.00021
2524.31491,0.00019
2522.38648,0.00013
2520.45805,0.00015
2518.52962,0.00017
2516.60119,0.00010
2514.67276,0.00005
2512.74433,0.00008
2510.81590,0.00022
2508.88747,0.00044
2506.95904,0.00057
2505.03061,0.00047
2503.10218,0.00028
2501.17375,0.00018
2499.24532,0.00019
2497.31689,0.00024
2495.38846,0.00028
2493.46003,0.00020
2491.53160,0.00006
2489.60317,0.00002
2487.67474,0.00002
2485.74631,-0.00003
2483.81788,-0.00004
2481.88945,0.00005
2479.96102,0.00017
2478.03259,0.00023
2476.10416,0.00024
2474.17573,0.00020
2472.24730,0.00006
2470.31887,0.00002
2468.39044,0.00023
2466.46201,0.00042
2464.53358,0.00031
2462.60515,0.00009
2460.67672,0.00000
2458.74829,0.00002
2456.81986,0.00005
2454.89143,0.00003
2452.96300,0.00001
2451.03457,0.00009
2449.10614,0.00022
2447.17771,0.00028
2445.24928,0.00025
2443.32085,0.00017
2441.39242,0.00010
2439.46399,0.00012
2437.53556,0.00019
2435.60713,0.00020
2433.67870,0.00012
2431.75027,0.00002
2429.82184,-0.00003
2427.89341,0.00006
2425.96498,0.00017
2424.03655,0.00016
2422.10812,0.00014
2420.17969,0.00012
2418.25126,0.00010
2416.32283,0.00009
2414.39440,0.00007
2412.46597,0.00006
2410.53754,0.00005
2408.60911,0.00004
2406.68068,0.00003
2404.75225,0.00002
2402.82382,0.00001
2400.89539,0.00000
2398.96696,-0.00003
2397.03853,-0.00006
2395.11010,-0.00009
2393.18167,-0.00012
2391.25324,-0.00015
2389.32481,-0.00018
2387.39638,-0.00020
2385.46795,-0.00023
2383.53952,-0.00025
2381.61109,-0.00028
2379.68266,-0.00030
2377.75423,-0.00032
2375.82580,-0.00034
2373.89737,-0.00036
2371.96894,-0.00038
2370.04051,-0.00040
2368.11208,-0.00041
2366.18365,-0.00043
2364.25522,-0.00044
2362.32679,-0.00045
2360.39836,-0.00047
2358.46993,-0.00048
2356.54150,-0.00049
2354.61307,-0.00050
2352.68464,-0.00051
2350.75621,-0.00051
2348.82778,-0.00052
2346.89935,-0.00053
2344.97092,-0.00053
2343.04249,-0.00053
2341.11406,-0.00054
2339.18563,-0.00054
2337.25720,-0.00054
2335.32877,-0.00054
2333.40034,-0.00054
2331.47191,-0.00053
2329.54348,-0.00053
2327.61505,-0.00053
2325.68662,-0.00052
2323.75819,-0.00051
2321.82976,-0.00051
2319.90133,-0.00050
2317.97290,-0.00049
2316.04447,-0.00048
2314.11604,-0.00047
2312.18761,-0.00045
2310.25918,-0.00044
2308.33075,-0.00043
2306.40232,-0.00041
2304.47389,-0.00040
2302.54546,-0.00038
2300.61703,-0.00036
2298.68860,-0.00034
2296.76017,-0.00032
2294.83174,-0.00030
2292.90331,-0.00028
2290.97488,-0.00025
2289.04645,-0.00023
2287.11802,-0.00020
2285.18959,-0.00018
2283.26116,-0.00015
2281.33273,-0.00012
2279.40430,-0.00009
2277.47587,-0.00006
2275.54744,-0.00003
2273.61901,0.00000
2271.69058,0.00001
2269.76215,0.00001
2267.83372,0.00002
2265.90529,0.00003
2263.97686,0.00004
2262.04843,0.00005
2260.12000,0.00007
2258.19157,0.00008
2256.26314,0.00009
2254.33471,0.00011
2252.40628,0.00013
2250.47785,0.00014
2248.54942,0.00016
2246.62099,0.00018
2244.69256,0.00020
2242.76413,0.00022
2240.83570,0.00021
2238.90727,0.00018
2236.97884,0.00017
2235.05041,0.00022
2233.12198,0.00038
2231.19355,0.00048
2229.26512,0.00033
2227.33669,0.00011
2225.40826,0.00003
2223.47983,0.00003
2221.55140,0.00002
2219.62297,0.00002
2217.69454,0.00009
2215.76611,0.00015
2213.83768,0.00014
2211.90925,0.00008
2209.98082,0.00011
2208.05239,0.00023
2206.12396,0.00029
2204.19553,0.00027
2202.26710,0.00027
2200.33867,0.00025
2198.41024,0.00027
2196.48181,0.00036
2194.55338,0.00034
2192.62495,0.00018
2190.69652,0.00003
2188.76809,0.00000
2186.83966,0.00015
2184.91123,0.00042
2182.98280,0.00056
2181.05437,0.00049
2179.12594,0.00035
2177.19751,0.00024
2175.26908,0.00019
2173.34065,0.00026
2171.41222,0.00033
2169.48379,0.00024
2167.55536,0.00013
2165.62693,0.00017
2163.69850,0.00025
2161.77007,0.00019
2159.84164,0.00011
2157.91321,0.00015
2155.98478,0.00021
2154.05635,0.00019
2152.12792,0.00018
2150.19949,0.00022
2148.27106,0.00023
2146.34263,0.00019
2144.41420,0.00023
2142.48577,0.00034
2140.55734,0.00040
2138.62891,0.00046
2136.70048,0.00050
2134.77205,0.00042
2132.84362,0.00035
2130.91519,0.00046
2128.98676,0.00053
2127.05833,0.00034
2125.12990,0.00005
2123.20147,0.00000
2121.27304,0.00018
2119.34461,0.00040
2117.41618,0.00061
2115.48775,0.00076
2113.55932,0.00062
2111.63089,0.00033
2109.70245,0.00020
2107.77402,0.00015
2105.84559,0.00000
2103.91716,-0.00002
2101.98873,0.00010
2100.06030,0.00017
2098.13187,0.00023
2096.20344,0.00036
2094.27501,0.00048
2092.34658,0.00052
2090.41815,0.00046
2088.48972,0.00032
2086.56129,0.00018
2084.63286,0.00006
2082.70443,-0.00001
2080.77600,0.00005
2078.84757,0.00021
2076.91914,0.00028
2074.99071,0.00027
2073.06228,0.00020
2071.13385,0.00006
2069.20542,0.00000
2067.27699,0.00015
2065.34856,0.00036
2063.42013,0.00038
2061.49170,0.00022
2059.56327,0.00009
2057.63484,0.00007
2055.70641,0.00015
2053.77798,0.00028
2051.84955,0.00032
2049.92112,0.00027
2047.99269,0.00021
2046.06426,0.00016
2044.13583,0.00008
2042.20740,0.00003
2040.27897,0.00010
2038.35054,0.00021
2036.42211,0.00022
2034.49368,0.00016
2032.56525,0.00005
2030.63682,-0.00004
2028.70839,-0.00002
2026.77996,0.00004
2024.85153,0.00011
2022.92310,0.00024
2020.99467,0.00030
2019.06624,0.00027
2017.13781,0.00031
2015.20938,0.00034
2013.28095,0.00021
2011.35252,0.00004
2009.42409,0.00000
2007.49566,-0.00001
2005.56723,0.00003
2003.63880,0.00011
2001.71037,0.00016
1999.78194,0.00018
1997.85351,0.00020
1995.92508,0.00022
1993.99665,0.00023
1992.06822,0.00028
1990.13979,0.00029
1988.21136,0.00025
1986.28293,0.00025
1984.35450,0.00018
1982.42607,0.00005
1980.49764,-0.00003
1978.56921,-0.00001
1976.64078,0.00003
1974.71235,0.00000
1972.78392,-0.00004
1970.85549,0.00000
1968.92706,0.00007
1966.99863,0.00017
1965.07020,0.00023
1963.14177,0.00009
1961.21334,-0.00002
1959.28491,0.00007
1957.35648,0.00021
1955.42805,0.00031
1953.49962,0.00040
1951.57119,0.00037
1949.64276,0.00016
1947.71433,0.00002
1945.78590,0.00011
1943.85747,0.00029
1941.92904,0.00027
1940.00061,0.00011
1938.07218,0.00000
1936.14375,-0.00005
1934.21532,-0.00002
1932.28689,0.00013
1930.35846,0.00026
1928.43003,0.00026
1926.50160,0.00015
1924.57317,0.00002
1922.64474,0.00004
1920.71631,0.00019
1918.78788,0.00032
1916.85945,0.00040
1914.93102,0.00043
1913.00259,0.00036
1911.07416,0.00016
1909.14573,0.00003
1907.21730,0.00002
1905.28887,0.00005
1903.36044,0.00003
1901.43201,0.00000
1899.50358,0.00004
1897.57515,0.00022
1895.64672,0.00050
1893.71829,0.00073
1891.78986,0.00070
1889.86143,0.00048
1887.93300,0.00036
1886.00457,0.00034
1884.07614,0.00033
1882.14771,0.00036
1880.21928,0.00038
1878.29085,0.00035
1876.36242,0.00032
1874.43399,0.00040
1872.50556,0.00045
1870.57713,0.00022
1868.64870,-0.00008
1866.72027,0.00002
1864.79184,0.00040
1862.86341,0.00071
1860.93498,0.00083
1859.00655,0.00080
1857.07812,0.00068
1855.14969,0.00064
1853.22126,0.00075
1851.29283,0.00093
1849.36440,0.00102
1847.43597,0.00102
1845.50754,0.00102
1843.57911,0.00109
1841.65068,0.00122
1839.72225,0.00125
1837.79382,0.00117
1835.86539,0.00126
1833.93696,0.00132
1832.00853,0.00093
1830.08010,0.00032
1828.15167,0.00010
1826.22324,0.00018
1824.29481,0.00034
1822.36638,0.00050
1820.43795,0.00062
1818.50952,0.00072
1816.58109,0.00071
1814.65266,0.00049
1812.72423,0.00022
1810.79580,0.00014
1808.86737,0.00021
1806.93894,0.00031
1805.01051,0.00049
1803.08208,0.00076
1801.15365,0.00093
1799.22522,0.00096
1797.29679,0.00108
1795.36836,0.00116
1793.43993,0.00095
1791.51150,0.00079
1789.58307,0.00111
1787.65464,0.00157
1785.72621,0.00176
1783.79778,0.00150
1781.86935,0.00101
1779.94092,0.00083
1778.01249,0.00101
1776.08406,0.00086
1774.15563,0.00018
1772.22720,-0.00002
1770.29877,0.00100
1768.37034,0.00211
1766.44191,0.00237
1764.51348,0.00201
1762.58505,0.00155
1760.65662,0.00137
1758.72819,0.00138
1756.79976,0.00142
1754.87133,0.00159
1752.94290,0.00179
1751.01447,0.00171
1749.08604,0.00142
1747.15761,0.00154
1745.22918,0.00187
1743.30075,0.00187
1741.37232,0.00168
1739.44389,0.00178
1737.51546,0.00208
1735.58703,0.00212
1733.65860,0.00182
1731.73017,0.00165
1729.80174,0.00164
1727.87331,0.00173
1725.94488,0.00183
1724.01645,0.00199
1722.08802,0.00201
1720.15959,0.00126
1718.23116,0.00000
1716.30273,0.00007
1714.37430,0.00170
1712.44587,0.00331
1710.51744,0.00399
1708.58901,0.00393
1706.66058,0.00411
1704.73215,0.00532
1702.80372,0.00685
1700.87529,0.00775
1698.94686,0.00803
1697.01843,0.00846
1695.09000,0.00954
1693.16157,0.01076
1691.23314,0.01168
1689.30471,0.01211
1687.37628,0.01188
1685.44785,0.01137
1683.51942,0.01216
1681.59099,0.01404
1679.66256,0.01549
1677.73413,0.01606
1675.80570,0.01622
1673.87727,0.01618
1671.94884,0.01583
1670.02041,0.01585
1668.09198,0.01716
1666.16355,0.01857
1664.23512,0.01932
1662.30669,0.02029
1660.37826,0.02210
1658.44983,0.02362
1656.52140,0.02380
1654.59297,0.02314
1652.66454,0.02337
1650.73611,0.02481
1648.80768,0.02480
1646.87925,0.02271
1644.95082,0.02177
1643.02239,0.02237
1641.09396,0.02247
1639.16553,0.02113
1637.23710,0.01896
1635.30867,0.01766
1633.38024,0.01788
1631.45181,0.01828
1629.52338,0.01809
1627.59495,0.01762
1625.66652,0.01734
1623.73809,0.01744
1621.80966,0.01791
1619.88123,0.01770
1617.95280,0.01601
1616.02437,0.01385
1614.09594,0.01269
1612.16751,0.01183
1610.23908,0.01038
1608.31065,0.00875
1606.38222,0.00753
1604.45379,0.00656
1602.52536,0.00575
1600.59693,0.00517
1598.66850,0.00470
1596.74007,0.00427
1594.81164,0.00404
1592.88321,0.00404
1590.95478,0.00406
1589.02635,0.00403
1587.09792,0.00405
1585.16949,0.00428
1583.24106,0.00481
1581.31263,0.00530
1579.38420,0.00531
1577.45577,0.00502
1575.52734,0.00546
1573.59891,0.00672
1571.67048,0.00763
1569.74205,0.00802
1567.81362,0.00868
1565.88519,0.00965
1563.95676,0.01030
1562.02833,0.01008
1560.09990,0.00962
1558.17147,0.01056
1556.24304,0.01277
1554.31461,0.01450
1552.38618,0.01562
1550.45775,0.01633
1548.52932,0.01664
1546.60089,0.01625
1544.67246,0.01472
1542.74403,0.01208
1540.81560,0.01013
1538.88717,0.01238
1536.95874,0.01559
1535.03031,0.01653
1533.10188,0.01563
1531.17345,0.01503
1529.24502,0.01490
1527.31659,0.01448
1525.38816,0.01386
1523.45973,0.01330
1521.53130,0.01343
1519.60287,0.01426
1517.67444,0.01409
1515.74601,0.01322
1513.81758,0.01290
1511.88915,0.01270
1509.96072,0.01125
1508.03229,0.00807
1506.10385,0.00584
1504.17542,0.00690
1502.24699,0.00849
1500.31856,0.00815
1498.39013,0.00629
1496.46170,0.00492
1494.53327,0.00456
1492.60484,0.00392
1490.67641,0.00231
1488.74798,0.00091
1486.81955,0.00076
1484.89112,0.00126
1482.96269,0.00151
1481.03426,0.00148
1479.10583,0.00152
1477.17740,0.00152
1475.24897,0.00110
1473.32054,0.00062
1471.39211,0.00108
1469.46368,0.00205
1467.53525,0.00239
1465.60682,0.00208
1463.67839,0.00210
1461.74996,0.00220
1459.82153,0.00137
1457.89310,0.00028
1455.96467,0.00084
1454.03624,0.00217
1452.10781,0.00284
1450.17938,0.00253
1448.25095,0.00184
1446.32252,0.00147
1444.39409,0.00140
1442.46566,0.00134
1440.53723,0.00130
1438.60880,0.00148
1436.68037,0.00172
1434.75194,0.00168
1432.82351,0.00136
1430.89508,0.00091
1428.96665,0.00065
1427.03822,0.00074
1425.10979,0.00097
1423.18136,0.00133
1421.25293,0.00192
1419.32450,0.00237
1417.39607,0.00215
1415.46764,0.00160
1413.53921,0.00126
1411.61078,0.00123
1409.68235,0.00140
1407.75392,0.00149
1405.82549,0.00146
1403.89706,0.00153
1401.96863,0.00177
1400.04020,0.00213
1398.11177,0.00249
1396.18334,0.00244
1394.25491,0.00222
1392.32648,0.00240
1390.39805,0.00267
1388.46962,0.00245
1386.54119,0.00177
1384.61276,0.00127
1382.68433,0.00128
1380.75590,0.00155
1378.82747,0.00157
1376.89904,0.00108
1374.97061,0.00052
1373.04218,0.00050
1371.11375,0.00075
1369.18532,0.00082
1367.25689,0.00070
1365.32846,0.00058
1363.40003,0.00058
1361.47160,0.00066
1359.54317,0.00072
1357.61474,0.00066
1355.68631,0.00040
1353.75788,0.00012
1351.82945,0.00000
1349.90102,-0.00001
1347.97259,-0.00001
1346.04416,0.00006
1344.11573,0.00018
1342.18730,0.00038
1340.25887,0.00061
1338.33044,0.00065
1336.40201,0.00034
1334.47358,0.00001
1332.54515,-0.00005
1330.61672,0.00009
1328.68829,0.00018
1326.75986,0.00019
1324.83143,0.00024
1322.90300,0.00028
1320.97457,0.00023
1319.04614,0.00020
1317.11771,0.00025
1315.18928,0.00029
1313.26085,0.00027
1311.33242,0.00026
1309.40399,0.00023
1307.47556,0.00013
1305.54713,-0.00007
1303.61870,-0.00027
1301.69027,-0.00031
1299.76184,-0.00013
1297.83341,0.00007
1295.90498,0.00008
1293.97655,0.00000
1292.04812,0.00003
1290.11969,0.00024
1288.19126,0.00037
1286.26283,0.00040
1284.33440,0.00038
1282.40597,0.00038
1280.47754,0.00041
1278.54911,0.00046
1276.62068,0.00053
1274.69225,0.00057
1272.76382,0.00059
1270.83539,0.00068
1268.90696,0.00096
1266.97853,0.00143
1265.05010,0.00189
1263.12167,0.00225
1261.19324,0.00264
1259.26481,0.00326
1257.33638,0.00404
1255.40795,0.00488
1253.47952,0.00577
1251.55109,0.00669
1249.62266,0.00759
1247.69423,0.00843
1245.76580,0.00921
1243.83737,0.00999
1241.90894,0.01090
1239.98051,0.01189
1238.05208,0.01273
1236.12365,0.01340
1234.19522,0.01412
1232.26679,0.01487
1230.33836,0.01547
1228.40993,0.01613
1226.48150,0.01706
1224.55307,0.01798
1222.62464,0.01867
1220.69621,0.01922
1218.76778,0.01985
1216.83935,0.02066
1214.91092,0.02155
1212.98249,0.02225
1211.05406,0.02273
1209.12563,0.02323
1207.19720,0.02390
1205.26877,0.02465
1203.34034,0.02541
1201.41191,0.02628
1199.48348,0.02748
1197.55505,0.02874
1195.62662,0.02986
1193.69819,0.03086
1191.76976,0.03198
1189.84133,0.03344
1187.91290,0.03518
1185.98447,0.03690
1184.05604,0.03854
1182.12761,0.04016
1180.19918,0.04175
1178.27075,0.04343
1176.34232,0.04537
1174.41389,0.04750
1172.48546,0.04960
1170.55703,0.05171
1168.62860,0.05385
1166.70017,0.05591
1164.77174,0.05786
1162.84331,0.05987
1160.91488,0.06224
1158.98645,0.06500
1157.05802,0.06804
1155.12959,0.07120
1153.20116,0.07430
1151.27273,0.07727
1149.34430,0.07990
1147.41587,0.08211
1145.48744,0.08410
1143.55901,0.08582
1141.63058,0.08694
1139.70215,0.08764
1137.77372,0.08852
1135.84529,0.08971
1133.91686,0.09099
1131.98843,0.09237
1130.06000,0.09397
1128.13157,0.09585
1126.20314,0.09797
1124.27471,0.10026
1122.34628,0.10274
1120.41785,0.10557
1118.48942,0.10872
1116.56099,0.11195
1114.63256,0.11493
1112.70413,0.11740
1110.77570,0.11896
1108.84727,0.11943
1106.91884,0.11947
1104.99041,0.11996
1103.06198,0.12122
1101.13355,0.12295
1099.20512,0.12458
1097.27669,0.12605
1095.34826,0.12799
1093.41983,0.13041
1091.49140,0.13223
1089.56297,0.13260
1087.63454,0.13157
1085.70611,0.12994
1083.77768,0.12846
1081.84925,0.12712
1079.92082,0.12564
1077.99239,0.12398
1076.06396,0.12227
1074.13553,0.12060
1072.20710,0.11883
1070.27867,0.11681
1068.35024,0.11468
1066.42181,0.11252
1064.49338,0.11030
1062.56495,0.10823
1060.63652,0.10622
1058.70809,0.10405
1056.77966,0.10185
1054.85123,0.09957
1052.92280,0.09697
1050.99437,0.09406
1049.06594,0.09103
1047.13751,0.08800
1045.20908,0.08480
1043.28065,0.08119
1041.35222,0.07725
1039.42379,0.07321
1037.49536,0.06919
1035.56693,0.06534
1033.63850,0.06166
1031.71007,0.05801
1029.78164,0.05428
1027.85321,0.05038
1025.92478,0.04659
1023.99635,0.04305
1022.06792,0.03973
1020.13949,0.03680
1018.21106,0.03427
1016.28263,0.03214
1014.35420,0.03050
1012.42577,0.02916
1010.49734,0.02781
1008.56891,0.02635
1006.64048,0.02485
1004.71205,0.02320
1002.78362,0.02122
1000.85519,0.01911
998.92676,0.01718
996.99833,0.01558
995.06990,0.01436
993.14147,0.01353
991.21304,0.01313
989.28461,0.01300
987.35618,0.01281
985.42775,0.01265
983.49932,0.01268
981.57089,0.01275
979.64246,0.01281
977.71403,0.01294
975.78560,0.01314
973.85717,0.01325
971.92874,0.01295
970.00031,0.01237
968.07188,0.01203
966.14345,0.01199
964.21502,0.01189
962.28659,0.01151
960.35816,0.01105
958.42973,0.01075
956.50130,0.01046
954.57287,0.01006
952.64444,0.00971
950.71601,0.00958
948.78758,0.00970
946.85915,0.00975
944.93072,0.00939
943.00229,0.00887
941.07386,0.00866
939.14543,0.00857
937.21700,0.00811
935.28857,0.00758
933.36014,0.00743
931.43171,0.00740
929.50328,0.00733
927.57485,0.00730
925.64642,0.00709
923.71799,0.00663
921.78956,0.00617
919.86113,0.00569
917.93270,0.00516
916.00427,0.00471
914.07584,0.00441
912.14741,0.00423
910.21898,0.00418
908.29055,0.00410
906.36212,0.00364
904.43368,0.00289
902.50525,0.00232
900.57682,0.00214
898.64839,0.00236
896.71996,0.00268
894.79153,0.00272
892.86310,0.00233
890.93467,0.00170
889.00624,0.00127
887.07781,0.00116
885.14938,0.00097
883.22095,0.00072
881.29252,0.00051
879.36409,0.00030
877.43566,0.00032
875.50723,0.00045
873.57880,0.00037
871.65037,0.00031
869.72194,0.00042
867.79351,0.00052
865.86508,0.00058
863.93665,0.00053
862.00822,0.00025
860.07979,0.00000
858.15136,-0.00003
856.22293,0.00009
854.29450,0.00049
852.36607,0.00089
850.43764,0.00109
848.50921,0.00128
846.58078,0.00152
844.65235,0.00185
842.72392,0.00229
840.79549,0.00267
838.86706,0.00299
836.93863,0.00338
835.01020,0.00410
833.08177,0.00523
831.15334,0.00621
829.22491,0.00664
827.29648,0.00677
825.36805,0.00694
823.43962,0.00731
821.51119,0.00782
819.58276,0.00821
817.65433,0.00863
815.72590,0.00940
813.79747,0.01015
811.86904,0.01054
809.94061,0.01087
808.01218,0.01131
806.08375,0.01175
804.15532,0.01207
802.22689,0.01235
800.29846,0.01264
798.37003,0.01271
796.44160,0.01253
794.51317,0.01236
792.58474,0.01217
790.65631,0.01196
788.72788,0.01192
786.79945,0.01188
784.87102,0.01145
782.94259,0.01080
781.01416,0.01016
779.08573,0.00916
777.15730,0.00773
775.22887,0.00622
773.30044,0.00489
771.37201,0.00401
769.44358,0.00387
767.51515,0.00447
765.58672,0.00537
763.65829,0.00610
761.72986,0.00660
759.80143,0.00658
757.87300,0.00585
755.94457,0.00512
754.01614,0.00511
752.08771,0.00566
750.15928,0.00585
748.23085,0.00536
746.30242,0.00500
744.37399,0.00516
742.44556,0.00523
740.51713,0.00469
738.58870,0.00399
736.66027,0.00404
734.73184,0.00459
732.80341,0.00475
730.87498,0.00442
728.94655,0.00408
727.01812,0.00405
725.08969,0.00444
723.16126,0.00551
721.23283,0.00609
719.30440,0.00627
717.37597,0.00624
715.44754,0.00603
713.51911,0.00565
711.59068,0.00522
709.66225,0.00496
707.73382,0.00552
705.80539,0.00650
703.87696,0.00713
701.94853,0.00703
700.02010,0.00652
698.09167,0.00621
696.16324,0.00634
694.23481,0.00666
692.30638,0.00727
690.37795,0.00834
688.44952,0.00913
686.52109,0.00916
684.59266,0.00956
682.66423,0.01136
680.73580,0.01416
678.80737,0.01751
676.87894,0.02106
674.95051,0.02386
673.02208,0.02581
671.09365,0.02797
669.16522,0.02965
667.23679,0.02945
665.30836,0.02996
663.37993,0.03230
661.45150,0.03446
659.52307,0.03452
657.59464,0.03223
655.66621,0.02810
653.73778,0.02316
651.80935,0.01870
649.88092,0.01525
647.95249,0.01275
646.02406,0.01142
644.09563,0.01121
642.16720,0.01124
640.23877,0.01068
638.31034,0.00980
636.38191,0.00899
634.45348,0.00943
632.52505,0.01031
630.59662,0.01101
628.66819,0.01175
626.73976,0.01228
624.81133,0.01158
622.88290,0.00963
620.95447,0.00853
619.02604,0.00954
617.09761,0.01137
615.16918,0.00857
613.24075,0.00634
611.31232,0.00443
609.38389,0.00209
607.45546,0.00111
605.52703,0.00000
603.59860,0.00037
601.67017,0.00150
599.74174,0.00000
