4001.49232,0.00150
3999.56389,0.00277
3997.63546,0.00256
3995.70703,0.00180
3993.77860,0.00152
3991.85017,0.00164
3989.92174,0.00160
3987.99331,0.00110
3986.06488,0.00043
3984.13645,0.00007
3982.20802,0.00010
3980.27959,0.00039
3978.35116,0.00076
3976.42273,0.00099
3974.49430,0.00089
3972.56587,0.00067
3970.63744,0.00053
3968.70901,0.00037
3966.78058,0.00016
3964.85215,0.00010
3962.92372,0.00027
3960.99529,0.00033
3959.06686,0.00020
3957.13843,0.00016
3955.21000,0.00020
3953.28157,0.00007
3951.35314,0.00000
3949.42471,0.00042
3947.49628,0.00104
3945.56785,0.00128
3943.63942,0.00109
3941.71099,0.00058
3939.78256,-0.00010
3937.85413,-0.00054
3935.92570,-0.00042
3933.99727,0.00015
3932.06884,0.00061
3930.14041,0.00068
3928.21198,0.00065
3926.28355,0.00058
3924.35512,0.00046
3922.42669,0.00053
3920.49826,0.00088
3918.56982,0.00127
3916.64139,0.00118
3914.71296,0.00054
3912.78453,0.00006
3910.85610,-0.00003
3908.92767,0.00000
3906.99924,0.00021
3905.07081,0.00138
3903.14238,0.00323
3901.21395,0.00373
3899.28552,0.00285
3897.35709,0.00214
3895.42866,0.00194
3893.50023,0.00198
3891.57180,0.00218
3889.64337,0.00249
3887.71494,0.00286
3885.78651,0.00298
3883.85808,0.00260
3881.92965,0.00216
3880.00122,0.00200
3878.07279,0.00215
3876.14436,0.00262
3874.21593,0.00317
3872.28750,0.00368
3870.35907,0.00396
3868.43064,0.00380
3866.50221,0.00343
3864.57378,0.00324
3862.64535,0.00355
3860.71692,0.00397
3858.78849,0.00429
3856.86006,0.00456
3854.93163,0.00397
3853.00320,0.00246
3851.07477,0.00201
3849.14634,0.00270
3847.21791,0.00310
3845.28948,0.00284
3843.36105,0.00268
3841.43262,0.00287
3839.50419,0.00287
3837.57576,0.00266
3835.64733,0.00230
3833.71890,0.00214
3831.79047,0.00229
3829.86204,0.00243
3827.93361,0.00232
3826.00518,0.00212
3824.07675,0.00207
3822.14832,0.00211
3820.21989,0.00262
3818.29146,0.00324
3816.36303,0.00307
3814.43460,0.00236
3812.50617,0.00217
3810.57774,0.00247
3808.64931,0.00262
3806.72088,0.00263
3804.79245,0.00259
3802.86402,0.00222
3800.93559,0.00160
3799.00716,0.00132
3797.07873,0.00104
3795.15030,0.00046
3793.22187,-0.00007
3791.29344,-0.00024
3789.36501,-0.00017
3787.43658,-0.00002
3785.50815,0.00017
3783.57972,0.00034
3781.65129,0.00030
3779.72286,0.00007
3777.79443,0.00000
3775.86600,0.00022
3773.93757,0.00053
3772.00914,0.00058
3770.08071,0.00059
3768.15228,0.00090
3766.22385,0.00134
3764.29542,0.00184
3762.36699,0.00233
3760.43856,0.00257
3758.51013,0.00303
3756.58170,0.00425
3754.65327,0.00510
3752.72484,0.00437
3750.79641,0.00389
3748.86798,0.00626
3746.93955,0.00926
3745.01112,0.01083
3743.08269,0.00994
3741.15426,0.00838
3739.22583,0.00760
3737.29740,0.00710
3735.36897,0.00627
3733.44054,0.00532
3731.51211,0.00493
3729.58368,0.00503
3727.65525,0.00516
3725.72682,0.00490
3723.79839,0.00409
3721.86996,0.00298
3719.94153,0.00226
3718.01310,0.00224
3716.08467,0.00241
3714.15624,0.00209
3712.22781,0.00121
3710.29938,0.00094
3708.37095,0.00102
3706.44252,0.00108
3704.51409,0.00110
3702.58566,0.00088
3700.65723,0.00048
3698.72880,0.00035
3696.80037,0.00076
3694.87194,0.00126
3692.94351,0.00104
3691.01508,0.00000
3689.08665,-0.00031
3687.15822,0.00063
3685.22979,0.00143
3683.30136,0.00177
3681.37293,0.00194
3679.44450,0.00220
3677.51607,0.00273
3675.58764,0.00353
3673.65921,0.00387
3671.73078,0.00344
3669.80235,0.00261
3667.87392,0.00230
3665.94549,0.00224
3664.01706,0.00200
3662.08863,0.00167
3660.16020,0.00175
3658.23177,0.00227
3656.30334,0.00295
3654.37491,0.00329
3652.44648,0.00242
3650.51805,0.00040
3648.58962,0.00000
3646.66119,0.00128
3644.73276,0.00252
3642.80433,0.00301
3640.87590,0.00282
3638.94747,0.00244
3637.01904,0.00242
3635.09061,0.00277
3633.16218,0.00330
3631.23375,0.00382
3629.30532,0.00386
3627.37689,0.00350
3625.44846,0.00342
3623.52003,0.00368
3621.59160,0.00364
3619.66317,0.00342
3617.73474,0.00380
3615.80631,0.00442
3613.87788,0.00480
3611.94945,0.00518
3610.02102,0.00545
3608.09259,0.00499
3606.16416,0.00384
3604.23573,0.00286
3602.30730,0.00242
3600.37887,0.00232
3598.45044,0.00233
3596.52201,0.00232
3594.59358,0.00238
3592.66515,0.00231
3590.73672,0.00199
3588.80829,0.00168
3586.87986,0.00158
3584.95143,0.00134
3583.02300,0.00091
3581.09457,0.00049
3579.16614,-0.00001
3577.23771,-0.00050
3575.30928,-0.00061
3573.38085,-0.00030
3571.45242,0.00009
3569.52399,0.00035
3567.59556,0.00052
3565.66713,0.00073
3563.73870,0.00082
3561.81027,0.00082
3559.88184,0.00088
3557.95341,0.00101
3556.02498,0.00102
3554.09655,0.00082
3552.16812,0.00073
3550.23969,0.00103
3548.31126,0.00160
3546.38283,0.00186
3544.45440,0.00145
3542.52597,0.00091
3540.59754,0.00058
3538.66911,0.00024
3536.74068,-0.00000
3534.81225,0.00000
3532.88382,0.00010
3530.95539,0.00029
3529.02696,0.00064
3527.09853,0.00120
3525.17010,0.00162
3523.24167,0.00156
3521.31324,0.00116
3519.38481,0.00065
3517.45638,0.00020
3515.52795,-0.00012
3513.59952,-0.00032
3511.67109,-0.00033
3509.74266,-0.00013
3507.81423,0.00026
3505.88580,0.00081
3503.95737,0.00127
3502.02894,0.00112
3500.10051,0.00040
3498.17208,-0.00012
3496.24365,-0.00007
3494.31522,0.00021
3492.38679,0.00039
3490.45836,0.00053
3488.52993,0.00071
3486.60150,0.00071
3484.67307,0.00048
3482.74464,0.00020
3480.81621,-0.00002
3478.88778,-0.00021
3476.95935,-0.00035
3475.03092,-0.00042
3473.10249,-0.00047
3471.17406,-0.00046
3469.24563,-0.00041
3467.31720,-0.00023
3465.38877,0.00006
3463.46034,0.00031
3461.53191,0.00048
3459.60348,0.00046
3457.67505,0.00023
3455.74662,-0.00001
3453.81819,-0.00007
3451.88976,-0.00004
3449.96133,-0.00005
3448.03290,-0.00010
3446.10447,-0.00006
3444.17604,0.00000
3442.24761,0.00000
3440.31918,0.00009
3438.39075,0.00038
3436.46232,0.00069
3434.53389,0.00092
3432.60546,0.00104
3430.67703,0.00098
3428.74860,0.00070
3426.82017,0.00024
3424.89174,-0.00000
3422.96331,0.00030
3421.03488,0.00083
3419.10645,0.00091
3417.17802,0.00056
3415.24959,0.00032
3413.32116,0.00034
3411.39273,0.00040
3409.46430,0.00039
3407.53587,0.00026
3405.60744,0.00012
3403.67901,0.00027
3401.75058,0.00077
3399.82215,0.00212
3397.89372,0.00242
3395.96529,0.00216
3394.03686,0.00185
3392.10843,0.00153
3390.18000,0.00125
3388.25157,0.00138
3386.32314,0.00181
3384.39471,0.00196
3382.46628,0.00174
3380.53785,0.00124
3378.60942,0.00073
3376.68099,0.00062
3374.75256,0.00082
3372.82413,0.00088
3370.89570,0.00098
3368.96727,0.00145
3367.03884,0.00202
3365.11041,0.00218
3363.18198,0.00211
3361.25355,0.00223
3359.32512,0.00256
3357.39669,0.00285
3355.46826,0.00281
3353.53983,0.00230
3351.61140,0.00179
3349.68297,0.00176
3347.75454,0.00193
3345.82611,0.00197
3343.89768,0.00207
3341.96925,0.00243
3340.04082,0.00289
3338.11239,0.00326
3336.18396,0.00343
3334.25553,0.00335
3332.32710,0.00317
3330.39867,0.00316
3328.47024,0.00341
3326.54181,0.00362
3324.61338,0.00358
3322.68495,0.00349
3320.75652,0.00364
3318.82809,0.00396
3316.89966,0.00426
3314.97122,0.00454
3313.04279,0.00502
3311.11436,0.00564
3309.18593,0.00600
3307.25750,0.00578
3305.32907,0.00528
3303.40064,0.00515
3301.47221,0.00551
3299.54378,0.00598
3297.61535,0.00634
3295.68692,0.00669
3293.75849,0.00706
3291.83006,0.00716
3289.90163,0.00686
3287.97320,0.00647
3286.04477,0.00631
3284.11634,0.00643
3282.18791,0.00670
3280.25948,0.00687
3278.33105,0.00687
3276.40262,0.00684
3274.47419,0.00684
3272.54576,0.00680
3270.61733,0.00669
3268.68890,0.00652
3266.76047,0.00625
3264.83204,0.00598
3262.90361,0.00579
3260.97518,0.00574
3259.04675,0.00575
3257.11832,0.00592
3255.18989,0.00616
3253.26146,0.00596
3251.33303,0.00525
3249.40460,0.00463
3247.47617,0.00461
3245.54774,0.00494
3243.61931,0.00493
3241.69088,0.00449
3239.76245,0.00426
3237.83402,0.00443
3235.90559,0.00445
3233.97716,0.00405
3232.04873,0.00362
3230.12030,0.00354
3228.19187,0.00359
3226.26344,0.00348
3224.33501,0.00330
3222.40658,0.00348
3220.47815,0.00404
3218.54972,0.00429
3216.62129,0.00394
3214.69286,0.00345
3212.76443,0.00319
3210.83600,0.00314
3208.90757,0.00313
3206.97914,0.00297
3205.05071,0.00279
3203.12228,0.00276
3201.19385,0.00283
3199.26542,0.00290
3197.33699,0.00285
3195.40856,0.00262
3193.48013,0.00244
3191.55170,0.00236
3189.62327,0.00223
3187.69484,0.00212
3185.76641,0.00213
3183.83798,0.00216
3181.90955,0.00214
3179.98112,0.00220
3178.05269,0.00225
3176.12426,0.00199
3174.19583,0.00149
3172.26740,0.00124
3170.33897,0.00137
3168.41054,0.00154
3166.48211,0.00148
3164.55368,0.00127
3162.62525,0.00096
3160.69682,0.00062
3158.76839,0.00035
3156.83996,0.00028
3154.91153,0.00035
3152.98310,0.00041
3151.05467,0.00042
3149.12624,0.00041
3147.19781,0.00026
3145.26938,0.00005
3143.34095,-0.00004
3141.41252,-0.00001
3139.48409,-0.00001
3137.55566,0.00000
3135.62723,0.00012
3133.69880,0.00026
3131.77037,0.00026
3129.84194,0.00024
3127.91351,0.00037
3125.98508,0.00068
3124.05665,0.00099
3122.12822,0.00101
3120.19979,0.00088
3118.27136,0.00094
3116.34293,0.00093
3114.41450,0.00059
3112.48607,0.00021
3110.55764,0.00005
3108.62921,-0.00004
3106.70078,-0.00016
3104.77235,-0.00000
3102.84392,0.00050
3100.91549,0.00082
3098.98706,0.00071
3097.05863,0.00055
3095.13020,0.00036
3093.20177,0.00005
3091.27334,0.00000
3089.34491,0.00032
3087.41648,0.00062
3085.48805,0.00062
3083.55962,0.00059
3081.63119,0.00076
3079.70276,0.00089
3077.77433,0.00078
3075.84590,0.00057
3073.91747,0.00041
3071.98904,0.00034
3070.06061,0.00043
3068.13218,0.00088
3066.20375,0.00125
3064.27532,0.00108
3062.34689,0.00067
3060.41846,0.00053
3058.49003,0.00072
3056.56160,0.00089
3054.63317,0.00072
3052.70474,0.00039
3050.77631,0.00038
3048.84788,0.00065
3046.91945,0.00070
3044.99102,0.00043
3043.06259,0.00011
3041.13416,-0.00001
3039.20573,0.00025
3037.27730,0.00076
3035.34887,0.00114
3033.42044,0.00121
3031.49201,0.00106
3029.56358,0.00082
3027.63515,0.00054
3025.70672,0.00022
3023.77829,0.00002
3021.84986,0.00003
3019.92143,0.00010
3017.99300,0.00018
3016.06457,0.00048
3014.13614,0.00086
3012.20771,0.00087
3010.27928,0.00046
3008.35085,0.00006
3006.42242,0.00001
3004.49399,0.00018
3002.56556,0.00023
3000.63713,0.00010
2998.70870,0.00000
2996.78027,0.00011
2994.85184,0.00047
2992.92341,0.00066
2990.99498,0.00057
2989.06655,0.00053
2987.13812,0.00055
2985.20969,0.00043
2983.28126,0.00030
2981.35283,0.00039
2979.42440,0.00058
2977.49597,0.00067
2975.56754,0.00092
2973.63911,0.00138
2971.71068,0.00167
2969.78225,0.00166
2967.85382,0.00167
2965.92539,0.00183
2963.99696,0.00195
2962.06853,0.00192
2960.14010,0.00190
2958.21167,0.00187
2956.28324,0.00166
2954.35481,0.00139
2952.42638,0.00125
2950.49795,0.00129
2948.56952,0.00141
2946.64109,0.00139
2944.71266,0.00122
2942.78423,0.00120
2940.85580,0.00139
2938.92737,0.00161
2936.99894,0.00181
2935.07051,0.00192
2933.14208,0.00191
2931.21365,0.00186
2929.28522,0.00190
2927.35679,0.00195
2925.42836,0.00188
2923.49993,0.00166
2921.57150,0.00136
2919.64307,0.00097
2917.71464,0.00055
2915.78621,0.00030
2913.85778,0.00031
2911.92935,0.00035
2910.00092,0.00030
2908.07249,0.00028
2906.14406,0.00034
2904.21563,0.00032
2902.28720,0.00011
2900.35877,-0.00006
2898.43034,-0.00005
2896.50191,0.00001
2894.57348,0.00001
2892.64505,-0.00009
2890.71662,-0.00017
2888.78819,-0.00010
2886.85976,-0.00001
2884.93133,0.00000
2883.00290,0.00015
2881.07447,0.00040
2879.14604,0.00049
2877.21761,0.00041
2875.28918,0.00044
2873.36075,0.00062
2871.43232,0.00072
2869.50389,0.00058
2867.57546,0.00040
2865.64703,0.00038
2863.71860,0.00049
2861.79017,0.00060
2859.86174,0.00047
2857.93331,0.00013
2856.00488,-0.00011
2854.07645,-0.00017
2852.14802,-0.00016
2850.21959,-0.00015
2848.29116,-0.00016
2846.36273,-0.00017
2844.43430,-0.00016
2842.50587,-0.00009
2840.57744,-0.00003
2838.64901,0.00003
2836.72058,0.00013
2834.79215,0.00012
2832.86372,-0.00000
2830.93529,0.00004
2829.00686,0.00026
2827.07843,0.00039
2825.15000,0.00036
2823.22157,0.00030
2821.29314,0.00022
2819.36471,0.00008
2817.43628,0.00006
2815.50785,0.00014
2813.57942,0.00009
2811.65099,0.00004
2809.72256,0.00011
2807.79413,0.00015
2805.86570,0.00017
2803.93727,0.00030
2802.00884,0.00049
2800.08041,0.00059
2798.15198,0.00046
2796.22355,0.00015
2794.29512,-0.00003
2792.36669,0.00006
2790.43826,0.00021
2788.50983,0.00014
2786.58140,-0.00009
2784.65297,-0.00021
2782.72454,-0.00016
2780.79611,0.00000
2778.86768,0.00019
2776.93925,0.00026
2775.01082,0.00017
2773.08239,0.00001
2771.15396,-0.00009
2769.22553,-0.00003
2767.29710,0.00018
2765.36867,0.00034
2763.44024,0.00039
2761.51181,0.00033
2759.58338,0.00027
2757.65495,0.00023
2755.72652,0.00012
2753.79809,0.00006
2751.86966,0.00009
2749.94123,0.00014
2748.01280,0.00017
2746.08437,0.00014
2744.15594,0.00012
2742.22751,0.00016
2740.29908,0.00029
2738.37065,0.00046
2736.44222,0.00041
2734.51379,0.00019
2732.58536,0.00021
2730.65693,0.00037
2728.72850,0.00040
2726.80007,0.00041
2724.87164,0.00046
2722.94321,0.00045
2721.01478,0.00034
2719.08635,0.00014
2717.15792,0.00000
2715.22949,0.00005
2713.30105,0.00017
2711.37262,0.00014
2709.44419,0.00008
2707.51576,0.00011
2705.58733,0.00013
2703.65890,0.00017
2701.73047,0.00025
2699.80204,0.00026
2697.87361,0.00026
2695.94518,0.00035
2694.01675,0.00047
2692.08832,0.00059
2690.15989,0.00061
2688.23146,0.00041
2686.30303,0.00026
2684.37460,0.00032
2682.44617,0.00041
2680.51774,0.00041
2678.58931,0.00031
2676.66088,0.00009
2674.73245,-0.00006
2672.80402,-0.00006
2670.87559,-0.00003
2668.94716,0.00000
2667.01873,0.00003
2665.09030,0.00004
2663.16187,0.00001
2661.23344,0.00001
2659.30501,0.00014
2657.37658,0.00032
2655.44815,0.00036
2653.51972,0.00024
2651.59129,0.00014
2649.66286,0.00016
2647.73443,0.00026
2645.80600,0.00032
2643.87757,0.00026
2641.94914,0.00017
2640.02071,0.00014
2638.09228,0.00014
2636.16385,0.00009
2634.23542,0.00007
2632.30699,0.00010
2630.37856,0.00004
2628.45013,-0.00006
2626.52170,-0.00005
2624.59327,0.00007
2622.66484,0.00009
2620.73641,-0.00001
2618.80798,0.00000
2616.87955,0.00008
2614.95112,0.00009
2613.02269,0.00010
2611.09426,0.00017
2609.16583,0.00023
2607.23740,0.00028
2605.30897,0.00032
2603.38054,0.00040
2601.45211,0.00043
2599.52368,0.00030
2597.59525,0.00010
2595.66682,0.00005
2593.73839,0.00021
2591.80996,0.00035
2589.88153,0.00032
2587.95310,0.00020
2586.02467,0.00008
2584.09624,-0.00002
2582.16781,-0.00009
2580.23938,-0.00003
2578.31095,0.00011
2576.38252,0.00016
2574.45409,0.00005
2572.52566,-0.00006
2570.59723,-0.00003
2568.66880,-0.00002
2566.74037,-0.00002
2564.81194,0.00005
2562.88351,0.00011
2560.95508,0.00004
2559.02665,0.00000
2557.09822,0.00005
2555.16979,0.00006
2553.24136,0.00009
2551.31293,0.00017
2549.38450,0.00019
2547.45607,0.00017
2545.52764,0.00008
2543.59921,-0.00003
2541.67078,-0.00006
2539.74235,0.00002
2537.81392,0.00015
2535.88549,0.00027
2533.95706,0.00025
2532.02863,0.00009
2530.10020,-0.00007
2528.17177,-0.00006
2526.24334,-0.00003
2524.31491,-0.00008
2522.38648,-0.00006
2520.45805,0.00013
2518.52962,0.00024
2516.60119,0.00010
2514.67276,-0.00005
2512.74433,-0.00002
2510.81590,0.00016
2508.88747,0.00036
2506.95904,0.00049
2505.03061,0.00045
2503.10218,0.00028
2501.17375,0.00010
2499.24532,0.00000
2497.31689,0.00001
2495.38846,0.00004
2493.46003,0.00001
2491.53160,-0.00002
2489.60317,0.00003
2487.67474,0.00006
2485.74631,-0.00002
2483.81788,-0.00011
2481.88945,-0.00012
2479.96102,-0.00001
2478.03259,0.00015
2476.10416,0.00018
2474.17573,0.00011
2472.24730,0.00001
2470.31887,-0.00001
2468.39044,0.00013
2466.46201,0.00022
2464.53358,0.00013
2462.60515,0.00002
2460.67672,-0.00002
2458.74829,-0.00001
2456.81986,0.00006
2454.89143,0.00011
2452.96300,0.00005
2451.03457,0.00000
2449.10614,0.00004
2447.17771,0.00019
2445.24928,0.00030
2443.32085,0.00024
2441.39242,0.00014
2439.46399,0.00010
2437.53556,0.00006
2435.60713,0.00004
2433.67870,0.00005
2431.75027,0.00000
2429.82184,-0.00005
2427.89341,0.00000
2425.96498,0.00014
2424.03655,0.00021
2422.10812,0.00018
2420.17969,0.00016
2418.25126,0.00013
2416.32283,0.00011
2414.39440,0.00009
2412.46597,0.00007
2410.53754,0.00006
2408.60911,0.00004
2406.68068,0.00003
2404.75225,0.00002
2402.82382,0.00001
2400.89539,0.00000
2398.96696,-0.00006
2397.03853,-0.00012
2395.11010,-0.00017
2393.18167,-0.00023
2391.25324,-0.00028
2389.32481,-0.00033
2387.39638,-0.00038
2385.46795,-0.00043
2383.53952,-0.00047
2381.61109,-0.00051
2379.68266,-0.00056
2377.75423,-0.00060
2375.82580,-0.00063
2373.89737,-0.00067
2371.96894,-0.00070
2370.04051,-0.00074
2368.11208,-0.00077
2366.18365,-0.00079
2364.25522,-0.00082
2362.32679,-0.00085
2360.39836,-0.00087
2358.46993,-0.00089
2356.54150,-0.00091
2354.61307,-0.00093
2352.68464,-0.00094
2350.75621,-0.00096
2348.82778,-0.00097
2346.89935,-0.00098
2344.97092,-0.00099
2343.04249,-0.00099
2341.11406,-0.00100
2339.18563,-0.00100
2337.25720,-0.00100
2335.32877,-0.00100
2333.40034,-0.00100
2331.47191,-0.00099
2329.54348,-0.00099
2327.61505,-0.00098
2325.68662,-0.00097
2323.75819,-0.00096
2321.82976,-0.00094
2319.90133,-0.00093
2317.97290,-0.00091
2316.04447,-0.00089
2314.11604,-0.00087
2312.18761,-0.00085
2310.25918,-0.00082
2308.33075,-0.00079
2306.40232,-0.00077
2304.47389,-0.00074
2302.54546,-0.00070
2300.61703,-0.00067
2298.68860,-0.00063
2296.76017,-0.00060
2294.83174,-0.00056
2292.90331,-0.00051
2290.97488,-0.00047
2289.04645,-0.00043
2287.11802,-0.00038
2285.18959,-0.00033
2283.26116,-0.00028
2281.33273,-0.00023
2279.40430,-0.00017
2277.47587,-0.00012
2275.54744,-0.00006
2273.61901,0.00000
2271.69058,0.00001
2269.76215,0.00002
2267.83372,0.00003
2265.90529,0.00005
2263.97686,0.00006
2262.04843,0.00008
2260.12000,0.00010
2258.19157,0.00012
2256.26314,0.00015
2254.33471,0.00017
2252.40628,0.00020
2250.47785,0.00023
2248.54942,0.00026
2246.62099,0.00029
2244.69256,0.00032
2242.76413,0.00036
2240.83570,0.00020
2238.90727,0.00009
2236.97884,0.00006
2235.05041,0.00015
2233.12198,0.00026
2231.19355,0.00027
2229.26512,0.00015
2227.33669,0.00000
2225.40826,-0.00000
2223.47983,0.00008
2221.55140,0.00011
2219.62297,0.00009
2217.69454,0.00009
2215.76611,0.00010
2213.83768,0.00010
2211.90925,0.00006
2209.98082,0.00004
2208.05239,0.00006
2206.12396,0.00006
2204.19553,0.00009
2202.26710,0.00013
2200.33867,0.00014
2198.41024,0.00014
2196.48181,0.00017
2194.55338,0.00015
2192.62495,0.00009
2190.69652,0.00003
2188.76809,-0.00001
2186.83966,0.00004
2184.91123,0.00018
2182.98280,0.00028
2181.05437,0.00027
2179.12594,0.00014
2177.19751,0.00004
2175.26908,0.00006
2173.34065,0.00021
2171.41222,0.00031
2169.48379,0.00022
2167.55536,0.00006
2165.62693,0.00008
2163.69850,0.00021
2161.77007,0.00023
2159.84164,0.00018
2157.91321,0.00023
2155.98478,0.00030
2154.05635,0.00025
2152.12792,0.00017
2150.19949,0.00023
2148.27106,0.00034
2146.34263,0.00032
2144.41420,0.00026
2142.48577,0.00031
2140.55734,0.00046
2138.62891,0.00059
2136.70048,0.00055
2134.77205,0.00032
2132.84362,0.00013
2130.91519,0.00021
2128.98676,0.00036
2127.05833,0.00034
2125.12990,0.00017
2123.20147,0.00007
2121.27304,0.00010
2119.34461,0.00021
2117.41618,0.00042
2115.48775,0.00064
2113.55932,0.00060
2111.63089,0.00031
2109.70245,0.00013
2107.77402,0.00019
2105.84559,0.00024
2103.91716,0.00022
2101.98873,0.00028
2100.06030,0.00031
2098.13187,0.00028
2096.20344,0.00028
2094.27501,0.00032
2092.34658,0.00039
2090.41815,0.00047
2088.48972,0.00048
2086.56129,0.00035
2084.63286,0.00013
2082.70443,0.00000
2080.77600,0.00003
2078.84757,0.00019
2076.91914,0.00034
2074.99071,0.00040
2073.06228,0.00034
2071.13385,0.00020
2069.20542,0.00013
2067.27699,0.00027
2065.34856,0.00051
2063.42013,0.00059
2061.49170,0.00045
2059.56327,0.00026
2057.63484,0.00011
2055.70641,0.00005
2053.77798,0.00008
2051.84955,0.00010
2049.92112,0.00010
2047.99269,0.00016
2046.06426,0.00020
2044.13583,0.00014
2042.20740,0.00012
2040.27897,0.00027
2038.35054,0.00037
2036.42211,0.00027
2034.49368,0.00019
2032.56525,0.00017
2030.63682,0.00012
2028.70839,0.00010
2026.77996,0.00008
2024.85153,0.00007
2022.92310,0.00013
2020.99467,0.00022
2019.06624,0.00022
2017.13781,0.00018
2015.20938,0.00015
2013.28095,0.00008
2011.35252,0.00005
2009.42409,0.00009
2007.49566,0.00012
2005.56723,0.00013
2003.63880,0.00011
2001.71037,0.00004
1999.78194,0.00006
1997.85351,0.00027
1995.92508,0.00050
1993.99665,0.00053
1992.06822,0.00042
1990.13979,0.00030
1988.21136,0.00019
1986.28293,0.00012
1984.35450,0.00006
1982.42607,0.00001
1980.49764,-0.00006
1978.56921,-0.00011
1976.64078,-0.00010
1974.71235,-0.00011
1972.78392,-0.00008
1970.85549,0.00003
1968.92706,0.00019
1966.99863,0.00043
1965.07020,0.00065
1963.14177,0.00063
1961.21334,0.00044
1959.28491,0.00028
1957.35648,0.00015
1955.42805,0.00011
1953.49962,0.00020
1951.57119,0.00026
1949.64276,0.00018
1947.71433,0.00002
1945.78590,-0.00003
1943.85747,0.00010
1941.92904,0.00019
1940.00061,0.00015
1938.07218,0.00003
1936.14375,-0.00012
1934.21532,-0.00017
1932.28689,-0.00005
1930.35846,0.00011
1928.43003,0.00014
1926.50160,0.00007
1924.57317,-0.00001
1922.64474,0.00012
1920.71631,0.00035
1918.78788,0.00038
1916.85945,0.00029
1914.93102,0.00028
1913.00259,0.00028
1911.07416,0.00019
1909.14573,0.00013
1907.21730,0.00018
1905.28887,0.00025
1903.36044,0.00022
1901.43201,0.00013
1899.50358,0.00007
1897.57515,0.00016
1895.64672,0.00043
1893.71829,0.00066
1891.78986,0.00058
1889.86143,0.00036
1887.93300,0.00033
1886.00457,0.00039
1884.07614,0.00038
1882.14771,0.00037
1880.21928,0.00040
1878.29085,0.00042
1876.36242,0.00051
1874.43399,0.00074
1872.50556,0.00085
1870.57713,0.00054
1868.64870,0.00009
1866.72027,0.00012
1864.79184,0.00050
1862.86341,0.00079
1860.93498,0.00083
1859.00655,0.00074
1857.07812,0.00062
1855.14969,0.00060
1853.22126,0.00075
1851.29283,0.00094
1849.36440,0.00101
1847.43597,0.00096
1845.50754,0.00101
1843.57911,0.00123
1841.65068,0.00145
1839.72225,0.00147
1837.79382,0.00137
1835.86539,0.00151
1833.93696,0.00162
1832.00853,0.00107
1830.08010,0.00019
1828.15167,-0.00005
1826.22324,0.00020
1824.29481,0.00052
1822.36638,0.00079
1820.43795,0.00098
1818.50952,0.00107
1816.58109,0.00096
1814.65266,0.00060
1812.72423,0.00027
1810.79580,0.00025
1808.86737,0.00044
1806.93894,0.00057
1805.01051,0.00067
1803.08208,0.00092
1801.15365,0.00121
1799.22522,0.00136
1797.29679,0.00144
1795.36836,0.00136
1793.43993,0.00097
1791.51150,0.00081
1789.58307,0.00124
1787.65464,0.00173
1785.72621,0.00185
1783.79778,0.00153
1781.86935,0.00104
1779.94092,0.00091
1778.01249,0.00115
1776.08406,0.00095
1774.15563,0.00016
1772.22720,0.00000
1770.29877,0.00124
1768.37034,0.00237
1766.44191,0.00241
1764.51348,0.00183
1762.58505,0.00130
1760.65662,0.00118
1758.72819,0.00130
1756.79976,0.00144
1754.87133,0.00167
1752.94290,0.00194
1751.01447,0.00182
1749.08604,0.00124
1747.15761,0.00114
1745.22918,0.00162
1743.30075,0.00193
1741.37232,0.00192
1739.44389,0.00197
1737.51546,0.00204
1735.58703,0.00177
1733.65860,0.00144
1731.73017,0.00174
1729.80174,0.00217
1727.87331,0.00243
1725.94488,0.00255
1724.01645,0.00270
1722.08802,0.00260
1720.15959,0.00162
1718.23116,0.00015
1716.30273,0.00027
1714.37430,0.00210
1712.44587,0.00392
1710.51744,0.00487
1708.58901,0.00506
1706.66058,0.00538
1704.73215,0.00674
1702.80372,0.00845
1700.87529,0.00963
1698.94686,0.01040
1697.01843,0.01155
1695.09000,0.01333
1693.16157,0.01494
1691.23314,0.01603
1689.30471,0.01661
1687.37628,0.01658
1685.44785,0.01655
1683.51942,0.01825
1681.59099,0.02097
1679.66256,0.02297
1677.73413,0.02395
1675.80570,0.02455
1673.87727,0.02501
1671.94884,0.02527
1670.02041,0.02606
1668.09198,0.02816
1666.16355,0.03008
1664.23512,0.03114
1662.30669,0.03251
1660.37826,0.03490
1658.44983,0.03690
1656.52140,0.03728
1654.59297,0.03665
1652.66454,0.03697
1650.73611,0.03859
1648.80768,0.03864
1646.87925,0.03646
1644.95082,0.03545
1643.02239,0.03593
1641.09396,0.03575
1639.16553,0.03398
1637.23710,0.03123
1635.30867,0.02914
1633.38024,0.02854
1631.45181,0.02814
1629.52338,0.02680
1627.59495,0.02467
1625.66652,0.02262
1623.73809,0.02117
1621.80966,0.02053
1619.88123,0.01960
1617.95280,0.01743
1616.02437,0.01519
1614.09594,0.01430
1612.16751,0.01366
1610.23908,0.01222
1608.31065,0.01045
1606.38222,0.00916
1604.45379,0.00827
1602.52536,0.00754
1600.59693,0.00693
1598.66850,0.00632
1596.74007,0.00575
1594.81164,0.00547
1592.88321,0.00552
1590.95478,0.00567
1589.02635,0.00580
1587.09792,0.00601
1585.16949,0.00638
1583.24106,0.00691
1581.31263,0.00732
1579.38420,0.00718
1577.45577,0.00679
1575.52734,0.00751
1573.59891,0.00929
1571.67048,0.01059
1569.74205,0.01113
1567.81362,0.01192
1565.88519,0.01321
1563.95676,0.01431
1562.02833,0.01433
1560.09990,0.01383
1558.17147,0.01480
1556.24304,0.01748
1554.31461,0.01972
1552.38618,0.02105
1550.45775,0.02179
1548.52932,0.02217
1546.60089,0.02186
1544.67246,0.02017
1542.74403,0.01718
1540.81560,0.01493
1538.88717,0.01718
1536.95874,0.02051
1535.03031,0.02146
1533.10188,0.02041
1531.17345,0.01965
1529.24502,0.01941
1527.31659,0.01890
1525.38816,0.01814
1523.45973,0.01726
1521.53130,0.01680
1519.60287,0.01708
1517.67444,0.01657
1515.74601,0.01551
1513.81758,0.01506
1511.88915,0.01456
1509.96072,0.01258
1508.03229,0.00892
1506.10385,0.00655
1504.17542,0.00759
1502.24699,0.00905
1500.31856,0.00847
1498.39013,0.00641
1496.46170,0.00489
1494.53327,0.00437
1492.60484,0.00351
1490.67641,0.00162
1488.74798,0.00006
1486.81955,0.00000
1484.89112,0.00063
1482.96269,0.00091
1481.03426,0.00088
1479.10583,0.00090
1477.17740,0.00081
1475.24897,0.00025
1473.32054,-0.00018
1471.39211,0.00053
1469.46368,0.00173
1467.53525,0.00221
1465.60682,0.00205
1463.67839,0.00222
1461.74996,0.00225
1459.82153,0.00103
1457.89310,-0.00039
1455.96467,0.00050
1454.03624,0.00231
1452.10781,0.00316
1450.17938,0.00274
1448.25095,0.00183
1446.32252,0.00138
1444.39409,0.00142
1442.46566,0.00156
1440.53723,0.00160
1438.60880,0.00163
1436.68037,0.00162
1434.75194,0.00145
1432.82351,0.00105
1430.89508,0.00047
1428.96665,0.00017
1427.03822,0.00033
1425.10979,0.00058
1423.18136,0.00091
1421.25293,0.00153
1419.32450,0.00218
1417.39607,0.00230
1415.46764,0.00200
1413.53921,0.00171
1411.61078,0.00159
1409.68235,0.00163
1407.75392,0.00160
1405.82549,0.00153
1403.89706,0.00167
1401.96863,0.00192
1400.04020,0.00222
1398.11177,0.00258
1396.18334,0.00269
1394.25491,0.00259
1392.32648,0.00277
1390.39805,0.00298
1388.46962,0.00266
1386.54119,0.00188
1384.61276,0.00136
1382.68433,0.00135
1380.75590,0.00155
1378.82747,0.00149
1376.89904,0.00083
1374.97061,0.00008
1373.04218,0.00000
1371.11375,0.00023
1369.18532,0.00021
1367.25689,0.00001
1365.32846,-0.00008
1363.40003,-0.00002
1361.47160,0.00006
1359.54317,0.00010
1357.61474,0.00011
1355.68631,0.00003
1353.75788,-0.00005
1351.82945,-0.00010
1349.90102,-0.00010
1347.97259,-0.00008
1346.04416,0.00000
1344.11573,0.00004
1342.18730,0.00023
1340.25887,0.00061
1338.33044,0.00082
1336.40201,0.00052
1334.47358,0.00003
1332.54515,-0.00023
1330.61672,-0.00024
1328.68829,-0.00020
1326.75986,-0.00017
1324.83143,-0.00005
1322.90300,0.00000
1320.97457,-0.00016
1319.04614,-0.00023
1317.11771,-0.00006
1315.18928,0.00005
1313.26085,-0.00003
1311.33242,-0.00019
1309.40399,-0.00034
1307.47556,-0.00042
1305.54713,-0.00046
1303.61870,-0.00054
1301.69027,-0.00058
1299.76184,-0.00043
1297.83341,-0.00013
1295.90498,0.00004
1293.97655,0.00004
1292.04812,0.00000
1290.11969,0.00015
1288.19126,0.00028
1286.26283,0.00033
1284.33440,0.00033
1282.40597,0.00033
1280.47754,0.00039
1278.54911,0.00051
1276.62068,0.00068
1274.69225,0.00087
1272.76382,0.00109
1270.83539,0.00146
1268.90696,0.00205
1266.97853,0.00282
1265.05010,0.00366
1263.12167,0.00462
1261.19324,0.00578
1259.26481,0.00722
1257.33638,0.00877
1255.40795,0.01042
1253.47952,0.01230
1251.55109,0.01433
1249.62266,0.01635
1247.69423,0.01826
1245.76580,0.02003
1243.83737,0.02179
1241.90894,0.02367
1239.98051,0.02562
1238.05208,0.02736
1236.12365,0.02880
1234.19522,0.03016
1232.26679,0.03155
1230.33836,0.03288
1228.40993,0.03421
1226.48150,0.03562
1224.55307,0.03701
1222.62464,0.03830
1220.69621,0.03952
1218.76778,0.04068
1216.83935,0.04187
1214.91092,0.04320
1212.98249,0.04448
1211.05406,0.04558
1209.12563,0.04661
1207.19720,0.04773
1205.26877,0.04883
1203.34034,0.04980
1201.41191,0.05081
1199.48348,0.05221
1197.55505,0.05354
1195.62662,0.05461
1193.69819,0.05579
1191.76976,0.05721
1189.84133,0.05874
1187.91290,0.06043
1185.98447,0.06219
1184.05604,0.06388
1182.12761,0.06562
1180.19918,0.06744
1178.27075,0.06926
1176.34232,0.07121
1174.41389,0.07336
1172.48546,0.07550
1170.55703,0.07750
1168.62860,0.07951
1166.70017,0.08164
1164.77174,0.08375
1162.84331,0.08562
1160.91488,0.08746
1158.98645,0.08967
1157.05802,0.09230
1155.12959,0.09519
1153.20116,0.09807
1151.27273,0.10069
1149.34430,0.10309
1147.41587,0.10535
1145.48744,0.10746
1143.55901,0.10938
1141.63058,0.11091
1139.70215,0.11210
1137.77372,0.11354
1135.84529,0.11547
1133.91686,0.11761
1131.98843,0.11981
1130.06000,0.12206
1128.13157,0.12450
1126.20314,0.12758
1124.27471,0.13120
1122.34628,0.13494
1120.41785,0.13886
1118.48942,0.14324
1116.56099,0.14809
1114.63256,0.15326
1112.70413,0.15880
1110.77570,0.16458
1108.84727,0.17026
1106.91884,0.17601
1104.99041,0.18213
1103.06198,0.18855
1101.13355,0.19530
1099.20512,0.20257
1097.27669,0.21039
1095.34826,0.21836
1093.41983,0.22585
1091.49140,0.23238
1089.56297,0.23781
1087.63454,0.24209
1085.70611,0.24534
1083.77768,0.24813
1081.84925,0.25089
1079.92082,0.25335
1077.99239,0.25512
1076.06396,0.25642
1074.13553,0.25760
1072.20710,0.25856
1070.27867,0.25896
1068.35024,0.25892
1066.42181,0.25867
1064.49338,0.25753
1062.56495,0.25497
1060.63652,0.25160
1058.70809,0.24818
1056.77966,0.24469
1054.85123,0.24090
1052.92280,0.23644
1050.99437,0.23078
1049.06594,0.22408
1047.13751,0.21693
1045.20908,0.20937
1043.28065,0.20099
1041.35222,0.19172
1039.42379,0.18183
1037.49536,0.17156
1035.56693,0.16132
1033.63850,0.15130
1031.71007,0.14145
1029.78164,0.13180
1027.85321,0.12235
1025.92478,0.11302
1023.99635,0.10381
1022.06792,0.09502
1020.13949,0.08692
1018.21106,0.07951
1016.28263,0.07276
1014.35420,0.06680
1012.42577,0.06158
1010.49734,0.05671
1008.56891,0.05186
1006.64048,0.04717
1004.71205,0.04284
1002.78362,0.03891
1000.85519,0.03554
998.92676,0.03270
996.99833,0.03023
995.06990,0.02801
993.14147,0.02618
991.21304,0.02507
989.28461,0.02469
987.35618,0.02468
985.42775,0.02482
983.49932,0.02504
981.57089,0.02536
979.64246,0.02585
977.71403,0.02638
975.78560,0.02678
973.85717,0.02683
971.92874,0.02642
970.00031,0.02577
968.07188,0.02523
966.14345,0.02482
964.21502,0.02439
962.28659,0.02392
960.35816,0.02349
958.42973,0.02308
956.50130,0.02258
954.57287,0.02198
952.64444,0.02136
950.71601,0.02072
948.78758,0.02008
946.85915,0.01943
944.93072,0.01882
943.00229,0.01833
941.07386,0.01787
939.14543,0.01709
937.21700,0.01592
935.28857,0.01486
933.36014,0.01422
931.43171,0.01376
929.50328,0.01336
927.57485,0.01294
925.64642,0.01221
923.71799,0.01135
921.78956,0.01067
919.86113,0.00992
917.93270,0.00892
916.00427,0.00798
914.07584,0.00735
912.14741,0.00701
910.21898,0.00679
908.29055,0.00629
906.36212,0.00539
904.43368,0.00454
902.50525,0.00398
900.57682,0.00353
898.64839,0.00328
896.71996,0.00330
894.79153,0.00319
892.86310,0.00277
890.93467,0.00228
889.00624,0.00194
887.07781,0.00169
885.14938,0.00136
883.22095,0.00096
881.29252,0.00065
879.36409,0.00053
877.43566,0.00054
875.50723,0.00051
873.57880,0.00031
871.65037,0.00026
869.72194,0.00051
867.79351,0.00103
865.86508,0.00125
863.93665,0.00078
862.00822,0.00006
860.07979,0.00000
858.15136,0.00034
856.22293,0.00062
854.29450,0.00097
852.36607,0.00159
850.43764,0.00229
848.50921,0.00294
846.58078,0.00372
844.65235,0.00465
842.72392,0.00562
840.79549,0.00670
838.86706,0.00781
836.93863,0.00881
835.01020,0.00997
833.08177,0.01148
831.15334,0.01323
829.22491,0.01503
827.29648,0.01669
825.36805,0.01807
823.43962,0.01920
821.51119,0.02021
819.58276,0.02116
817.65433,0.02229
815.72590,0.02379
813.79747,0.02540
811.86904,0.02655
809.94061,0.02725
808.01218,0.02810
806.08375,0.02917
804.15532,0.02982
802.22689,0.02997
800.29846,0.03011
798.37003,0.03035
796.44160,0.03028
794.51317,0.02982
792.58474,0.02924
790.65631,0.02872
788.72788,0.02805
786.79945,0.02696
784.87102,0.02530
782.94259,0.02312
781.01416,0.02075
779.08573,0.01839
777.15730,0.01590
775.22887,0.01315
773.30044,0.01010
771.37201,0.00737
769.44358,0.00588
767.51515,0.00568
765.58672,0.00597
763.65829,0.00629
761.72986,0.00650
759.80143,0.00599
757.87300,0.00460
755.94457,0.00347
754.01614,0.00353
752.08771,0.00413
750.15928,0.00413
748.23085,0.00361
746.30242,0.00340
744.37399,0.00343
742.44556,0.00319
740.51713,0.00257
738.58870,0.00194
736.66027,0.00164
734.73184,0.00134
732.80341,0.00089
730.87498,0.00073
728.94655,0.00085
727.01812,0.00087
725.08969,0.00090
723.16126,0.00185
721.23283,0.00243
719.30440,0.00205
717.37597,0.00113
715.44754,0.00062
713.51911,0.00054
711.59068,0.00033
709.66225,0.00014
707.73382,0.00059
705.80539,0.00166
703.87696,0.00241
701.94853,0.00232
700.02010,0.00179
698.09167,0.00140
696.16324,0.00113
694.23481,0.00078
692.30638,0.00077
690.37795,0.00141
688.44952,0.00167
686.52109,0.00096
684.59266,0.00051
682.66423,0.00116
680.73580,0.00227
678.80737,0.00314
676.87894,0.00336
674.95051,0.00267
673.02208,0.00203
671.09365,0.00360
669.16522,0.00638
667.23679,0.00655
665.30836,0.00677
663.37993,0.01009
661.45150,0.01394
659.52307,0.01516
657.59464,0.01389
655.66621,0.01137
653.73778,0.00870
651.80935,0.00681
649.88092,0.00545
647.95249,0.00423
646.02406,0.00390
644.09563,0.00398
642.16720,0.00407
640.23877,0.00394
638.31034,0.00372
636.38191,0.00347
634.45348,0.00353
632.52505,0.00355
630.59662,0.00261
628.66819,0.00154
626.73976,0.00160
624.81133,0.00133
622.88290,0.00000
620.95447,-0.00005
619.02604,0.00224
617.09761,0.00417
615.16918,0.00329
613.24075,0.00136
611.31232,0.00003
609.38389,-0.00003
607.45546,0.00086
605.52703,0.00130
603.59860,0.00070
601.67017,0.00005
599.74174,0.00000
