4001.49232,0.00216
3999.56389,0.00366
3997.63546,0.00350
3995.70703,0.00281
3993.77860,0.00255
3991.85017,0.00264
3989.92174,0.00249
3987.99331,0.00194
3986.06488,0.00149
3984.13645,0.00143
3982.20802,0.00150
3980.27959,0.00156
3978.35116,0.00176
3976.42273,0.00191
3974.49430,0.00164
3972.56587,0.00129
3970.63744,0.00119
3968.70901,0.00100
3966.78058,0.00066
3964.85215,0.00078
3962.92372,0.00129
3960.99529,0.00118
3959.06686,0.00051
3957.13843,0.00011
3955.21000,-0.00004
3953.28157,0.00000
3951.35314,0.00080
3949.42471,0.00212
3947.49628,0.00253
3945.56785,0.00209
3943.63942,0.00189
3941.71099,0.00130
3939.78256,0.00029
3937.85413,-0.00019
3935.92570,0.00004
3933.99727,0.00112
3932.06884,0.00211
3930.14041,0.00177
3928.21198,0.00096
3926.28355,0.00120
3924.35512,0.00172
3922.42669,0.00165
3920.49826,0.00215
3918.56982,0.00316
3916.64139,0.00309
3914.71296,0.00167
3912.78453,0.00065
3910.85610,0.00030
3908.92767,0.00000
3906.99924,0.00061
3905.07081,0.00289
3903.14238,0.00510
3901.21395,0.00572
3899.28552,0.00505
3897.35709,0.00330
3895.42866,0.00232
3893.50023,0.00334
3891.57180,0.00433
3889.64337,0.00330
3887.71494,0.00328
3885.78651,0.00461
3883.85808,0.00466
3881.92965,0.00515
3880.00122,0.00510
3878.07279,0.00313
3876.14436,0.00285
3874.21593,0.00393
3872.28750,0.00469
3870.35907,0.00544
3868.43064,0.00428
3866.50221,0.00370
3864.57378,0.00511
3862.64535,0.00559
3860.71692,0.00462
3858.78849,0.00370
3856.86006,0.00432
3854.93163,0.00642
3853.00320,0.00682
3851.07477,0.00404
3849.14634,0.00255
3847.21791,0.00267
3845.28948,0.00322
3843.36105,0.00343
3841.43262,0.00349
3839.50419,0.00420
3837.57576,0.00435
3835.64733,0.00346
3833.71890,0.00333
3831.79047,0.00370
3829.86204,0.00342
3827.93361,0.00331
3826.00518,0.00290
3824.07675,0.00291
3822.14832,0.00489
3820.21989,0.00554
3818.29146,0.00507
3816.36303,0.00590
3814.43460,0.00487
3812.50617,0.00319
3810.57774,0.00297
3808.64931,0.00367
3806.72088,0.00328
3804.79245,0.00182
3802.86402,0.00283
3800.93559,0.00355
3799.00716,0.00208
3797.07873,0.00158
3795.15030,0.00087
3793.22187,-0.00000
3791.29344,0.00009
3789.36501,0.00041
3787.43658,0.00089
3785.50815,0.00131
3783.57972,0.00082
3781.65129,0.00068
3779.72286,0.00137
3777.79443,0.00090
3775.86600,0.00003
3773.93757,0.00000
3772.00914,0.00093
3770.08071,0.00219
3768.15228,0.00250
3766.22385,0.00266
3764.29542,0.00236
3762.36699,0.00238
3760.43856,0.00390
3758.51013,0.00525
3756.58170,0.00537
3754.65327,0.00570
3752.72484,0.00713
3750.79641,0.00840
3748.86798,0.00804
3746.93955,0.00904
3745.01112,0.01201
3743.08269,0.01140
3741.15426,0.00907
3739.22583,0.00858
3737.29740,0.00969
3735.36897,0.01032
3733.44054,0.00870
3731.51211,0.00630
3729.58368,0.00496
3727.65525,0.00569
3725.72682,0.00655
3723.79839,0.00601
3721.86996,0.00477
3719.94153,0.00372
3718.01310,0.00311
3716.08467,0.00262
3714.15624,0.00291
3712.22781,0.00400
3710.29938,0.00426
3708.37095,0.00266
3706.44252,0.00121
3704.51409,0.00127
3702.58566,0.00212
3700.65723,0.00170
3698.72880,0.00071
3696.80037,0.00063
3694.87194,0.00044
3692.94351,0.00009
3691.01508,0.00061
3689.08665,0.00202
3687.15822,0.00216
3685.22979,0.00175
3683.30136,0.00179
3681.37293,0.00176
3679.44450,0.00167
3677.51607,0.00281
3675.58764,0.00389
3673.65921,0.00185
3671.73078,0.00214
3669.80235,0.00418
3667.87392,0.00290
3665.94549,0.00127
3664.01706,0.00106
3662.08863,0.00103
3660.16020,0.00103
3658.23177,0.00191
3656.30334,0.00247
3654.37491,0.00099
3652.44648,0.00020
3650.51805,0.00119
3648.58962,0.00217
3646.66119,0.00138
3644.73276,0.00075
3642.80433,0.00132
3640.87590,0.00172
3638.94747,0.00157
3637.01904,0.00166
3635.09061,0.00200
3633.16218,0.00184
3631.23375,0.00260
3629.30532,0.00466
3627.37689,0.00400
3625.44846,0.00201
3623.52003,0.00176
3621.59160,0.00320
3619.66317,0.00491
3617.73474,0.00507
3615.80631,0.00501
3613.87788,0.00606
3611.94945,0.00646
3610.02102,0.00652
3608.09259,0.00629
3606.16416,0.00431
3604.23573,0.00238
3602.30730,0.00192
3600.37887,0.00187
3598.45044,0.00167
3596.52201,0.00218
3594.59358,0.00289
3592.66515,0.00230
3590.73672,0.00191
3588.80829,0.00325
3586.87986,0.00367
3584.95143,0.00164
3583.02300,0.00020
3581.09457,0.00009
3579.16614,-0.00001
3577.23771,-0.00009
3575.30928,0.00026
3573.38085,0.00034
3571.45242,0.00000
3569.52399,0.00052
3567.59556,0.00197
3565.66713,0.00213
3563.73870,0.00112
3561.81027,0.00099
3559.88184,0.00145
3557.95341,0.00147
3556.02498,0.00131
3554.09655,0.00151
3552.16812,0.00160
3550.23969,0.00139
3548.31126,0.00208
3546.38283,0.00313
3544.45440,0.00272
3542.52597,0.00143
3540.59754,0.00077
3538.66911,0.00095
3536.74068,0.00131
3534.81225,0.00101
3532.88382,0.00046
3530.95539,0.00061
3529.02696,0.00141
3527.09853,0.00220
3525.17010,0.00276
3523.24167,0.00280
3521.31324,0.00208
3519.38481,0.00130
3517.45638,0.00082
3515.52795,0.00045
3513.59952,0.00026
3511.67109,0.00043
3509.74266,0.00079
3507.81423,0.00084
3505.88580,0.00152
3503.95737,0.00299
3502.02894,0.00322
3500.10051,0.00188
3498.17208,0.00090
3496.24365,0.00093
3494.31522,0.00121
3492.38679,0.00133
3490.45836,0.00153
3488.52993,0.00172
3486.60150,0.00139
3484.67307,0.00091
3482.74464,0.00094
3480.81621,0.00087
3478.88778,0.00043
3476.95935,0.00035
3475.03092,0.00066
3473.10249,0.00070
3471.17406,0.00036
3469.24563,0.00009
3467.31720,0.00012
3465.38877,0.00022
3463.46034,0.00039
3461.53191,0.00052
3459.60348,0.00052
3457.67505,0.00066
3455.74662,0.00081
3453.81819,0.00066
3451.88976,0.00018
3449.96133,0.00000
3448.03290,0.00059
3446.10447,0.00095
3444.17604,0.00083
3442.24761,0.00092
3440.31918,0.00092
3438.39075,0.00087
3436.46232,0.00090
3434.53389,0.00085
3432.60546,0.00066
3430.67703,0.00043
3428.74860,0.00021
3426.82017,-0.00008
3424.89174,-0.00025
3422.96331,0.00028
3421.03488,0.00125
3419.10645,0.00145
3417.17802,0.00082
3415.24959,0.00022
3413.32116,0.00008
3411.39273,0.00012
3409.46430,0.00005
3407.53587,0.00000
3405.60744,0.00017
3403.67901,0.00056
3401.75058,0.00096
3399.82215,0.00228
3397.89372,0.00261
3395.96529,0.00238
3394.03686,0.00222
3392.10843,0.00196
3390.18000,0.00137
3388.25157,0.00120
3386.32314,0.00158
3384.39471,0.00183
3382.46628,0.00164
3380.53785,0.00118
3378.60942,0.00075
3376.68099,0.00066
3374.75256,0.00067
3372.82413,0.00055
3370.89570,0.00071
3368.96727,0.00146
3367.03884,0.00232
3365.11041,0.00257
3363.18198,0.00243
3361.25355,0.00236
3359.32512,0.00237
3357.39669,0.00267
3355.46826,0.00298
3353.53983,0.00273
3351.61140,0.00227
3349.68297,0.00211
3347.75454,0.00211
3345.82611,0.00216
3343.89768,0.00230
3341.96925,0.00257
3340.04082,0.00296
3338.11239,0.00356
3336.18396,0.00405
3334.25553,0.00397
3332.32710,0.00360
3330.39867,0.00349
3328.47024,0.00376
3326.54181,0.00399
3324.61338,0.00398
3322.68495,0.00408
3320.75652,0.00446
3318.82809,0.00482
3316.89966,0.00502
3314.97122,0.00525
3313.04279,0.00562
3311.11436,0.00603
3309.18593,0.00627
3307.25750,0.00609
3305.32907,0.00574
3303.40064,0.00562
3301.47221,0.00584
3299.54378,0.00617
3297.61535,0.00635
3295.68692,0.00654
3293.75849,0.00701
3291.83006,0.00746
3289.90163,0.00747
3287.97320,0.00720
3286.04477,0.00701
3284.11634,0.00703
3282.18791,0.00707
3280.25948,0.00698
3278.33105,0.00701
3276.40262,0.00731
3274.47419,0.00757
3272.54576,0.00743
3270.61733,0.00695
3268.68890,0.00643
3266.76047,0.00611
3264.83204,0.00611
3262.90361,0.00624
3260.97518,0.00631
3259.04675,0.00639
3257.11832,0.00660
3255.18989,0.00678
3253.26146,0.00654
3251.33303,0.00589
3249.40460,0.00528
3247.47617,0.00526
3245.54774,0.00570
3243.61931,0.00559
3241.69088,0.00494
3239.76245,0.00460
3237.83402,0.00457
3235.90559,0.00446
3233.97716,0.00425
3232.04873,0.00406
3230.12030,0.00388
3228.19187,0.00383
3226.26344,0.00380
3224.33501,0.00367
3222.40658,0.00378
3220.47815,0.00423
3218.54972,0.00439
3216.62129,0.00421
3214.69286,0.00418
3212.76443,0.00398
3210.83600,0.00365
3208.90757,0.00344
3206.97914,0.00321
3205.05071,0.00305
3203.12228,0.00307
3201.19385,0.00316
3199.26542,0.00319
3197.33699,0.00299
3195.40856,0.00267
3193.48013,0.00257
3191.55170,0.00261
3189.62327,0.00255
3187.69484,0.00247
3185.76641,0.00257
3183.83798,0.00268
3181.90955,0.00258
3179.98112,0.00263
3178.05269,0.00281
3176.12426,0.00250
3174.19583,0.00192
3172.26740,0.00150
3170.33897,0.00124
3168.41054,0.00117
3166.48211,0.00127
3164.55368,0.00132
3162.62525,0.00120
3160.69682,0.00092
3158.76839,0.00054
3156.83996,0.00027
3154.91153,0.00024
3152.98310,0.00033
3151.05467,0.00033
3149.12624,0.00025
3147.19781,0.00026
3145.26938,0.00041
3143.34095,0.00055
3141.41252,0.00044
3139.48409,0.00015
3137.55566,0.00000
3135.62723,0.00012
3133.69880,0.00039
3131.77037,0.00041
3129.84194,0.00040
3127.91351,0.00055
3125.98508,0.00071
3124.05665,0.00101
3122.12822,0.00114
3120.19979,0.00095
3118.27136,0.00102
3116.34293,0.00120
3114.41450,0.00088
3112.48607,0.00032
3110.55764,-0.00000
3108.62921,-0.00016
3106.70078,-0.00039
3104.77235,-0.00039
3102.84392,0.00020
3100.91549,0.00073
3098.98706,0.00049
3097.05863,0.00017
3095.13020,0.00013
3093.20177,0.00007
3091.27334,-0.00001
3089.34491,0.00003
3087.41648,0.00014
3085.48805,0.00017
3083.55962,0.00025
3081.63119,0.00057
3079.70276,0.00081
3077.77433,0.00059
3075.84590,0.00020
3073.91747,0.00007
3071.98904,0.00011
3070.06061,0.00020
3068.13218,0.00062
3066.20375,0.00111
3064.27532,0.00104
3062.34689,0.00058
3060.41846,0.00036
3058.49003,0.00059
3056.56160,0.00090
3054.63317,0.00083
3052.70474,0.00060
3050.77631,0.00065
3048.84788,0.00074
3046.91945,0.00050
3044.99102,0.00007
3043.06259,-0.00019
3041.13416,-0.00026
3039.20573,-0.00017
3037.27730,0.00025
3035.34887,0.00096
3033.42044,0.00163
3031.49201,0.00177
3029.56358,0.00118
3027.63515,0.00048
3025.70672,0.00011
3023.77829,0.00000
3021.84986,0.00005
3019.92143,0.00009
3017.99300,0.00016
3016.06457,0.00051
3014.13614,0.00088
3012.20771,0.00092
3010.27928,0.00054
3008.35085,0.00007
3006.42242,0.00001
3004.49399,0.00025
3002.56556,0.00032
3000.63713,0.00016
2998.70870,0.00000
2996.78027,0.00005
2994.85184,0.00036
2992.92341,0.00069
2990.99498,0.00090
2989.06655,0.00104
2987.13812,0.00105
2985.20969,0.00086
2983.28126,0.00069
2981.35283,0.00075
2979.42440,0.00080
2977.49597,0.00079
2975.56754,0.00110
2973.63911,0.00171
2971.71068,0.00205
2969.78225,0.00210
2967.85382,0.00230
2965.92539,0.00272
2963.99696,0.00299
2962.06853,0.00298
2960.14010,0.00290
2958.21167,0.00280
2956.28324,0.00262
2954.35481,0.00236
2952.42638,0.00211
2950.49795,0.00202
2948.56952,0.00213
2946.64109,0.00218
2944.71266,0.00201
2942.78423,0.00182
2940.85580,0.00190
2938.92737,0.00229
2936.99894,0.00281
2935.07051,0.00322
2933.14208,0.00336
2931.21365,0.00333
2929.28522,0.00330
2927.35679,0.00327
2925.42836,0.00303
2923.49993,0.00264
2921.57150,0.00226
2919.64307,0.00181
2917.71464,0.00134
2915.78621,0.00108
2913.85778,0.00107
2911.92935,0.00110
2910.00092,0.00106
2908.07249,0.00095
2906.14406,0.00087
2904.21563,0.00076
2902.28720,0.00052
2900.35877,0.00023
2898.43034,0.00007
2896.50191,0.00001
2894.57348,-0.00002
2892.64505,0.00000
2890.71662,0.00017
2888.78819,0.00039
2886.85976,0.00032
2884.93133,0.00012
2883.00290,0.00020
2881.07447,0.00047
2879.14604,0.00059
2877.21761,0.00060
2875.28918,0.00077
2873.36075,0.00106
2871.43232,0.00111
2869.50389,0.00085
2867.57546,0.00065
2865.64703,0.00070
2863.71860,0.00077
2861.79017,0.00080
2859.86174,0.00076
2857.93331,0.00066
2856.00488,0.00049
2854.07645,0.00025
2852.14802,0.00004
2850.21959,-0.00004
2848.29116,0.00001
2846.36273,-0.00001
2844.43430,-0.00014
2842.50587,-0.00019
2840.57744,-0.00009
2838.64901,0.00006
2836.72058,0.00021
2834.79215,0.00031
2832.86372,0.00031
2830.93529,0.00027
2829.00686,0.00026
2827.07843,0.00026
2825.15000,0.00028
2823.22157,0.00036
2821.29314,0.00039
2819.36471,0.00033
2817.43628,0.00034
2815.50785,0.00038
2813.57942,0.00026
2811.65099,0.00015
2809.72256,0.00017
2807.79413,0.00023
2805.86570,0.00031
2803.93727,0.00048
2802.00884,0.00064
2800.08041,0.00068
2798.15198,0.00058
2796.22355,0.00039
2794.29512,0.00030
2792.36669,0.00042
2790.43826,0.00050
2788.50983,0.00023
2786.58140,-0.00017
2784.65297,-0.00031
2782.72454,-0.00015
2780.79611,0.00009
2778.86768,0.00027
2776.93925,0.00030
2775.01082,0.00022
2773.08239,0.00010
2771.15396,0.00001
2769.22553,0.00009
2767.29710,0.00030
2765.36867,0.00045
2763.44024,0.00044
2761.51181,0.00032
2759.58338,0.00027
2757.65495,0.00025
2755.72652,0.00012
2753.79809,0.00000
2751.86966,-0.00004
2749.94123,0.00000
2748.01280,0.00009
2746.08437,0.00026
2744.15594,0.00036
2742.22751,0.00024
2740.29908,0.00000
2738.37065,-0.00008
2736.44222,-0.00002
2734.51379,0.00002
2732.58536,0.00005
2730.65693,0.00009
2728.72850,0.00002
2726.80007,0.00002
2724.87164,0.00011
2722.94321,0.00020
2721.01478,0.00028
2719.08635,0.00025
2717.15792,0.00009
2715.22949,0.00000
2713.30105,0.00007
2711.37262,0.00013
2709.44419,0.00008
2707.51576,0.00006
2705.58733,0.00011
2703.65890,0.00014
2701.73047,0.00013
2699.80204,0.00011
2697.87361,0.00012
2695.94518,0.00019
2694.01675,0.00031
2692.08832,0.00037
2690.15989,0.00024
2688.23146,0.00001
2686.30303,-0.00007
2684.37460,-0.00001
2682.44617,0.00007
2680.51774,0.00011
2678.58931,0.00003
2676.66088,-0.00007
2674.73245,-0.00006
2672.80402,0.00000
2670.87559,0.00002
2668.94716,0.00002
2667.01873,0.00006
2665.09030,0.00012
2663.16187,0.00014
2661.23344,0.00004
2659.30501,0.00000
2657.37658,0.00009
2655.44815,0.00021
2653.51972,0.00019
2651.59129,0.00012
2649.66286,0.00013
2647.73443,0.00029
2645.80600,0.00049
2643.87757,0.00050
2641.94914,0.00032
2640.02071,0.00014
2638.09228,0.00005
2636.16385,0.00009
2634.23542,0.00022
2632.30699,0.00019
2630.37856,-0.00004
2628.45013,-0.00019
2626.52170,-0.00014
2624.59327,-0.00004
2622.66484,-0.00006
2620.73641,-0.00015
2618.80798,-0.00012
2616.87955,0.00000
2614.95112,0.00004
2613.02269,0.00008
2611.09426,0.00020
2609.16583,0.00028
2607.23740,0.00023
2605.30897,0.00017
2603.38054,0.00021
2601.45211,0.00028
2599.52368,0.00019
2597.59525,0.00000
2595.66682,-0.00004
2593.73839,0.00007
2591.80996,0.00008
2589.88153,0.00003
2587.95310,0.00002
2586.02467,-0.00001
2584.09624,-0.00007
2582.16781,-0.00003
2580.23938,0.00011
2578.31095,0.00020
2576.38252,0.00014
2574.45409,0.00010
2572.52566,0.00014
2570.59723,0.00019
2568.66880,0.00015
2566.74037,0.00003
2564.81194,0.00000
2562.88351,0.00006
2560.95508,0.00007
2559.02665,0.00003
2557.09822,0.00005
2555.16979,0.00006
2553.24136,0.00010
2551.31293,0.00030
2549.38450,0.00047
2547.45607,0.00045
2545.52764,0.00033
2543.59921,0.00020
2541.67078,0.00011
2539.74235,0.00012
2537.81392,0.00018
2535.88549,0.00026
2533.95706,0.00035
2532.02863,0.00040
2530.10020,0.00034
2528.17177,0.00029
2526.24334,0.00023
2524.31491,0.00007
2522.38648,-0.00003
2520.45805,0.00008
2518.52962,0.00031
2516.60119,0.00035
2514.67276,0.00019
2512.74433,0.00005
2510.81590,0.00006
2508.88747,0.00022
2506.95904,0.00036
2505.03061,0.00027
2503.10218,0.00010
2501.17375,0.00006
2499.24532,0.00013
2497.31689,0.00022
2495.38846,0.00027
2493.46003,0.00025
2491.53160,0.00018
2489.60317,0.00016
2487.67474,0.00015
2485.74631,0.00007
2483.81788,0.00000
2481.88945,-0.00002
2479.96102,-0.00003
2478.03259,-0.00006
2476.10416,-0.00006
2474.17573,-0.00001
2472.24730,0.00005
2470.31887,0.00007
2468.39044,0.00013
2466.46201,0.00027
2464.53358,0.00034
2462.60515,0.00024
2460.67672,0.00006
2458.74829,-0.00000
2456.81986,0.00000
2454.89143,0.00002
2452.96300,0.00005
2451.03457,0.00005
2449.10614,0.00003
2447.17771,0.00007
2445.24928,0.00017
2443.32085,0.00018
2441.39242,0.00011
2439.46399,0.00002
2437.53556,-0.00008
2435.60713,-0.00010
2433.67870,-0.00006
2431.75027,0.00004
2429.82184,0.00013
2427.89341,0.00022
2425.96498,0.00023
2424.03655,0.00013
2422.10812,0.00011
2420.17969,0.00009
2418.25126,0.00007
2416.32283,0.00005
2414.39440,0.00004
2412.46597,0.00003
2410.53754,0.00002
2408.60911,0.00001
2406.68068,0.00000
2404.75225,-0.00000
2402.82382,-0.00000
2400.89539,0.00000
2398.96696,-0.00007
2397.03853,-0.00015
2395.11010,-0.00022
2393.18167,-0.00028
2391.25324,-0.00035
2389.32481,-0.00041
2387.39638,-0.00047
2385.46795,-0.00053
2383.53952,-0.00059
2381.61109,-0.00064
2379.68266,-0.00069
2377.75423,-0.00074
2375.82580,-0.00079
2373.89737,-0.00083
2371.96894,-0.00087
2370.04051,-0.00091
2368.11208,-0.00095
2366.18365,-0.00099
2364.25522,-0.00102
2362.32679,-0.00105
2360.39836,-0.00108
2358.46993,-0.00111
2356.54150,-0.00113
2354.61307,-0.00115
2352.68464,-0.00117
2350.75621,-0.00119
2348.82778,-0.00120
2346.89935,-0.00122
2344.97092,-0.00123
2343.04249,-0.00123
2341.11406,-0.00124
2339.18563,-0.00124
2337.25720,-0.00124
2335.32877,-0.00124
2333.40034,-0.00124
2331.47191,-0.00123
2329.54348,-0.00123
2327.61505,-0.00122
2325.68662,-0.00120
2323.75819,-0.00119
2321.82976,-0.00117
2319.90133,-0.00115
2317.97290,-0.00113
2316.04447,-0.00111
2314.11604,-0.00108
2312.18761,-0.00105
2310.25918,-0.00102
2308.33075,-0.00099
2306.40232,-0.00095
2304.47389,-0.00092
2302.54546,-0.00088
2300.61703,-0.00083
2298.68860,-0.00079
2296.76017,-0.00074
2294.83174,-0.00069
2292.90331,-0.00064
2290.97488,-0.00059
2289.04645,-0.00053
2287.11802,-0.00047
2285.18959,-0.00041
2283.26116,-0.00035
2281.33273,-0.00029
2279.40430,-0.00022
2277.47587,-0.00015
2275.54744,-0.00008
2273.61901,-0.00000
2271.69058,-0.00000
2269.76215,0.00000
2267.83372,-0.00000
2265.90529,-0.00000
2263.97686,0.00000
2262.04843,0.00001
2260.12000,0.00001
2258.19157,0.00002
2256.26314,0.00003
2254.33471,0.00005
2252.40628,0.00006
2250.47785,0.00008
2248.54942,0.00010
2246.62099,0.00013
2244.69256,0.00015
2242.76413,0.00018
2240.83570,0.00022
2238.90727,0.00031
2236.97884,0.00029
2235.05041,0.00016
2233.12198,0.00009
2231.19355,0.00014
2229.26512,0.00011
2227.33669,0.00001
2225.40826,0.00000
2223.47983,0.00001
2221.55140,0.00002
2219.62297,0.00007
2217.69454,0.00012
2215.76611,0.00011
2213.83768,0.00010
2211.90925,0.00015
2209.98082,0.00010
2208.05239,-0.00002
2206.12396,-0.00002
2204.19553,0.00006
2202.26710,0.00010
2200.33867,0.00010
2198.41024,0.00017
2196.48181,0.00028
2194.55338,0.00029
2192.62495,0.00023
2190.69652,0.00025
2188.76809,0.00022
2186.83966,0.00015
2184.91123,0.00014
2182.98280,0.00015
2181.05437,0.00009
2179.12594,0.00002
2177.19751,0.00000
2175.26908,0.00001
2173.34065,0.00014
2171.41222,0.00024
2169.48379,0.00018
2167.55536,0.00013
2165.62693,0.00024
2163.69850,0.00032
2161.77007,0.00018
2159.84164,-0.00001
2157.91321,0.00001
2155.98478,0.00015
2154.05635,0.00024
2152.12792,0.00027
2150.19949,0.00027
2148.27106,0.00027
2146.34263,0.00032
2144.41420,0.00046
2142.48577,0.00048
2140.55734,0.00038
2138.62891,0.00038
2136.70048,0.00043
2134.77205,0.00030
2132.84362,0.00015
2130.91519,0.00023
2128.98676,0.00032
2127.05833,0.00022
2125.12990,0.00007
2123.20147,0.00004
2121.27304,0.00005
2119.34461,0.00007
2117.41618,0.00025
2115.48775,0.00053
2113.55932,0.00050
2111.63089,0.00017
2109.70245,0.00000
2107.77402,0.00002
2105.84559,0.00005
2103.91716,0.00008
2101.98873,0.00015
2100.06030,0.00023
2098.13187,0.00027
2096.20344,0.00030
2094.27501,0.00042
2092.34658,0.00069
2090.41815,0.00088
2088.48972,0.00077
2086.56129,0.00053
2084.63286,0.00028
2082.70443,0.00004
2080.77600,-0.00002
2078.84757,0.00014
2076.91914,0.00033
2074.99071,0.00040
2073.06228,0.00038
2071.13385,0.00023
2069.20542,0.00005
2067.27699,0.00018
2065.34856,0.00064
2063.42013,0.00071
2061.49170,0.00045
2059.56327,0.00024
2057.63484,0.00006
2055.70641,-0.00003
2053.77798,0.00003
2051.84955,0.00004
2049.92112,-0.00006
2047.99269,-0.00006
2046.06426,0.00003
2044.13583,0.00006
2042.20740,0.00018
2040.27897,0.00029
2038.35054,0.00027
2036.42211,0.00025
2034.49368,0.00019
2032.56525,0.00006
2030.63682,0.00003
2028.70839,0.00017
2026.77996,0.00032
2024.85153,0.00034
2022.92310,0.00019
2020.99467,0.00000
2019.06624,0.00020
2017.13781,0.00058
2015.20938,0.00041
2013.28095,0.00010
2011.35252,0.00006
2009.42409,0.00018
2007.49566,0.00030
2005.56723,0.00034
2003.63880,0.00032
2001.71037,0.00025
1999.78194,0.00014
1997.85351,0.00001
1995.92508,-0.00011
1993.99665,0.00027
1992.06822,0.00078
1990.13979,0.00057
1988.21136,0.00029
1986.28293,0.00020
1984.35450,0.00012
1982.42607,0.00013
1980.49764,0.00011
1978.56921,0.00012
1976.64078,0.00019
1974.71235,0.00023
1972.78392,0.00012
1970.85549,0.00000
1968.92706,0.00027
1966.99863,0.00066
1965.07020,0.00044
1963.14177,0.00022
1961.21334,0.00033
1959.28491,0.00039
1957.35648,0.00045
1955.42805,0.00058
1953.49962,0.00058
1951.57119,0.00040
1949.64276,0.00013
1947.71433,-0.00014
1945.78590,-0.00013
1943.85747,0.00056
1941.92904,0.00090
1940.00061,0.00030
1938.07218,-0.00011
1936.14375,-0.00012
1934.21532,-0.00005
1932.28689,0.00005
1930.35846,0.00009
1928.43003,-0.00005
1926.50160,-0.00025
1924.57317,-0.00001
1922.64474,0.00030
1920.71631,0.00028
1918.78788,0.00068
1916.85945,0.00071
1914.93102,0.00021
1913.00259,0.00010
1911.07416,0.00030
1909.14573,0.00040
1907.21730,0.00016
1905.28887,0.00000
1903.36044,0.00006
1901.43201,0.00006
1899.50358,-0.00005
1897.57515,0.00011
1895.64672,0.00049
1893.71829,0.00042
1891.78986,0.00029
1889.86143,0.00049
1887.93300,0.00032
1886.00457,0.00017
1884.07614,0.00032
1882.14771,0.00033
1880.21928,0.00032
1878.29085,0.00039
1876.36242,0.00040
1874.43399,0.00015
1872.50556,-0.00024
1870.57713,-0.00001
1868.64870,0.00048
1866.72027,0.00016
1864.79184,0.00000
1862.86341,0.00047
1860.93498,0.00094
1859.00655,0.00100
1857.07812,0.00080
1855.14969,0.00065
1853.22126,0.00064
1851.29283,0.00063
1849.36440,0.00054
1847.43597,0.00052
1845.50754,0.00134
1843.57911,0.00198
1841.65068,0.00117
1839.72225,0.00068
1837.79382,0.00101
1835.86539,0.00115
1833.93696,0.00076
1832.00853,0.00052
1830.08010,0.00038
1828.15167,-0.00036
1826.22324,-0.00024
1824.29481,0.00045
1822.36638,0.00045
1820.43795,0.00061
1818.50952,0.00105
1816.58109,0.00089
1814.65266,0.00015
1812.72423,0.00000
1810.79580,0.00030
1808.86737,0.00028
1806.93894,0.00009
1805.01051,0.00014
1803.08208,0.00079
1801.15365,0.00153
1799.22522,0.00127
1797.29679,0.00048
1795.36836,0.00029
1793.43993,0.00100
1791.51150,0.00146
1789.58307,0.00095
1787.65464,0.00117
1785.72621,0.00186
1783.79778,0.00164
1781.86935,0.00119
1779.94092,0.00094
1778.01249,0.00030
1776.08406,-0.00040
1774.15563,-0.00043
1772.22720,0.00020
1770.29877,0.00089
1768.37034,0.00178
1766.44191,0.00172
1764.51348,0.00120
1762.58505,0.00137
1760.65662,0.00097
1758.72819,0.00077
1756.79976,0.00109
1754.87133,0.00059
1752.94290,0.00083
1751.01447,0.00189
1749.08604,0.00167
1747.15761,0.00076
1745.22918,0.00060
1743.30075,0.00090
1741.37232,0.00128
1739.44389,0.00114
1737.51546,0.00030
1735.58703,0.00139
1733.65860,0.00290
1731.73017,0.00219
1729.80174,0.00171
1727.87331,0.00163
1725.94488,0.00182
1724.01645,0.00205
1722.08802,0.00107
1720.15959,0.00000
1718.23116,0.00018
1716.30273,0.00098
1714.37430,0.00177
1712.44587,0.00280
1710.51744,0.00363
1708.58901,0.00421
1706.66058,0.00530
1704.73215,0.00631
1702.80372,0.00756
1700.87529,0.01026
1698.94686,0.01195
1697.01843,0.01432
1695.09000,0.01674
1693.16157,0.01733
1691.23314,0.01866
1689.30471,0.01978
1687.37628,0.01985
1685.44785,0.02215
1683.51942,0.02573
1681.59099,0.02729
1679.66256,0.02874
1677.73413,0.03061
1675.80570,0.03267
1673.87727,0.03311
1671.94884,0.03388
1670.02041,0.03718
1668.09198,0.03959
1666.16355,0.04068
1664.23512,0.04348
1662.30669,0.04729
1660.37826,0.04962
1658.44983,0.05060
1656.52140,0.05162
1654.59297,0.05424
1652.66454,0.05481
1650.73611,0.05212
1648.80768,0.05223
1646.87925,0.05297
1644.95082,0.05085
1643.02239,0.04930
1641.09396,0.04812
1639.16553,0.04599
1637.23710,0.04445
1635.30867,0.04271
1633.38024,0.03938
1631.45181,0.03743
1629.52338,0.03644
1627.59495,0.03411
1625.66652,0.03146
1623.73809,0.03017
1621.80966,0.02818
1619.88123,0.02582
1617.95280,0.02486
1616.02437,0.02281
1614.09594,0.01952
1612.16751,0.01772
1610.23908,0.01654
1608.31065,0.01472
1606.38222,0.01272
1604.45379,0.01131
1602.52536,0.01039
1600.59693,0.00940
1598.66850,0.00850
1596.74007,0.00810
1594.81164,0.00803
1592.88321,0.00796
1590.95478,0.00799
1589.02635,0.00810
1587.09792,0.00828
1585.16949,0.00875
1583.24106,0.00929
1581.31263,0.00920
1579.38420,0.00902
1577.45577,0.01040
1575.52734,0.01151
1573.59891,0.01089
1571.67048,0.01222
1569.74205,0.01482
1567.81362,0.01568
1565.88519,0.01633
1563.95676,0.01651
1562.02833,0.01653
1560.09990,0.01984
1558.17147,0.02314
1556.24304,0.02429
1554.31461,0.02650
1552.38618,0.02891
1550.45775,0.03073
1548.52932,0.03089
1546.60089,0.03015
1544.67246,0.02928
1542.74403,0.02784
1540.81560,0.02803
1538.88717,0.02925
1536.95874,0.02998
1535.03031,0.03191
1533.10188,0.03226
1531.17345,0.02973
1529.24502,0.02847
1527.31659,0.02815
1525.38816,0.02653
1523.45973,0.02558
1521.53130,0.02597
1519.60287,0.02532
1517.67444,0.02498
1515.74601,0.02399
1513.81758,0.02195
1511.88915,0.02017
1509.96072,0.01883
1508.03229,0.01807
1506.10385,0.01532
1504.17542,0.01219
1502.24699,0.01201
1500.31856,0.01224
1498.39013,0.01104
1496.46170,0.00862
1494.53327,0.00543
1492.60484,0.00365
1490.67641,0.00342
1488.74798,0.00227
1486.81955,0.00053
1484.89112,0.00000
1482.96269,0.00056
1481.03426,0.00083
1479.10583,0.00028
1477.17740,0.00001
1475.24897,0.00048
1473.32054,0.00162
1471.39211,0.00157
1469.46368,0.00074
1467.53525,0.00139
1465.60682,0.00268
1463.67839,0.00215
1461.74996,0.00045
1459.82153,0.00039
1457.89310,0.00224
1455.96467,0.00291
1454.03624,0.00254
1452.10781,0.00287
1450.17938,0.00313
1448.25095,0.00300
1446.32252,0.00236
1444.39409,0.00181
1442.46566,0.00156
1440.53723,0.00124
1438.60880,0.00207
1436.68037,0.00325
1434.75194,0.00204
1432.82351,0.00075
1430.89508,0.00086
1428.96665,0.00062
1427.03822,0.00020
1425.10979,0.00058
1423.18136,0.00076
1421.25293,0.00165
1419.32450,0.00383
1417.39607,0.00386
1415.46764,0.00240
1413.53921,0.00200
1411.61078,0.00231
1409.68235,0.00225
1407.75392,0.00212
1405.82549,0.00246
1403.89706,0.00222
1401.96863,0.00184
1400.04020,0.00278
1398.11177,0.00387
1396.18334,0.00437
1394.25491,0.00423
1392.32648,0.00343
1390.39805,0.00342
1388.46962,0.00414
1386.54119,0.00367
1384.61276,0.00225
1382.68433,0.00179
1380.75590,0.00206
1378.82747,0.00187
1376.89904,0.00127
1374.97061,0.00109
1373.04218,0.00072
1371.11375,0.00026
1369.18532,0.00032
1367.25689,0.00004
1365.32846,0.00000
1363.40003,0.00077
1361.47160,0.00082
1359.54317,0.00019
1357.61474,0.00009
1355.68631,0.00019
1353.75788,0.00002
1351.82945,-0.00011
1349.90102,0.00005
1347.97259,0.00025
1346.04416,0.00018
1344.11573,0.00003
1342.18730,0.00050
1340.25887,0.00180
1338.33044,0.00215
1336.40201,0.00119
1334.47358,0.00046
1332.54515,0.00038
1330.61672,0.00052
1328.68829,0.00057
1326.75986,0.00056
1324.83143,0.00055
1322.90300,0.00053
1320.97457,0.00064
1319.04614,0.00086
1317.11771,0.00086
1315.18928,0.00083
1313.26085,0.00087
1311.33242,0.00069
1309.40399,0.00049
1307.47556,0.00041
1305.54713,0.00018
1303.61870,-0.00011
1301.69027,-0.00019
1299.76184,0.00008
1297.83341,0.00047
1295.90498,0.00055
1293.97655,0.00035
1292.04812,0.00024
1290.11969,0.00029
1288.19126,0.00035
1286.26283,0.00018
1284.33440,0.00000
1282.40597,-0.00004
1280.47754,0.00008
1278.54911,0.00018
1276.62068,0.00016
1274.69225,0.00009
1272.76382,0.00026
1270.83539,0.00058
1268.90696,0.00092
1266.97853,0.00141
1265.05010,0.00204
1263.12167,0.00288
1261.19324,0.00406
1259.26481,0.00545
1257.33638,0.00689
1255.40795,0.00859
1253.47952,0.01053
1251.55109,0.01258
1249.62266,0.01462
1247.69423,0.01666
1245.76580,0.01875
1243.83737,0.02091
1241.90894,0.02309
1239.98051,0.02521
1238.05208,0.02710
1236.12365,0.02874
1234.19522,0.03038
1232.26679,0.03219
1230.33836,0.03406
1228.40993,0.03594
1226.48150,0.03784
1224.55307,0.03963
1222.62464,0.04122
1220.69621,0.04278
1218.76778,0.04447
1216.83935,0.04619
1214.91092,0.04783
1212.98249,0.04934
1211.05406,0.05072
1209.12563,0.05204
1207.19720,0.05344
1205.26877,0.05488
1203.34034,0.05627
1201.41191,0.05773
1199.48348,0.05947
1197.55505,0.06114
1195.62662,0.06275
1193.69819,0.06448
1191.76976,0.06644
1189.84133,0.06870
1187.91290,0.07117
1185.98447,0.07349
1184.05604,0.07559
1182.12761,0.07780
1180.19918,0.08015
1178.27075,0.08257
1176.34232,0.08534
1174.41389,0.08836
1172.48546,0.09114
1170.55703,0.09365
1168.62860,0.09610
1166.70017,0.09852
1164.77174,0.10094
1162.84331,0.10360
1160.91488,0.10659
1158.98645,0.10982
1157.05802,0.11343
1155.12959,0.11745
1153.20116,0.12153
1151.27273,0.12521
1149.34430,0.12845
1147.41587,0.13149
1145.48744,0.13446
1143.55901,0.13719
1141.63058,0.13929
1139.70215,0.14096
1137.77372,0.14307
1135.84529,0.14592
1133.91686,0.14919
1131.98843,0.15281
1130.06000,0.15684
1128.13157,0.16117
1126.20314,0.16564
1124.27471,0.17025
1122.34628,0.17543
1120.41785,0.18151
1118.48942,0.18824
1116.56099,0.19539
1114.63256,0.20287
1112.70413,0.21041
1110.77570,0.21737
1108.84727,0.22355
1106.91884,0.22970
1104.99041,0.23658
1103.06198,0.24438
1101.13355,0.25289
1099.20512,0.26186
1097.27669,0.27130
1095.34826,0.28109
1093.41983,0.29078
1091.49140,0.29966
1089.56297,0.30679
1087.63454,0.31160
1085.70611,0.31449
1083.77768,0.31637
1081.84925,0.31821
1079.92082,0.32020
1077.99239,0.32151
1076.06396,0.32222
1074.13553,0.32300
1072.20710,0.32357
1070.27867,0.32359
1068.35024,0.32323
1066.42181,0.32231
1064.49338,0.32049
1062.56495,0.31807
1060.63652,0.31556
1058.70809,0.31289
1056.77966,0.30946
1054.85123,0.30504
1052.92280,0.29972
1050.99437,0.29359
1049.06594,0.28679
1047.13751,0.27926
1045.20908,0.27087
1043.28065,0.26161
1041.35222,0.25160
1039.42379,0.24090
1037.49536,0.22940
1035.56693,0.21749
1033.63850,0.20560
1031.71007,0.19386
1029.78164,0.18222
1027.85321,0.17039
1025.92478,0.15862
1023.99635,0.14730
1022.06792,0.13660
1020.13949,0.12672
1018.21106,0.11772
1016.28263,0.10943
1014.35420,0.10175
1012.42577,0.09475
1010.49734,0.08820
1008.56891,0.08166
1006.64048,0.07512
1004.71205,0.06902
1002.78362,0.06357
1000.85519,0.05873
998.92676,0.05444
996.99833,0.05084
995.06990,0.04812
993.14147,0.04620
991.21304,0.04492
989.28461,0.04420
987.35618,0.04393
985.42775,0.04399
983.49932,0.04430
981.57089,0.04477
979.64246,0.04526
977.71403,0.04567
975.78560,0.04597
973.85717,0.04606
971.92874,0.04563
970.00031,0.04459
968.07188,0.04344
966.14345,0.04262
964.21502,0.04186
962.28659,0.04079
960.35816,0.03957
958.42973,0.03840
956.50130,0.03724
954.57287,0.03623
952.64444,0.03529
950.71601,0.03418
948.78758,0.03304
946.85915,0.03194
944.93072,0.03074
943.00229,0.02956
941.07386,0.02850
939.14543,0.02732
937.21700,0.02589
935.28857,0.02464
933.36014,0.02371
931.43171,0.02271
929.50328,0.02163
927.57485,0.02062
925.64642,0.01949
923.71799,0.01823
921.78956,0.01699
919.86113,0.01579
917.93270,0.01452
916.00427,0.01331
914.07584,0.01231
912.14741,0.01147
910.21898,0.01079
908.29055,0.01022
906.36212,0.00935
904.43368,0.00811
902.50525,0.00706
900.57682,0.00644
898.64839,0.00600
896.71996,0.00559
894.79153,0.00511
892.86310,0.00439
890.93467,0.00343
889.00624,0.00269
887.07781,0.00239
885.14938,0.00218
883.22095,0.00179
881.29252,0.00128
879.36409,0.00080
877.43566,0.00052
875.50723,0.00054
873.57880,0.00055
871.65037,0.00046
869.72194,0.00047
867.79351,0.00072
865.86508,0.00083
863.93665,0.00051
862.00822,0.00006
860.07979,0.00000
858.15136,0.00030
856.22293,0.00063
854.29450,0.00098
852.36607,0.00131
850.43764,0.00131
848.50921,0.00133
846.58078,0.00213
844.65235,0.00367
842.72392,0.00523
840.79549,0.00639
838.86706,0.00743
836.93863,0.00881
835.01020,0.01068
833.08177,0.01289
831.15334,0.01503
829.22491,0.01668
827.29648,0.01804
825.36805,0.01963
823.43962,0.02151
821.51119,0.02311
819.58276,0.02418
817.65433,0.02538
815.72590,0.02721
813.79747,0.02913
811.86904,0.03059
809.94061,0.03181
808.01218,0.03320
806.08375,0.03457
804.15532,0.03551
802.22689,0.03600
800.29846,0.03616
798.37003,0.03602
796.44160,0.03571
794.51317,0.03540
792.58474,0.03501
790.65631,0.03446
788.72788,0.03381
786.79945,0.03275
784.87102,0.03075
782.94259,0.02807
781.01416,0.02540
779.08573,0.02280
777.15730,0.01995
775.22887,0.01682
773.30044,0.01376
771.37201,0.01121
769.44358,0.00925
767.51515,0.00800
765.58672,0.00759
763.65829,0.00761
761.72986,0.00756
759.80143,0.00699
757.87300,0.00587
755.94457,0.00478
754.01614,0.00429
752.08771,0.00461
750.15928,0.00508
748.23085,0.00497
746.30242,0.00453
744.37399,0.00423
742.44556,0.00409
740.51713,0.00374
738.58870,0.00306
736.66027,0.00239
734.73184,0.00218
732.80341,0.00242
730.87498,0.00252
728.94655,0.00205
727.01812,0.00144
725.08969,0.00138
723.16126,0.00224
721.23283,0.00272
719.30440,0.00227
717.37597,0.00134
715.44754,0.00075
713.51911,0.00051
711.59068,0.00022
709.66225,0.00036
707.73382,0.00142
705.80539,0.00283
703.87696,0.00371
701.94853,0.00398
700.02010,0.00397
698.09167,0.00384
696.16324,0.00355
694.23481,0.00301
692.30638,0.00267
690.37795,0.00288
688.44952,0.00239
686.52109,0.00056
684.59266,-0.00067
682.66423,-0.00023
680.73580,0.00072
678.80737,0.00124
676.87894,0.00136
674.95051,0.00079
673.02208,-0.00014
671.09365,0.00084
669.16522,0.00360
667.23679,0.00455
665.30836,0.00542
663.37993,0.00922
661.45150,0.01378
659.52307,0.01590
657.59464,0.01570
655.66621,0.01412
653.73778,0.01077
651.80935,0.00636
649.88092,0.00310
647.95249,0.00184
646.02406,0.00141
644.09563,0.00154
642.16720,0.00224
640.23877,0.00325
638.31034,0.00414
636.38191,0.00513
634.45348,0.00638
632.52505,0.00652
630.59662,0.00436
628.66819,0.00173
626.73976,0.00145
624.81133,0.00242
622.88290,0.00214
620.95447,0.00226
619.02604,0.00405
617.09761,0.00532
615.16918,0.00431
613.24075,0.00305
611.31232,0.00111
609.38389,0.00089
607.45546,0.00039
605.52703,0.00000
603.59860,0.00031
601.67017,0.00097
599.74174,0.00000
