4001.49232,0.00129
3999.56389,0.00275
3997.63546,0.00256
3995.70703,0.00184
3993.77860,0.00164
3991.85017,0.00169
3989.92174,0.00154
3987.99331,0.00111
3986.06488,0.00058
3984.13645,0.00017
3982.20802,-0.00006
3980.27959,-0.00002
3978.35116,0.00027
3976.42273,0.00051
3974.49430,0.00047
3972.56587,0.00036
3970.63744,0.00032
3968.70901,0.00016
3966.78058,-0.00010
3964.85215,-0.00012
3962.92372,0.00015
3960.99529,0.00021
3959.06686,-0.00002
3957.13843,-0.00012
3955.21000,-0.00005
3953.28157,0.00000
3951.35314,0.00020
3949.42471,0.00078
3947.49628,0.00133
3945.56785,0.00132
3943.63942,0.00094
3941.71099,0.00041
3939.78256,-0.00020
3937.85413,-0.00056
3935.92570,-0.00047
3933.99727,-0.00015
3932.06884,0.00003
3930.14041,0.00010
3928.21198,0.00022
3926.28355,0.00020
3924.35512,0.00013
3922.42669,0.00035
3920.49826,0.00077
3918.56982,0.00113
3916.64139,0.00110
3914.71296,0.00058
3912.78453,0.00009
3910.85610,0.00000
3908.92767,0.00007
3906.99924,0.00034
3905.07081,0.00154
3903.14238,0.00366
3901.21395,0.00434
3899.28552,0.00318
3897.35709,0.00208
3895.42866,0.00180
3893.50023,0.00197
3891.57180,0.00238
3889.64337,0.00281
3887.71494,0.00327
3885.78651,0.00360
3883.85808,0.00351
3881.92965,0.00330
3880.00122,0.00308
3878.07279,0.00289
3876.14436,0.00309
3874.21593,0.00355
3872.28750,0.00403
3870.35907,0.00429
3868.43064,0.00415
3866.50221,0.00365
3864.57378,0.00305
3862.64535,0.00322
3860.71692,0.00404
3858.78849,0.00485
3856.86006,0.00520
3854.93163,0.00420
3853.00320,0.00215
3851.07477,0.00151
3849.14634,0.00238
3847.21791,0.00321
3845.28948,0.00344
3843.36105,0.00342
3841.43262,0.00317
3839.50419,0.00261
3837.57576,0.00229
3835.64733,0.00224
3833.71890,0.00247
3831.79047,0.00285
3829.86204,0.00289
3827.93361,0.00250
3826.00518,0.00225
3824.07675,0.00256
3822.14832,0.00310
3820.21989,0.00375
3818.29146,0.00395
3816.36303,0.00344
3814.43460,0.00278
3812.50617,0.00267
3810.57774,0.00269
3808.64931,0.00232
3806.72088,0.00219
3804.79245,0.00263
3802.86402,0.00269
3800.93559,0.00209
3799.00716,0.00162
3797.07873,0.00120
3795.15030,0.00061
3793.22187,0.00004
3791.29344,-0.00025
3789.36501,-0.00028
3787.43658,-0.00011
3785.50815,0.00014
3783.57972,0.00044
3781.65129,0.00057
3779.72286,0.00031
3777.79443,-0.00006
3775.86600,0.00000
3773.93757,0.00037
3772.00914,0.00083
3770.08071,0.00133
3768.15228,0.00189
3766.22385,0.00226
3764.29542,0.00249
3762.36699,0.00266
3760.43856,0.00290
3758.51013,0.00391
3756.58170,0.00572
3754.65327,0.00690
3752.72484,0.00664
3750.79641,0.00670
3748.86798,0.00868
3746.93955,0.01058
3745.01112,0.01160
3743.08269,0.01088
3741.15426,0.00942
3739.22583,0.00828
3737.29740,0.00722
3735.36897,0.00644
3733.44054,0.00617
3731.51211,0.00622
3729.58368,0.00622
3727.65525,0.00588
3725.72682,0.00524
3723.79839,0.00442
3721.86996,0.00333
3719.94153,0.00246
3718.01310,0.00256
3716.08467,0.00321
3714.15624,0.00312
3712.22781,0.00198
3710.29938,0.00130
3708.37095,0.00107
3706.44252,0.00075
3704.51409,0.00040
3702.58566,0.00012
3700.65723,0.00003
3698.72880,0.00021
3696.80037,0.00071
3694.87194,0.00120
3692.94351,0.00096
3691.01508,0.00000
3689.08665,-0.00010
3687.15822,0.00100
3685.22979,0.00182
3683.30136,0.00217
3681.37293,0.00231
3679.44450,0.00237
3677.51607,0.00255
3675.58764,0.00299
3673.65921,0.00314
3671.73078,0.00278
3669.80235,0.00216
3667.87392,0.00201
3665.94549,0.00191
3664.01706,0.00159
3662.08863,0.00129
3660.16020,0.00136
3658.23177,0.00169
3656.30334,0.00207
3654.37491,0.00223
3652.44648,0.00148
3650.51805,0.00000
3648.58962,0.00010
3646.66119,0.00099
3644.73276,0.00145
3642.80433,0.00157
3640.87590,0.00149
3638.94747,0.00141
3637.01904,0.00157
3635.09061,0.00186
3633.16218,0.00208
3631.23375,0.00212
3629.30532,0.00168
3627.37689,0.00124
3625.44846,0.00138
3623.52003,0.00192
3621.59160,0.00222
3619.66317,0.00234
3617.73474,0.00282
3615.80631,0.00348
3613.87788,0.00432
3611.94945,0.00523
3610.02102,0.00553
3608.09259,0.00472
3606.16416,0.00315
3604.23573,0.00173
3602.30730,0.00077
3600.37887,0.00032
3598.45044,0.00048
3596.52201,0.00092
3594.59358,0.00136
3592.66515,0.00170
3590.73672,0.00211
3588.80829,0.00262
3586.87986,0.00261
3584.95143,0.00174
3583.02300,0.00076
3581.09457,0.00023
3579.16614,-0.00008
3577.23771,-0.00025
3575.30928,-0.00006
3573.38085,0.00046
3571.45242,0.00071
3569.52399,0.00033
3567.59556,-0.00025
3565.66713,-0.00022
3563.73870,0.00014
3561.81027,0.00056
3559.88184,0.00091
3557.95341,0.00105
3556.02498,0.00097
3554.09655,0.00071
3552.16812,0.00046
3550.23969,0.00060
3548.31126,0.00124
3546.38283,0.00174
3544.45440,0.00141
3542.52597,0.00077
3540.59754,0.00055
3538.66911,0.00062
3536.74068,0.00069
3534.81225,0.00059
3532.88382,0.00039
3530.95539,0.00044
3529.02696,0.00096
3527.09853,0.00185
3525.17010,0.00249
3523.24167,0.00231
3521.31324,0.00151
3519.38481,0.00063
3517.45638,-0.00004
3515.52795,-0.00042
3513.59952,-0.00042
3511.67109,-0.00009
3509.74266,0.00043
3507.81423,0.00098
3505.88580,0.00155
3503.95737,0.00197
3502.02894,0.00181
3500.10051,0.00109
3498.17208,0.00056
3496.24365,0.00066
3494.31522,0.00100
3492.38679,0.00110
3490.45836,0.00101
3488.52993,0.00094
3486.60150,0.00079
3484.67307,0.00052
3482.74464,0.00034
3480.81621,0.00022
3478.88778,-0.00005
3476.95935,-0.00031
3475.03092,-0.00036
3473.10249,-0.00039
3471.17406,-0.00051
3469.24563,-0.00048
3467.31720,-0.00021
3465.38877,-0.00004
3463.46034,-0.00010
3461.53191,-0.00014
3459.60348,-0.00008
3457.67505,-0.00003
3455.74662,0.00000
3453.81819,0.00003
3451.88976,0.00005
3449.96133,0.00000
3448.03290,0.00005
3446.10447,0.00040
3444.17604,0.00081
3442.24761,0.00088
3440.31918,0.00072
3438.39075,0.00065
3436.46232,0.00084
3434.53389,0.00100
3432.60546,0.00086
3430.67703,0.00065
3428.74860,0.00050
3426.82017,0.00012
3424.89174,-0.00025
3422.96331,-0.00009
3421.03488,0.00057
3419.10645,0.00101
3417.17802,0.00080
3415.24959,0.00034
3413.32116,0.00019
3411.39273,0.00024
3409.46430,0.00016
3407.53587,-0.00002
3405.60744,0.00000
3403.67901,0.00022
3401.75058,0.00063
3399.82215,0.00202
3397.89372,0.00244
3395.96529,0.00247
3394.03686,0.00244
3392.10843,0.00215
3390.18000,0.00158
3388.25157,0.00135
3386.32314,0.00172
3384.39471,0.00211
3382.46628,0.00207
3380.53785,0.00155
3378.60942,0.00084
3376.68099,0.00033
3374.75256,0.00020
3372.82413,0.00022
3370.89570,0.00041
3368.96727,0.00099
3367.03884,0.00176
3365.11041,0.00221
3363.18198,0.00228
3361.25355,0.00215
3359.32512,0.00190
3357.39669,0.00189
3355.46826,0.00204
3353.53983,0.00175
3351.61140,0.00117
3349.68297,0.00096
3347.75454,0.00106
3345.82611,0.00097
3343.89768,0.00077
3341.96925,0.00082
3340.04082,0.00126
3338.11239,0.00191
3336.18396,0.00234
3334.25553,0.00228
3332.32710,0.00195
3330.39867,0.00178
3328.47024,0.00202
3326.54181,0.00240
3324.61338,0.00256
3322.68495,0.00273
3320.75652,0.00314
3318.82809,0.00354
3316.89966,0.00362
3314.97122,0.00364
3313.04279,0.00409
3311.11436,0.00484
3309.18593,0.00513
3307.25750,0.00465
3305.32907,0.00408
3303.40064,0.00400
3301.47221,0.00418
3299.54378,0.00435
3297.61535,0.00464
3295.68692,0.00509
3293.75849,0.00555
3291.83006,0.00564
3289.90163,0.00535
3287.97320,0.00518
3286.04477,0.00527
3284.11634,0.00541
3282.18791,0.00554
3280.25948,0.00567
3278.33105,0.00583
3276.40262,0.00601
3274.47419,0.00602
3272.54576,0.00585
3270.61733,0.00568
3268.68890,0.00544
3266.76047,0.00511
3264.83204,0.00487
3262.90361,0.00479
3260.97518,0.00486
3259.04675,0.00500
3257.11832,0.00518
3255.18989,0.00531
3253.26146,0.00513
3251.33303,0.00463
3249.40460,0.00418
3247.47617,0.00413
3245.54774,0.00437
3243.61931,0.00440
3241.69088,0.00405
3239.76245,0.00361
3237.83402,0.00323
3235.90559,0.00287
3233.97716,0.00266
3232.04873,0.00279
3230.12030,0.00307
3228.19187,0.00323
3226.26344,0.00327
3224.33501,0.00333
3222.40658,0.00359
3220.47815,0.00391
3218.54972,0.00379
3216.62129,0.00332
3214.69286,0.00298
3212.76443,0.00288
3210.83600,0.00295
3208.90757,0.00311
3206.97914,0.00315
3205.05071,0.00303
3203.12228,0.00282
3201.19385,0.00270
3199.26542,0.00271
3197.33699,0.00257
3195.40856,0.00214
3193.48013,0.00185
3191.55170,0.00185
3189.62327,0.00190
3187.69484,0.00200
3185.76641,0.00227
3183.83798,0.00248
3181.90955,0.00234
3179.98112,0.00211
3178.05269,0.00196
3176.12426,0.00166
3174.19583,0.00111
3172.26740,0.00069
3170.33897,0.00065
3168.41054,0.00081
3166.48211,0.00096
3164.55368,0.00106
3162.62525,0.00091
3160.69682,0.00042
3158.76839,0.00000
3156.83996,0.00004
3154.91153,0.00034
3152.98310,0.00056
3151.05467,0.00067
3149.12624,0.00072
3147.19781,0.00067
3145.26938,0.00057
3143.34095,0.00055
3141.41252,0.00056
3139.48409,0.00044
3137.55566,0.00034
3135.62723,0.00041
3133.69880,0.00046
3131.77037,0.00043
3129.84194,0.00044
3127.91351,0.00049
3125.98508,0.00060
3124.05665,0.00083
3122.12822,0.00099
3120.19979,0.00092
3118.27136,0.00090
3116.34293,0.00093
3114.41450,0.00073
3112.48607,0.00039
3110.55764,0.00016
3108.62921,0.00005
3106.70078,-0.00001
3104.77235,0.00014
3102.84392,0.00063
3100.91549,0.00098
3098.98706,0.00087
3097.05863,0.00070
3095.13020,0.00060
3093.20177,0.00046
3091.27334,0.00043
3089.34491,0.00050
3087.41648,0.00043
3085.48805,0.00030
3083.55962,0.00050
3081.63119,0.00099
3079.70276,0.00122
3077.77433,0.00092
3075.84590,0.00046
3073.91747,0.00027
3071.98904,0.00032
3070.06061,0.00058
3068.13218,0.00113
3066.20375,0.00155
3064.27532,0.00141
3062.34689,0.00095
3060.41846,0.00070
3058.49003,0.00086
3056.56160,0.00110
3054.63317,0.00097
3052.70474,0.00070
3050.77631,0.00077
3048.84788,0.00098
3046.91945,0.00089
3044.99102,0.00057
3043.06259,0.00026
3041.13416,0.00007
3039.20573,0.00017
3037.27730,0.00060
3035.34887,0.00112
3033.42044,0.00147
3031.49201,0.00148
3029.56358,0.00113
3027.63515,0.00070
3025.70672,0.00042
3023.77829,0.00034
3021.84986,0.00040
3019.92143,0.00042
3017.99300,0.00038
3016.06457,0.00056
3014.13614,0.00087
3012.20771,0.00083
3010.27928,0.00037
3008.35085,0.00000
3006.42242,0.00008
3004.49399,0.00043
3002.56556,0.00065
3000.63713,0.00062
2998.70870,0.00037
2996.78027,0.00019
2994.85184,0.00026
2992.92341,0.00036
2990.99498,0.00036
2989.06655,0.00054
2987.13812,0.00076
2985.20969,0.00065
2983.28126,0.00051
2981.35283,0.00070
2979.42440,0.00088
2977.49597,0.00087
2975.56754,0.00100
2973.63911,0.00131
2971.71068,0.00141
2969.78225,0.00124
2967.85382,0.00122
2965.92539,0.00136
2963.99696,0.00138
2962.06853,0.00130
2960.14010,0.00132
2958.21167,0.00148
2956.28324,0.00158
2954.35481,0.00144
2952.42638,0.00120
2950.49795,0.00108
2948.56952,0.00110
2946.64109,0.00106
2944.71266,0.00094
2942.78423,0.00097
2940.85580,0.00124
2938.92737,0.00151
2936.99894,0.00161
2935.07051,0.00167
2933.14208,0.00179
2931.21365,0.00183
2929.28522,0.00176
2927.35679,0.00167
2925.42836,0.00156
2923.49993,0.00143
2921.57150,0.00122
2919.64307,0.00084
2917.71464,0.00039
2915.78621,0.00013
2913.85778,0.00008
2911.92935,0.00006
2910.00092,0.00000
2908.07249,-0.00005
2906.14406,0.00001
2904.21563,0.00011
2902.28720,0.00009
2900.35877,0.00001
2898.43034,-0.00002
2896.50191,-0.00007
2894.57348,-0.00019
2892.64505,-0.00033
2890.71662,-0.00035
2888.78819,-0.00019
2886.85976,-0.00007
2884.93133,-0.00009
2883.00290,0.00003
2881.07447,0.00024
2879.14604,0.00019
2877.21761,0.00001
2875.28918,0.00010
2873.36075,0.00040
2871.43232,0.00049
2869.50389,0.00025
2867.57546,0.00010
2865.64703,0.00021
2863.71860,0.00025
2861.79017,0.00015
2859.86174,0.00011
2857.93331,0.00005
2856.00488,-0.00014
2854.07645,-0.00028
2852.14802,-0.00027
2850.21959,-0.00022
2848.29116,-0.00026
2846.36273,-0.00033
2844.43430,-0.00034
2842.50587,-0.00031
2840.57744,-0.00027
2838.64901,-0.00018
2836.72058,-0.00004
2834.79215,0.00006
2832.86372,0.00005
2830.93529,-0.00002
2829.00686,-0.00006
2827.07843,0.00004
2825.15000,0.00021
2823.22157,0.00030
2821.29314,0.00028
2819.36471,0.00015
2817.43628,0.00009
2815.50785,0.00020
2813.57942,0.00020
2811.65099,0.00004
2809.72256,0.00000
2807.79413,0.00003
2805.86570,0.00008
2803.93727,0.00020
2802.00884,0.00035
2800.08041,0.00047
2798.15198,0.00048
2796.22355,0.00037
2794.29512,0.00026
2792.36669,0.00025
2790.43826,0.00023
2788.50983,0.00003
2786.58140,-0.00017
2784.65297,-0.00012
2782.72454,0.00003
2780.79611,0.00012
2778.86768,0.00014
2776.93925,0.00010
2775.01082,0.00005
2773.08239,0.00005
2771.15396,0.00004
2769.22553,0.00009
2767.29710,0.00027
2765.36867,0.00044
2763.44024,0.00040
2761.51181,0.00020
2759.58338,0.00013
2757.65495,0.00016
2755.72652,0.00010
2753.79809,0.00000
2751.86966,-0.00008
2749.94123,-0.00001
2748.01280,0.00018
2746.08437,0.00036
2744.15594,0.00046
2742.22751,0.00043
2740.29908,0.00032
2738.37065,0.00028
2736.44222,0.00026
2734.51379,0.00020
2732.58536,0.00023
2730.65693,0.00035
2728.72850,0.00042
2726.80007,0.00046
2724.87164,0.00045
2722.94321,0.00033
2721.01478,0.00024
2719.08635,0.00022
2717.15792,0.00015
2715.22949,0.00004
2713.30105,0.00000
2711.37262,0.00002
2709.44419,0.00012
2707.51576,0.00026
2705.58733,0.00034
2703.65890,0.00028
2701.73047,0.00011
2699.80204,0.00000
2697.87361,0.00013
2695.94518,0.00032
2694.01675,0.00042
2692.08832,0.00044
2690.15989,0.00037
2688.23146,0.00020
2686.30303,0.00013
2684.37460,0.00016
2682.44617,0.00014
2680.51774,0.00007
2678.58931,0.00005
2676.66088,0.00008
2674.73245,0.00012
2672.80402,0.00012
2670.87559,0.00003
2668.94716,-0.00003
2667.01873,0.00003
2665.09030,0.00008
2663.16187,0.00002
2661.23344,0.00000
2659.30501,0.00007
2657.37658,0.00021
2655.44815,0.00027
2653.51972,0.00024
2651.59129,0.00025
2649.66286,0.00031
2647.73443,0.00040
2645.80600,0.00049
2643.87757,0.00039
2641.94914,0.00012
2640.02071,0.00001
2638.09228,0.00005
2636.16385,0.00007
2634.23542,0.00007
2632.30699,-0.00005
2630.37856,-0.00021
2628.45013,-0.00021
2626.52170,-0.00007
2624.59327,0.00007
2622.66484,0.00010
2620.73641,0.00005
2618.80798,0.00004
2616.87955,0.00009
2614.95112,0.00018
2613.02269,0.00020
2611.09426,0.00020
2609.16583,0.00026
2607.23740,0.00032
2605.30897,0.00029
2603.38054,0.00020
2601.45211,0.00009
2599.52368,0.00001
2597.59525,0.00000
2595.66682,0.00009
2593.73839,0.00027
2591.80996,0.00036
2589.88153,0.00033
2587.95310,0.00019
2586.02467,-0.00000
2584.09624,-0.00011
2582.16781,-0.00007
2580.23938,0.00001
2578.31095,0.00005
2576.38252,0.00014
2574.45409,0.00024
2572.52566,0.00025
2570.59723,0.00021
2568.66880,0.00012
2566.74037,-0.00000
2564.81194,-0.00002
2562.88351,0.00012
2560.95508,0.00024
2559.02665,0.00023
2557.09822,0.00023
2555.16979,0.00015
2553.24136,0.00004
2551.31293,0.00007
2549.38450,0.00013
2547.45607,0.00011
2545.52764,0.00012
2543.59921,0.00023
2541.67078,0.00035
2539.74235,0.00043
2537.81392,0.00047
2535.88549,0.00055
2533.95706,0.00062
2532.02863,0.00050
2530.10020,0.00030
2528.17177,0.00022
2526.24334,0.00024
2524.31491,0.00026
2522.38648,0.00027
2520.45805,0.00027
2518.52962,0.00023
2516.60119,0.00013
2514.67276,0.00001
2512.74433,0.00000
2510.81590,0.00013
2508.88747,0.00034
2506.95904,0.00042
2505.03061,0.00032
2503.10218,0.00017
2501.17375,0.00012
2499.24532,0.00019
2497.31689,0.00033
2495.38846,0.00042
2493.46003,0.00034
2491.53160,0.00023
2489.60317,0.00021
2487.67474,0.00013
2485.74631,-0.00003
2483.81788,-0.00008
2481.88945,-0.00005
2479.96102,-0.00003
2478.03259,-0.00005
2476.10416,-0.00004
2474.17573,0.00000
2472.24730,-0.00001
2470.31887,0.00001
2468.39044,0.00017
2466.46201,0.00030
2464.53358,0.00024
2462.60515,0.00014
2460.67672,0.00014
2458.74829,0.00012
2456.81986,0.00005
2454.89143,0.00003
2452.96300,0.00006
2451.03457,0.00007
2449.10614,0.00009
2447.17771,0.00020
2445.24928,0.00029
2443.32085,0.00020
2441.39242,0.00009
2439.46399,0.00003
2437.53556,0.00001
2435.60713,-0.00000
2433.67870,0.00003
2431.75027,0.00004
2429.82184,-0.00001
2427.89341,0.00000
2425.96498,0.00006
2424.03655,0.00007
2422.10812,0.00005
2420.17969,0.00004
2418.25126,0.00003
2416.32283,0.00002
2414.39440,0.00002
2412.46597,0.00002
2410.53754,0.00001
2408.60911,0.00001
2406.68068,0.00002
2404.75225,0.00002
2402.82382,0.00002
2400.89539,0.00002
2398.96696,-0.00005
2397.03853,-0.00012
2395.11010,-0.00019
2393.18167,-0.00025
2391.25324,-0.00031
2389.32481,-0.00037
2387.39638,-0.00043
2385.46795,-0.00048
2383.53952,-0.00054
2381.61109,-0.00059
2379.68266,-0.00064
2377.75423,-0.00068
2375.82580,-0.00073
2373.89737,-0.00077
2371.96894,-0.00081
2370.04051,-0.00085
2368.11208,-0.00088
2366.18365,-0.00092
2364.25522,-0.00095
2362.32679,-0.00098
2360.39836,-0.00100
2358.46993,-0.00103
2356.54150,-0.00105
2354.61307,-0.00107
2352.68464,-0.00109
2350.75621,-0.00111
2348.82778,-0.00112
2346.89935,-0.00114
2344.97092,-0.00115
2343.04249,-0.00115
2341.11406,-0.00116
2339.18563,-0.00116
2337.25720,-0.00116
2335.32877,-0.00116
2333.40034,-0.00116
2331.47191,-0.00115
2329.54348,-0.00115
2327.61505,-0.00114
2325.68662,-0.00113
2323.75819,-0.00111
2321.82976,-0.00110
2319.90133,-0.00108
2317.97290,-0.00106
2316.04447,-0.00104
2314.11604,-0.00101
2312.18761,-0.00099
2310.25918,-0.00096
2308.33075,-0.00093
2306.40232,-0.00089
2304.47389,-0.00086
2302.54546,-0.00082
2300.61703,-0.00078
2298.68860,-0.00074
2296.76017,-0.00070
2294.83174,-0.00065
2292.90331,-0.00060
2290.97488,-0.00055
2289.04645,-0.00050
2287.11802,-0.00044
2285.18959,-0.00039
2283.26116,-0.00033
2281.33273,-0.00027
2279.40430,-0.00020
2277.47587,-0.00014
2275.54744,-0.00007
2273.61901,-0.00000
2271.69058,-0.00000
2269.76215,0.00000
2267.83372,-0.00000
2265.90529,-0.00000
2263.97686,0.00000
2262.04843,0.00001
2260.12000,0.00002
2258.19157,0.00002
2256.26314,0.00004
2254.33471,0.00005
2252.40628,0.00007
2250.47785,0.00008
2248.54942,0.00010
2246.62099,0.00013
2244.69256,0.00015
2242.76413,0.00018
2240.83570,0.00009
2238.90727,0.00003
2236.97884,-0.00002
2235.05041,-0.00004
2233.12198,-0.00000
2231.19355,0.00012
2229.26512,0.00017
2227.33669,0.00007
2225.40826,0.00003
2223.47983,0.00011
2221.55140,0.00019
2219.62297,0.00025
2217.69454,0.00030
2215.76611,0.00029
2213.83768,0.00017
2211.90925,0.00002
2209.98082,0.00000
2208.05239,0.00007
2206.12396,0.00013
2204.19553,0.00012
2202.26710,0.00013
2200.33867,0.00015
2198.41024,0.00014
2196.48181,0.00010
2194.55338,0.00005
2192.62495,0.00004
2190.69652,0.00008
2188.76809,0.00005
2186.83966,0.00001
2184.91123,0.00006
2182.98280,0.00013
2181.05437,0.00012
2179.12594,0.00010
2177.19751,0.00009
2175.26908,0.00010
2173.34065,0.00016
2171.41222,0.00020
2169.48379,0.00010
2167.55536,0.00000
2165.62693,0.00012
2163.69850,0.00036
2161.77007,0.00037
2159.84164,0.00017
2157.91321,-0.00000
2155.98478,-0.00003
2154.05635,0.00004
2152.12792,0.00009
2150.19949,0.00012
2148.27106,0.00017
2146.34263,0.00021
2144.41420,0.00021
2142.48577,0.00020
2140.55734,0.00020
2138.62891,0.00031
2136.70048,0.00042
2134.77205,0.00033
2132.84362,0.00016
2130.91519,0.00013
2128.98676,0.00019
2127.05833,0.00014
2125.12990,0.00001
2123.20147,0.00000
2121.27304,0.00013
2119.34461,0.00024
2117.41618,0.00041
2115.48775,0.00062
2113.55932,0.00052
2111.63089,0.00014
2109.70245,-0.00004
2107.77402,0.00002
2105.84559,0.00011
2103.91716,0.00019
2101.98873,0.00030
2100.06030,0.00030
2098.13187,0.00021
2096.20344,0.00019
2094.27501,0.00028
2092.34658,0.00041
2090.41815,0.00044
2088.48972,0.00033
2086.56129,0.00013
2084.63286,-0.00005
2082.70443,-0.00011
2080.77600,-0.00004
2078.84757,0.00009
2076.91914,0.00021
2074.99071,0.00025
2073.06228,0.00018
2071.13385,0.00010
2069.20542,0.00013
2067.27699,0.00034
2065.34856,0.00060
2063.42013,0.00065
2061.49170,0.00048
2059.56327,0.00025
2057.63484,0.00005
2055.70641,0.00000
2053.77798,0.00009
2051.84955,0.00014
2049.92112,0.00008
2047.99269,0.00006
2046.06426,0.00010
2044.13583,0.00010
2042.20740,0.00009
2040.27897,0.00017
2038.35054,0.00021
2036.42211,0.00007
2034.49368,-0.00006
2032.56525,-0.00009
2030.63682,-0.00012
2028.70839,-0.00011
2026.77996,-0.00001
2024.85153,0.00008
2022.92310,0.00008
2020.99467,0.00006
2019.06624,0.00011
2017.13781,0.00020
2015.20938,0.00020
2013.28095,0.00011
2011.35252,0.00011
2009.42409,0.00027
2007.49566,0.00039
2005.56723,0.00033
2003.63880,0.00012
2001.71037,-0.00006
1999.78194,-0.00009
1997.85351,0.00002
1995.92508,0.00015
1993.99665,0.00017
1992.06822,0.00016
1990.13979,0.00016
1988.21136,0.00010
1986.28293,-0.00001
1984.35450,-0.00014
1982.42607,-0.00017
1980.49764,-0.00016
1978.56921,-0.00016
1976.64078,-0.00013
1974.71235,-0.00010
1972.78392,-0.00007
1970.85549,0.00001
1968.92706,0.00010
1966.99863,0.00017
1965.07020,0.00023
1963.14177,0.00015
1961.21334,0.00004
1959.28491,0.00006
1957.35648,0.00013
1955.42805,0.00016
1953.49962,0.00016
1951.57119,0.00011
1949.64276,0.00005
1947.71433,-0.00005
1945.78590,-0.00011
1943.85747,0.00001
1941.92904,0.00012
1940.00061,0.00007
1938.07218,-0.00005
1936.14375,-0.00017
1934.21532,-0.00017
1932.28689,-0.00007
1930.35846,0.00012
1928.43003,0.00021
1926.50160,0.00010
1924.57317,-0.00008
1922.64474,0.00001
1920.71631,0.00029
1918.78788,0.00035
1916.85945,0.00025
1914.93102,0.00023
1913.00259,0.00021
1911.07416,0.00008
1909.14573,0.00000
1907.21730,0.00001
1905.28887,0.00009
1903.36044,0.00013
1901.43201,0.00017
1899.50358,0.00020
1897.57515,0.00030
1895.64672,0.00050
1893.71829,0.00068
1891.78986,0.00055
1889.86143,0.00023
1887.93300,0.00017
1886.00457,0.00032
1884.07614,0.00039
1882.14771,0.00036
1880.21928,0.00033
1878.29085,0.00043
1876.36242,0.00064
1874.43399,0.00086
1872.50556,0.00081
1870.57713,0.00029
1868.64870,-0.00021
1866.72027,0.00000
1864.79184,0.00064
1862.86341,0.00111
1860.93498,0.00121
1859.00655,0.00108
1857.07812,0.00087
1855.14969,0.00072
1853.22126,0.00072
1851.29283,0.00084
1849.36440,0.00090
1847.43597,0.00087
1845.50754,0.00094
1843.57911,0.00122
1841.65068,0.00149
1839.72225,0.00149
1837.79382,0.00134
1835.86539,0.00147
1833.93696,0.00152
1832.00853,0.00084
1830.08010,-0.00008
1828.15167,-0.00023
1826.22324,0.00009
1824.29481,0.00037
1822.36638,0.00061
1820.43795,0.00083
1818.50952,0.00098
1816.58109,0.00091
1814.65266,0.00049
1812.72423,0.00004
1810.79580,0.00000
1808.86737,0.00037
1806.93894,0.00078
1805.01051,0.00105
1803.08208,0.00126
1801.15365,0.00137
1799.22522,0.00139
1797.29679,0.00145
1795.36836,0.00131
1793.43993,0.00084
1791.51150,0.00078
1789.58307,0.00145
1787.65464,0.00212
1785.72621,0.00236
1783.79778,0.00207
1781.86935,0.00143
1779.94092,0.00114
1778.01249,0.00134
1776.08406,0.00109
1774.15563,0.00001
1772.22720,-0.00036
1770.29877,0.00110
1768.37034,0.00258
1766.44191,0.00278
1764.51348,0.00215
1762.58505,0.00148
1760.65662,0.00127
1758.72819,0.00142
1756.79976,0.00169
1754.87133,0.00204
1752.94290,0.00226
1751.01447,0.00196
1749.08604,0.00127
1747.15761,0.00120
1745.22918,0.00172
1743.30075,0.00204
1741.37232,0.00211
1739.44389,0.00237
1737.51546,0.00269
1735.58703,0.00258
1733.65860,0.00223
1731.73017,0.00227
1729.80174,0.00243
1727.87331,0.00259
1725.94488,0.00270
1724.01645,0.00283
1722.08802,0.00272
1720.15959,0.00164
1718.23116,0.00000
1716.30273,0.00018
1714.37430,0.00231
1712.44587,0.00425
1710.51744,0.00498
1708.58901,0.00480
1706.66058,0.00492
1704.73215,0.00640
1702.80372,0.00823
1700.87529,0.00926
1698.94686,0.00977
1697.01843,0.01084
1695.09000,0.01277
1693.16157,0.01438
1691.23314,0.01522
1689.30471,0.01540
1687.37628,0.01507
1685.44785,0.01487
1683.51942,0.01653
1681.59099,0.01919
1679.66256,0.02101
1677.73413,0.02165
1675.80570,0.02179
1673.87727,0.02181
1671.94884,0.02172
1670.02041,0.02236
1668.09198,0.02457
1666.16355,0.02650
1664.23512,0.02745
1662.30669,0.02885
1660.37826,0.03135
1658.44983,0.03317
1656.52140,0.03306
1654.59297,0.03201
1652.66454,0.03233
1650.73611,0.03415
1648.80768,0.03415
1646.87925,0.03198
1644.95082,0.03139
1643.02239,0.03219
1641.09396,0.03192
1639.16553,0.02970
1637.23710,0.02657
1635.30867,0.02476
1633.38024,0.02481
1631.45181,0.02477
1629.52338,0.02350
1627.59495,0.02138
1625.66652,0.01931
1623.73809,0.01774
1621.80966,0.01696
1619.88123,0.01593
1617.95280,0.01367
1616.02437,0.01147
1614.09594,0.01086
1612.16751,0.01060
1610.23908,0.00948
1608.31065,0.00798
1606.38222,0.00687
1604.45379,0.00605
1602.52536,0.00538
1600.59693,0.00496
1598.66850,0.00451
1596.74007,0.00395
1594.81164,0.00361
1592.88321,0.00367
1590.95478,0.00385
1589.02635,0.00401
1587.09792,0.00423
1585.16949,0.00467
1583.24106,0.00541
1581.31263,0.00599
1579.38420,0.00581
1577.45577,0.00535
1575.52734,0.00619
1573.59891,0.00806
1571.67048,0.00911
1569.74205,0.00938
1567.81362,0.01031
1565.88519,0.01195
1563.95676,0.01312
1562.02833,0.01275
1560.09990,0.01173
1558.17147,0.01262
1556.24304,0.01574
1554.31461,0.01845
1552.38618,0.02005
1550.45775,0.02086
1548.52932,0.02121
1546.60089,0.02069
1544.67246,0.01835
1542.74403,0.01427
1540.81560,0.01157
1538.88717,0.01497
1536.95874,0.01927
1535.03031,0.02027
1533.10188,0.01888
1531.17345,0.01806
1529.24502,0.01789
1527.31659,0.01729
1525.38816,0.01630
1523.45973,0.01522
1521.53130,0.01498
1519.60287,0.01575
1517.67444,0.01550
1515.74601,0.01460
1513.81758,0.01444
1511.88915,0.01421
1509.96072,0.01220
1508.03229,0.00825
1506.10385,0.00590
1504.17542,0.00747
1502.24699,0.00942
1500.31856,0.00890
1498.39013,0.00652
1496.46170,0.00479
1494.53327,0.00437
1492.60484,0.00366
1490.67641,0.00186
1488.74798,0.00041
1486.81955,0.00041
1484.89112,0.00116
1482.96269,0.00156
1481.03426,0.00157
1479.10583,0.00160
1477.17740,0.00150
1475.24897,0.00086
1473.32054,0.00038
1471.39211,0.00128
1469.46368,0.00265
1467.53525,0.00311
1465.60682,0.00282
1463.67839,0.00288
1461.74996,0.00276
1459.82153,0.00136
1457.89310,0.00000
1455.96467,0.00129
1454.03624,0.00330
1452.10781,0.00402
1450.17938,0.00329
1448.25095,0.00212
1446.32252,0.00159
1444.39409,0.00165
1442.46566,0.00176
1440.53723,0.00180
1438.60880,0.00194
1436.68037,0.00214
1434.75194,0.00207
1432.82351,0.00165
1430.89508,0.00107
1428.96665,0.00082
1427.03822,0.00101
1425.10979,0.00125
1423.18136,0.00165
1421.25293,0.00242
1419.32450,0.00317
1417.39607,0.00321
1415.46764,0.00274
1413.53921,0.00231
1411.61078,0.00210
1409.68235,0.00205
1407.75392,0.00189
1405.82549,0.00168
1403.89706,0.00169
1401.96863,0.00183
1400.04020,0.00211
1398.11177,0.00253
1396.18334,0.00256
1394.25491,0.00231
1392.32648,0.00249
1390.39805,0.00280
1388.46962,0.00247
1386.54119,0.00159
1384.61276,0.00099
1382.68433,0.00102
1380.75590,0.00138
1378.82747,0.00147
1376.89904,0.00088
1374.97061,0.00018
1373.04218,0.00015
1371.11375,0.00049
1369.18532,0.00057
1367.25689,0.00044
1365.32846,0.00028
1363.40003,0.00022
1361.47160,0.00030
1359.54317,0.00045
1357.61474,0.00048
1355.68631,0.00026
1353.75788,0.00003
1351.82945,-0.00007
1349.90102,-0.00008
1347.97259,-0.00001
1346.04416,0.00008
1344.11573,0.00006
1342.18730,0.00026
1340.25887,0.00071
1338.33044,0.00096
1336.40201,0.00064
1334.47358,0.00019
1332.54515,0.00003
1330.61672,0.00011
1328.68829,0.00011
1326.75986,0.00004
1324.83143,0.00006
1322.90300,0.00012
1320.97457,0.00010
1319.04614,0.00018
1317.11771,0.00039
1315.18928,0.00047
1313.26085,0.00035
1311.33242,0.00015
1309.40399,-0.00004
1307.47556,-0.00019
1305.54713,-0.00035
1303.61870,-0.00051
1301.69027,-0.00049
1299.76184,-0.00023
1297.83341,0.00004
1295.90498,0.00006
1293.97655,0.00000
1292.04812,-0.00005
1290.11969,0.00012
1288.19126,0.00018
1286.26283,0.00006
1284.33440,-0.00007
1282.40597,-0.00007
1280.47754,0.00009
1278.54911,0.00032
1276.62068,0.00053
1274.69225,0.00070
1272.76382,0.00091
1270.83539,0.00130
1268.90696,0.00191
1266.97853,0.00273
1265.05010,0.00361
1263.12167,0.00452
1261.19324,0.00561
1259.26481,0.00703
1257.33638,0.00869
1255.40795,0.01054
1253.47952,0.01259
1251.55109,0.01472
1249.62266,0.01687
1247.69423,0.01903
1245.76580,0.02116
1243.83737,0.02325
1241.90894,0.02535
1239.98051,0.02753
1238.05208,0.02953
1236.12365,0.03126
1234.19522,0.03299
1232.26679,0.03482
1230.33836,0.03658
1228.40993,0.03828
1226.48150,0.03999
1224.55307,0.04151
1222.62464,0.04280
1220.69621,0.04409
1218.76778,0.04552
1216.83935,0.04703
1214.91092,0.04853
1212.98249,0.04985
1211.05406,0.05097
1209.12563,0.05211
1207.19720,0.05340
1205.26877,0.05473
1203.34034,0.05599
1201.41191,0.05725
1199.48348,0.05874
1197.55505,0.06009
1195.62662,0.06119
1193.69819,0.06223
1191.76976,0.06343
1189.84133,0.06486
1187.91290,0.06644
1185.98447,0.06797
1184.05604,0.06946
1182.12761,0.07101
1180.19918,0.07260
1178.27075,0.07421
1176.34232,0.07592
1174.41389,0.07776
1172.48546,0.07953
1170.55703,0.08102
1168.62860,0.08239
1166.70017,0.08407
1164.77174,0.08598
1162.84331,0.08766
1160.91488,0.08930
1158.98645,0.09134
1157.05802,0.09365
1155.12959,0.09600
1153.20116,0.09821
1151.27273,0.10016
1149.34430,0.10202
1147.41587,0.10418
1145.48744,0.10659
1143.55901,0.10893
1141.63058,0.11103
1139.70215,0.11311
1137.77372,0.11557
1135.84529,0.11843
1133.91686,0.12142
1131.98843,0.12443
1130.06000,0.12755
1128.13157,0.13093
1126.20314,0.13455
1124.27471,0.13834
1122.34628,0.14234
1120.41785,0.14672
1118.48942,0.15160
1116.56099,0.15715
1114.63256,0.16328
1112.70413,0.16980
1110.77570,0.17653
1108.84727,0.18325
1106.91884,0.19032
1104.99041,0.19819
1103.06198,0.20650
1101.13355,0.21472
1099.20512,0.22296
1097.27669,0.23114
1095.34826,0.23890
1093.41983,0.24642
1091.49140,0.25377
1089.56297,0.26049
1087.63454,0.26632
1085.70611,0.27168
1083.77768,0.27678
1081.84925,0.28121
1079.92082,0.28516
1077.99239,0.28902
1076.06396,0.29249
1074.13553,0.29527
1072.20710,0.29740
1070.27867,0.29904
1068.35024,0.30050
1066.42181,0.30165
1064.49338,0.30187
1062.56495,0.30090
1060.63652,0.29921
1058.70809,0.29738
1056.77966,0.29498
1054.85123,0.29115
1052.92280,0.28585
1050.99437,0.27943
1049.06594,0.27230
1047.13751,0.26473
1045.20908,0.25650
1043.28065,0.24702
1041.35222,0.23614
1039.42379,0.22446
1037.49536,0.21256
1035.56693,0.20070
1033.63850,0.18879
1031.71007,0.17663
1029.78164,0.16442
1027.85321,0.15247
1025.92478,0.14094
1023.99635,0.12986
1022.06792,0.11920
1020.13949,0.10912
1018.21106,0.09969
1016.28263,0.09085
1014.35420,0.08280
1012.42577,0.07545
1010.49734,0.06864
1008.56891,0.06250
1006.64048,0.05707
1004.71205,0.05225
1002.78362,0.04801
1000.85519,0.04414
998.92676,0.04057
996.99833,0.03748
995.06990,0.03502
993.14147,0.03338
991.21304,0.03253
989.28461,0.03201
987.35618,0.03178
985.42775,0.03210
983.49932,0.03284
981.57089,0.03378
979.64246,0.03477
977.71403,0.03559
975.78560,0.03610
973.85717,0.03628
971.92874,0.03603
970.00031,0.03540
968.07188,0.03471
966.14345,0.03411
964.21502,0.03347
962.28659,0.03277
960.35816,0.03215
958.42973,0.03149
956.50130,0.03057
954.57287,0.02958
952.64444,0.02873
950.71601,0.02791
948.78758,0.02709
946.85915,0.02631
944.93072,0.02547
943.00229,0.02462
941.07386,0.02391
939.14543,0.02308
937.21700,0.02185
935.28857,0.02075
933.36014,0.02010
931.43171,0.01945
929.50328,0.01856
927.57485,0.01761
925.64642,0.01651
923.71799,0.01527
921.78956,0.01413
919.86113,0.01308
917.93270,0.01201
916.00427,0.01114
914.07584,0.01054
912.14741,0.00996
910.21898,0.00928
908.29055,0.00850
906.36212,0.00761
904.43368,0.00670
902.50525,0.00585
900.57682,0.00517
898.64839,0.00477
896.71996,0.00446
894.79153,0.00408
892.86310,0.00356
890.93467,0.00286
889.00624,0.00240
887.07781,0.00239
885.14938,0.00228
883.22095,0.00175
881.29252,0.00111
879.36409,0.00072
877.43566,0.00075
875.50723,0.00083
873.57880,0.00053
871.65037,0.00029
869.72194,0.00031
867.79351,0.00057
865.86508,0.00064
863.93665,0.00041
862.00822,0.00005
860.07979,0.00000
858.15136,0.00017
856.22293,0.00043
854.29450,0.00081
852.36607,0.00124
850.43764,0.00166
848.50921,0.00228
846.58078,0.00312
844.65235,0.00408
842.72392,0.00506
840.79549,0.00610
838.86706,0.00733
836.93863,0.00885
835.01020,0.01073
833.08177,0.01264
831.15334,0.01414
829.22491,0.01549
827.29648,0.01701
825.36805,0.01862
823.43962,0.02036
821.51119,0.02219
819.58276,0.02370
817.65433,0.02490
815.72590,0.02623
813.79747,0.02771
811.86904,0.02905
809.94061,0.03010
808.01218,0.03094
806.08375,0.03194
804.15532,0.03315
802.22689,0.03397
800.29846,0.03411
798.37003,0.03396
796.44160,0.03380
794.51317,0.03362
792.58474,0.03320
790.65631,0.03241
788.72788,0.03148
786.79945,0.03029
784.87102,0.02846
782.94259,0.02607
781.01416,0.02357
779.08573,0.02106
777.15730,0.01833
775.22887,0.01535
773.30044,0.01229
771.37201,0.00955
769.44358,0.00761
767.51515,0.00679
765.58672,0.00693
763.65829,0.00730
761.72986,0.00729
759.80143,0.00659
757.87300,0.00538
755.94457,0.00428
754.01614,0.00368
752.08771,0.00364
750.15928,0.00367
748.23085,0.00329
746.30242,0.00292
744.37399,0.00284
742.44556,0.00269
740.51713,0.00209
738.58870,0.00136
736.66027,0.00101
734.73184,0.00096
732.80341,0.00096
730.87498,0.00088
728.94655,0.00049
727.01812,0.00010
725.08969,0.00017
723.16126,0.00125
721.23283,0.00189
719.30440,0.00184
717.37597,0.00126
715.44754,0.00061
713.51911,0.00023
711.59068,0.00000
709.66225,0.00001
707.73382,0.00055
705.80539,0.00138
703.87696,0.00187
701.94853,0.00193
700.02010,0.00192
698.09167,0.00189
696.16324,0.00167
694.23481,0.00146
692.30638,0.00174
690.37795,0.00229
688.44952,0.00202
686.52109,0.00068
684.59266,-0.00029
682.66423,-0.00013
680.73580,0.00026
678.80737,0.00014
676.87894,-0.00006
674.95051,0.00023
673.02208,0.00078
671.09365,0.00037
669.16522,-0.00125
667.23679,-0.00122
665.30836,0.00178
663.37993,0.00464
661.45150,0.00607
659.52307,0.00650
657.59464,0.00608
655.66621,0.00524
653.73778,0.00488
651.80935,0.00474
649.88092,0.00378
647.95249,0.00229
646.02406,0.00168
644.09563,0.00166
642.16720,0.00185
640.23877,0.00206
638.31034,0.00260
636.38191,0.00330
634.45348,0.00367
632.52505,0.00337
630.59662,0.00195
628.66819,0.00020
626.73976,0.00000
624.81133,0.00090
622.88290,0.00043
620.95447,-0.00007
619.02604,0.00126
617.09761,0.00305
615.16918,0.00277
613.24075,0.00147
611.31232,0.00038
609.38389,0.00000
607.45546,0.00175
605.52703,0.00372
603.59860,0.00324
601.67017,0.00163
599.74174,0.00000
