4001.49232,0.00215
3999.56389,0.00380
3997.63546,0.00369
3995.70703,0.00303
3993.77860,0.00278
3991.85017,0.00285
3989.92174,0.00271
3987.99331,0.00217
3986.06488,0.00171
3984.13645,0.00162
3982.20802,0.00161
3980.27959,0.00154
3978.35116,0.00168
3976.42273,0.00194
3974.49430,0.00171
3972.56587,0.00129
3970.63744,0.00126
3968.70901,0.00123
3966.78058,0.00083
3964.85215,0.00082
3962.92372,0.00140
3960.99529,0.00153
3959.06686,0.00105
3957.13843,0.00071
3955.21000,0.00036
3953.28157,0.00000
3951.35314,0.00047
3949.42471,0.00179
3947.49628,0.00251
3945.56785,0.00247
3943.63942,0.00247
3941.71099,0.00174
3939.78256,0.00048
3937.85413,-0.00008
3935.92570,0.00025
3933.99727,0.00144
3932.06884,0.00238
3930.14041,0.00184
3928.21198,0.00078
3926.28355,0.00093
3924.35512,0.00147
3922.42669,0.00149
3920.49826,0.00211
3918.56982,0.00310
3916.64139,0.00282
3914.71296,0.00122
3912.78453,0.00016
3910.85610,-0.00006
3908.92767,0.00000
3906.99924,0.00115
3905.07081,0.00373
3903.14238,0.00577
3901.21395,0.00579
3899.28552,0.00451
3897.35709,0.00256
3895.42866,0.00181
3893.50023,0.00314
3891.57180,0.00421
3889.64337,0.00318
3887.71494,0.00334
3885.78651,0.00468
3883.85808,0.00444
3881.92965,0.00472
3880.00122,0.00475
3878.07279,0.00301
3876.14436,0.00294
3874.21593,0.00408
3872.28750,0.00488
3870.35907,0.00564
3868.43064,0.00437
3866.50221,0.00361
3864.57378,0.00477
3862.64535,0.00522
3860.71692,0.00470
3858.78849,0.00447
3856.86006,0.00554
3854.93163,0.00729
3853.00320,0.00669
3851.07477,0.00356
3849.14634,0.00236
3847.21791,0.00276
3845.28948,0.00326
3843.36105,0.00302
3841.43262,0.00253
3839.50419,0.00305
3837.57576,0.00348
3835.64733,0.00299
3833.71890,0.00316
3831.79047,0.00373
3829.86204,0.00352
3827.93361,0.00319
3826.00518,0.00246
3824.07675,0.00240
3822.14832,0.00428
3820.21989,0.00452
3818.29146,0.00380
3816.36303,0.00459
3814.43460,0.00365
3812.50617,0.00231
3810.57774,0.00253
3808.64931,0.00351
3806.72088,0.00336
3804.79245,0.00223
3802.86402,0.00320
3800.93559,0.00338
3799.00716,0.00173
3797.07873,0.00147
3795.15030,0.00086
3793.22187,-0.00010
3791.29344,-0.00011
3789.36501,0.00018
3787.43658,0.00066
3785.50815,0.00107
3783.57972,0.00056
3781.65129,0.00041
3779.72286,0.00103
3777.79443,0.00059
3775.86600,0.00000
3773.93757,0.00016
3772.00914,0.00111
3770.08071,0.00209
3768.15228,0.00224
3766.22385,0.00256
3764.29542,0.00257
3762.36699,0.00277
3760.43856,0.00408
3758.51013,0.00493
3756.58170,0.00484
3754.65327,0.00528
3752.72484,0.00648
3750.79641,0.00722
3748.86798,0.00738
3746.93955,0.00987
3745.01112,0.01368
3743.08269,0.01245
3741.15426,0.00913
3739.22583,0.00806
3737.29740,0.00874
3735.36897,0.00894
3733.44054,0.00725
3731.51211,0.00547
3729.58368,0.00500
3727.65525,0.00614
3725.72682,0.00673
3723.79839,0.00566
3721.86996,0.00406
3719.94153,0.00278
3718.01310,0.00212
3716.08467,0.00188
3714.15624,0.00254
3712.22781,0.00340
3710.29938,0.00280
3708.37095,0.00081
3706.44252,-0.00029
3704.51409,0.00013
3702.58566,0.00100
3700.65723,0.00064
3698.72880,0.00000
3696.80037,0.00028
3694.87194,0.00031
3692.94351,0.00005
3691.01508,0.00022
3689.08665,0.00074
3687.15822,0.00054
3685.22979,0.00050
3683.30136,0.00096
3681.37293,0.00110
3679.44450,0.00111
3677.51607,0.00249
3675.58764,0.00370
3673.65921,0.00136
3671.73078,0.00112
3669.80235,0.00280
3667.87392,0.00181
3665.94549,0.00079
3664.01706,0.00095
3662.08863,0.00095
3660.16020,0.00104
3658.23177,0.00220
3656.30334,0.00291
3654.37491,0.00122
3652.44648,0.00000
3650.51805,0.00049
3648.58962,0.00110
3646.66119,0.00036
3644.73276,0.00018
3642.80433,0.00120
3640.87590,0.00173
3638.94747,0.00136
3637.01904,0.00110
3635.09061,0.00121
3633.16218,0.00112
3631.23375,0.00182
3629.30532,0.00322
3627.37689,0.00190
3625.44846,0.00001
3623.52003,-0.00002
3621.59160,0.00115
3619.66317,0.00246
3617.73474,0.00281
3615.80631,0.00325
3613.87788,0.00456
3611.94945,0.00521
3610.02102,0.00563
3608.09259,0.00540
3606.16416,0.00299
3604.23573,0.00072
3602.30730,0.00018
3600.37887,0.00029
3598.45044,0.00041
3596.52201,0.00111
3594.59358,0.00180
3592.66515,0.00124
3590.73672,0.00106
3588.80829,0.00261
3586.87986,0.00318
3584.95143,0.00133
3583.02300,0.00013
3581.09457,0.00025
3579.16614,0.00021
3577.23771,-0.00014
3575.30928,-0.00026
3573.38085,-0.00043
3571.45242,-0.00066
3569.52399,-0.00003
3567.59556,0.00119
3565.66713,0.00095
3563.73870,-0.00002
3561.81027,0.00022
3559.88184,0.00076
3557.95341,0.00057
3556.02498,0.00040
3554.09655,0.00082
3552.16812,0.00093
3550.23969,0.00055
3548.31126,0.00130
3546.38283,0.00254
3544.45440,0.00213
3542.52597,0.00070
3540.59754,0.00000
3538.66911,0.00020
3536.74068,0.00055
3534.81225,0.00020
3532.88382,-0.00033
3530.95539,-0.00005
3529.02696,0.00104
3527.09853,0.00217
3525.17010,0.00282
3523.24167,0.00262
3521.31324,0.00161
3519.38481,0.00068
3517.45638,0.00012
3515.52795,-0.00028
3513.59952,-0.00043
3511.67109,-0.00024
3509.74266,-0.00006
3507.81423,-0.00004
3505.88580,0.00080
3503.95737,0.00219
3502.02894,0.00210
3500.10051,0.00072
3498.17208,0.00010
3496.24365,0.00035
3494.31522,0.00052
3492.38679,0.00052
3490.45836,0.00072
3488.52993,0.00090
3486.60150,0.00051
3484.67307,0.00000
3482.74464,0.00015
3480.81621,0.00033
3478.88778,-0.00001
3476.95935,-0.00019
3475.03092,0.00002
3473.10249,0.00014
3471.17406,-0.00001
3469.24563,-0.00017
3467.31720,-0.00014
3465.38877,0.00000
3463.46034,0.00034
3461.53191,0.00070
3459.60348,0.00078
3457.67505,0.00078
3455.74662,0.00075
3453.81819,0.00054
3451.88976,0.00012
3449.96133,0.00000
3448.03290,0.00065
3446.10447,0.00135
3444.17604,0.00162
3442.24761,0.00173
3440.31918,0.00150
3438.39075,0.00142
3436.46232,0.00160
3434.53389,0.00164
3432.60546,0.00145
3430.67703,0.00126
3428.74860,0.00126
3426.82017,0.00118
3424.89174,0.00103
3422.96331,0.00160
3421.03488,0.00265
3419.10645,0.00292
3417.17802,0.00268
3415.24959,0.00266
3413.32116,0.00275
3411.39273,0.00262
3409.46430,0.00238
3407.53587,0.00235
3405.60744,0.00254
3403.67901,0.00273
3401.75058,0.00297
3399.82215,0.00467
3397.89372,0.00554
3395.96529,0.00559
3394.03686,0.00547
3392.10843,0.00516
3390.18000,0.00448
3388.25157,0.00438
3386.32314,0.00506
3384.39471,0.00564
3382.46628,0.00568
3380.53785,0.00531
3378.60942,0.00488
3376.68099,0.00479
3374.75256,0.00499
3372.82413,0.00522
3370.89570,0.00575
3368.96727,0.00678
3367.03884,0.00782
3365.11041,0.00826
3363.18198,0.00836
3361.25355,0.00852
3359.32512,0.00863
3357.39669,0.00888
3355.46826,0.00916
3353.53983,0.00889
3351.61140,0.00835
3349.68297,0.00819
3347.75454,0.00845
3345.82611,0.00883
3343.89768,0.00922
3341.96925,0.00980
3340.04082,0.01065
3338.11239,0.01150
3336.18396,0.01195
3334.25553,0.01193
3332.32710,0.01176
3330.39867,0.01190
3328.47024,0.01237
3326.54181,0.01273
3324.61338,0.01278
3322.68495,0.01294
3320.75652,0.01350
3318.82809,0.01416
3316.89966,0.01461
3314.97122,0.01511
3313.04279,0.01591
3311.11436,0.01685
3309.18593,0.01743
3307.25750,0.01722
3305.32907,0.01676
3303.40064,0.01674
3301.47221,0.01708
3299.54378,0.01756
3297.61535,0.01801
3295.68692,0.01839
3293.75849,0.01876
3291.83006,0.01908
3289.90163,0.01920
3287.97320,0.01917
3286.04477,0.01913
3284.11634,0.01909
3282.18791,0.01897
3280.25948,0.01883
3278.33105,0.01893
3276.40262,0.01929
3274.47419,0.01949
3272.54576,0.01908
3270.61733,0.01828
3268.68890,0.01768
3266.76047,0.01744
3264.83204,0.01727
3262.90361,0.01696
3260.97518,0.01663
3259.04675,0.01637
3257.11832,0.01620
3255.18989,0.01608
3253.26146,0.01564
3251.33303,0.01479
3249.40460,0.01409
3247.47617,0.01400
3245.54774,0.01420
3243.61931,0.01381
3241.69088,0.01305
3239.76245,0.01266
3237.83402,0.01255
3235.90559,0.01226
3233.97716,0.01181
3232.04873,0.01144
3230.12030,0.01130
3228.19187,0.01133
3226.26344,0.01116
3224.33501,0.01085
3222.40658,0.01086
3220.47815,0.01112
3218.54972,0.01103
3216.62129,0.01067
3214.69286,0.01046
3212.76443,0.01015
3210.83600,0.00985
3208.90757,0.00961
3206.97914,0.00914
3205.05071,0.00862
3203.12228,0.00832
3201.19385,0.00827
3199.26542,0.00838
3197.33699,0.00819
3195.40856,0.00753
3193.48013,0.00699
3191.55170,0.00690
3189.62327,0.00702
3187.69484,0.00716
3185.76641,0.00720
3183.83798,0.00702
3181.90955,0.00664
3179.98112,0.00640
3178.05269,0.00632
3176.12426,0.00597
3174.19583,0.00541
3172.26740,0.00493
3170.33897,0.00480
3168.41054,0.00485
3166.48211,0.00457
3164.55368,0.00400
3162.62525,0.00357
3160.69682,0.00330
3158.76839,0.00290
3156.83996,0.00237
3154.91153,0.00200
3152.98310,0.00189
3151.05467,0.00205
3149.12624,0.00230
3147.19781,0.00231
3145.26938,0.00199
3143.34095,0.00162
3141.41252,0.00144
3139.48409,0.00127
3137.55566,0.00112
3135.62723,0.00122
3133.69880,0.00133
3131.77037,0.00102
3129.84194,0.00077
3127.91351,0.00097
3125.98508,0.00129
3124.05665,0.00157
3122.12822,0.00156
3120.19979,0.00135
3118.27136,0.00143
3116.34293,0.00153
3114.41450,0.00112
3112.48607,0.00060
3110.55764,0.00038
3108.62921,0.00023
3106.70078,-0.00003
3104.77235,0.00000
3102.84392,0.00063
3100.91549,0.00110
3098.98706,0.00088
3097.05863,0.00071
3095.13020,0.00066
3093.20177,0.00036
3091.27334,0.00018
3089.34491,0.00023
3087.41648,0.00034
3085.48805,0.00040
3083.55962,0.00062
3081.63119,0.00106
3079.70276,0.00138
3077.77433,0.00126
3075.84590,0.00082
3073.91747,0.00046
3071.98904,0.00044
3070.06061,0.00076
3068.13218,0.00141
3066.20375,0.00192
3064.27532,0.00175
3062.34689,0.00121
3060.41846,0.00104
3058.49003,0.00142
3056.56160,0.00175
3054.63317,0.00144
3052.70474,0.00094
3050.77631,0.00090
3048.84788,0.00117
3046.91945,0.00119
3044.99102,0.00086
3043.06259,0.00052
3041.13416,0.00039
3039.20573,0.00045
3037.27730,0.00073
3035.34887,0.00119
3033.42044,0.00168
3031.49201,0.00183
3029.56358,0.00131
3027.63515,0.00061
3025.70672,0.00026
3023.77829,0.00012
3021.84986,0.00005
3019.92143,0.00008
3017.99300,0.00033
3016.06457,0.00076
3014.13614,0.00101
3012.20771,0.00081
3010.27928,0.00026
3008.35085,-0.00010
3006.42242,0.00007
3004.49399,0.00041
3002.56556,0.00039
3000.63713,0.00014
2998.70870,0.00000
2996.78027,0.00019
2994.85184,0.00067
2992.92341,0.00097
2990.99498,0.00097
2989.06655,0.00111
2987.13812,0.00141
2985.20969,0.00154
2983.28126,0.00160
2981.35283,0.00185
2979.42440,0.00229
2977.49597,0.00279
2975.56754,0.00339
2973.63911,0.00398
2971.71068,0.00431
2969.78225,0.00443
2967.85382,0.00476
2965.92539,0.00524
2963.99696,0.00545
2962.06853,0.00546
2960.14010,0.00567
2958.21167,0.00591
2956.28324,0.00574
2954.35481,0.00529
2952.42638,0.00494
2950.49795,0.00469
2948.56952,0.00446
2946.64109,0.00438
2944.71266,0.00448
2942.78423,0.00466
2940.85580,0.00491
2938.92737,0.00529
2936.99894,0.00571
2935.07051,0.00609
2933.14208,0.00635
2931.21365,0.00636
2929.28522,0.00623
2927.35679,0.00607
2925.42836,0.00577
2923.49993,0.00531
2921.57150,0.00489
2919.64307,0.00448
2917.71464,0.00391
2915.78621,0.00329
2913.85778,0.00284
2911.92935,0.00256
2910.00092,0.00223
2908.07249,0.00183
2906.14406,0.00160
2904.21563,0.00146
2902.28720,0.00123
2900.35877,0.00111
2898.43034,0.00118
2896.50191,0.00117
2894.57348,0.00097
2892.64505,0.00074
2890.71662,0.00068
2888.78819,0.00080
2886.85976,0.00091
2884.93133,0.00094
2883.00290,0.00105
2881.07447,0.00127
2879.14604,0.00146
2877.21761,0.00172
2875.28918,0.00204
2873.36075,0.00224
2871.43232,0.00220
2869.50389,0.00200
2867.57546,0.00188
2865.64703,0.00186
2863.71860,0.00180
2861.79017,0.00173
2859.86174,0.00158
2857.93331,0.00127
2856.00488,0.00102
2854.07645,0.00094
2852.14802,0.00085
2850.21959,0.00064
2848.29116,0.00040
2846.36273,0.00022
2844.43430,0.00011
2842.50587,-0.00000
2840.57744,-0.00010
2838.64901,-0.00010
2836.72058,0.00004
2834.79215,0.00015
2832.86372,0.00006
2830.93529,-0.00011
2829.00686,-0.00009
2827.07843,0.00020
2825.15000,0.00053
2823.22157,0.00067
2821.29314,0.00053
2819.36471,0.00023
2817.43628,0.00003
2815.50785,0.00006
2813.57942,0.00010
2811.65099,0.00010
2809.72256,0.00013
2807.79413,0.00014
2805.86570,0.00017
2803.93727,0.00032
2802.00884,0.00043
2800.08041,0.00040
2798.15198,0.00030
2796.22355,0.00024
2794.29512,0.00031
2792.36669,0.00038
2790.43826,0.00024
2788.50983,-0.00001
2786.58140,-0.00013
2784.65297,-0.00011
2782.72454,-0.00009
2780.79611,-0.00001
2778.86768,0.00009
2776.93925,0.00006
2775.01082,0.00001
2773.08239,0.00004
2771.15396,0.00001
2769.22553,-0.00000
2767.29710,0.00015
2765.36867,0.00024
2763.44024,0.00010
2761.51181,0.00000
2759.58338,0.00013
2757.65495,0.00030
2755.72652,0.00028
2753.79809,0.00013
2751.86966,-0.00001
2749.94123,-0.00009
2748.01280,-0.00012
2746.08437,-0.00001
2744.15594,0.00011
2742.22751,0.00005
2740.29908,-0.00006
2738.37065,0.00003
2736.44222,0.00019
2734.51379,0.00019
2732.58536,0.00022
2730.65693,0.00034
2728.72850,0.00030
2726.80007,0.00017
2724.87164,0.00015
2722.94321,0.00014
2721.01478,0.00011
2719.08635,0.00013
2717.15792,0.00016
2715.22949,0.00014
2713.30105,0.00006
2711.37262,0.00000
2709.44419,0.00003
2707.51576,0.00016
2705.58733,0.00031
2703.65890,0.00033
2701.73047,0.00025
2699.80204,0.00011
2697.87361,0.00002
2695.94518,0.00010
2694.01675,0.00028
2692.08832,0.00034
2690.15989,0.00021
2688.23146,-0.00001
2686.30303,-0.00015
2684.37460,-0.00014
2682.44617,-0.00005
2680.51774,0.00003
2678.58931,0.00009
2676.66088,0.00010
2674.73245,0.00015
2672.80402,0.00021
2670.87559,0.00017
2668.94716,0.00010
2667.01873,0.00011
2665.09030,0.00015
2663.16187,0.00009
2661.23344,0.00000
2659.30501,0.00004
2657.37658,0.00023
2655.44815,0.00035
2653.51972,0.00033
2651.59129,0.00022
2649.66286,0.00011
2647.73443,0.00019
2645.80600,0.00046
2643.87757,0.00060
2641.94914,0.00053
2640.02071,0.00043
2638.09228,0.00038
2636.16385,0.00034
2634.23542,0.00030
2632.30699,0.00023
2630.37856,0.00008
2628.45013,-0.00001
2626.52170,0.00000
2624.59327,0.00008
2622.66484,0.00014
2620.73641,0.00016
2618.80798,0.00027
2616.87955,0.00037
2614.95112,0.00029
2613.02269,0.00013
2611.09426,0.00008
2609.16583,0.00019
2607.23740,0.00036
2605.30897,0.00043
2603.38054,0.00037
2601.45211,0.00030
2599.52368,0.00025
2597.59525,0.00017
2595.66682,0.00014
2593.73839,0.00025
2591.80996,0.00035
2589.88153,0.00034
2587.95310,0.00019
2586.02467,0.00000
2584.09624,-0.00004
2582.16781,0.00001
2580.23938,0.00005
2578.31095,0.00004
2576.38252,0.00004
2574.45409,0.00002
2572.52566,-0.00001
2570.59723,0.00001
2568.66880,0.00003
2566.74037,0.00002
2564.81194,0.00004
2562.88351,0.00008
2560.95508,0.00004
2559.02665,0.00004
2557.09822,0.00015
2555.16979,0.00017
2553.24136,0.00011
2551.31293,0.00010
2549.38450,0.00010
2547.45607,0.00009
2545.52764,0.00012
2543.59921,0.00016
2541.67078,0.00020
2539.74235,0.00020
2537.81392,0.00018
2535.88549,0.00017
2533.95706,0.00021
2532.02863,0.00018
2530.10020,0.00007
2528.17177,0.00001
2526.24334,0.00003
2524.31491,0.00001
2522.38648,-0.00004
2520.45805,0.00003
2518.52962,0.00016
2516.60119,0.00014
2514.67276,0.00002
2512.74433,0.00000
2510.81590,0.00017
2508.88747,0.00047
2506.95904,0.00063
2505.03061,0.00047
2503.10218,0.00018
2501.17375,0.00004
2499.24532,0.00007
2497.31689,0.00019
2495.38846,0.00023
2493.46003,0.00017
2491.53160,0.00013
2489.60317,0.00015
2487.67474,0.00016
2485.74631,0.00008
2483.81788,-0.00004
2481.88945,-0.00008
2479.96102,-0.00002
2478.03259,0.00005
2476.10416,0.00009
2474.17573,0.00005
2472.24730,-0.00004
2470.31887,-0.00002
2468.39044,0.00012
2466.46201,0.00021
2464.53358,0.00013
2462.60515,-0.00001
2460.67672,-0.00001
2458.74829,0.00010
2456.81986,0.00014
2454.89143,0.00010
2452.96300,0.00005
2451.03457,0.00000
2449.10614,0.00001
2447.17771,0.00004
2445.24928,0.00006
2443.32085,0.00009
2441.39242,0.00015
2439.46399,0.00015
2437.53556,0.00007
2435.60713,0.00001
2433.67870,0.00001
2431.75027,-0.00005
2429.82184,-0.00005
2427.89341,0.00010
2425.96498,0.00012
2424.03655,-0.00003
2422.10812,-0.00003
2420.17969,-0.00002
2418.25126,-0.00002
2416.32283,-0.00002
2414.39440,-0.00001
2412.46597,-0.00001
2410.53754,-0.00001
2408.60911,-0.00000
2406.68068,0.00000
2404.75225,-0.00000
2402.82382,-0.00000
2400.89539,0.00000
2398.96696,-0.00006
2397.03853,-0.00012
2395.11010,-0.00018
2393.18167,-0.00024
2391.25324,-0.00029
2389.32481,-0.00035
2387.39638,-0.00040
2385.46795,-0.00044
2383.53952,-0.00049
2381.61109,-0.00054
2379.68266,-0.00058
2377.75423,-0.00062
2375.82580,-0.00066
2373.89737,-0.00070
2371.96894,-0.00073
2370.04051,-0.00077
2368.11208,-0.00080
2366.18365,-0.00083
2364.25522,-0.00086
2362.32679,-0.00088
2360.39836,-0.00091
2358.46993,-0.00093
2356.54150,-0.00095
2354.61307,-0.00097
2352.68464,-0.00098
2350.75621,-0.00100
2348.82778,-0.00101
2346.89935,-0.00102
2344.97092,-0.00103
2343.04249,-0.00104
2341.11406,-0.00104
2339.18563,-0.00104
2337.25720,-0.00104
2335.32877,-0.00104
2333.40034,-0.00104
2331.47191,-0.00104
2329.54348,-0.00103
2327.61505,-0.00102
2325.68662,-0.00101
2323.75819,-0.00100
2321.82976,-0.00098
2319.90133,-0.00097
2317.97290,-0.00095
2316.04447,-0.00093
2314.11604,-0.00091
2312.18761,-0.00088
2310.25918,-0.00086
2308.33075,-0.00083
2306.40232,-0.00080
2304.47389,-0.00077
2302.54546,-0.00073
2300.61703,-0.00070
2298.68860,-0.00066
2296.76017,-0.00062
2294.83174,-0.00058
2292.90331,-0.00054
2290.97488,-0.00049
2289.04645,-0.00044
2287.11802,-0.00040
2285.18959,-0.00035
2283.26116,-0.00029
2281.33273,-0.00024
2279.40430,-0.00018
2277.47587,-0.00012
2275.54744,-0.00006
2273.61901,0.00000
2271.69058,-0.00000
2269.76215,-0.00001
2267.83372,-0.00001
2265.90529,-0.00001
2263.97686,-0.00001
2262.04843,-0.00000
2260.12000,0.00000
2258.19157,0.00001
2256.26314,0.00002
2254.33471,0.00003
2252.40628,0.00005
2250.47785,0.00006
2248.54942,0.00008
2246.62099,0.00010
2244.69256,0.00012
2242.76413,0.00014
2240.83570,0.00009
2238.90727,0.00008
2236.97884,0.00003
2235.05041,-0.00003
2233.12198,0.00000
2231.19355,0.00012
2229.26512,0.00016
2227.33669,0.00006
2225.40826,0.00001
2223.47983,0.00005
2221.55140,0.00006
2219.62297,0.00007
2217.69454,0.00011
2215.76611,0.00013
2213.83768,0.00012
2211.90925,0.00012
2209.98082,0.00010
2208.05239,0.00004
2206.12396,-0.00002
2204.19553,-0.00002
2202.26710,0.00001
2200.33867,0.00002
2198.41024,0.00004
2196.48181,0.00016
2194.55338,0.00023
2192.62495,0.00013
2190.69652,-0.00001
2188.76809,-0.00003
2186.83966,0.00008
2184.91123,0.00023
2182.98280,0.00033
2181.05437,0.00029
2179.12594,0.00012
2177.19751,0.00000
2175.26908,0.00004
2173.34065,0.00016
2171.41222,0.00019
2169.48379,0.00010
2167.55536,0.00002
2165.62693,0.00009
2163.69850,0.00024
2161.77007,0.00026
2159.84164,0.00017
2157.91321,0.00010
2155.98478,0.00004
2154.05635,0.00003
2152.12792,0.00014
2150.19949,0.00027
2148.27106,0.00034
2146.34263,0.00037
2144.41420,0.00044
2142.48577,0.00051
2140.55734,0.00059
2138.62891,0.00068
2136.70048,0.00064
2134.77205,0.00039
2132.84362,0.00019
2130.91519,0.00025
2128.98676,0.00037
2127.05833,0.00033
2125.12990,0.00015
2123.20147,0.00001
2121.27304,0.00000
2119.34461,0.00017
2117.41618,0.00051
2115.48775,0.00081
2113.55932,0.00069
2111.63089,0.00031
2109.70245,0.00018
2107.77402,0.00023
2105.84559,0.00016
2103.91716,0.00003
2101.98873,0.00000
2100.06030,0.00003
2098.13187,0.00011
2096.20344,0.00024
2094.27501,0.00039
2092.34658,0.00056
2090.41815,0.00064
2088.48972,0.00049
2086.56129,0.00028
2084.63286,0.00009
2082.70443,-0.00010
2080.77600,-0.00015
2078.84757,-0.00003
2076.91914,0.00010
2074.99071,0.00018
2073.06228,0.00021
2071.13385,0.00012
2069.20542,0.00008
2067.27699,0.00038
2065.34856,0.00081
2063.42013,0.00074
2061.49170,0.00044
2059.56327,0.00026
2057.63484,0.00007
2055.70641,0.00000
2053.77798,0.00010
2051.84955,0.00019
2049.92112,0.00014
2047.99269,0.00010
2046.06426,0.00015
2044.13583,0.00026
2042.20740,0.00042
2040.27897,0.00040
2038.35054,0.00023
2036.42211,0.00015
2034.49368,0.00007
2032.56525,-0.00002
2030.63682,-0.00002
2028.70839,0.00009
2026.77996,0.00018
2024.85153,0.00024
2022.92310,0.00029
2020.99467,0.00029
2019.06624,0.00052
2017.13781,0.00073
2015.20938,0.00037
2013.28095,0.00000
2011.35252,-0.00000
2009.42409,0.00015
2007.49566,0.00022
2005.56723,0.00021
2003.63880,0.00018
2001.71037,0.00012
1999.78194,0.00004
1997.85351,-0.00001
1995.92508,-0.00001
1993.99665,0.00037
1992.06822,0.00076
1990.13979,0.00051
1988.21136,0.00027
1986.28293,0.00012
1984.35450,-0.00003
1982.42607,-0.00005
1980.49764,-0.00006
1978.56921,-0.00002
1976.64078,0.00012
1974.71235,0.00017
1972.78392,0.00007
1970.85549,0.00000
1968.92706,0.00033
1966.99863,0.00064
1965.07020,0.00034
1963.14177,0.00018
1961.21334,0.00036
1959.28491,0.00040
1957.35648,0.00038
1955.42805,0.00041
1953.49962,0.00034
1951.57119,0.00019
1949.64276,0.00001
1947.71433,-0.00014
1945.78590,-0.00005
1943.85747,0.00060
1941.92904,0.00079
1940.00061,0.00017
1938.07218,-0.00014
1936.14375,-0.00013
1934.21532,-0.00008
1932.28689,0.00004
1930.35846,0.00015
1928.43003,0.00009
1926.50160,-0.00010
1924.57317,0.00008
1922.64474,0.00025
1920.71631,0.00014
1918.78788,0.00056
1916.85945,0.00060
1914.93102,0.00010
1913.00259,0.00000
1911.07416,0.00024
1909.14573,0.00034
1907.21730,0.00012
1905.28887,0.00003
1903.36044,0.00010
1901.43201,0.00004
1899.50358,-0.00009
1897.57515,0.00011
1895.64672,0.00057
1893.71829,0.00053
1891.78986,0.00043
1889.86143,0.00063
1887.93300,0.00041
1886.00457,0.00024
1884.07614,0.00046
1882.14771,0.00064
1880.21928,0.00078
1878.29085,0.00084
1876.36242,0.00074
1874.43399,0.00044
1872.50556,0.00007
1870.57713,0.00024
1868.64870,0.00056
1866.72027,0.00021
1864.79184,0.00018
1862.86341,0.00089
1860.93498,0.00143
1859.00655,0.00141
1857.07812,0.00112
1855.14969,0.00096
1853.22126,0.00098
1851.29283,0.00105
1849.36440,0.00106
1847.43597,0.00109
1845.50754,0.00182
1843.57911,0.00237
1841.65068,0.00167
1839.72225,0.00142
1837.79382,0.00187
1835.86539,0.00193
1833.93696,0.00142
1832.00853,0.00104
1830.08010,0.00072
1828.15167,-0.00008
1826.22324,0.00012
1824.29481,0.00092
1822.36638,0.00102
1820.43795,0.00124
1818.50952,0.00166
1816.58109,0.00144
1814.65266,0.00069
1812.72423,0.00053
1810.79580,0.00079
1808.86737,0.00073
1806.93894,0.00052
1805.01051,0.00060
1803.08208,0.00129
1801.15365,0.00200
1799.22522,0.00176
1797.29679,0.00114
1795.36836,0.00105
1793.43993,0.00161
1791.51150,0.00188
1789.58307,0.00145
1787.65464,0.00197
1785.72621,0.00295
1783.79778,0.00281
1781.86935,0.00226
1779.94092,0.00190
1778.01249,0.00123
1776.08406,0.00036
1774.15563,0.00000
1772.22720,0.00046
1770.29877,0.00148
1768.37034,0.00267
1766.44191,0.00257
1764.51348,0.00191
1762.58505,0.00204
1760.65662,0.00172
1758.72819,0.00161
1756.79976,0.00189
1754.87133,0.00130
1752.94290,0.00150
1751.01447,0.00241
1749.08604,0.00184
1747.15761,0.00073
1745.22918,0.00062
1743.30075,0.00094
1741.37232,0.00112
1739.44389,0.00075
1737.51546,0.00000
1735.58703,0.00133
1733.65860,0.00286
1731.73017,0.00195
1729.80174,0.00142
1727.87331,0.00149
1725.94488,0.00184
1724.01645,0.00211
1722.08802,0.00105
1720.15959,-0.00013
1718.23116,0.00001
1716.30273,0.00084
1714.37430,0.00195
1712.44587,0.00357
1710.51744,0.00501
1708.58901,0.00610
1706.66058,0.00776
1704.73215,0.00965
1702.80372,0.01203
1700.87529,0.01597
1698.94686,0.01884
1697.01843,0.02263
1695.09000,0.02712
1693.16157,0.02968
1691.23314,0.03247
1689.30471,0.03475
1687.37628,0.03593
1685.44785,0.03976
1683.51942,0.04566
1681.59099,0.04929
1679.66256,0.05198
1677.73413,0.05481
1675.80570,0.05810
1673.87727,0.06004
1671.94884,0.06232
1670.02041,0.06755
1668.09198,0.07250
1666.16355,0.07590
1664.23512,0.08080
1662.30669,0.08711
1660.37826,0.09206
1658.44983,0.09513
1656.52140,0.09764
1654.59297,0.10130
1652.66454,0.10278
1650.73611,0.10097
1648.80768,0.10156
1646.87925,0.10209
1644.95082,0.09954
1643.02239,0.09769
1641.09396,0.09612
1639.16553,0.09303
1637.23710,0.08930
1635.30867,0.08441
1633.38024,0.07874
1631.45181,0.07518
1629.52338,0.07214
1627.59495,0.06718
1625.66652,0.06172
1623.73809,0.05735
1621.80966,0.05250
1619.88123,0.04821
1617.95280,0.04549
1616.02437,0.04145
1614.09594,0.03689
1612.16751,0.03446
1610.23908,0.03253
1608.31065,0.02979
1606.38222,0.02707
1604.45379,0.02521
1602.52536,0.02390
1600.59693,0.02251
1598.66850,0.02126
1596.74007,0.02060
1594.81164,0.02032
1592.88321,0.02011
1590.95478,0.02005
1589.02635,0.02016
1587.09792,0.02050
1585.16949,0.02124
1583.24106,0.02209
1581.31263,0.02230
1579.38420,0.02239
1577.45577,0.02403
1575.52734,0.02561
1573.59891,0.02570
1571.67048,0.02761
1569.74205,0.03063
1567.81362,0.03208
1565.88519,0.03366
1563.95676,0.03493
1562.02833,0.03609
1560.09990,0.04080
1558.17147,0.04568
1556.24304,0.04818
1554.31461,0.05178
1552.38618,0.05584
1550.45775,0.05943
1548.52932,0.06111
1546.60089,0.06131
1544.67246,0.06083
1542.74403,0.05984
1540.81560,0.06107
1538.88717,0.06329
1536.95874,0.06426
1535.03031,0.06595
1533.10188,0.06597
1531.17345,0.06333
1529.24502,0.06207
1527.31659,0.06148
1525.38816,0.05920
1523.45973,0.05734
1521.53130,0.05665
1519.60287,0.05515
1517.67444,0.05417
1515.74601,0.05246
1513.81758,0.04974
1511.88915,0.04732
1509.96072,0.04480
1508.03229,0.04131
1506.10385,0.03499
1504.17542,0.03029
1502.24699,0.02985
1500.31856,0.02943
1498.39013,0.02660
1496.46170,0.02217
1494.53327,0.01763
1492.60484,0.01500
1490.67641,0.01361
1488.74798,0.01084
1486.81955,0.00782
1484.89112,0.00651
1482.96269,0.00644
1481.03426,0.00612
1479.10583,0.00527
1477.17740,0.00506
1475.24897,0.00565
1473.32054,0.00684
1471.39211,0.00707
1469.46368,0.00674
1467.53525,0.00773
1465.60682,0.00905
1463.67839,0.00846
1461.74996,0.00688
1459.82153,0.00697
1457.89310,0.00888
1455.96467,0.00967
1454.03624,0.00951
1452.10781,0.01001
1450.17938,0.01037
1448.25095,0.01022
1446.32252,0.00947
1444.39409,0.00878
1442.46566,0.00839
1440.53723,0.00795
1438.60880,0.00865
1436.68037,0.00940
1434.75194,0.00745
1432.82351,0.00552
1430.89508,0.00515
1428.96665,0.00461
1427.03822,0.00406
1425.10979,0.00438
1423.18136,0.00459
1421.25293,0.00557
1419.32450,0.00768
1417.39607,0.00753
1415.46764,0.00611
1413.53921,0.00600
1411.61078,0.00666
1409.68235,0.00692
1407.75392,0.00710
1405.82549,0.00779
1403.89706,0.00787
1401.96863,0.00775
1400.04020,0.00889
1398.11177,0.01012
1396.18334,0.01056
1394.25491,0.01028
1392.32648,0.00951
1390.39805,0.00961
1388.46962,0.01018
1386.54119,0.00922
1384.61276,0.00731
1382.68433,0.00656
1380.75590,0.00658
1378.82747,0.00595
1376.89904,0.00473
1374.97061,0.00397
1373.04218,0.00322
1371.11375,0.00254
1369.18532,0.00234
1367.25689,0.00166
1365.32846,0.00121
1363.40003,0.00169
1361.47160,0.00150
1359.54317,0.00065
1357.61474,0.00042
1355.68631,0.00044
1353.75788,0.00019
1351.82945,0.00000
1349.90102,0.00002
1347.97259,0.00011
1346.04416,0.00007
1344.11573,0.00002
1342.18730,0.00078
1340.25887,0.00232
1338.33044,0.00256
1336.40201,0.00123
1334.47358,0.00022
1332.54515,0.00011
1330.61672,0.00036
1328.68829,0.00047
1326.75986,0.00049
1324.83143,0.00056
1322.90300,0.00063
1320.97457,0.00080
1319.04614,0.00114
1317.11771,0.00140
1315.18928,0.00163
1313.26085,0.00174
1311.33242,0.00144
1309.40399,0.00110
1307.47556,0.00096
1305.54713,0.00069
1303.61870,0.00033
1301.69027,0.00015
1299.76184,0.00027
1297.83341,0.00047
1295.90498,0.00041
1293.97655,0.00020
1292.04812,0.00015
1290.11969,0.00039
1288.19126,0.00050
1286.26283,0.00025
1284.33440,0.00000
1282.40597,0.00003
1280.47754,0.00023
1278.54911,0.00049
1276.62068,0.00070
1274.69225,0.00089
1272.76382,0.00122
1270.83539,0.00169
1268.90696,0.00222
1266.97853,0.00295
1265.05010,0.00371
1263.12167,0.00449
1261.19324,0.00565
1259.26481,0.00715
1257.33638,0.00872
1255.40795,0.01045
1253.47952,0.01235
1251.55109,0.01438
1249.62266,0.01647
1247.69423,0.01852
1245.76580,0.02047
1243.83737,0.02239
1241.90894,0.02437
1239.98051,0.02637
1238.05208,0.02816
1236.12365,0.02971
1234.19522,0.03126
1232.26679,0.03285
1230.33836,0.03430
1228.40993,0.03565
1226.48150,0.03710
1224.55307,0.03844
1222.62464,0.03951
1220.69621,0.04048
1218.76778,0.04149
1216.83935,0.04256
1214.91092,0.04376
1212.98249,0.04499
1211.05406,0.04599
1209.12563,0.04680
1207.19720,0.04773
1205.26877,0.04882
1203.34034,0.04984
1201.41191,0.05090
1199.48348,0.05230
1197.55505,0.05354
1195.62662,0.05448
1193.69819,0.05552
1191.76976,0.05692
1189.84133,0.05853
1187.91290,0.06022
1185.98447,0.06175
1184.05604,0.06308
1182.12761,0.06451
1180.19918,0.06618
1178.27075,0.06799
1176.34232,0.07009
1174.41389,0.07237
1172.48546,0.07436
1170.55703,0.07610
1168.62860,0.07792
1166.70017,0.07967
1164.77174,0.08122
1162.84331,0.08289
1160.91488,0.08501
1158.98645,0.08736
1157.05802,0.08945
1155.12959,0.09129
1153.20116,0.09322
1151.27273,0.09527
1149.34430,0.09719
1147.41587,0.09900
1145.48744,0.10090
1143.55901,0.10300
1141.63058,0.10517
1139.70215,0.10731
1137.77372,0.10965
1135.84529,0.11229
1133.91686,0.11513
1131.98843,0.11840
1130.06000,0.12219
1128.13157,0.12614
1126.20314,0.13017
1124.27471,0.13465
1122.34628,0.13972
1120.41785,0.14511
1118.48942,0.15055
1116.56099,0.15624
1114.63256,0.16259
1112.70413,0.16948
1110.77570,0.17635
1108.84727,0.18304
1106.91884,0.18983
1104.99041,0.19653
1103.06198,0.20277
1101.13355,0.20874
1099.20512,0.21484
1097.27669,0.22081
1095.34826,0.22628
1093.41983,0.23141
1091.49140,0.23590
1089.56297,0.23959
1087.63454,0.24302
1085.70611,0.24634
1083.77768,0.24928
1081.84925,0.25192
1079.92082,0.25428
1077.99239,0.25613
1076.06396,0.25776
1074.13553,0.25952
1072.20710,0.26112
1070.27867,0.26223
1068.35024,0.26302
1066.42181,0.26355
1064.49338,0.26322
1062.56495,0.26176
1060.63652,0.26009
1058.70809,0.25896
1056.77966,0.25792
1054.85123,0.25612
1052.92280,0.25315
1050.99437,0.24925
1049.06594,0.24504
1047.13751,0.24049
1045.20908,0.23516
1043.28065,0.22893
1041.35222,0.22186
1039.42379,0.21418
1037.49536,0.20605
1035.56693,0.19744
1033.63850,0.18862
1031.71007,0.17990
1029.78164,0.17116
1027.85321,0.16220
1025.92478,0.15314
1023.99635,0.14401
1022.06792,0.13489
1020.13949,0.12609
1018.21106,0.11769
1016.28263,0.10963
1014.35420,0.10214
1012.42577,0.09533
1010.49734,0.08874
1008.56891,0.08217
1006.64048,0.07596
1004.71205,0.07038
1002.78362,0.06544
1000.85519,0.06095
998.92676,0.05672
996.99833,0.05288
995.06990,0.04984
993.14147,0.04762
991.21304,0.04601
989.28461,0.04498
987.35618,0.04454
985.42775,0.04445
983.49932,0.04454
981.57089,0.04474
979.64246,0.04491
977.71403,0.04500
975.78560,0.04522
973.85717,0.04542
971.92874,0.04508
970.00031,0.04426
968.07188,0.04356
966.14345,0.04302
964.21502,0.04212
962.28659,0.04071
960.35816,0.03927
958.42973,0.03821
956.50130,0.03729
954.57287,0.03631
952.64444,0.03544
950.71601,0.03464
948.78758,0.03376
946.85915,0.03271
944.93072,0.03147
943.00229,0.03029
941.07386,0.02945
939.14543,0.02864
937.21700,0.02750
935.28857,0.02629
933.36014,0.02525
931.43171,0.02437
929.50328,0.02366
927.57485,0.02292
925.64642,0.02186
923.71799,0.02053
921.78956,0.01911
919.86113,0.01758
917.93270,0.01603
916.00427,0.01470
914.07584,0.01373
912.14741,0.01292
910.21898,0.01214
908.29055,0.01137
906.36212,0.01047
904.43368,0.00931
902.50525,0.00822
900.57682,0.00759
898.64839,0.00717
896.71996,0.00654
894.79153,0.00573
892.86310,0.00495
890.93467,0.00431
889.00624,0.00385
887.07781,0.00344
885.14938,0.00292
883.22095,0.00223
881.29252,0.00154
879.36409,0.00114
877.43566,0.00101
875.50723,0.00081
873.57880,0.00051
871.65037,0.00049
869.72194,0.00056
867.79351,0.00070
865.86508,0.00065
863.93665,0.00033
862.00822,0.00000
860.07979,-0.00005
858.15136,0.00023
856.22293,0.00046
854.29450,0.00085
852.36607,0.00143
850.43764,0.00188
848.50921,0.00239
846.58078,0.00333
844.65235,0.00470
842.72392,0.00604
840.79549,0.00708
838.86706,0.00812
836.93863,0.00950
835.01020,0.01123
833.08177,0.01317
831.15334,0.01507
829.22491,0.01671
827.29648,0.01805
825.36805,0.01924
823.43962,0.02047
821.51119,0.02177
819.58276,0.02312
817.65433,0.02454
815.72590,0.02609
813.79747,0.02758
811.86904,0.02880
809.94061,0.02996
808.01218,0.03129
806.08375,0.03254
804.15532,0.03325
802.22689,0.03355
800.29846,0.03381
798.37003,0.03398
796.44160,0.03392
794.51317,0.03374
792.58474,0.03338
790.65631,0.03275
788.72788,0.03193
786.79945,0.03083
784.87102,0.02912
782.94259,0.02678
781.01416,0.02418
779.08573,0.02152
777.15730,0.01881
775.22887,0.01591
773.30044,0.01274
771.37201,0.00988
769.44358,0.00809
767.51515,0.00763
765.58672,0.00807
763.65829,0.00841
761.72986,0.00814
759.80143,0.00736
757.87300,0.00626
755.94457,0.00522
754.01614,0.00472
752.08771,0.00485
750.15928,0.00510
748.23085,0.00525
746.30242,0.00546
744.37399,0.00547
742.44556,0.00495
740.51713,0.00388
738.58870,0.00274
736.66027,0.00207
734.73184,0.00178
732.80341,0.00159
730.87498,0.00121
728.94655,0.00055
727.01812,0.00008
725.08969,0.00022
723.16126,0.00134
721.23283,0.00202
719.30440,0.00184
717.37597,0.00116
715.44754,0.00090
713.51911,0.00130
711.59068,0.00169
709.66225,0.00210
707.73382,0.00284
705.80539,0.00386
703.87696,0.00483
701.94853,0.00545
700.02010,0.00559
698.09167,0.00531
696.16324,0.00483
694.23481,0.00431
692.30638,0.00399
690.37795,0.00387
688.44952,0.00300
686.52109,0.00114
684.59266,0.00000
682.66423,0.00058
680.73580,0.00178
678.80737,0.00208
676.87894,0.00121
674.95051,-0.00026
673.02208,-0.00051
671.09365,0.00329
669.16522,0.00849
667.23679,0.00733
665.30836,0.00382
663.37993,0.00519
661.45150,0.00941
659.52307,0.01149
657.59464,0.01053
655.66621,0.00813
653.73778,0.00556
651.80935,0.00372
649.88092,0.00301
647.95249,0.00285
646.02406,0.00309
644.09563,0.00326
642.16720,0.00253
640.23877,0.00117
638.31034,0.00042
636.38191,0.00099
634.45348,0.00258
632.52505,0.00344
630.59662,0.00197
628.66819,0.00000
626.73976,-0.00004
624.81133,0.00067
622.88290,-0.00001
620.95447,0.00005
619.02604,0.00128
617.09761,0.00221
615.16918,0.00213
613.24075,0.00209
611.31232,0.00132
609.38389,0.00025
607.45546,0.00028
605.52703,0.00123
603.59860,0.00175
601.67017,0.00118
599.74174,0.00000
