4001.49232,0.00067
3999.56389,0.00201
3997.63546,0.00201
3995.70703,0.00150
3993.77860,0.00127
3991.85017,0.00129
3989.92174,0.00129
3987.99331,0.00106
3986.06488,0.00070
3984.13645,0.00035
3982.20802,0.00000
3980.27959,-0.00009
3978.35116,0.00028
3976.42273,0.00075
3974.49430,0.00084
3972.56587,0.00067
3970.63744,0.00049
3968.70901,0.00036
3966.78058,0.00030
3964.85215,0.00048
3962.92372,0.00070
3960.99529,0.00049
3959.06686,0.00005
3957.13843,0.00000
3955.21000,0.00024
3953.28157,0.00030
3951.35314,0.00042
3949.42471,0.00099
3947.49628,0.00157
3945.56785,0.00160
3943.63942,0.00126
3941.71099,0.00079
3939.78256,0.00025
3937.85413,-0.00011
3935.92570,-0.00009
3933.99727,0.00027
3932.06884,0.00065
3930.14041,0.00082
3928.21198,0.00076
3926.28355,0.00053
3924.35512,0.00051
3922.42669,0.00097
3920.49826,0.00156
3918.56982,0.00196
3916.64139,0.00192
3914.71296,0.00136
3912.78453,0.00070
3910.85610,0.00025
3908.92767,0.00000
3906.99924,0.00023
3905.07081,0.00153
3903.14238,0.00333
3901.21395,0.00374
3899.28552,0.00310
3897.35709,0.00269
3895.42866,0.00246
3893.50023,0.00224
3891.57180,0.00231
3889.64337,0.00253
3887.71494,0.00269
3885.78651,0.00282
3883.85808,0.00294
3881.92965,0.00318
3880.00122,0.00344
3878.07279,0.00352
3876.14436,0.00358
3874.21593,0.00360
3872.28750,0.00361
3870.35907,0.00372
3868.43064,0.00372
3866.50221,0.00342
3864.57378,0.00330
3862.64535,0.00391
3860.71692,0.00460
3858.78849,0.00483
3856.86006,0.00452
3854.93163,0.00358
3853.00320,0.00296
3851.07477,0.00351
3849.14634,0.00405
3847.21791,0.00380
3845.28948,0.00316
3843.36105,0.00303
3841.43262,0.00347
3839.50419,0.00362
3837.57576,0.00324
3835.64733,0.00265
3833.71890,0.00243
3831.79047,0.00256
3829.86204,0.00259
3827.93361,0.00244
3826.00518,0.00236
3824.07675,0.00247
3822.14832,0.00269
3820.21989,0.00322
3818.29146,0.00363
3816.36303,0.00367
3814.43460,0.00360
3812.50617,0.00367
3810.57774,0.00357
3808.64931,0.00290
3806.72088,0.00210
3804.79245,0.00174
3802.86402,0.00173
3800.93559,0.00196
3799.00716,0.00209
3797.07873,0.00163
3795.15030,0.00092
3793.22187,0.00046
3791.29344,0.00035
3789.36501,0.00037
3787.43658,0.00042
3785.50815,0.00051
3783.57972,0.00066
3781.65129,0.00062
3779.72286,0.00042
3777.79443,0.00039
3775.86600,0.00063
3773.93757,0.00085
3772.00914,0.00081
3770.08071,0.00082
3768.15228,0.00122
3766.22385,0.00178
3764.29542,0.00226
3762.36699,0.00259
3760.43856,0.00290
3758.51013,0.00369
3756.58170,0.00488
3754.65327,0.00538
3752.72484,0.00479
3750.79641,0.00488
3748.86798,0.00688
3746.93955,0.00862
3745.01112,0.00940
3743.08269,0.00903
3741.15426,0.00831
3739.22583,0.00778
3737.29740,0.00719
3735.36897,0.00669
3733.44054,0.00638
3731.51211,0.00620
3729.58368,0.00595
3727.65525,0.00554
3725.72682,0.00506
3723.79839,0.00449
3721.86996,0.00368
3719.94153,0.00288
3718.01310,0.00264
3716.08467,0.00284
3714.15624,0.00272
3712.22781,0.00197
3710.29938,0.00159
3708.37095,0.00166
3706.44252,0.00177
3704.51409,0.00174
3702.58566,0.00159
3700.65723,0.00150
3698.72880,0.00154
3696.80037,0.00167
3694.87194,0.00164
3692.94351,0.00099
3691.01508,0.00001
3689.08665,0.00026
3687.15822,0.00159
3685.22979,0.00238
3683.30136,0.00254
3681.37293,0.00251
3679.44450,0.00247
3677.51607,0.00254
3675.58764,0.00288
3673.65921,0.00308
3671.73078,0.00282
3669.80235,0.00227
3667.87392,0.00200
3665.94549,0.00186
3664.01706,0.00163
3662.08863,0.00139
3660.16020,0.00139
3658.23177,0.00175
3656.30334,0.00242
3654.37491,0.00282
3652.44648,0.00200
3650.51805,0.00023
3648.58962,0.00000
3646.66119,0.00107
3644.73276,0.00195
3642.80433,0.00228
3640.87590,0.00218
3638.94747,0.00201
3637.01904,0.00204
3635.09061,0.00216
3633.16218,0.00215
3631.23375,0.00206
3629.30532,0.00205
3627.37689,0.00241
3625.44846,0.00290
3623.52003,0.00313
3621.59160,0.00270
3619.66317,0.00211
3617.73474,0.00234
3615.80631,0.00304
3613.87788,0.00373
3611.94945,0.00438
3610.02102,0.00471
3608.09259,0.00435
3606.16416,0.00354
3604.23573,0.00287
3602.30730,0.00244
3600.37887,0.00206
3598.45044,0.00170
3596.52201,0.00155
3594.59358,0.00186
3592.66515,0.00227
3590.73672,0.00238
3588.80829,0.00229
3586.87986,0.00204
3584.95143,0.00140
3583.02300,0.00061
3581.09457,0.00020
3579.16614,0.00022
3577.23771,0.00036
3575.30928,0.00046
3573.38085,0.00054
3571.45242,0.00056
3569.52399,0.00050
3567.59556,0.00062
3565.66713,0.00105
3563.73870,0.00112
3561.81027,0.00083
3559.88184,0.00063
3557.95341,0.00055
3556.02498,0.00047
3554.09655,0.00051
3552.16812,0.00072
3550.23969,0.00096
3548.31126,0.00125
3546.38283,0.00137
3544.45440,0.00104
3542.52597,0.00063
3540.59754,0.00042
3538.66911,0.00022
3536.74068,0.00016
3534.81225,0.00037
3532.88382,0.00065
3530.95539,0.00090
3529.02696,0.00124
3527.09853,0.00165
3525.17010,0.00189
3523.24167,0.00185
3521.31324,0.00156
3519.38481,0.00100
3517.45638,0.00043
3515.52795,0.00012
3513.59952,-0.00001
3511.67109,0.00000
3509.74266,0.00024
3507.81423,0.00075
3505.88580,0.00137
3503.95737,0.00179
3502.02894,0.00168
3500.10051,0.00109
3498.17208,0.00063
3496.24365,0.00055
3494.31522,0.00054
3492.38679,0.00046
3490.45836,0.00053
3488.52993,0.00084
3486.60150,0.00107
3484.67307,0.00098
3482.74464,0.00081
3480.81621,0.00079
3478.88778,0.00075
3476.95935,0.00054
3475.03092,0.00028
3473.10249,0.00011
3471.17406,0.00002
3469.24563,-0.00006
3467.31720,-0.00010
3465.38877,-0.00005
3463.46034,0.00019
3461.53191,0.00066
3459.60348,0.00102
3457.67505,0.00107
3455.74662,0.00092
3453.81819,0.00060
3451.88976,0.00021
3449.96133,0.00000
3448.03290,0.00024
3446.10447,0.00092
3444.17604,0.00136
3442.24761,0.00129
3440.31918,0.00121
3438.39075,0.00129
3436.46232,0.00124
3434.53389,0.00106
3432.60546,0.00088
3430.67703,0.00075
3428.74860,0.00069
3426.82017,0.00064
3424.89174,0.00049
3422.96331,0.00047
3421.03488,0.00081
3419.10645,0.00113
3417.17802,0.00098
3415.24959,0.00065
3413.32116,0.00054
3411.39273,0.00067
3409.46430,0.00089
3407.53587,0.00088
3405.60744,0.00070
3403.67901,0.00065
3401.75058,0.00081
3399.82215,0.00176
3397.89372,0.00209
3395.96529,0.00215
3394.03686,0.00199
3392.10843,0.00157
3390.18000,0.00115
3388.25157,0.00112
3386.32314,0.00143
3384.39471,0.00169
3382.46628,0.00166
3380.53785,0.00120
3378.60942,0.00060
3376.68099,0.00047
3374.75256,0.00062
3372.82413,0.00058
3370.89570,0.00060
3368.96727,0.00096
3367.03884,0.00146
3365.11041,0.00170
3363.18198,0.00158
3361.25355,0.00144
3359.32512,0.00150
3357.39669,0.00159
3355.46826,0.00140
3353.53983,0.00092
3351.61140,0.00048
3349.68297,0.00039
3347.75454,0.00055
3345.82611,0.00069
3343.89768,0.00071
3341.96925,0.00069
3340.04082,0.00077
3338.11239,0.00106
3336.18396,0.00128
3334.25553,0.00125
3332.32710,0.00115
3330.39867,0.00113
3328.47024,0.00126
3326.54181,0.00139
3324.61338,0.00129
3322.68495,0.00117
3320.75652,0.00136
3318.82809,0.00172
3316.89966,0.00202
3314.97122,0.00227
3313.04279,0.00248
3311.11436,0.00259
3309.18593,0.00251
3307.25750,0.00214
3305.32907,0.00168
3303.40064,0.00155
3301.47221,0.00173
3299.54378,0.00201
3297.61535,0.00224
3295.68692,0.00236
3293.75849,0.00241
3291.83006,0.00246
3289.90163,0.00249
3287.97320,0.00250
3286.04477,0.00258
3284.11634,0.00279
3282.18791,0.00300
3280.25948,0.00308
3278.33105,0.00319
3276.40262,0.00339
3274.47419,0.00347
3272.54576,0.00333
3270.61733,0.00313
3268.68890,0.00295
3266.76047,0.00289
3264.83204,0.00304
3262.90361,0.00323
3260.97518,0.00336
3259.04675,0.00349
3257.11832,0.00359
3255.18989,0.00370
3253.26146,0.00380
3251.33303,0.00372
3249.40460,0.00345
3247.47617,0.00321
3245.54774,0.00316
3243.61931,0.00310
3241.69088,0.00286
3239.76245,0.00263
3237.83402,0.00269
3235.90559,0.00294
3233.97716,0.00308
3232.04873,0.00292
3230.12030,0.00266
3228.19187,0.00260
3226.26344,0.00273
3224.33501,0.00296
3222.40658,0.00331
3220.47815,0.00370
3218.54972,0.00388
3216.62129,0.00375
3214.69286,0.00348
3212.76443,0.00320
3210.83600,0.00298
3208.90757,0.00293
3206.97914,0.00288
3205.05071,0.00275
3203.12228,0.00262
3201.19385,0.00245
3199.26542,0.00234
3197.33699,0.00238
3195.40856,0.00246
3193.48013,0.00251
3191.55170,0.00253
3189.62327,0.00263
3187.69484,0.00286
3185.76641,0.00305
3183.83798,0.00300
3181.90955,0.00282
3179.98112,0.00271
3178.05269,0.00256
3176.12426,0.00217
3174.19583,0.00170
3172.26740,0.00150
3170.33897,0.00169
3168.41054,0.00197
3166.48211,0.00202
3164.55368,0.00184
3162.62525,0.00153
3160.69682,0.00123
3158.76839,0.00118
3156.83996,0.00135
3154.91153,0.00144
3152.98310,0.00137
3151.05467,0.00131
3149.12624,0.00134
3147.19781,0.00135
3145.26938,0.00133
3143.34095,0.00124
3141.41252,0.00108
3139.48409,0.00106
3137.55566,0.00133
3135.62723,0.00163
3133.69880,0.00165
3131.77037,0.00146
3129.84194,0.00127
3127.91351,0.00121
3125.98508,0.00129
3124.05665,0.00141
3122.12822,0.00137
3120.19979,0.00127
3118.27136,0.00145
3116.34293,0.00170
3114.41450,0.00159
3112.48607,0.00121
3110.55764,0.00092
3108.62921,0.00069
3106.70078,0.00044
3104.77235,0.00044
3102.84392,0.00081
3100.91549,0.00107
3098.98706,0.00091
3097.05863,0.00062
3095.13020,0.00044
3093.20177,0.00037
3091.27334,0.00042
3089.34491,0.00053
3087.41648,0.00055
3085.48805,0.00044
3083.55962,0.00045
3081.63119,0.00060
3079.70276,0.00061
3077.77433,0.00046
3075.84590,0.00030
3073.91747,0.00013
3071.98904,0.00000
3070.06061,0.00011
3068.13218,0.00052
3066.20375,0.00082
3064.27532,0.00064
3062.34689,0.00021
3060.41846,0.00007
3058.49003,0.00034
3056.56160,0.00059
3054.63317,0.00050
3052.70474,0.00038
3050.77631,0.00049
3048.84788,0.00061
3046.91945,0.00049
3044.99102,0.00027
3043.06259,0.00007
3041.13416,0.00000
3039.20573,0.00014
3037.27730,0.00049
3035.34887,0.00085
3033.42044,0.00108
3031.49201,0.00108
3029.56358,0.00084
3027.63515,0.00059
3025.70672,0.00040
3023.77829,0.00022
3021.84986,0.00010
3019.92143,0.00009
3017.99300,0.00018
3016.06457,0.00039
3014.13614,0.00056
3012.20771,0.00060
3010.27928,0.00050
3008.35085,0.00032
3006.42242,0.00022
3004.49399,0.00029
3002.56556,0.00042
3000.63713,0.00049
2998.70870,0.00047
2996.78027,0.00053
2994.85184,0.00066
2992.92341,0.00063
2990.99498,0.00041
2989.06655,0.00030
2987.13812,0.00028
2985.20969,0.00012
2983.28126,0.00000
2981.35283,0.00012
2979.42440,0.00020
2977.49597,0.00014
2975.56754,0.00022
2973.63911,0.00050
2971.71068,0.00065
2969.78225,0.00060
2967.85382,0.00060
2965.92539,0.00068
2963.99696,0.00062
2962.06853,0.00041
2960.14010,0.00025
2958.21167,0.00025
2956.28324,0.00031
2954.35481,0.00030
2952.42638,0.00019
2950.49795,0.00015
2948.56952,0.00019
2946.64109,0.00017
2944.71266,0.00005
2942.78423,0.00000
2940.85580,0.00017
2938.92737,0.00044
2936.99894,0.00072
2935.07051,0.00101
2933.14208,0.00109
2931.21365,0.00090
2929.28522,0.00071
2927.35679,0.00069
2925.42836,0.00068
2923.49993,0.00059
2921.57150,0.00046
2919.64307,0.00031
2917.71464,0.00013
2915.78621,0.00004
2913.85778,0.00010
2911.92935,0.00024
2910.00092,0.00026
2908.07249,0.00008
2906.14406,-0.00003
2904.21563,0.00016
2902.28720,0.00039
2900.35877,0.00043
2898.43034,0.00035
2896.50191,0.00016
2894.57348,0.00000
2892.64505,0.00006
2890.71662,0.00026
2888.78819,0.00042
2886.85976,0.00039
2884.93133,0.00024
2883.00290,0.00026
2881.07447,0.00046
2879.14604,0.00046
2877.21761,0.00026
2875.28918,0.00017
2873.36075,0.00022
2871.43232,0.00025
2869.50389,0.00018
2867.57546,0.00015
2865.64703,0.00025
2863.71860,0.00040
2861.79017,0.00048
2859.86174,0.00040
2857.93331,0.00024
2856.00488,0.00020
2854.07645,0.00022
2852.14802,0.00022
2850.21959,0.00023
2848.29116,0.00017
2846.36273,0.00005
2844.43430,-0.00005
2842.50587,-0.00006
2840.57744,0.00006
2838.64901,0.00023
2836.72058,0.00034
2834.79215,0.00035
2832.86372,0.00034
2830.93529,0.00034
2829.00686,0.00027
2827.07843,0.00023
2825.15000,0.00033
2823.22157,0.00047
2821.29314,0.00046
2819.36471,0.00027
2817.43628,0.00010
2815.50785,0.00008
2813.57942,0.00007
2811.65099,0.00001
2809.72256,0.00001
2807.79413,0.00002
2805.86570,0.00003
2803.93727,0.00018
2802.00884,0.00045
2800.08041,0.00053
2798.15198,0.00036
2796.22355,0.00013
2794.29512,0.00011
2792.36669,0.00030
2790.43826,0.00039
2788.50983,0.00030
2786.58140,0.00025
2784.65297,0.00028
2782.72454,0.00028
2780.79611,0.00026
2778.86768,0.00025
2776.93925,0.00025
2775.01082,0.00029
2773.08239,0.00028
2771.15396,0.00018
2769.22553,0.00023
2767.29710,0.00051
2765.36867,0.00068
2763.44024,0.00049
2761.51181,0.00021
2759.58338,0.00011
2757.65495,0.00010
2755.72652,0.00006
2753.79809,0.00002
2751.86966,0.00001
2749.94123,0.00005
2748.01280,0.00011
2746.08437,0.00013
2744.15594,0.00009
2742.22751,0.00002
2740.29908,-0.00003
2738.37065,-0.00005
2736.44222,-0.00005
2734.51379,0.00001
2732.58536,0.00020
2730.65693,0.00042
2728.72850,0.00046
2726.80007,0.00043
2724.87164,0.00044
2722.94321,0.00044
2721.01478,0.00041
2719.08635,0.00027
2717.15792,0.00008
2715.22949,0.00000
2713.30105,0.00005
2711.37262,0.00020
2709.44419,0.00039
2707.51576,0.00046
2705.58733,0.00031
2703.65890,0.00011
2701.73047,0.00002
2699.80204,0.00004
2697.87361,0.00011
2695.94518,0.00023
2694.01675,0.00038
2692.08832,0.00049
2690.15989,0.00046
2688.23146,0.00031
2686.30303,0.00021
2684.37460,0.00021
2682.44617,0.00019
2680.51774,0.00009
2678.58931,0.00000
2676.66088,0.00000
2674.73245,0.00005
2672.80402,0.00009
2670.87559,0.00015
2668.94716,0.00024
2667.01873,0.00035
2665.09030,0.00039
2663.16187,0.00031
2661.23344,0.00018
2659.30501,0.00013
2657.37658,0.00013
2655.44815,0.00011
2653.51972,0.00008
2651.59129,0.00010
2649.66286,0.00020
2647.73443,0.00029
2645.80600,0.00030
2643.87757,0.00028
2641.94914,0.00033
2640.02071,0.00040
2638.09228,0.00043
2636.16385,0.00039
2634.23542,0.00032
2632.30699,0.00030
2630.37856,0.00026
2628.45013,0.00020
2626.52170,0.00022
2624.59327,0.00031
2622.66484,0.00030
2620.73641,0.00018
2618.80798,0.00018
2616.87955,0.00035
2614.95112,0.00048
2613.02269,0.00043
2611.09426,0.00033
2609.16583,0.00032
2607.23740,0.00032
2605.30897,0.00028
2603.38054,0.00029
2601.45211,0.00035
2599.52368,0.00026
2597.59525,0.00002
2595.66682,-0.00002
2593.73839,0.00024
2591.80996,0.00054
2589.88153,0.00061
2587.95310,0.00051
2586.02467,0.00046
2584.09624,0.00051
2582.16781,0.00057
2580.23938,0.00066
2578.31095,0.00076
2576.38252,0.00074
2574.45409,0.00058
2572.52566,0.00033
2570.59723,0.00010
2568.66880,0.00000
2566.74037,0.00006
2564.81194,0.00021
2562.88351,0.00029
2560.95508,0.00024
2559.02665,0.00015
2557.09822,0.00018
2555.16979,0.00033
2553.24136,0.00041
2551.31293,0.00037
2549.38450,0.00026
2547.45607,0.00020
2545.52764,0.00027
2543.59921,0.00044
2541.67078,0.00052
2539.74235,0.00049
2537.81392,0.00037
2535.88549,0.00025
2533.95706,0.00021
2532.02863,0.00017
2530.10020,0.00014
2528.17177,0.00017
2526.24334,0.00018
2524.31491,0.00016
2522.38648,0.00021
2520.45805,0.00029
2518.52962,0.00030
2516.60119,0.00021
2514.67276,0.00016
2512.74433,0.00017
2510.81590,0.00025
2508.88747,0.00052
2506.95904,0.00075
2505.03061,0.00063
2503.10218,0.00036
2501.17375,0.00025
2499.24532,0.00034
2497.31689,0.00049
2495.38846,0.00057
2493.46003,0.00047
2491.53160,0.00030
2489.60317,0.00025
2487.67474,0.00029
2485.74631,0.00024
2483.81788,0.00009
2481.88945,0.00000
2479.96102,0.00005
2478.03259,0.00018
2476.10416,0.00025
2474.17573,0.00020
2472.24730,0.00005
2470.31887,0.00002
2468.39044,0.00028
2466.46201,0.00058
2464.53358,0.00061
2462.60515,0.00038
2460.67672,0.00016
2458.74829,0.00012
2456.81986,0.00019
2454.89143,0.00028
2452.96300,0.00030
2451.03457,0.00025
2449.10614,0.00027
2447.17771,0.00032
2445.24928,0.00029
2443.32085,0.00022
2441.39242,0.00016
2439.46399,0.00006
2437.53556,-0.00001
2435.60713,0.00005
2433.67870,0.00021
2431.75027,0.00024
2429.82184,0.00017
2427.89341,0.00015
2425.96498,0.00014
2424.03655,0.00012
2422.10812,0.00011
2420.17969,0.00010
2418.25126,0.00009
2416.32283,0.00007
2414.39440,0.00006
2412.46597,0.00005
2410.53754,0.00004
2408.60911,0.00003
2406.68068,0.00002
2404.75225,0.00002
2402.82382,0.00001
2400.89539,0.00000
2398.96696,-0.00001
2397.03853,-0.00003
2395.11010,-0.00004
2393.18167,-0.00005
2391.25324,-0.00006
2389.32481,-0.00008
2387.39638,-0.00009
2385.46795,-0.00010
2383.53952,-0.00011
2381.61109,-0.00012
2379.68266,-0.00013
2377.75423,-0.00013
2375.82580,-0.00014
2373.89737,-0.00015
2371.96894,-0.00016
2370.04051,-0.00016
2368.11208,-0.00017
2366.18365,-0.00018
2364.25522,-0.00018
2362.32679,-0.00019
2360.39836,-0.00019
2358.46993,-0.00019
2356.54150,-0.00020
2354.61307,-0.00020
2352.68464,-0.00020
2350.75621,-0.00020
2348.82778,-0.00020
2346.89935,-0.00020
2344.97092,-0.00020
2343.04249,-0.00020
2341.11406,-0.00020
2339.18563,-0.00020
2337.25720,-0.00020
2335.32877,-0.00020
2333.40034,-0.00020
2331.47191,-0.00019
2329.54348,-0.00019
2327.61505,-0.00018
2325.68662,-0.00018
2323.75819,-0.00017
2321.82976,-0.00017
2319.90133,-0.00016
2317.97290,-0.00016
2316.04447,-0.00015
2314.11604,-0.00014
2312.18761,-0.00013
2310.25918,-0.00012
2308.33075,-0.00012
2306.40232,-0.00011
2304.47389,-0.00010
2302.54546,-0.00009
2300.61703,-0.00007
2298.68860,-0.00006
2296.76017,-0.00005
2294.83174,-0.00004
2292.90331,-0.00002
2290.97488,-0.00001
2289.04645,0.00000
2287.11802,0.00002
2285.18959,0.00003
2283.26116,0.00005
2281.33273,0.00006
2279.40430,0.00008
2277.47587,0.00010
2275.54744,0.00011
2273.61901,0.00013
2271.69058,0.00015
2269.76215,0.00017
2267.83372,0.00019
2265.90529,0.00021
2263.97686,0.00023
2262.04843,0.00025
2260.12000,0.00027
2258.19157,0.00029
2256.26314,0.00032
2254.33471,0.00034
2252.40628,0.00036
2250.47785,0.00039
2248.54942,0.00041
2246.62099,0.00044
2244.69256,0.00046
2242.76413,0.00049
2240.83570,0.00043
2238.90727,0.00035
2236.97884,0.00028
2235.05041,0.00027
2233.12198,0.00027
2231.19355,0.00032
2229.26512,0.00025
2227.33669,0.00007
2225.40826,0.00000
2223.47983,0.00001
2221.55140,-0.00000
2219.62297,0.00005
2217.69454,0.00019
2215.76611,0.00033
2213.83768,0.00032
2211.90925,0.00021
2209.98082,0.00017
2208.05239,0.00019
2206.12396,0.00019
2204.19553,0.00016
2202.26710,0.00005
2200.33867,-0.00001
2198.41024,0.00010
2196.48181,0.00026
2194.55338,0.00025
2192.62495,0.00018
2190.69652,0.00016
2188.76809,0.00014
2186.83966,0.00015
2184.91123,0.00022
2182.98280,0.00032
2181.05437,0.00033
2179.12594,0.00019
2177.19751,0.00002
2175.26908,0.00000
2173.34065,0.00015
2171.41222,0.00027
2169.48379,0.00017
2167.55536,0.00003
2165.62693,0.00004
2163.69850,0.00013
2161.77007,0.00014
2159.84164,0.00006
2157.91321,0.00006
2155.98478,0.00015
2154.05635,0.00021
2152.12792,0.00022
2150.19949,0.00027
2148.27106,0.00035
2146.34263,0.00040
2144.41420,0.00040
2142.48577,0.00032
2140.55734,0.00027
2138.62891,0.00035
2136.70048,0.00041
2134.77205,0.00024
2132.84362,0.00005
2130.91519,0.00008
2128.98676,0.00020
2127.05833,0.00022
2125.12990,0.00013
2123.20147,0.00005
2121.27304,0.00004
2119.34461,0.00000
2117.41618,0.00004
2115.48775,0.00027
2113.55932,0.00035
2111.63089,0.00017
2109.70245,0.00006
2107.77402,0.00009
2105.84559,0.00011
2103.91716,0.00014
2101.98873,0.00018
2100.06030,0.00017
2098.13187,0.00026
2096.20344,0.00043
2094.27501,0.00053
2092.34658,0.00055
2090.41815,0.00054
2088.48972,0.00050
2086.56129,0.00038
2084.63286,0.00021
2082.70443,0.00009
2080.77600,0.00011
2078.84757,0.00022
2076.91914,0.00032
2074.99071,0.00036
2073.06228,0.00030
2071.13385,0.00017
2069.20542,0.00013
2067.27699,0.00025
2065.34856,0.00043
2063.42013,0.00048
2061.49170,0.00038
2059.56327,0.00022
2057.63484,0.00006
2055.70641,0.00000
2053.77798,0.00011
2051.84955,0.00024
2049.92112,0.00024
2047.99269,0.00025
2046.06426,0.00031
2044.13583,0.00030
2042.20740,0.00016
2040.27897,0.00009
2038.35054,0.00016
2036.42211,0.00022
2034.49368,0.00022
2032.56525,0.00015
2030.63682,0.00013
2028.70839,0.00018
2026.77996,0.00018
2024.85153,0.00014
2022.92310,0.00018
2020.99467,0.00019
2019.06624,0.00013
2017.13781,0.00014
2015.20938,0.00019
2013.28095,0.00014
2011.35252,0.00012
2009.42409,0.00020
2007.49566,0.00025
2005.56723,0.00024
2003.63880,0.00020
2001.71037,0.00012
1999.78194,0.00008
1997.85351,0.00021
1995.92508,0.00036
1993.99665,0.00036
1992.06822,0.00036
1990.13979,0.00037
1988.21136,0.00028
1986.28293,0.00014
1984.35450,0.00002
1982.42607,0.00000
1980.49764,0.00010
1978.56921,0.00024
1976.64078,0.00028
1974.71235,0.00015
1972.78392,0.00001
1970.85549,0.00000
1968.92706,0.00012
1966.99863,0.00036
1965.07020,0.00057
1963.14177,0.00055
1961.21334,0.00044
1959.28491,0.00039
1957.35648,0.00039
1955.42805,0.00047
1953.49962,0.00061
1951.57119,0.00065
1949.64276,0.00052
1947.71433,0.00032
1945.78590,0.00024
1943.85747,0.00038
1941.92904,0.00050
1940.00061,0.00048
1938.07218,0.00033
1936.14375,0.00015
1934.21532,0.00004
1932.28689,0.00006
1930.35846,0.00018
1928.43003,0.00031
1926.50160,0.00027
1924.57317,0.00007
1922.64474,0.00005
1920.71631,0.00025
1918.78788,0.00038
1916.85945,0.00042
1914.93102,0.00048
1913.00259,0.00043
1911.07416,0.00023
1909.14573,0.00010
1907.21730,0.00012
1905.28887,0.00017
1903.36044,0.00016
1901.43201,0.00016
1899.50358,0.00020
1897.57515,0.00030
1895.64672,0.00047
1893.71829,0.00057
1891.78986,0.00040
1889.86143,0.00014
1887.93300,0.00016
1886.00457,0.00035
1884.07614,0.00041
1882.14771,0.00033
1880.21928,0.00021
1878.29085,0.00015
1876.36242,0.00022
1874.43399,0.00038
1872.50556,0.00042
1870.57713,0.00020
1868.64870,0.00000
1866.72027,0.00009
1864.79184,0.00042
1862.86341,0.00066
1860.93498,0.00070
1859.00655,0.00059
1857.07812,0.00043
1855.14969,0.00037
1853.22126,0.00047
1851.29283,0.00066
1849.36440,0.00077
1847.43597,0.00077
1845.50754,0.00079
1843.57911,0.00096
1841.65068,0.00115
1839.72225,0.00120
1837.79382,0.00116
1835.86539,0.00125
1833.93696,0.00120
1832.00853,0.00066
1830.08010,0.00004
1828.15167,0.00000
1826.22324,0.00024
1824.29481,0.00049
1822.36638,0.00068
1820.43795,0.00075
1818.50952,0.00073
1816.58109,0.00059
1814.65266,0.00029
1812.72423,0.00002
1810.79580,0.00000
1808.86737,0.00022
1806.93894,0.00043
1805.01051,0.00064
1803.08208,0.00088
1801.15365,0.00106
1799.22522,0.00112
1797.29679,0.00119
1795.36836,0.00111
1793.43993,0.00080
1791.51150,0.00080
1789.58307,0.00130
1787.65464,0.00169
1785.72621,0.00173
1783.79778,0.00146
1781.86935,0.00111
1779.94092,0.00105
1778.01249,0.00122
1776.08406,0.00097
1774.15563,0.00028
1772.22720,0.00029
1770.29877,0.00155
1768.37034,0.00258
1766.44191,0.00261
1764.51348,0.00203
1762.58505,0.00153
1760.65662,0.00152
1758.72819,0.00176
1756.79976,0.00192
1754.87133,0.00204
1752.94290,0.00216
1751.01447,0.00211
1749.08604,0.00197
1747.15761,0.00220
1745.22918,0.00252
1743.30075,0.00244
1741.37232,0.00217
1739.44389,0.00217
1737.51546,0.00235
1735.58703,0.00232
1733.65860,0.00228
1731.73017,0.00248
1729.80174,0.00258
1727.87331,0.00259
1725.94488,0.00262
1724.01645,0.00277
1722.08802,0.00280
1720.15959,0.00201
1718.23116,0.00073
1716.30273,0.00082
1714.37430,0.00228
1712.44587,0.00362
1710.51744,0.00417
1708.58901,0.00412
1706.66058,0.00425
1704.73215,0.00525
1702.80372,0.00630
1700.87529,0.00650
1698.94686,0.00608
1697.01843,0.00608
1695.09000,0.00687
1693.16157,0.00769
1691.23314,0.00799
1689.30471,0.00765
1687.37628,0.00666
1685.44785,0.00548
1683.51942,0.00572
1681.59099,0.00715
1679.66256,0.00812
1677.73413,0.00807
1675.80570,0.00757
1673.87727,0.00705
1671.94884,0.00641
1670.02041,0.00592
1668.09198,0.00643
1666.16355,0.00709
1664.23512,0.00716
1662.30669,0.00738
1660.37826,0.00841
1658.44983,0.00922
1656.52140,0.00878
1654.59297,0.00762
1652.66454,0.00757
1650.73611,0.00884
1648.80768,0.00884
1646.87925,0.00735
1644.95082,0.00726
1643.02239,0.00826
1641.09396,0.00838
1639.16553,0.00703
1637.23710,0.00523
1635.30867,0.00479
1633.38024,0.00568
1631.45181,0.00627
1629.52338,0.00599
1627.59495,0.00530
1625.66652,0.00473
1623.73809,0.00454
1621.80966,0.00484
1619.88123,0.00468
1617.95280,0.00359
1616.02437,0.00276
1614.09594,0.00297
1612.16751,0.00318
1610.23908,0.00272
1608.31065,0.00205
1606.38222,0.00160
1604.45379,0.00120
1602.52536,0.00080
1600.59693,0.00057
1598.66850,0.00040
1596.74007,0.00021
1594.81164,0.00015
1592.88321,0.00024
1590.95478,0.00035
1589.02635,0.00050
1587.09792,0.00075
1585.16949,0.00108
1583.24106,0.00153
1581.31263,0.00191
1579.38420,0.00176
1577.45577,0.00134
1575.52734,0.00184
1573.59891,0.00314
1571.67048,0.00377
1569.74205,0.00375
1567.81362,0.00429
1565.88519,0.00540
1563.95676,0.00608
1562.02833,0.00552
1560.09990,0.00443
1558.17147,0.00467
1556.24304,0.00641
1554.31461,0.00780
1552.38618,0.00850
1550.45775,0.00880
1548.52932,0.00886
1546.60089,0.00831
1544.67246,0.00651
1542.74403,0.00374
1540.81560,0.00213
1538.88717,0.00462
1536.95874,0.00759
1535.03031,0.00831
1533.10188,0.00757
1531.17345,0.00729
1529.24502,0.00738
1527.31659,0.00717
1525.38816,0.00682
1523.45973,0.00650
1521.53130,0.00679
1519.60287,0.00768
1517.67444,0.00768
1515.74601,0.00720
1513.81758,0.00727
1511.88915,0.00727
1509.96072,0.00608
1508.03229,0.00382
1506.10385,0.00292
1504.17542,0.00440
1502.24699,0.00581
1500.31856,0.00543
1498.39013,0.00393
1496.46170,0.00313
1494.53327,0.00319
1492.60484,0.00276
1490.67641,0.00153
1488.74798,0.00080
1486.81955,0.00116
1484.89112,0.00175
1482.96269,0.00195
1481.03426,0.00197
1479.10583,0.00210
1477.17740,0.00206
1475.24897,0.00147
1473.32054,0.00090
1471.39211,0.00142
1469.46368,0.00238
1467.53525,0.00262
1465.60682,0.00229
1463.67839,0.00230
1461.74996,0.00225
1459.82153,0.00119
1457.89310,0.00000
1455.96467,0.00059
1454.03624,0.00182
1452.10781,0.00234
1450.17938,0.00192
1448.25095,0.00124
1446.32252,0.00094
1444.39409,0.00099
1442.46566,0.00105
1440.53723,0.00103
1438.60880,0.00110
1436.68037,0.00138
1434.75194,0.00157
1432.82351,0.00138
1430.89508,0.00098
1428.96665,0.00083
1427.03822,0.00098
1425.10979,0.00108
1423.18136,0.00124
1421.25293,0.00174
1419.32450,0.00240
1417.39607,0.00253
1415.46764,0.00205
1413.53921,0.00148
1411.61078,0.00121
1409.68235,0.00118
1407.75392,0.00106
1405.82549,0.00081
1403.89706,0.00072
1401.96863,0.00084
1400.04020,0.00115
1398.11177,0.00150
1396.18334,0.00148
1394.25491,0.00126
1392.32648,0.00135
1390.39805,0.00152
1388.46962,0.00129
1386.54119,0.00076
1384.61276,0.00044
1382.68433,0.00054
1380.75590,0.00086
1378.82747,0.00098
1376.89904,0.00061
1374.97061,0.00018
1373.04218,0.00020
1371.11375,0.00037
1369.18532,0.00033
1367.25689,0.00024
1365.32846,0.00024
1363.40003,0.00032
1361.47160,0.00036
1359.54317,0.00039
1357.61474,0.00048
1355.68631,0.00050
1353.75788,0.00039
1351.82945,0.00019
1349.90102,0.00001
1347.97259,0.00000
1346.04416,0.00004
1344.11573,0.00011
1342.18730,0.00028
1340.25887,0.00064
1338.33044,0.00090
1336.40201,0.00072
1334.47358,0.00034
1332.54515,0.00019
1330.61672,0.00030
1328.68829,0.00037
1326.75986,0.00033
1324.83143,0.00033
1322.90300,0.00034
1320.97457,0.00025
1319.04614,0.00020
1317.11771,0.00031
1315.18928,0.00039
1313.26085,0.00035
1311.33242,0.00029
1309.40399,0.00025
1307.47556,0.00021
1305.54713,0.00009
1303.61870,-0.00008
1301.69027,-0.00017
1299.76184,-0.00005
1297.83341,0.00012
1295.90498,0.00011
1293.97655,0.00000
1292.04812,-0.00001
1290.11969,0.00015
1288.19126,0.00026
1286.26283,0.00030
1284.33440,0.00029
1282.40597,0.00023
1280.47754,0.00020
1278.54911,0.00023
1276.62068,0.00020
1274.69225,0.00013
1272.76382,0.00009
1270.83539,0.00013
1268.90696,0.00031
1266.97853,0.00061
1265.05010,0.00084
1263.12167,0.00097
1261.19324,0.00116
1259.26481,0.00155
1257.33638,0.00198
1255.40795,0.00246
1253.47952,0.00305
1251.55109,0.00366
1249.62266,0.00418
1247.69423,0.00463
1245.76580,0.00508
1243.83737,0.00559
1241.90894,0.00616
1239.98051,0.00675
1238.05208,0.00724
1236.12365,0.00757
1234.19522,0.00793
1232.26679,0.00838
1230.33836,0.00878
1228.40993,0.00919
1226.48150,0.00973
1224.55307,0.01024
1222.62464,0.01056
1220.69621,0.01085
1218.76778,0.01133
1216.83935,0.01195
1214.91092,0.01251
1212.98249,0.01290
1211.05406,0.01315
1209.12563,0.01341
1207.19720,0.01375
1205.26877,0.01407
1203.34034,0.01439
1201.41191,0.01485
1199.48348,0.01544
1197.55505,0.01579
1195.62662,0.01606
1193.69819,0.01660
1191.76976,0.01735
1189.84133,0.01800
1187.91290,0.01857
1185.98447,0.01912
1184.05604,0.01967
1182.12761,0.02030
1180.19918,0.02092
1178.27075,0.02139
1176.34232,0.02203
1174.41389,0.02298
1172.48546,0.02387
1170.55703,0.02457
1168.62860,0.02523
1166.70017,0.02589
1164.77174,0.02643
1162.84331,0.02691
1160.91488,0.02764
1158.98645,0.02858
1157.05802,0.02944
1155.12959,0.03026
1153.20116,0.03114
1151.27273,0.03184
1149.34430,0.03222
1147.41587,0.03261
1145.48744,0.03337
1143.55901,0.03431
1141.63058,0.03492
1139.70215,0.03511
1137.77372,0.03532
1135.84529,0.03580
1133.91686,0.03647
1131.98843,0.03725
1130.06000,0.03796
1128.13157,0.03859
1126.20314,0.03940
1124.27471,0.04047
1122.34628,0.04159
1120.41785,0.04263
1118.48942,0.04379
1116.56099,0.04513
1114.63256,0.04651
1112.70413,0.04796
1110.77570,0.04932
1108.84727,0.05035
1106.91884,0.05136
1104.99041,0.05281
1103.06198,0.05459
1101.13355,0.05648
1099.20512,0.05861
1097.27669,0.06086
1095.34826,0.06299
1093.41983,0.06489
1091.49140,0.06629
1089.56297,0.06724
1087.63454,0.06795
1085.70611,0.06851
1083.77768,0.06901
1081.84925,0.06947
1079.92082,0.06984
1077.99239,0.07002
1076.06396,0.06987
1074.13553,0.06950
1072.20710,0.06905
1070.27867,0.06846
1068.35024,0.06775
1066.42181,0.06712
1064.49338,0.06647
1062.56495,0.06552
1060.63652,0.06447
1058.70809,0.06347
1056.77966,0.06229
1054.85123,0.06092
1052.92280,0.05960
1050.99437,0.05829
1049.06594,0.05677
1047.13751,0.05512
1045.20908,0.05337
1043.28065,0.05120
1041.35222,0.04863
1039.42379,0.04604
1037.49536,0.04368
1035.56693,0.04148
1033.63850,0.03921
1031.71007,0.03693
1029.78164,0.03482
1027.85321,0.03270
1025.92478,0.03035
1023.99635,0.02795
1022.06792,0.02588
1020.13949,0.02426
1018.21106,0.02276
1016.28263,0.02116
1014.35420,0.01971
1012.42577,0.01858
1010.49734,0.01762
1008.56891,0.01664
1006.64048,0.01551
1004.71205,0.01424
1002.78362,0.01306
1000.85519,0.01200
998.92676,0.01088
996.99833,0.00985
995.06990,0.00913
993.14147,0.00864
991.21304,0.00832
989.28461,0.00815
987.35618,0.00815
985.42775,0.00836
983.49932,0.00866
981.57089,0.00887
979.64246,0.00902
977.71403,0.00908
975.78560,0.00910
973.85717,0.00911
971.92874,0.00888
970.00031,0.00833
968.07188,0.00790
966.14345,0.00787
964.21502,0.00793
962.28659,0.00784
960.35816,0.00775
958.42973,0.00763
956.50130,0.00725
954.57287,0.00690
952.64444,0.00676
950.71601,0.00663
948.78758,0.00641
946.85915,0.00613
944.93072,0.00583
943.00229,0.00550
941.07386,0.00515
939.14543,0.00481
937.21700,0.00436
935.28857,0.00392
933.36014,0.00373
931.43171,0.00367
929.50328,0.00367
927.57485,0.00368
925.64642,0.00359
923.71799,0.00332
921.78956,0.00297
919.86113,0.00264
917.93270,0.00225
916.00427,0.00175
914.07584,0.00146
912.14741,0.00158
910.21898,0.00191
908.29055,0.00208
906.36212,0.00188
904.43368,0.00134
902.50525,0.00064
900.57682,0.00023
898.64839,0.00042
896.71996,0.00083
894.79153,0.00101
892.86310,0.00088
890.93467,0.00059
889.00624,0.00035
887.07781,0.00028
885.14938,0.00018
883.22095,0.00001
881.29252,0.00000
879.36409,0.00014
877.43566,0.00033
875.50723,0.00039
873.57880,0.00034
871.65037,0.00047
869.72194,0.00085
867.79351,0.00108
865.86508,0.00091
863.93665,0.00049
862.00822,0.00009
860.07979,0.00000
858.15136,0.00021
856.22293,0.00050
854.29450,0.00083
852.36607,0.00114
850.43764,0.00130
848.50921,0.00145
846.58078,0.00188
844.65235,0.00244
842.72392,0.00280
840.79549,0.00309
838.86706,0.00358
836.93863,0.00427
835.01020,0.00498
833.08177,0.00562
831.15334,0.00609
829.22491,0.00635
827.29648,0.00655
825.36805,0.00691
823.43962,0.00732
821.51119,0.00761
819.58276,0.00781
817.65433,0.00818
815.72590,0.00900
813.79747,0.00982
811.86904,0.01017
809.94061,0.01037
808.01218,0.01072
806.08375,0.01133
804.15532,0.01201
802.22689,0.01222
800.29846,0.01189
798.37003,0.01169
796.44160,0.01174
794.51317,0.01185
792.58474,0.01212
790.65631,0.01237
788.72788,0.01233
786.79945,0.01207
784.87102,0.01144
782.94259,0.01035
781.01416,0.00925
779.08573,0.00838
777.15730,0.00742
775.22887,0.00601
773.30044,0.00438
771.37201,0.00333
769.44358,0.00321
767.51515,0.00384
765.58672,0.00475
763.65829,0.00549
761.72986,0.00597
759.80143,0.00577
757.87300,0.00456
755.94457,0.00301
754.01614,0.00221
752.08771,0.00268
750.15928,0.00357
748.23085,0.00409
746.30242,0.00432
744.37399,0.00435
742.44556,0.00426
740.51713,0.00386
738.58870,0.00314
736.66027,0.00278
734.73184,0.00306
732.80341,0.00338
730.87498,0.00325
728.94655,0.00300
727.01812,0.00311
725.08969,0.00355
723.16126,0.00427
721.23283,0.00442
719.30440,0.00420
717.37597,0.00394
715.44754,0.00376
713.51911,0.00355
711.59068,0.00315
709.66225,0.00297
707.73382,0.00356
705.80539,0.00480
703.87696,0.00588
701.94853,0.00638
700.02010,0.00637
698.09167,0.00587
696.16324,0.00505
694.23481,0.00455
692.30638,0.00491
690.37795,0.00567
688.44952,0.00557
686.52109,0.00455
684.59266,0.00387
682.66423,0.00397
680.73580,0.00435
678.80737,0.00507
676.87894,0.00597
674.95051,0.00592
673.02208,0.00515
671.09365,0.00632
669.16522,0.00917
667.23679,0.00956
665.30836,0.00931
663.37993,0.01155
661.45150,0.01439
659.52307,0.01537
657.59464,0.01483
655.66621,0.01370
653.73778,0.01199
651.80935,0.00958
649.88092,0.00738
647.95249,0.00643
646.02406,0.00642
644.09563,0.00618
642.16720,0.00547
640.23877,0.00516
638.31034,0.00550
636.38191,0.00645
634.45348,0.00682
632.52505,0.00638
630.59662,0.00541
628.66819,0.00453
626.73976,0.00418
624.81133,0.00302
622.88290,0.00034
620.95447,0.00000
619.02604,0.00239
617.09761,0.00480
615.16918,0.00477
613.24075,0.00312
611.31232,0.00150
609.38389,0.00138
607.45546,0.00243
605.52703,0.00281
603.59860,0.00173
601.67017,0.00034
599.74174,0.00000
