4001.49232,0.00171
3999.56389,0.00315
3997.63546,0.00300
3995.70703,0.00228
3993.77860,0.00210
3991.85017,0.00229
3989.92174,0.00228
3987.99331,0.00184
3986.06488,0.00120
3984.13645,0.00074
3982.20802,0.00050
3980.27959,0.00058
3978.35116,0.00094
3976.42273,0.00122
3974.49430,0.00118
3972.56587,0.00102
3970.63744,0.00079
3968.70901,0.00037
3966.78058,-0.00003
3964.85215,0.00008
3962.92372,0.00060
3960.99529,0.00084
3959.06686,0.00065
3957.13843,0.00045
3955.21000,0.00026
3953.28157,0.00000
3951.35314,0.00014
3949.42471,0.00094
3947.49628,0.00165
3945.56785,0.00157
3943.63942,0.00109
3941.71099,0.00064
3939.78256,0.00027
3937.85413,0.00009
3935.92570,0.00022
3933.99727,0.00056
3932.06884,0.00082
3930.14041,0.00089
3928.21198,0.00082
3926.28355,0.00056
3924.35512,0.00043
3922.42669,0.00075
3920.49826,0.00131
3918.56982,0.00169
3916.64139,0.00140
3914.71296,0.00054
3912.78453,-0.00004
3910.85610,0.00000
3908.92767,0.00035
3906.99924,0.00081
3905.07081,0.00164
3903.14238,0.00281
3901.21395,0.00296
3899.28552,0.00228
3897.35709,0.00199
3895.42866,0.00214
3893.50023,0.00241
3891.57180,0.00289
3889.64337,0.00335
3887.71494,0.00350
3885.78651,0.00338
3883.85808,0.00328
3881.92965,0.00343
3880.00122,0.00345
3878.07279,0.00316
3876.14436,0.00306
3874.21593,0.00321
3872.28750,0.00344
3870.35907,0.00364
3868.43064,0.00386
3866.50221,0.00398
3864.57378,0.00392
3862.64535,0.00425
3860.71692,0.00482
3858.78849,0.00517
3856.86006,0.00498
3854.93163,0.00357
3853.00320,0.00182
3851.07477,0.00199
3849.14634,0.00317
3847.21791,0.00384
3845.28948,0.00372
3843.36105,0.00328
3841.43262,0.00273
3839.50419,0.00233
3837.57576,0.00253
3835.64733,0.00271
3833.71890,0.00274
3831.79047,0.00290
3829.86204,0.00300
3827.93361,0.00288
3826.00518,0.00282
3824.07675,0.00303
3822.14832,0.00328
3820.21989,0.00379
3818.29146,0.00394
3816.36303,0.00317
3814.43460,0.00242
3812.50617,0.00262
3810.57774,0.00302
3808.64931,0.00278
3806.72088,0.00235
3804.79245,0.00220
3802.86402,0.00184
3800.93559,0.00143
3799.00716,0.00156
3797.07873,0.00147
3795.15030,0.00084
3793.22187,0.00023
3791.29344,-0.00006
3789.36501,-0.00011
3787.43658,0.00005
3785.50815,0.00028
3783.57972,0.00039
3781.65129,0.00023
3779.72286,-0.00001
3777.79443,0.00000
3775.86600,0.00020
3773.93757,0.00038
3772.00914,0.00043
3770.08071,0.00062
3768.15228,0.00102
3766.22385,0.00137
3764.29542,0.00181
3762.36699,0.00232
3760.43856,0.00263
3758.51013,0.00342
3756.58170,0.00503
3754.65327,0.00611
3752.72484,0.00561
3750.79641,0.00546
3748.86798,0.00763
3746.93955,0.00972
3745.01112,0.01068
3743.08269,0.01020
3741.15426,0.00924
3739.22583,0.00848
3737.29740,0.00759
3735.36897,0.00657
3733.44054,0.00579
3731.51211,0.00569
3729.58368,0.00601
3727.65525,0.00615
3725.72682,0.00572
3723.79839,0.00463
3721.86996,0.00326
3719.94153,0.00236
3718.01310,0.00233
3716.08467,0.00260
3714.15624,0.00223
3712.22781,0.00116
3710.29938,0.00089
3708.37095,0.00118
3706.44252,0.00130
3704.51409,0.00109
3702.58566,0.00055
3700.65723,0.00008
3698.72880,0.00011
3696.80037,0.00062
3694.87194,0.00116
3692.94351,0.00098
3691.01508,0.00000
3689.08665,-0.00023
3687.15822,0.00073
3685.22979,0.00148
3683.30136,0.00174
3681.37293,0.00182
3679.44450,0.00199
3677.51607,0.00236
3675.58764,0.00298
3673.65921,0.00330
3671.73078,0.00288
3669.80235,0.00200
3667.87392,0.00168
3665.94549,0.00159
3664.01706,0.00132
3662.08863,0.00105
3660.16020,0.00131
3658.23177,0.00208
3656.30334,0.00298
3654.37491,0.00340
3652.44648,0.00254
3650.51805,0.00057
3648.58962,0.00000
3646.66119,0.00082
3644.73276,0.00186
3642.80433,0.00240
3640.87590,0.00235
3638.94747,0.00225
3637.01904,0.00261
3635.09061,0.00317
3633.16218,0.00351
3631.23375,0.00362
3629.30532,0.00361
3627.37689,0.00391
3625.44846,0.00433
3623.52003,0.00444
3621.59160,0.00412
3619.66317,0.00418
3617.73474,0.00535
3615.80631,0.00653
3613.87788,0.00710
3611.94945,0.00744
3610.02102,0.00742
3608.09259,0.00659
3606.16416,0.00528
3604.23573,0.00431
3602.30730,0.00375
3600.37887,0.00344
3598.45044,0.00343
3596.52201,0.00356
3594.59358,0.00371
3592.66515,0.00369
3590.73672,0.00346
3588.80829,0.00309
3586.87986,0.00261
3584.95143,0.00205
3583.02300,0.00163
3581.09457,0.00146
3579.16614,0.00119
3577.23771,0.00079
3575.30928,0.00062
3573.38085,0.00080
3571.45242,0.00089
3569.52399,0.00067
3567.59556,0.00052
3565.66713,0.00100
3563.73870,0.00161
3561.81027,0.00199
3559.88184,0.00216
3557.95341,0.00225
3556.02498,0.00229
3554.09655,0.00217
3552.16812,0.00198
3550.23969,0.00203
3548.31126,0.00250
3546.38283,0.00274
3544.45440,0.00213
3542.52597,0.00133
3540.59754,0.00101
3538.66911,0.00085
3536.74068,0.00069
3534.81225,0.00056
3532.88382,0.00051
3530.95539,0.00069
3529.02696,0.00124
3527.09853,0.00197
3525.17010,0.00241
3523.24167,0.00234
3521.31324,0.00200
3519.38481,0.00153
3517.45638,0.00097
3515.52795,0.00046
3513.59952,0.00007
3511.67109,0.00000
3509.74266,0.00026
3507.81423,0.00078
3505.88580,0.00145
3503.95737,0.00208
3502.02894,0.00214
3500.10051,0.00151
3498.17208,0.00083
3496.24365,0.00056
3494.31522,0.00061
3492.38679,0.00077
3490.45836,0.00094
3488.52993,0.00108
3486.60150,0.00110
3484.67307,0.00099
3482.74464,0.00092
3480.81621,0.00092
3478.88778,0.00084
3476.95935,0.00066
3475.03092,0.00049
3473.10249,0.00028
3471.17406,-0.00001
3469.24563,-0.00018
3467.31720,-0.00008
3465.38877,0.00012
3463.46034,0.00021
3461.53191,0.00036
3459.60348,0.00053
3457.67505,0.00055
3455.74662,0.00053
3453.81819,0.00048
3451.88976,0.00032
3449.96133,0.00014
3448.03290,0.00024
3446.10447,0.00073
3444.17604,0.00107
3442.24761,0.00095
3440.31918,0.00073
3438.39075,0.00065
3436.46232,0.00062
3434.53389,0.00052
3432.60546,0.00035
3430.67703,0.00033
3428.74860,0.00039
3426.82017,0.00014
3424.89174,-0.00023
3422.96331,-0.00008
3421.03488,0.00060
3419.10645,0.00100
3417.17802,0.00075
3415.24959,0.00046
3413.32116,0.00052
3411.39273,0.00060
3409.46430,0.00045
3407.53587,0.00015
3405.60744,0.00000
3403.67901,0.00011
3401.75058,0.00027
3399.82215,0.00133
3397.89372,0.00187
3395.96529,0.00220
3394.03686,0.00212
3392.10843,0.00163
3390.18000,0.00113
3388.25157,0.00115
3386.32314,0.00162
3384.39471,0.00192
3382.46628,0.00175
3380.53785,0.00118
3378.60942,0.00050
3376.68099,0.00022
3374.75256,0.00037
3372.82413,0.00051
3370.89570,0.00064
3368.96727,0.00111
3367.03884,0.00169
3365.11041,0.00177
3363.18198,0.00145
3361.25355,0.00129
3359.32512,0.00141
3357.39669,0.00156
3355.46826,0.00144
3353.53983,0.00098
3351.61140,0.00051
3349.68297,0.00028
3347.75454,0.00019
3345.82611,0.00009
3343.89768,0.00000
3341.96925,0.00023
3340.04082,0.00087
3338.11239,0.00163
3336.18396,0.00204
3334.25553,0.00185
3332.32710,0.00130
3330.39867,0.00094
3328.47024,0.00102
3326.54181,0.00112
3324.61338,0.00093
3322.68495,0.00082
3320.75652,0.00101
3318.82809,0.00124
3316.89966,0.00141
3314.97122,0.00164
3313.04279,0.00198
3311.11436,0.00246
3309.18593,0.00284
3307.25750,0.00272
3305.32907,0.00225
3303.40064,0.00193
3301.47221,0.00188
3299.54378,0.00211
3297.61535,0.00249
3295.68692,0.00276
3293.75849,0.00288
3291.83006,0.00291
3289.90163,0.00276
3287.97320,0.00253
3286.04477,0.00252
3284.11634,0.00273
3282.18791,0.00288
3280.25948,0.00293
3278.33105,0.00315
3276.40262,0.00359
3274.47419,0.00385
3272.54576,0.00360
3270.61733,0.00307
3268.68890,0.00274
3266.76047,0.00281
3264.83204,0.00305
3262.90361,0.00316
3260.97518,0.00321
3259.04675,0.00337
3257.11832,0.00368
3255.18989,0.00393
3253.26146,0.00372
3251.33303,0.00317
3249.40460,0.00290
3247.47617,0.00311
3245.54774,0.00329
3243.61931,0.00312
3241.69088,0.00281
3239.76245,0.00270
3237.83402,0.00272
3235.90559,0.00261
3233.97716,0.00243
3232.04873,0.00240
3230.12030,0.00251
3228.19187,0.00251
3226.26344,0.00235
3224.33501,0.00224
3222.40658,0.00247
3220.47815,0.00299
3218.54972,0.00339
3216.62129,0.00331
3214.69286,0.00300
3212.76443,0.00280
3210.83600,0.00276
3208.90757,0.00269
3206.97914,0.00253
3205.05071,0.00241
3203.12228,0.00233
3201.19385,0.00224
3199.26542,0.00223
3197.33699,0.00223
3195.40856,0.00205
3193.48013,0.00190
3191.55170,0.00195
3189.62327,0.00205
3187.69484,0.00209
3185.76641,0.00207
3183.83798,0.00196
3181.90955,0.00185
3179.98112,0.00196
3178.05269,0.00224
3176.12426,0.00219
3174.19583,0.00164
3172.26740,0.00115
3170.33897,0.00119
3168.41054,0.00155
3166.48211,0.00170
3164.55368,0.00151
3162.62525,0.00120
3160.69682,0.00087
3158.76839,0.00052
3156.83996,0.00018
3154.91153,0.00000
3152.98310,0.00015
3151.05467,0.00045
3149.12624,0.00051
3147.19781,0.00037
3145.26938,0.00027
3143.34095,0.00025
3141.41252,0.00026
3139.48409,0.00027
3137.55566,0.00039
3135.62723,0.00062
3133.69880,0.00077
3131.77037,0.00072
3129.84194,0.00057
3127.91351,0.00053
3125.98508,0.00076
3124.05665,0.00109
3122.12822,0.00111
3120.19979,0.00101
3118.27136,0.00117
3116.34293,0.00125
3114.41450,0.00093
3112.48607,0.00050
3110.55764,0.00029
3108.62921,0.00015
3106.70078,-0.00006
3104.77235,-0.00003
3102.84392,0.00048
3100.91549,0.00086
3098.98706,0.00070
3097.05863,0.00048
3095.13020,0.00049
3093.20177,0.00045
3091.27334,0.00034
3089.34491,0.00027
3087.41648,0.00012
3085.48805,0.00000
3083.55962,0.00027
3081.63119,0.00087
3079.70276,0.00110
3077.77433,0.00074
3075.84590,0.00030
3073.91747,0.00017
3071.98904,0.00020
3070.06061,0.00030
3068.13218,0.00074
3066.20375,0.00118
3064.27532,0.00107
3062.34689,0.00069
3060.41846,0.00067
3058.49003,0.00097
3056.56160,0.00113
3054.63317,0.00089
3052.70474,0.00058
3050.77631,0.00064
3048.84788,0.00072
3046.91945,0.00040
3044.99102,0.00003
3043.06259,-0.00005
3041.13416,-0.00003
3039.20573,0.00003
3037.27730,0.00029
3035.34887,0.00072
3033.42044,0.00114
3031.49201,0.00124
3029.56358,0.00099
3027.63515,0.00066
3025.70672,0.00046
3023.77829,0.00036
3021.84986,0.00027
3019.92143,0.00010
3017.99300,0.00001
3016.06457,0.00029
3014.13614,0.00078
3012.20771,0.00081
3010.27928,0.00029
3008.35085,-0.00013
3006.42242,0.00007
3004.49399,0.00058
3002.56556,0.00070
3000.63713,0.00032
2998.70870,-0.00009
2996.78027,-0.00008
2994.85184,0.00019
2992.92341,0.00039
2990.99498,0.00043
2989.06655,0.00045
2987.13812,0.00044
2985.20969,0.00023
2983.28126,0.00003
2981.35283,0.00013
2979.42440,0.00036
2977.49597,0.00044
2975.56754,0.00052
2973.63911,0.00071
2971.71068,0.00070
2969.78225,0.00045
2967.85382,0.00035
2965.92539,0.00051
2963.99696,0.00052
2962.06853,0.00039
2960.14010,0.00051
2958.21167,0.00085
2956.28324,0.00104
2954.35481,0.00093
2952.42638,0.00072
2950.49795,0.00054
2948.56952,0.00043
2946.64109,0.00042
2944.71266,0.00037
2942.78423,0.00028
2940.85580,0.00033
2938.92737,0.00048
2936.99894,0.00061
2935.07051,0.00084
2933.14208,0.00108
2931.21365,0.00117
2929.28522,0.00116
2927.35679,0.00113
2925.42836,0.00101
2923.49993,0.00077
2921.57150,0.00053
2919.64307,0.00043
2917.71464,0.00042
2915.78621,0.00041
2913.85778,0.00032
2911.92935,0.00021
2910.00092,0.00014
2908.07249,0.00003
2906.14406,0.00004
2904.21563,0.00015
2902.28720,0.00018
2900.35877,0.00022
2898.43034,0.00035
2896.50191,0.00039
2894.57348,0.00024
2892.64505,0.00007
2890.71662,0.00007
2888.78819,0.00024
2886.85976,0.00039
2884.93133,0.00045
2883.00290,0.00045
2881.07447,0.00042
2879.14604,0.00029
2877.21761,0.00018
2875.28918,0.00018
2873.36075,0.00027
2871.43232,0.00036
2869.50389,0.00029
2867.57546,0.00023
2865.64703,0.00039
2863.71860,0.00063
2861.79017,0.00071
2859.86174,0.00054
2857.93331,0.00025
2856.00488,0.00006
2854.07645,0.00000
2852.14802,0.00007
2850.21959,0.00020
2848.29116,0.00020
2846.36273,0.00012
2844.43430,0.00015
2842.50587,0.00027
2840.57744,0.00037
2838.64901,0.00043
2836.72058,0.00050
2834.79215,0.00054
2832.86372,0.00047
2830.93529,0.00037
2829.00686,0.00039
2827.07843,0.00052
2825.15000,0.00064
2823.22157,0.00068
2821.29314,0.00062
2819.36471,0.00043
2817.43628,0.00022
2815.50785,0.00018
2813.57942,0.00019
2811.65099,0.00023
2809.72256,0.00042
2807.79413,0.00058
2805.86570,0.00059
2803.93727,0.00060
2802.00884,0.00066
2800.08041,0.00070
2798.15198,0.00062
2796.22355,0.00037
2794.29512,0.00017
2792.36669,0.00026
2790.43826,0.00036
2788.50983,0.00021
2786.58140,0.00001
2784.65297,0.00000
2782.72454,0.00013
2780.79611,0.00021
2778.86768,0.00022
2776.93925,0.00020
2775.01082,0.00022
2773.08239,0.00022
2771.15396,0.00014
2769.22553,0.00010
2767.29710,0.00024
2765.36867,0.00040
2763.44024,0.00032
2761.51181,0.00021
2759.58338,0.00033
2757.65495,0.00041
2755.72652,0.00022
2753.79809,0.00008
2751.86966,0.00019
2749.94123,0.00039
2748.01280,0.00044
2746.08437,0.00041
2744.15594,0.00043
2742.22751,0.00035
2740.29908,0.00018
2738.37065,0.00014
2736.44222,0.00018
2734.51379,0.00018
2732.58536,0.00022
2730.65693,0.00024
2728.72850,0.00021
2726.80007,0.00030
2724.87164,0.00048
2722.94321,0.00054
2721.01478,0.00043
2719.08635,0.00022
2717.15792,0.00005
2715.22949,0.00005
2713.30105,0.00010
2711.37262,0.00010
2709.44419,0.00012
2707.51576,0.00020
2705.58733,0.00030
2703.65890,0.00033
2701.73047,0.00024
2699.80204,0.00004
2697.87361,-0.00008
2695.94518,0.00003
2694.01675,0.00031
2692.08832,0.00052
2690.15989,0.00046
2688.23146,0.00022
2686.30303,0.00011
2684.37460,0.00016
2682.44617,0.00015
2680.51774,0.00012
2678.58931,0.00020
2676.66088,0.00026
2674.73245,0.00017
2672.80402,0.00009
2670.87559,0.00005
2668.94716,0.00003
2667.01873,0.00005
2665.09030,0.00013
2663.16187,0.00013
2661.23344,0.00010
2659.30501,0.00018
2657.37658,0.00034
2655.44815,0.00038
2653.51972,0.00031
2651.59129,0.00027
2649.66286,0.00029
2647.73443,0.00034
2645.80600,0.00043
2643.87757,0.00045
2641.94914,0.00038
2640.02071,0.00036
2638.09228,0.00042
2636.16385,0.00046
2634.23542,0.00041
2632.30699,0.00025
2630.37856,0.00010
2628.45013,0.00006
2626.52170,0.00003
2624.59327,-0.00001
2622.66484,0.00000
2620.73641,0.00000
2618.80798,0.00000
2616.87955,0.00007
2614.95112,0.00019
2613.02269,0.00020
2611.09426,0.00009
2609.16583,0.00003
2607.23740,0.00015
2605.30897,0.00034
2603.38054,0.00042
2601.45211,0.00038
2599.52368,0.00026
2597.59525,0.00010
2595.66682,0.00001
2593.73839,0.00010
2591.80996,0.00026
2589.88153,0.00036
2587.95310,0.00035
2586.02467,0.00023
2584.09624,0.00005
2582.16781,-0.00006
2580.23938,0.00001
2578.31095,0.00015
2576.38252,0.00014
2574.45409,0.00004
2572.52566,-0.00000
2570.59723,0.00001
2568.66880,0.00007
2566.74037,0.00009
2564.81194,0.00006
2562.88351,0.00010
2560.95508,0.00012
2559.02665,0.00016
2557.09822,0.00029
2555.16979,0.00027
2553.24136,0.00009
2551.31293,0.00003
2549.38450,0.00008
2547.45607,0.00008
2545.52764,0.00004
2543.59921,0.00005
2541.67078,0.00008
2539.74235,0.00010
2537.81392,0.00017
2535.88549,0.00030
2533.95706,0.00041
2532.02863,0.00033
2530.10020,0.00016
2528.17177,0.00014
2526.24334,0.00026
2524.31491,0.00026
2522.38648,0.00020
2520.45805,0.00032
2518.52962,0.00044
2516.60119,0.00026
2514.67276,0.00001
2512.74433,0.00001
2510.81590,0.00024
2508.88747,0.00052
2506.95904,0.00060
2505.03061,0.00041
2503.10218,0.00018
2501.17375,0.00007
2499.24532,0.00008
2497.31689,0.00018
2495.38846,0.00018
2493.46003,0.00007
2491.53160,-0.00000
2489.60317,0.00005
2487.67474,0.00017
2485.74631,0.00024
2483.81788,0.00016
2481.88945,0.00001
2479.96102,0.00000
2478.03259,0.00013
2476.10416,0.00031
2474.17573,0.00038
2472.24730,0.00028
2470.31887,0.00023
2468.39044,0.00034
2466.46201,0.00038
2464.53358,0.00028
2462.60515,0.00018
2460.67672,0.00012
2458.74829,0.00014
2456.81986,0.00020
2454.89143,0.00023
2452.96300,0.00019
2451.03457,0.00010
2449.10614,0.00004
2447.17771,0.00005
2445.24928,0.00010
2443.32085,0.00016
2441.39242,0.00020
2439.46399,0.00021
2437.53556,0.00015
2435.60713,0.00010
2433.67870,0.00010
2431.75027,0.00004
2429.82184,-0.00001
2427.89341,0.00005
2425.96498,0.00013
2424.03655,0.00014
2422.10812,0.00012
2420.17969,0.00010
2418.25126,0.00009
2416.32283,0.00007
2414.39440,0.00006
2412.46597,0.00005
2410.53754,0.00004
2408.60911,0.00003
2406.68068,0.00002
2404.75225,0.00001
2402.82382,0.00000
2400.89539,0.00000
2398.96696,-0.00004
2397.03853,-0.00008
2395.11010,-0.00012
2393.18167,-0.00016
2391.25324,-0.00019
2389.32481,-0.00023
2387.39638,-0.00026
2385.46795,-0.00029
2383.53952,-0.00032
2381.61109,-0.00035
2379.68266,-0.00038
2377.75423,-0.00041
2375.82580,-0.00043
2373.89737,-0.00046
2371.96894,-0.00048
2370.04051,-0.00050
2368.11208,-0.00052
2366.18365,-0.00054
2364.25522,-0.00056
2362.32679,-0.00058
2360.39836,-0.00059
2358.46993,-0.00061
2356.54150,-0.00062
2354.61307,-0.00063
2352.68464,-0.00064
2350.75621,-0.00065
2348.82778,-0.00066
2346.89935,-0.00067
2344.97092,-0.00067
2343.04249,-0.00068
2341.11406,-0.00068
2339.18563,-0.00068
2337.25720,-0.00068
2335.32877,-0.00068
2333.40034,-0.00068
2331.47191,-0.00068
2329.54348,-0.00067
2327.61505,-0.00067
2325.68662,-0.00066
2323.75819,-0.00065
2321.82976,-0.00064
2319.90133,-0.00063
2317.97290,-0.00062
2316.04447,-0.00061
2314.11604,-0.00059
2312.18761,-0.00058
2310.25918,-0.00056
2308.33075,-0.00054
2306.40232,-0.00052
2304.47389,-0.00050
2302.54546,-0.00048
2300.61703,-0.00046
2298.68860,-0.00043
2296.76017,-0.00041
2294.83174,-0.00038
2292.90331,-0.00035
2290.97488,-0.00032
2289.04645,-0.00029
2287.11802,-0.00026
2285.18959,-0.00023
2283.26116,-0.00019
2281.33273,-0.00016
2279.40430,-0.00012
2277.47587,-0.00008
2275.54744,-0.00004
2273.61901,-0.00000
2271.69058,0.00000
2269.76215,-0.00000
2267.83372,-0.00000
2265.90529,0.00000
2263.97686,0.00000
2262.04843,0.00001
2260.12000,0.00001
2258.19157,0.00002
2256.26314,0.00003
2254.33471,0.00004
2252.40628,0.00005
2250.47785,0.00006
2248.54942,0.00007
2246.62099,0.00009
2244.69256,0.00010
2242.76413,0.00012
2240.83570,0.00006
2238.90727,0.00011
2236.97884,0.00013
2235.05041,0.00015
2233.12198,0.00021
2231.19355,0.00027
2229.26512,0.00018
2227.33669,0.00002
2225.40826,0.00003
2223.47983,0.00012
2221.55140,0.00016
2219.62297,0.00021
2217.69454,0.00028
2215.76611,0.00032
2213.83768,0.00029
2211.90925,0.00020
2209.98082,0.00007
2208.05239,0.00000
2206.12396,0.00004
2204.19553,0.00015
2202.26710,0.00022
2200.33867,0.00022
2198.41024,0.00014
2196.48181,0.00004
2194.55338,-0.00001
2192.62495,0.00001
2190.69652,0.00009
2188.76809,0.00015
2186.83966,0.00020
2184.91123,0.00028
2182.98280,0.00040
2181.05437,0.00045
2179.12594,0.00037
2177.19751,0.00025
2175.26908,0.00024
2173.34065,0.00033
2171.41222,0.00033
2169.48379,0.00015
2167.55536,0.00000
2165.62693,0.00008
2163.69850,0.00033
2161.77007,0.00047
2159.84164,0.00039
2157.91321,0.00022
2155.98478,0.00013
2154.05635,0.00016
2152.12792,0.00028
2150.19949,0.00035
2148.27106,0.00032
2146.34263,0.00027
2144.41420,0.00028
2142.48577,0.00028
2140.55734,0.00025
2138.62891,0.00029
2136.70048,0.00032
2134.77205,0.00019
2132.84362,0.00005
2130.91519,0.00009
2128.98676,0.00020
2127.05833,0.00023
2125.12990,0.00012
2123.20147,0.00002
2121.27304,0.00000
2119.34461,0.00004
2117.41618,0.00028
2115.48775,0.00060
2113.55932,0.00055
2111.63089,0.00021
2109.70245,0.00001
2107.77402,0.00003
2105.84559,0.00001
2103.91716,-0.00005
2101.98873,-0.00001
2100.06030,0.00012
2098.13187,0.00025
2096.20344,0.00034
2094.27501,0.00037
2092.34658,0.00040
2090.41815,0.00042
2088.48972,0.00044
2086.56129,0.00041
2084.63286,0.00026
2082.70443,0.00005
2080.77600,-0.00007
2078.84757,-0.00000
2076.91914,0.00020
2074.99071,0.00039
2073.06228,0.00038
2071.13385,0.00022
2069.20542,0.00016
2067.27699,0.00033
2065.34856,0.00059
2063.42013,0.00069
2061.49170,0.00058
2059.56327,0.00032
2057.63484,0.00006
2055.70641,0.00000
2053.77798,0.00017
2051.84955,0.00037
2049.92112,0.00042
2047.99269,0.00038
2046.06426,0.00030
2044.13583,0.00019
2042.20740,0.00013
2040.27897,0.00023
2038.35054,0.00031
2036.42211,0.00024
2034.49368,0.00017
2032.56525,0.00014
2030.63682,0.00011
2028.70839,0.00012
2026.77996,0.00015
2024.85153,0.00012
2022.92310,0.00006
2020.99467,0.00000
2019.06624,0.00006
2017.13781,0.00024
2015.20938,0.00028
2013.28095,0.00009
2011.35252,-0.00003
2009.42409,0.00006
2007.49566,0.00019
2005.56723,0.00017
2003.63880,0.00005
2001.71037,-0.00007
1999.78194,-0.00007
1997.85351,0.00009
1995.92508,0.00028
1993.99665,0.00031
1992.06822,0.00028
1990.13979,0.00026
1988.21136,0.00016
1986.28293,0.00002
1984.35450,-0.00008
1982.42607,-0.00008
1980.49764,-0.00006
1978.56921,-0.00007
1976.64078,-0.00008
1974.71235,-0.00012
1972.78392,-0.00013
1970.85549,0.00000
1968.92706,0.00022
1966.99863,0.00041
1965.07020,0.00049
1963.14177,0.00034
1961.21334,0.00013
1959.28491,0.00007
1957.35648,0.00012
1955.42805,0.00025
1953.49962,0.00038
1951.57119,0.00037
1949.64276,0.00019
1947.71433,-0.00004
1945.78590,-0.00007
1943.85747,0.00016
1941.92904,0.00032
1940.00061,0.00028
1938.07218,0.00019
1936.14375,0.00007
1934.21532,0.00000
1932.28689,0.00004
1930.35846,0.00015
1928.43003,0.00022
1926.50160,0.00016
1924.57317,-0.00001
1922.64474,0.00002
1920.71631,0.00030
1918.78788,0.00049
1916.85945,0.00043
1914.93102,0.00030
1913.00259,0.00017
1911.07416,0.00003
1909.14573,0.00000
1907.21730,0.00007
1905.28887,0.00013
1903.36044,0.00010
1901.43201,0.00005
1899.50358,0.00005
1897.57515,0.00014
1895.64672,0.00034
1893.71829,0.00051
1891.78986,0.00045
1889.86143,0.00028
1887.93300,0.00032
1886.00457,0.00044
1884.07614,0.00045
1882.14771,0.00040
1880.21928,0.00032
1878.29085,0.00026
1876.36242,0.00032
1874.43399,0.00047
1872.50556,0.00048
1870.57713,0.00016
1868.64870,-0.00016
1866.72027,0.00000
1864.79184,0.00048
1862.86341,0.00086
1860.93498,0.00095
1859.00655,0.00083
1857.07812,0.00064
1855.14969,0.00057
1853.22126,0.00069
1851.29283,0.00087
1849.36440,0.00089
1847.43597,0.00080
1845.50754,0.00083
1843.57911,0.00114
1841.65068,0.00151
1839.72225,0.00162
1837.79382,0.00156
1835.86539,0.00171
1833.93696,0.00172
1832.00853,0.00098
1830.08010,0.00000
1828.15167,-0.00019
1826.22324,0.00011
1824.29481,0.00042
1822.36638,0.00072
1820.43795,0.00098
1818.50952,0.00118
1816.58109,0.00109
1814.65266,0.00064
1812.72423,0.00017
1810.79580,0.00012
1808.86737,0.00045
1806.93894,0.00075
1805.01051,0.00099
1803.08208,0.00126
1801.15365,0.00143
1799.22522,0.00145
1797.29679,0.00147
1795.36836,0.00137
1793.43993,0.00099
1791.51150,0.00092
1789.58307,0.00150
1787.65464,0.00213
1785.72621,0.00232
1783.79778,0.00198
1781.86935,0.00144
1779.94092,0.00132
1778.01249,0.00156
1776.08406,0.00123
1774.15563,0.00017
1772.22720,-0.00010
1770.29877,0.00133
1768.37034,0.00279
1766.44191,0.00306
1764.51348,0.00245
1762.58505,0.00170
1760.65662,0.00147
1758.72819,0.00175
1756.79976,0.00219
1754.87133,0.00264
1752.94290,0.00288
1751.01447,0.00254
1749.08604,0.00182
1747.15761,0.00182
1745.22918,0.00236
1743.30075,0.00254
1741.37232,0.00237
1739.44389,0.00247
1737.51546,0.00280
1735.58703,0.00279
1733.65860,0.00244
1731.73017,0.00239
1729.80174,0.00252
1727.87331,0.00272
1725.94488,0.00287
1724.01645,0.00309
1722.08802,0.00310
1720.15959,0.00204
1718.23116,0.00016
1716.30273,0.00000
1714.37430,0.00197
1712.44587,0.00400
1710.51744,0.00485
1708.58901,0.00467
1706.66058,0.00460
1704.73215,0.00580
1702.80372,0.00746
1700.87529,0.00829
1698.94686,0.00823
1697.01843,0.00833
1695.09000,0.00925
1693.16157,0.01025
1691.23314,0.01072
1689.30471,0.01054
1687.37628,0.00975
1685.44785,0.00875
1683.51942,0.00931
1681.59099,0.01128
1679.66256,0.01279
1677.73413,0.01312
1675.80570,0.01289
1673.87727,0.01257
1671.94884,0.01207
1670.02041,0.01193
1668.09198,0.01312
1666.16355,0.01434
1664.23512,0.01467
1662.30669,0.01523
1660.37826,0.01698
1658.44983,0.01846
1656.52140,0.01824
1654.59297,0.01688
1652.66454,0.01663
1650.73611,0.01817
1648.80768,0.01817
1646.87925,0.01599
1644.95082,0.01552
1643.02239,0.01673
1641.09396,0.01699
1639.16553,0.01538
1637.23710,0.01309
1635.30867,0.01230
1633.38024,0.01305
1631.45181,0.01349
1629.52338,0.01291
1627.59495,0.01191
1625.66652,0.01120
1623.73809,0.01099
1621.80966,0.01131
1619.88123,0.01100
1617.95280,0.00931
1616.02437,0.00771
1614.09594,0.00754
1612.16751,0.00749
1610.23908,0.00650
1608.31065,0.00513
1606.38222,0.00412
1604.45379,0.00340
1602.52536,0.00288
1600.59693,0.00255
1598.66850,0.00216
1596.74007,0.00174
1594.81164,0.00158
1592.88321,0.00165
1590.95478,0.00175
1589.02635,0.00183
1587.09792,0.00202
1585.16949,0.00244
1583.24106,0.00308
1581.31263,0.00360
1579.38420,0.00345
1577.45577,0.00296
1575.52734,0.00359
1573.59891,0.00520
1571.67048,0.00610
1569.74205,0.00616
1567.81362,0.00667
1565.88519,0.00785
1563.95676,0.00865
1562.02833,0.00785
1560.09990,0.00615
1558.17147,0.00633
1556.24304,0.00916
1554.31461,0.01170
1552.38618,0.01313
1550.45775,0.01382
1548.52932,0.01409
1546.60089,0.01354
1544.67246,0.01123
1542.74403,0.00733
1540.81560,0.00483
1538.88717,0.00810
1536.95874,0.01225
1535.03031,0.01338
1533.10188,0.01237
1531.17345,0.01187
1529.24502,0.01188
1527.31659,0.01146
1525.38816,0.01077
1523.45973,0.01009
1521.53130,0.01015
1519.60287,0.01105
1517.67444,0.01100
1515.74601,0.01047
1513.81758,0.01062
1511.88915,0.01050
1509.96072,0.00848
1508.03229,0.00483
1506.10385,0.00342
1504.17542,0.00574
1502.24699,0.00794
1500.31856,0.00756
1498.39013,0.00553
1496.46170,0.00430
1494.53327,0.00425
1492.60484,0.00363
1490.67641,0.00186
1488.74798,0.00066
1486.81955,0.00103
1484.89112,0.00198
1482.96269,0.00247
1481.03426,0.00260
1479.10583,0.00273
1477.17740,0.00257
1475.24897,0.00173
1473.32054,0.00096
1471.39211,0.00171
1469.46368,0.00310
1467.53525,0.00351
1465.60682,0.00313
1463.67839,0.00327
1461.74996,0.00334
1459.82153,0.00186
1457.89310,0.00000
1455.96467,0.00078
1454.03624,0.00273
1452.10781,0.00362
1450.17938,0.00313
1448.25095,0.00221
1446.32252,0.00179
1444.39409,0.00187
1442.46566,0.00197
1440.53723,0.00188
1438.60880,0.00180
1436.68037,0.00193
1434.75194,0.00202
1432.82351,0.00178
1430.89508,0.00125
1428.96665,0.00095
1427.03822,0.00106
1425.10979,0.00125
1423.18136,0.00160
1421.25293,0.00228
1419.32450,0.00288
1417.39607,0.00282
1415.46764,0.00232
1413.53921,0.00186
1411.61078,0.00162
1409.68235,0.00155
1407.75392,0.00137
1405.82549,0.00116
1403.89706,0.00118
1401.96863,0.00130
1400.04020,0.00148
1398.11177,0.00180
1396.18334,0.00191
1394.25491,0.00182
1392.32648,0.00203
1390.39805,0.00225
1388.46962,0.00188
1386.54119,0.00111
1384.61276,0.00065
1382.68433,0.00075
1380.75590,0.00112
1378.82747,0.00124
1376.89904,0.00073
1374.97061,0.00007
1373.04218,0.00000
1371.11375,0.00022
1369.18532,0.00027
1367.25689,0.00027
1365.32846,0.00036
1363.40003,0.00043
1361.47160,0.00041
1359.54317,0.00040
1357.61474,0.00043
1355.68631,0.00034
1353.75788,0.00016
1351.82945,-0.00003
1349.90102,-0.00015
1347.97259,-0.00013
1346.04416,0.00000
1344.11573,0.00009
1342.18730,0.00025
1340.25887,0.00059
1338.33044,0.00082
1336.40201,0.00062
1334.47358,0.00025
1332.54515,0.00007
1330.61672,0.00006
1328.68829,0.00003
1326.75986,0.00001
1324.83143,0.00013
1322.90300,0.00025
1320.97457,0.00018
1319.04614,0.00014
1317.11771,0.00029
1315.18928,0.00040
1313.26085,0.00032
1311.33242,0.00021
1309.40399,0.00012
1307.47556,-0.00000
1305.54713,-0.00024
1303.61870,-0.00050
1301.69027,-0.00052
1299.76184,-0.00025
1297.83341,0.00004
1295.90498,0.00008
1293.97655,0.00000
1292.04812,0.00004
1290.11969,0.00031
1288.19126,0.00045
1286.26283,0.00038
1284.33440,0.00023
1282.40597,0.00010
1280.47754,0.00010
1278.54911,0.00026
1276.62068,0.00046
1274.69225,0.00056
1272.76382,0.00059
1270.83539,0.00070
1268.90696,0.00101
1266.97853,0.00154
1265.05010,0.00214
1263.12167,0.00270
1261.19324,0.00339
1259.26481,0.00436
1257.33638,0.00545
1255.40795,0.00665
1253.47952,0.00798
1251.55109,0.00935
1249.62266,0.01069
1247.69423,0.01202
1245.76580,0.01339
1243.83737,0.01473
1241.90894,0.01599
1239.98051,0.01722
1238.05208,0.01841
1236.12365,0.01956
1234.19522,0.02075
1232.26679,0.02192
1230.33836,0.02296
1228.40993,0.02403
1226.48150,0.02528
1224.55307,0.02644
1222.62464,0.02735
1220.69621,0.02825
1218.76778,0.02931
1216.83935,0.03053
1214.91092,0.03177
1212.98249,0.03278
1211.05406,0.03351
1209.12563,0.03417
1207.19720,0.03499
1205.26877,0.03590
1203.34034,0.03675
1201.41191,0.03769
1199.48348,0.03896
1197.55505,0.04017
1195.62662,0.04121
1193.69819,0.04233
1191.76976,0.04373
1189.84133,0.04530
1187.91290,0.04679
1185.98447,0.04807
1184.05604,0.04925
1182.12761,0.05066
1180.19918,0.05225
1178.27075,0.05379
1176.34232,0.05546
1174.41389,0.05729
1172.48546,0.05896
1170.55703,0.06054
1168.62860,0.06215
1166.70017,0.06381
1164.77174,0.06541
1162.84331,0.06699
1160.91488,0.06889
1158.98645,0.07119
1157.05802,0.07372
1155.12959,0.07635
1153.20116,0.07885
1151.27273,0.08092
1149.34430,0.08253
1147.41587,0.08394
1145.48744,0.08527
1143.55901,0.08636
1141.63058,0.08705
1139.70215,0.08760
1137.77372,0.08855
1135.84529,0.08993
1133.91686,0.09138
1131.98843,0.09300
1130.06000,0.09493
1128.13157,0.09685
1126.20314,0.09867
1124.27471,0.10068
1122.34628,0.10292
1120.41785,0.10528
1118.48942,0.10787
1116.56099,0.11090
1114.63256,0.11416
1112.70413,0.11738
1110.77570,0.12059
1108.84727,0.12386
1106.91884,0.12740
1104.99041,0.13155
1103.06198,0.13646
1101.13355,0.14198
1099.20512,0.14799
1097.27669,0.15418
1095.34826,0.16013
1093.41983,0.16546
1091.49140,0.16963
1089.56297,0.17240
1087.63454,0.17403
1085.70611,0.17500
1083.77768,0.17579
1081.84925,0.17669
1079.92082,0.17774
1077.99239,0.17841
1076.06396,0.17830
1074.13553,0.17786
1072.20710,0.17750
1070.27867,0.17705
1068.35024,0.17625
1066.42181,0.17496
1064.49338,0.17318
1062.56495,0.17102
1060.63652,0.16864
1058.70809,0.16613
1056.77966,0.16321
1054.85123,0.15955
1052.92280,0.15509
1050.99437,0.14998
1049.06594,0.14437
1047.13751,0.13838
1045.20908,0.13220
1043.28065,0.12581
1041.35222,0.11891
1039.42379,0.11146
1037.49536,0.10393
1035.56693,0.09659
1033.63850,0.08918
1031.71007,0.08179
1029.78164,0.07497
1027.85321,0.06875
1025.92478,0.06261
1023.99635,0.05646
1022.06792,0.05081
1020.13949,0.04600
1018.21106,0.04188
1016.28263,0.03821
1014.35420,0.03490
1012.42577,0.03193
1010.49734,0.02924
1008.56891,0.02663
1006.64048,0.02413
1004.71205,0.02196
1002.78362,0.02008
1000.85519,0.01833
998.92676,0.01672
996.99833,0.01544
995.06990,0.01450
993.14147,0.01392
991.21304,0.01382
989.28461,0.01393
987.35618,0.01408
985.42775,0.01449
983.49932,0.01511
981.57089,0.01569
979.64246,0.01618
977.71403,0.01656
975.78560,0.01678
973.85717,0.01679
971.92874,0.01658
970.00031,0.01629
968.07188,0.01609
966.14345,0.01594
964.21502,0.01568
962.28659,0.01521
960.35816,0.01464
958.42973,0.01419
956.50130,0.01388
954.57287,0.01361
952.64444,0.01323
950.71601,0.01265
948.78758,0.01211
946.85915,0.01166
944.93072,0.01114
943.00229,0.01070
941.07386,0.01052
939.14543,0.01018
937.21700,0.00934
935.28857,0.00858
933.36014,0.00826
931.43171,0.00801
929.50328,0.00771
927.57485,0.00756
925.64642,0.00734
923.71799,0.00681
921.78956,0.00605
919.86113,0.00526
917.93270,0.00469
916.00427,0.00438
914.07584,0.00414
912.14741,0.00385
910.21898,0.00362
908.29055,0.00341
906.36212,0.00292
904.43368,0.00220
902.50525,0.00163
900.57682,0.00140
898.64839,0.00139
896.71996,0.00143
894.79153,0.00149
892.86310,0.00137
890.93467,0.00095
889.00624,0.00064
887.07781,0.00072
885.14938,0.00083
883.22095,0.00059
881.29252,0.00030
879.36409,0.00030
877.43566,0.00037
875.50723,0.00027
873.57880,0.00004
871.65037,0.00000
869.72194,0.00027
867.79351,0.00071
865.86508,0.00093
863.93665,0.00073
862.00822,0.00024
860.07979,-0.00001
858.15136,0.00014
856.22293,0.00032
854.29450,0.00054
852.36607,0.00085
850.43764,0.00098
848.50921,0.00108
846.58078,0.00158
844.65235,0.00236
842.72392,0.00303
840.79549,0.00354
838.86706,0.00404
836.93863,0.00474
835.01020,0.00588
833.08177,0.00750
831.15334,0.00915
829.22491,0.01035
827.29648,0.01112
825.36805,0.01190
823.43962,0.01277
821.51119,0.01341
819.58276,0.01386
817.65433,0.01451
815.72590,0.01550
813.79747,0.01656
811.86904,0.01744
809.94061,0.01815
808.01218,0.01878
806.08375,0.01918
804.15532,0.01935
802.22689,0.01958
800.29846,0.01992
798.37003,0.02006
796.44160,0.01995
794.51317,0.01973
792.58474,0.01929
790.65631,0.01860
788.72788,0.01780
786.79945,0.01697
784.87102,0.01582
782.94259,0.01427
781.01416,0.01272
779.08573,0.01122
777.15730,0.00960
775.22887,0.00787
773.30044,0.00596
771.37201,0.00420
769.44358,0.00325
767.51515,0.00333
765.58672,0.00394
763.65829,0.00434
761.72986,0.00433
759.80143,0.00381
757.87300,0.00278
755.94457,0.00182
754.01614,0.00154
752.08771,0.00171
750.15928,0.00164
748.23085,0.00133
746.30242,0.00118
744.37399,0.00117
742.44556,0.00114
740.51713,0.00079
738.58870,0.00020
736.66027,0.00015
734.73184,0.00062
732.80341,0.00082
730.87498,0.00059
728.94655,0.00045
727.01812,0.00058
725.08969,0.00064
723.16126,0.00100
721.23283,0.00099
719.30440,0.00060
717.37597,0.00012
715.44754,0.00000
713.51911,0.00017
711.59068,0.00016
709.66225,-0.00005
707.73382,-0.00003
705.80539,0.00051
703.87696,0.00113
701.94853,0.00132
700.02010,0.00110
698.09167,0.00072
696.16324,0.00024
694.23481,-0.00007
692.30638,0.00035
690.37795,0.00124
688.44952,0.00131
686.52109,0.00039
684.59266,-0.00006
682.66423,0.00058
680.73580,0.00150
678.80737,0.00207
676.87894,0.00181
674.95051,0.00032
673.02208,-0.00109
671.09365,0.00064
669.16522,0.00439
667.23679,0.00441
665.30836,0.00302
663.37993,0.00500
661.45150,0.00842
659.52307,0.00970
657.59464,0.00875
655.66621,0.00716
653.73778,0.00579
651.80935,0.00487
649.88092,0.00442
647.95249,0.00407
646.02406,0.00338
644.09563,0.00245
642.16720,0.00197
640.23877,0.00187
638.31034,0.00206
636.38191,0.00232
634.45348,0.00317
632.52505,0.00421
630.59662,0.00429
628.66819,0.00356
626.73976,0.00292
624.81133,0.00212
622.88290,0.00108
620.95447,0.00149
619.02604,0.00265
617.09761,0.00309
615.16918,0.00225
613.24075,0.00094
611.31232,0.00000
609.38389,0.00015
607.45546,0.00162
605.52703,0.00173
603.59860,0.00035
601.67017,-0.00010
599.74174,0.00000
