4001.49232,0.00072
3999.56389,0.00257
3997.63546,0.00260
3995.70703,0.00204
3993.77860,0.00203
3991.85017,0.00213
3989.92174,0.00176
3987.99331,0.00106
3986.06488,0.00051
3984.13645,0.00026
3982.20802,0.00012
3980.27959,0.00022
3978.35116,0.00066
3976.42273,0.00105
3974.49430,0.00100
3972.56587,0.00077
3970.63744,0.00061
3968.70901,0.00031
3966.78058,-0.00010
3964.85215,-0.00002
3962.92372,0.00060
3960.99529,0.00085
3959.06686,0.00048
3957.13843,0.00015
3955.21000,0.00007
3953.28157,0.00000
3951.35314,0.00032
3949.42471,0.00144
3947.49628,0.00245
3945.56785,0.00224
3943.63942,0.00140
3941.71099,0.00084
3939.78256,0.00055
3937.85413,0.00038
3935.92570,0.00054
3933.99727,0.00109
3932.06884,0.00148
3930.14041,0.00127
3928.21198,0.00086
3926.28355,0.00059
3924.35512,0.00063
3922.42669,0.00113
3920.49826,0.00189
3918.56982,0.00251
3916.64139,0.00224
3914.71296,0.00109
3912.78453,0.00018
3910.85610,0.00000
3908.92767,0.00020
3906.99924,0.00084
3905.07081,0.00276
3903.14238,0.00553
3901.21395,0.00619
3899.28552,0.00468
3897.35709,0.00340
3895.42866,0.00304
3893.50023,0.00326
3891.57180,0.00403
3889.64337,0.00482
3887.71494,0.00515
3885.78651,0.00504
3883.85808,0.00490
3881.92965,0.00505
3880.00122,0.00494
3878.07279,0.00460
3876.14436,0.00482
3874.21593,0.00536
3872.28750,0.00574
3870.35907,0.00595
3868.43064,0.00594
3866.50221,0.00556
3864.57378,0.00520
3862.64535,0.00589
3860.71692,0.00718
3858.78849,0.00820
3856.86006,0.00868
3854.93163,0.00777
3853.00320,0.00564
3851.07477,0.00474
3849.14634,0.00531
3847.21791,0.00578
3845.28948,0.00548
3843.36105,0.00493
3841.43262,0.00442
3839.50419,0.00390
3837.57576,0.00381
3835.64733,0.00396
3833.71890,0.00432
3831.79047,0.00483
3829.86204,0.00500
3827.93361,0.00475
3826.00518,0.00451
3824.07675,0.00440
3822.14832,0.00432
3820.21989,0.00494
3818.29146,0.00552
3816.36303,0.00519
3814.43460,0.00461
3812.50617,0.00462
3810.57774,0.00474
3808.64931,0.00430
3806.72088,0.00390
3804.79245,0.00393
3802.86402,0.00366
3800.93559,0.00308
3799.00716,0.00282
3797.07873,0.00246
3795.15030,0.00173
3793.22187,0.00107
3791.29344,0.00084
3789.36501,0.00082
3787.43658,0.00079
3785.50815,0.00088
3783.57972,0.00122
3781.65129,0.00132
3779.72286,0.00094
3777.79443,0.00061
3775.86600,0.00077
3773.93757,0.00106
3772.00914,0.00117
3770.08071,0.00163
3768.15228,0.00264
3766.22385,0.00340
3764.29542,0.00379
3762.36699,0.00424
3760.43856,0.00484
3758.51013,0.00606
3756.58170,0.00796
3754.65327,0.00918
3752.72484,0.00870
3750.79641,0.00859
3748.86798,0.01118
3746.93955,0.01395
3745.01112,0.01540
3743.08269,0.01447
3741.15426,0.01273
3739.22583,0.01161
3737.29740,0.01086
3735.36897,0.01024
3733.44054,0.00935
3731.51211,0.00859
3729.58368,0.00844
3727.65525,0.00851
3725.72682,0.00816
3723.79839,0.00703
3721.86996,0.00539
3719.94153,0.00433
3718.01310,0.00452
3716.08467,0.00520
3714.15624,0.00500
3712.22781,0.00363
3710.29938,0.00291
3708.37095,0.00285
3706.44252,0.00269
3704.51409,0.00226
3702.58566,0.00178
3700.65723,0.00165
3698.72880,0.00197
3696.80037,0.00246
3694.87194,0.00262
3692.94351,0.00178
3691.01508,0.00027
3689.08665,0.00040
3687.15822,0.00234
3685.22979,0.00377
3683.30136,0.00415
3681.37293,0.00385
3679.44450,0.00346
3677.51607,0.00378
3675.58764,0.00490
3673.65921,0.00539
3671.73078,0.00461
3669.80235,0.00318
3667.87392,0.00260
3665.94549,0.00263
3664.01706,0.00261
3662.08863,0.00251
3660.16020,0.00270
3658.23177,0.00313
3656.30334,0.00363
3654.37491,0.00380
3652.44648,0.00259
3650.51805,0.00018
3648.58962,0.00000
3646.66119,0.00171
3644.73276,0.00317
3642.80433,0.00372
3640.87590,0.00347
3638.94747,0.00306
3637.01904,0.00317
3635.09061,0.00367
3633.16218,0.00409
3631.23375,0.00427
3629.30532,0.00416
3627.37689,0.00404
3625.44846,0.00404
3623.52003,0.00402
3621.59160,0.00358
3619.66317,0.00330
3617.73474,0.00425
3615.80631,0.00555
3613.87788,0.00633
3611.94945,0.00686
3610.02102,0.00709
3608.09259,0.00627
3606.16416,0.00443
3604.23573,0.00270
3602.30730,0.00166
3600.37887,0.00146
3598.45044,0.00198
3596.52201,0.00256
3594.59358,0.00297
3592.66515,0.00311
3590.73672,0.00306
3588.80829,0.00305
3586.87986,0.00283
3584.95143,0.00207
3583.02300,0.00137
3581.09457,0.00102
3579.16614,0.00052
3577.23771,-0.00003
3575.30928,-0.00005
3573.38085,0.00041
3571.45242,0.00061
3569.52399,0.00026
3567.59556,-0.00014
3565.66713,0.00007
3563.73870,0.00046
3561.81027,0.00075
3559.88184,0.00086
3557.95341,0.00085
3556.02498,0.00082
3554.09655,0.00064
3552.16812,0.00038
3550.23969,0.00056
3548.31126,0.00144
3546.38283,0.00222
3544.45440,0.00194
3542.52597,0.00113
3540.59754,0.00057
3538.66911,0.00022
3536.74068,0.00008
3534.81225,0.00003
3532.88382,-0.00015
3530.95539,-0.00017
3529.02696,0.00042
3527.09853,0.00159
3525.17010,0.00240
3523.24167,0.00223
3521.31324,0.00159
3519.38481,0.00095
3517.45638,0.00036
3515.52795,-0.00005
3513.59952,-0.00003
3511.67109,0.00039
3509.74266,0.00070
3507.81423,0.00079
3505.88580,0.00119
3503.95737,0.00197
3502.02894,0.00218
3500.10051,0.00130
3498.17208,0.00025
3496.24365,0.00000
3494.31522,0.00038
3492.38679,0.00086
3490.45836,0.00119
3488.52993,0.00130
3486.60150,0.00109
3484.67307,0.00065
3482.74464,0.00029
3480.81621,0.00017
3478.88778,0.00016
3476.95935,0.00015
3475.03092,0.00019
3473.10249,0.00018
3471.17406,0.00006
3469.24563,-0.00007
3467.31720,-0.00005
3465.38877,-0.00001
3463.46034,-0.00008
3461.53191,-0.00007
3459.60348,0.00015
3457.67505,0.00051
3455.74662,0.00086
3453.81819,0.00092
3451.88976,0.00052
3449.96133,0.00002
3448.03290,0.00000
3446.10447,0.00053
3444.17604,0.00098
3442.24761,0.00091
3440.31918,0.00065
3438.39075,0.00055
3436.46232,0.00064
3434.53389,0.00080
3432.60546,0.00087
3430.67703,0.00081
3428.74860,0.00067
3426.82017,0.00036
3424.89174,0.00004
3422.96331,0.00013
3421.03488,0.00070
3419.10645,0.00117
3417.17802,0.00108
3415.24959,0.00070
3413.32116,0.00052
3411.39273,0.00051
3409.46430,0.00055
3407.53587,0.00062
3405.60744,0.00077
3403.67901,0.00094
3401.75058,0.00113
3399.82215,0.00254
3397.89372,0.00305
3395.96529,0.00322
3394.03686,0.00316
3392.10843,0.00262
3390.18000,0.00197
3388.25157,0.00201
3386.32314,0.00258
3384.39471,0.00277
3382.46628,0.00249
3380.53785,0.00202
3378.60942,0.00147
3376.68099,0.00112
3374.75256,0.00111
3372.82413,0.00120
3370.89570,0.00146
3368.96727,0.00202
3367.03884,0.00261
3365.11041,0.00287
3363.18198,0.00287
3361.25355,0.00283
3359.32512,0.00278
3357.39669,0.00275
3355.46826,0.00267
3353.53983,0.00235
3351.61140,0.00189
3349.68297,0.00165
3347.75454,0.00170
3345.82611,0.00179
3343.89768,0.00174
3341.96925,0.00169
3340.04082,0.00194
3338.11239,0.00251
3336.18396,0.00291
3334.25553,0.00278
3332.32710,0.00246
3330.39867,0.00238
3328.47024,0.00266
3326.54181,0.00291
3324.61338,0.00283
3322.68495,0.00266
3320.75652,0.00276
3318.82809,0.00303
3316.89966,0.00328
3314.97122,0.00350
3313.04279,0.00380
3311.11436,0.00426
3309.18593,0.00470
3307.25750,0.00457
3305.32907,0.00393
3303.40064,0.00351
3301.47221,0.00364
3299.54378,0.00411
3297.61535,0.00453
3295.68692,0.00473
3293.75849,0.00496
3291.83006,0.00522
3289.90163,0.00520
3287.97320,0.00496
3286.04477,0.00493
3284.11634,0.00527
3282.18791,0.00567
3280.25948,0.00572
3278.33105,0.00555
3276.40262,0.00559
3274.47419,0.00591
3272.54576,0.00613
3270.61733,0.00615
3268.68890,0.00610
3266.76047,0.00607
3264.83204,0.00603
3262.90361,0.00594
3260.97518,0.00593
3259.04675,0.00619
3257.11832,0.00663
3255.18989,0.00690
3253.26146,0.00670
3251.33303,0.00619
3249.40460,0.00588
3247.47617,0.00607
3245.54774,0.00651
3243.61931,0.00664
3241.69088,0.00643
3239.76245,0.00631
3237.83402,0.00631
3235.90559,0.00616
3233.97716,0.00586
3232.04873,0.00561
3230.12030,0.00554
3228.19187,0.00550
3226.26344,0.00538
3224.33501,0.00537
3222.40658,0.00579
3220.47815,0.00639
3218.54972,0.00660
3216.62129,0.00646
3214.69286,0.00630
3212.76443,0.00607
3210.83600,0.00576
3208.90757,0.00551
3206.97914,0.00539
3205.05071,0.00540
3203.12228,0.00549
3201.19385,0.00557
3199.26542,0.00565
3197.33699,0.00556
3195.40856,0.00514
3193.48013,0.00473
3191.55170,0.00454
3189.62327,0.00442
3187.69484,0.00447
3185.76641,0.00473
3183.83798,0.00484
3181.90955,0.00467
3179.98112,0.00461
3178.05269,0.00469
3176.12426,0.00443
3174.19583,0.00387
3172.26740,0.00350
3170.33897,0.00359
3168.41054,0.00392
3166.48211,0.00408
3164.55368,0.00395
3162.62525,0.00366
3160.69682,0.00336
3158.76839,0.00305
3156.83996,0.00272
3154.91153,0.00251
3152.98310,0.00253
3151.05467,0.00264
3149.12624,0.00263
3147.19781,0.00246
3145.26938,0.00231
3143.34095,0.00226
3141.41252,0.00223
3139.48409,0.00223
3137.55566,0.00241
3135.62723,0.00276
3133.69880,0.00290
3131.77037,0.00263
3129.84194,0.00233
3127.91351,0.00242
3125.98508,0.00279
3124.05665,0.00309
3122.12822,0.00299
3120.19979,0.00262
3118.27136,0.00253
3116.34293,0.00268
3114.41450,0.00256
3112.48607,0.00212
3110.55764,0.00167
3108.62921,0.00125
3106.70078,0.00089
3104.77235,0.00103
3102.84392,0.00172
3100.91549,0.00207
3098.98706,0.00169
3097.05863,0.00127
3095.13020,0.00113
3093.20177,0.00089
3091.27334,0.00059
3089.34491,0.00049
3087.41648,0.00045
3085.48805,0.00031
3083.55962,0.00041
3081.63119,0.00084
3079.70276,0.00101
3077.77433,0.00065
3075.84590,0.00019
3073.91747,0.00000
3071.98904,0.00001
3070.06061,0.00024
3068.13218,0.00079
3066.20375,0.00132
3064.27532,0.00128
3062.34689,0.00086
3060.41846,0.00070
3058.49003,0.00091
3056.56160,0.00104
3054.63317,0.00078
3052.70474,0.00046
3050.77631,0.00061
3048.84788,0.00097
3046.91945,0.00091
3044.99102,0.00048
3043.06259,0.00008
3041.13416,0.00000
3039.20573,0.00023
3037.27730,0.00068
3035.34887,0.00125
3033.42044,0.00191
3031.49201,0.00223
3029.56358,0.00186
3027.63515,0.00127
3025.70672,0.00091
3023.77829,0.00068
3021.84986,0.00056
3019.92143,0.00059
3017.99300,0.00071
3016.06457,0.00089
3014.13614,0.00105
3012.20771,0.00095
3010.27928,0.00044
3008.35085,0.00000
3006.42242,0.00017
3004.49399,0.00061
3002.56556,0.00065
3000.63713,0.00041
2998.70870,0.00030
2996.78027,0.00048
2994.85184,0.00079
2992.92341,0.00092
2990.99498,0.00077
2989.06655,0.00075
2987.13812,0.00089
2985.20969,0.00081
2983.28126,0.00057
2981.35283,0.00050
2979.42440,0.00053
2977.49597,0.00052
2975.56754,0.00063
2973.63911,0.00076
2971.71068,0.00067
2969.78225,0.00046
2967.85382,0.00035
2965.92539,0.00039
2963.99696,0.00046
2962.06853,0.00047
2960.14010,0.00057
2958.21167,0.00077
2956.28324,0.00086
2954.35481,0.00085
2952.42638,0.00081
2950.49795,0.00072
2948.56952,0.00062
2946.64109,0.00052
2944.71266,0.00030
2942.78423,0.00004
2940.85580,0.00005
2938.92737,0.00037
2936.99894,0.00074
2935.07051,0.00097
2933.14208,0.00096
2931.21365,0.00080
2929.28522,0.00071
2927.35679,0.00074
2925.42836,0.00078
2923.49993,0.00074
2921.57150,0.00060
2919.64307,0.00032
2917.71464,0.00006
2915.78621,0.00000
2913.85778,0.00008
2911.92935,0.00012
2910.00092,0.00004
2908.07249,0.00000
2906.14406,0.00014
2904.21563,0.00033
2902.28720,0.00042
2900.35877,0.00039
2898.43034,0.00028
2896.50191,0.00011
2894.57348,-0.00003
2892.64505,-0.00002
2890.71662,0.00024
2888.78819,0.00049
2886.85976,0.00036
2884.93133,0.00010
2883.00290,0.00008
2881.07447,0.00021
2879.14604,0.00021
2877.21761,0.00008
2875.28918,0.00008
2873.36075,0.00026
2871.43232,0.00039
2869.50389,0.00030
2867.57546,0.00019
2865.64703,0.00025
2863.71860,0.00038
2861.79017,0.00041
2859.86174,0.00026
2857.93331,0.00001
2856.00488,-0.00009
2854.07645,-0.00006
2852.14802,-0.00005
2850.21959,-0.00003
2848.29116,0.00001
2846.36273,0.00005
2844.43430,0.00012
2842.50587,0.00024
2840.57744,0.00032
2838.64901,0.00031
2836.72058,0.00024
2834.79215,0.00017
2832.86372,0.00014
2830.93529,0.00015
2829.00686,0.00015
2827.07843,0.00012
2825.15000,0.00017
2823.22157,0.00031
2821.29314,0.00036
2819.36471,0.00023
2817.43628,0.00010
2815.50785,0.00005
2813.57942,0.00000
2811.65099,0.00003
2809.72256,0.00018
2807.79413,0.00023
2805.86570,0.00017
2803.93727,0.00017
2802.00884,0.00025
2800.08041,0.00037
2798.15198,0.00045
2796.22355,0.00042
2794.29512,0.00037
2792.36669,0.00038
2790.43826,0.00035
2788.50983,0.00017
2786.58140,0.00003
2784.65297,-0.00001
2782.72454,0.00000
2780.79611,0.00015
2778.86768,0.00037
2776.93925,0.00044
2775.01082,0.00035
2773.08239,0.00017
2771.15396,0.00000
2769.22553,0.00000
2767.29710,0.00015
2765.36867,0.00030
2763.44024,0.00034
2761.51181,0.00027
2759.58338,0.00019
2757.65495,0.00012
2755.72652,0.00010
2753.79809,0.00013
2751.86966,0.00015
2749.94123,0.00013
2748.01280,0.00007
2746.08437,0.00006
2744.15594,0.00015
2742.22751,0.00016
2740.29908,0.00010
2738.37065,0.00017
2736.44222,0.00024
2734.51379,0.00022
2732.58536,0.00027
2730.65693,0.00041
2728.72850,0.00051
2726.80007,0.00053
2724.87164,0.00043
2722.94321,0.00030
2721.01478,0.00026
2719.08635,0.00019
2717.15792,0.00004
2715.22949,0.00000
2713.30105,0.00005
2711.37262,0.00006
2709.44419,0.00002
2707.51576,0.00005
2705.58733,0.00021
2703.65890,0.00035
2701.73047,0.00036
2699.80204,0.00028
2697.87361,0.00030
2695.94518,0.00039
2694.01675,0.00036
2692.08832,0.00036
2690.15989,0.00042
2688.23146,0.00025
2686.30303,-0.00002
2684.37460,-0.00005
2682.44617,0.00011
2680.51774,0.00021
2678.58931,0.00022
2676.66088,0.00019
2674.73245,0.00013
2672.80402,0.00008
2670.87559,0.00005
2668.94716,0.00010
2667.01873,0.00022
2665.09030,0.00025
2663.16187,0.00011
2661.23344,0.00000
2659.30501,0.00012
2657.37658,0.00035
2655.44815,0.00041
2653.51972,0.00033
2651.59129,0.00029
2649.66286,0.00030
2647.73443,0.00035
2645.80600,0.00043
2643.87757,0.00042
2641.94914,0.00025
2640.02071,0.00009
2638.09228,0.00007
2636.16385,0.00013
2634.23542,0.00023
2632.30699,0.00034
2630.37856,0.00033
2628.45013,0.00025
2626.52170,0.00020
2624.59327,0.00020
2622.66484,0.00016
2620.73641,0.00006
2618.80798,0.00001
2616.87955,0.00004
2614.95112,0.00007
2613.02269,0.00014
2611.09426,0.00025
2609.16583,0.00031
2607.23740,0.00032
2605.30897,0.00035
2603.38054,0.00037
2601.45211,0.00029
2599.52368,0.00010
2597.59525,0.00000
2595.66682,0.00016
2593.73839,0.00039
2591.80996,0.00042
2589.88153,0.00031
2587.95310,0.00017
2586.02467,0.00006
2584.09624,0.00006
2582.16781,0.00018
2580.23938,0.00028
2578.31095,0.00030
2576.38252,0.00029
2574.45409,0.00029
2572.52566,0.00027
2570.59723,0.00021
2568.66880,0.00009
2566.74037,0.00000
2564.81194,0.00011
2562.88351,0.00031
2560.95508,0.00034
2559.02665,0.00030
2557.09822,0.00032
2555.16979,0.00037
2553.24136,0.00040
2551.31293,0.00044
2549.38450,0.00046
2547.45607,0.00043
2545.52764,0.00034
2543.59921,0.00029
2541.67078,0.00036
2539.74235,0.00039
2537.81392,0.00034
2535.88549,0.00038
2533.95706,0.00046
2532.02863,0.00037
2530.10020,0.00019
2528.17177,0.00015
2526.24334,0.00021
2524.31491,0.00025
2522.38648,0.00027
2520.45805,0.00038
2518.52962,0.00055
2516.60119,0.00051
2514.67276,0.00030
2512.74433,0.00016
2510.81590,0.00022
2508.88747,0.00041
2506.95904,0.00052
2505.03061,0.00039
2503.10218,0.00014
2501.17375,0.00000
2499.24532,0.00010
2497.31689,0.00032
2495.38846,0.00043
2493.46003,0.00033
2491.53160,0.00021
2489.60317,0.00023
2487.67474,0.00028
2485.74631,0.00023
2483.81788,0.00022
2481.88945,0.00023
2479.96102,0.00020
2478.03259,0.00018
2476.10416,0.00023
2474.17573,0.00025
2472.24730,0.00018
2470.31887,0.00017
2468.39044,0.00030
2466.46201,0.00040
2464.53358,0.00038
2462.60515,0.00036
2460.67672,0.00036
2458.74829,0.00040
2456.81986,0.00046
2454.89143,0.00049
2452.96300,0.00041
2451.03457,0.00028
2449.10614,0.00024
2447.17771,0.00026
2445.24928,0.00028
2443.32085,0.00032
2441.39242,0.00035
2439.46399,0.00030
2437.53556,0.00023
2435.60713,0.00018
2433.67870,0.00011
2431.75027,-0.00002
2429.82184,-0.00002
2427.89341,0.00015
2425.96498,0.00021
2424.03655,0.00018
2422.10812,0.00017
2420.17969,0.00015
2418.25126,0.00013
2416.32283,0.00011
2414.39440,0.00010
2412.46597,0.00008
2410.53754,0.00007
2408.60911,0.00005
2406.68068,0.00004
2404.75225,0.00003
2402.82382,0.00001
2400.89539,0.00000
2398.96696,-0.00001
2397.03853,-0.00003
2395.11010,-0.00004
2393.18167,-0.00005
2391.25324,-0.00007
2389.32481,-0.00008
2387.39638,-0.00009
2385.46795,-0.00010
2383.53952,-0.00011
2381.61109,-0.00012
2379.68266,-0.00013
2377.75423,-0.00014
2375.82580,-0.00014
2373.89737,-0.00015
2371.96894,-0.00016
2370.04051,-0.00017
2368.11208,-0.00017
2366.18365,-0.00018
2364.25522,-0.00018
2362.32679,-0.00018
2360.39836,-0.00019
2358.46993,-0.00019
2356.54150,-0.00019
2354.61307,-0.00020
2352.68464,-0.00020
2350.75621,-0.00020
2348.82778,-0.00020
2346.89935,-0.00020
2344.97092,-0.00020
2343.04249,-0.00020
2341.11406,-0.00019
2339.18563,-0.00019
2337.25720,-0.00019
2335.32877,-0.00018
2333.40034,-0.00018
2331.47191,-0.00018
2329.54348,-0.00017
2327.61505,-0.00016
2325.68662,-0.00016
2323.75819,-0.00015
2321.82976,-0.00014
2319.90133,-0.00014
2317.97290,-0.00013
2316.04447,-0.00012
2314.11604,-0.00011
2312.18761,-0.00010
2310.25918,-0.00009
2308.33075,-0.00008
2306.40232,-0.00007
2304.47389,-0.00005
2302.54546,-0.00004
2300.61703,-0.00003
2298.68860,-0.00001
2296.76017,0.00000
2294.83174,0.00002
2292.90331,0.00003
2290.97488,0.00005
2289.04645,0.00006
2287.11802,0.00008
2285.18959,0.00010
2283.26116,0.00012
2281.33273,0.00014
2279.40430,0.00016
2277.47587,0.00018
2275.54744,0.00020
2273.61901,0.00022
2271.69058,0.00024
2269.76215,0.00026
2267.83372,0.00028
2265.90529,0.00031
2263.97686,0.00033
2262.04843,0.00035
2260.12000,0.00038
2258.19157,0.00040
2256.26314,0.00043
2254.33471,0.00046
2252.40628,0.00048
2250.47785,0.00051
2248.54942,0.00054
2246.62099,0.00057
2244.69256,0.00060
2242.76413,0.00063
2240.83570,0.00055
2238.90727,0.00047
2236.97884,0.00047
2235.05041,0.00049
2233.12198,0.00046
2231.19355,0.00042
2229.26512,0.00029
2227.33669,0.00007
2225.40826,0.00000
2223.47983,0.00009
2221.55140,0.00017
2219.62297,0.00017
2217.69454,0.00011
2215.76611,0.00006
2213.83768,0.00004
2211.90925,0.00004
2209.98082,0.00004
2208.05239,0.00010
2206.12396,0.00011
2204.19553,0.00007
2202.26710,0.00008
2200.33867,0.00015
2198.41024,0.00020
2196.48181,0.00020
2194.55338,0.00010
2192.62495,0.00003
2190.69652,0.00002
2188.76809,-0.00001
2186.83966,-0.00001
2184.91123,0.00008
2182.98280,0.00018
2181.05437,0.00020
2179.12594,0.00011
2177.19751,0.00001
2175.26908,0.00003
2173.34065,0.00013
2171.41222,0.00016
2169.48379,0.00006
2167.55536,0.00000
2165.62693,0.00008
2163.69850,0.00021
2161.77007,0.00021
2159.84164,0.00012
2157.91321,0.00013
2155.98478,0.00019
2154.05635,0.00020
2152.12792,0.00022
2150.19949,0.00031
2148.27106,0.00034
2146.34263,0.00032
2144.41420,0.00036
2142.48577,0.00043
2140.55734,0.00048
2138.62891,0.00061
2136.70048,0.00071
2134.77205,0.00050
2132.84362,0.00023
2130.91519,0.00025
2128.98676,0.00038
2127.05833,0.00039
2125.12990,0.00025
2123.20147,0.00008
2121.27304,0.00000
2119.34461,0.00002
2117.41618,0.00026
2115.48775,0.00059
2113.55932,0.00059
2111.63089,0.00030
2109.70245,0.00015
2107.77402,0.00017
2105.84559,0.00018
2103.91716,0.00019
2101.98873,0.00023
2100.06030,0.00023
2098.13187,0.00025
2096.20344,0.00024
2094.27501,0.00021
2092.34658,0.00032
2090.41815,0.00052
2088.48972,0.00058
2086.56129,0.00044
2084.63286,0.00022
2082.70443,0.00005
2080.77600,0.00007
2078.84757,0.00024
2076.91914,0.00041
2074.99071,0.00045
2073.06228,0.00037
2071.13385,0.00026
2069.20542,0.00027
2067.27699,0.00049
2065.34856,0.00078
2063.42013,0.00086
2061.49170,0.00069
2059.56327,0.00038
2057.63484,0.00011
2055.70641,0.00006
2053.77798,0.00018
2051.84955,0.00022
2049.92112,0.00018
2047.99269,0.00028
2046.06426,0.00048
2044.13583,0.00054
2042.20740,0.00040
2040.27897,0.00035
2038.35054,0.00043
2036.42211,0.00041
2034.49368,0.00032
2032.56525,0.00017
2030.63682,0.00000
2028.70839,0.00000
2026.77996,0.00019
2024.85153,0.00034
2022.92310,0.00044
2020.99467,0.00048
2019.06624,0.00049
2017.13781,0.00054
2015.20938,0.00053
2013.28095,0.00038
2011.35252,0.00030
2009.42409,0.00042
2007.49566,0.00051
2005.56723,0.00042
2003.63880,0.00027
2001.71037,0.00012
1999.78194,0.00002
1997.85351,0.00009
1995.92508,0.00029
1993.99665,0.00042
1992.06822,0.00051
1990.13979,0.00048
1988.21136,0.00028
1986.28293,0.00013
1984.35450,0.00006
1982.42607,0.00002
1980.49764,-0.00002
1978.56921,-0.00001
1976.64078,0.00002
1974.71235,0.00001
1972.78392,-0.00002
1970.85549,0.00003
1968.92706,0.00011
1966.99863,0.00016
1965.07020,0.00022
1963.14177,0.00020
1961.21334,0.00019
1959.28491,0.00031
1957.35648,0.00041
1955.42805,0.00044
1953.49962,0.00050
1951.57119,0.00055
1949.64276,0.00046
1947.71433,0.00026
1945.78590,0.00016
1943.85747,0.00039
1941.92904,0.00061
1940.00061,0.00055
1938.07218,0.00036
1936.14375,0.00021
1934.21532,0.00015
1932.28689,0.00019
1930.35846,0.00032
1928.43003,0.00046
1926.50160,0.00049
1924.57317,0.00037
1922.64474,0.00041
1920.71631,0.00062
1918.78788,0.00070
1916.85945,0.00071
1914.93102,0.00083
1913.00259,0.00082
1911.07416,0.00051
1909.14573,0.00025
1907.21730,0.00026
1905.28887,0.00038
1903.36044,0.00042
1901.43201,0.00041
1899.50358,0.00043
1897.57515,0.00051
1895.64672,0.00072
1893.71829,0.00091
1891.78986,0.00081
1889.86143,0.00057
1887.93300,0.00063
1886.00457,0.00082
1884.07614,0.00085
1882.14771,0.00080
1880.21928,0.00079
1878.29085,0.00084
1876.36242,0.00097
1874.43399,0.00113
1872.50556,0.00105
1870.57713,0.00047
1868.64870,0.00000
1866.72027,0.00034
1864.79184,0.00121
1862.86341,0.00178
1860.93498,0.00186
1859.00655,0.00163
1857.07812,0.00133
1855.14969,0.00119
1853.22126,0.00132
1851.29283,0.00156
1849.36440,0.00166
1847.43597,0.00158
1845.50754,0.00163
1843.57911,0.00197
1841.65068,0.00228
1839.72225,0.00225
1837.79382,0.00206
1835.86539,0.00218
1833.93696,0.00214
1832.00853,0.00118
1830.08010,0.00006
1828.15167,0.00004
1826.22324,0.00053
1824.29481,0.00087
1822.36638,0.00110
1820.43795,0.00129
1818.50952,0.00144
1816.58109,0.00138
1814.65266,0.00099
1812.72423,0.00050
1810.79580,0.00036
1808.86737,0.00068
1806.93894,0.00107
1805.01051,0.00142
1803.08208,0.00179
1801.15365,0.00210
1799.22522,0.00239
1797.29679,0.00265
1795.36836,0.00239
1793.43993,0.00151
1791.51150,0.00126
1789.58307,0.00225
1787.65464,0.00338
1785.72621,0.00385
1783.79778,0.00347
1781.86935,0.00266
1779.94092,0.00238
1778.01249,0.00269
1776.08406,0.00223
1774.15563,0.00062
1772.22720,0.00000
1770.29877,0.00207
1768.37034,0.00432
1766.44191,0.00482
1764.51348,0.00400
1762.58505,0.00312
1760.65662,0.00301
1758.72819,0.00345
1756.79976,0.00392
1754.87133,0.00438
1752.94290,0.00473
1751.01447,0.00446
1749.08604,0.00364
1747.15761,0.00352
1745.22918,0.00406
1743.30075,0.00421
1741.37232,0.00392
1739.44389,0.00398
1737.51546,0.00435
1735.58703,0.00437
1733.65860,0.00421
1731.73017,0.00459
1729.80174,0.00505
1727.87331,0.00536
1725.94488,0.00549
1724.01645,0.00562
1722.08802,0.00543
1720.15959,0.00400
1718.23116,0.00180
1716.30273,0.00189
1714.37430,0.00447
1712.44587,0.00690
1710.51744,0.00774
1708.58901,0.00727
1706.66058,0.00710
1704.73215,0.00872
1702.80372,0.01083
1700.87529,0.01154
1698.94686,0.01089
1697.01843,0.01063
1695.09000,0.01168
1693.16157,0.01287
1691.23314,0.01334
1689.30471,0.01290
1687.37628,0.01150
1685.44785,0.00969
1683.51942,0.00983
1681.59099,0.01189
1679.66256,0.01350
1677.73413,0.01358
1675.80570,0.01276
1673.87727,0.01168
1671.94884,0.01039
1670.02041,0.00975
1668.09198,0.01112
1666.16355,0.01261
1664.23512,0.01284
1662.30669,0.01319
1660.37826,0.01498
1658.44983,0.01650
1656.52140,0.01594
1654.59297,0.01395
1652.66454,0.01331
1650.73611,0.01509
1648.80768,0.01538
1646.87925,0.01330
1644.95082,0.01312
1643.02239,0.01462
1641.09396,0.01477
1639.16553,0.01250
1637.23710,0.00935
1635.30867,0.00841
1633.38024,0.00982
1631.45181,0.01076
1629.52338,0.01011
1627.59495,0.00867
1625.66652,0.00749
1623.73809,0.00705
1621.80966,0.00749
1619.88123,0.00717
1617.95280,0.00522
1616.02437,0.00379
1614.09594,0.00436
1612.16751,0.00500
1610.23908,0.00442
1608.31065,0.00342
1606.38222,0.00287
1604.45379,0.00249
1602.52536,0.00207
1600.59693,0.00186
1598.66850,0.00162
1596.74007,0.00128
1594.81164,0.00116
1592.88321,0.00147
1590.95478,0.00184
1589.02635,0.00206
1587.09792,0.00226
1585.16949,0.00272
1583.24106,0.00352
1581.31263,0.00412
1579.38420,0.00369
1577.45577,0.00277
1575.52734,0.00342
1573.59891,0.00550
1571.67048,0.00663
1569.74205,0.00671
1567.81362,0.00746
1565.88519,0.00896
1563.95676,0.00990
1562.02833,0.00912
1560.09990,0.00760
1558.17147,0.00808
1556.24304,0.01098
1554.31461,0.01348
1552.38618,0.01484
1550.45775,0.01531
1548.52932,0.01530
1546.60089,0.01428
1544.67246,0.01104
1542.74403,0.00598
1540.81560,0.00317
1538.88717,0.00771
1536.95874,0.01295
1535.03031,0.01433
1533.10188,0.01320
1531.17345,0.01279
1529.24502,0.01297
1527.31659,0.01265
1525.38816,0.01199
1523.45973,0.01121
1521.53130,0.01126
1519.60287,0.01240
1517.67444,0.01248
1515.74601,0.01207
1513.81758,0.01257
1511.88915,0.01288
1509.96072,0.01110
1508.03229,0.00725
1506.10385,0.00537
1504.17542,0.00768
1502.24699,0.01014
1500.31856,0.00969
1498.39013,0.00731
1496.46170,0.00595
1494.53327,0.00599
1492.60484,0.00535
1490.67641,0.00341
1488.74798,0.00211
1486.81955,0.00260
1484.89112,0.00367
1482.96269,0.00410
1481.03426,0.00407
1479.10583,0.00417
1477.17740,0.00410
1475.24897,0.00324
1473.32054,0.00230
1471.39211,0.00288
1469.46368,0.00419
1467.53525,0.00453
1465.60682,0.00408
1463.67839,0.00425
1461.74996,0.00423
1459.82153,0.00227
1457.89310,0.00000
1455.96467,0.00114
1454.03624,0.00358
1452.10781,0.00462
1450.17938,0.00392
1448.25095,0.00270
1446.32252,0.00220
1444.39409,0.00233
1442.46566,0.00247
1440.53723,0.00248
1438.60880,0.00265
1436.68037,0.00302
1434.75194,0.00312
1432.82351,0.00271
1430.89508,0.00203
1428.96665,0.00171
1427.03822,0.00188
1425.10979,0.00203
1423.18136,0.00223
1421.25293,0.00279
1419.32450,0.00339
1417.39607,0.00332
1415.46764,0.00276
1413.53921,0.00221
1411.61078,0.00182
1409.68235,0.00161
1407.75392,0.00131
1405.82549,0.00102
1403.89706,0.00104
1401.96863,0.00126
1400.04020,0.00158
1398.11177,0.00199
1396.18334,0.00211
1394.25491,0.00214
1392.32648,0.00258
1390.39805,0.00299
1388.46962,0.00270
1386.54119,0.00183
1384.61276,0.00119
1382.68433,0.00122
1380.75590,0.00170
1378.82747,0.00193
1376.89904,0.00132
1374.97061,0.00052
1373.04218,0.00050
1371.11375,0.00086
1369.18532,0.00094
1367.25689,0.00087
1365.32846,0.00088
1363.40003,0.00097
1361.47160,0.00112
1359.54317,0.00121
1357.61474,0.00112
1355.68631,0.00079
1353.75788,0.00042
1351.82945,0.00014
1349.90102,0.00000
1347.97259,0.00005
1346.04416,0.00026
1344.11573,0.00049
1342.18730,0.00081
1340.25887,0.00133
1338.33044,0.00164
1336.40201,0.00133
1334.47358,0.00083
1332.54515,0.00059
1330.61672,0.00059
1328.68829,0.00059
1326.75986,0.00062
1324.83143,0.00075
1322.90300,0.00082
1320.97457,0.00070
1319.04614,0.00070
1317.11771,0.00090
1315.18928,0.00099
1313.26085,0.00085
1311.33242,0.00068
1309.40399,0.00056
1307.47556,0.00049
1305.54713,0.00035
1303.61870,0.00011
1301.69027,0.00000
1299.76184,0.00013
1297.83341,0.00042
1295.90498,0.00048
1293.97655,0.00030
1292.04812,0.00028
1290.11969,0.00052
1288.19126,0.00067
1286.26283,0.00064
1284.33440,0.00054
1282.40597,0.00043
1280.47754,0.00038
1278.54911,0.00044
1276.62068,0.00053
1274.69225,0.00055
1272.76382,0.00046
1270.83539,0.00037
1268.90696,0.00047
1266.97853,0.00080
1265.05010,0.00109
1263.12167,0.00120
1261.19324,0.00132
1259.26481,0.00177
1257.33638,0.00238
1255.40795,0.00300
1253.47952,0.00369
1251.55109,0.00439
1249.62266,0.00509
1247.69423,0.00580
1245.76580,0.00653
1243.83737,0.00724
1241.90894,0.00795
1239.98051,0.00861
1238.05208,0.00910
1236.12365,0.00940
1234.19522,0.00978
1232.26679,0.01031
1230.33836,0.01080
1228.40993,0.01137
1226.48150,0.01216
1224.55307,0.01284
1222.62464,0.01316
1220.69621,0.01338
1218.76778,0.01377
1216.83935,0.01434
1214.91092,0.01502
1212.98249,0.01562
1211.05406,0.01589
1209.12563,0.01596
1207.19720,0.01622
1205.26877,0.01665
1203.34034,0.01700
1201.41191,0.01737
1199.48348,0.01807
1197.55505,0.01865
1195.62662,0.01898
1193.69819,0.01931
1191.76976,0.01987
1189.84133,0.02054
1187.91290,0.02110
1185.98447,0.02142
1184.05604,0.02167
1182.12761,0.02208
1180.19918,0.02266
1178.27075,0.02328
1176.34232,0.02399
1174.41389,0.02469
1172.48546,0.02513
1170.55703,0.02546
1168.62860,0.02593
1166.70017,0.02647
1164.77174,0.02696
1162.84331,0.02750
1160.91488,0.02816
1158.98645,0.02888
1157.05802,0.02970
1155.12959,0.03063
1153.20116,0.03147
1151.27273,0.03215
1149.34430,0.03281
1147.41587,0.03352
1145.48744,0.03437
1143.55901,0.03527
1141.63058,0.03600
1139.70215,0.03662
1137.77372,0.03733
1135.84529,0.03808
1133.91686,0.03895
1131.98843,0.04001
1130.06000,0.04106
1128.13157,0.04218
1126.20314,0.04351
1124.27471,0.04494
1122.34628,0.04637
1120.41785,0.04763
1118.48942,0.04874
1116.56099,0.04998
1114.63256,0.05152
1112.70413,0.05329
1110.77570,0.05507
1108.84727,0.05676
1106.91884,0.05853
1104.99041,0.06048
1103.06198,0.06245
1101.13355,0.06430
1099.20512,0.06624
1097.27669,0.06829
1095.34826,0.06990
1093.41983,0.07094
1091.49140,0.07188
1089.56297,0.07283
1087.63454,0.07360
1085.70611,0.07431
1083.77768,0.07511
1081.84925,0.07590
1079.92082,0.07651
1077.99239,0.07680
1076.06396,0.07678
1074.13553,0.07671
1072.20710,0.07673
1070.27867,0.07670
1068.35024,0.07637
1066.42181,0.07558
1064.49338,0.07456
1062.56495,0.07352
1060.63652,0.07238
1058.70809,0.07121
1056.77966,0.07009
1054.85123,0.06874
1052.92280,0.06706
1050.99437,0.06500
1049.06594,0.06257
1047.13751,0.06004
1045.20908,0.05753
1043.28065,0.05470
1041.35222,0.05141
1039.42379,0.04797
1037.49536,0.04471
1035.56693,0.04178
1033.63850,0.03893
1031.71007,0.03606
1029.78164,0.03331
1027.85321,0.03077
1025.92478,0.02841
1023.99635,0.02600
1022.06792,0.02335
1020.13949,0.02090
1018.21106,0.01907
1016.28263,0.01761
1014.35420,0.01618
1012.42577,0.01483
1010.49734,0.01355
1008.56891,0.01222
1006.64048,0.01104
1004.71205,0.01017
1002.78362,0.00942
1000.85519,0.00855
998.92676,0.00765
996.99833,0.00691
995.06990,0.00630
993.14147,0.00589
991.21304,0.00588
989.28461,0.00617
987.35618,0.00639
985.42775,0.00642
983.49932,0.00656
981.57089,0.00697
979.64246,0.00741
977.71403,0.00769
975.78560,0.00791
973.85717,0.00798
971.92874,0.00767
970.00031,0.00722
968.07188,0.00704
966.14345,0.00702
964.21502,0.00690
962.28659,0.00667
960.35816,0.00645
958.42973,0.00626
956.50130,0.00610
954.57287,0.00595
952.64444,0.00576
950.71601,0.00554
948.78758,0.00534
946.85915,0.00510
944.93072,0.00473
943.00229,0.00438
941.07386,0.00419
939.14543,0.00399
937.21700,0.00352
935.28857,0.00316
933.36014,0.00317
931.43171,0.00329
929.50328,0.00335
927.57485,0.00328
925.64642,0.00299
923.71799,0.00266
921.78956,0.00230
919.86113,0.00187
917.93270,0.00162
916.00427,0.00156
914.07584,0.00151
912.14741,0.00150
910.21898,0.00152
908.29055,0.00141
906.36212,0.00104
904.43368,0.00051
902.50525,0.00008
900.57682,0.00000
898.64839,0.00022
896.71996,0.00036
894.79153,0.00019
892.86310,-0.00003
890.93467,-0.00006
889.00624,0.00004
887.07781,0.00014
885.14938,0.00015
883.22095,0.00005
881.29252,-0.00007
879.36409,-0.00013
877.43566,0.00000
875.50723,0.00017
873.57880,0.00021
871.65037,0.00014
869.72194,0.00022
867.79351,0.00043
865.86508,0.00062
863.93665,0.00050
862.00822,0.00006
860.07979,-0.00012
858.15136,0.00003
856.22293,0.00016
854.29450,0.00040
852.36607,0.00060
850.43764,0.00052
848.50921,0.00060
846.58078,0.00117
844.65235,0.00189
842.72392,0.00224
840.79549,0.00223
838.86706,0.00225
836.93863,0.00258
835.01020,0.00329
833.08177,0.00433
831.15334,0.00542
829.22491,0.00617
827.29648,0.00650
825.36805,0.00671
823.43962,0.00702
821.51119,0.00739
819.58276,0.00761
817.65433,0.00792
815.72590,0.00875
813.79747,0.00978
811.86904,0.01058
809.94061,0.01115
808.01218,0.01145
806.08375,0.01143
804.15532,0.01140
802.22689,0.01162
800.29846,0.01202
798.37003,0.01229
796.44160,0.01221
794.51317,0.01186
792.58474,0.01162
790.65631,0.01164
788.72788,0.01172
786.79945,0.01148
784.87102,0.01066
782.94259,0.00958
781.01416,0.00858
779.08573,0.00749
777.15730,0.00623
775.22887,0.00491
773.30044,0.00366
771.37201,0.00263
769.44358,0.00212
767.51515,0.00247
765.58672,0.00347
763.65829,0.00439
761.72986,0.00471
759.80143,0.00426
757.87300,0.00327
755.94457,0.00215
754.01614,0.00147
752.08771,0.00167
750.15928,0.00225
748.23085,0.00263
746.30242,0.00281
744.37399,0.00286
742.44556,0.00279
740.51713,0.00220
738.58870,0.00130
736.66027,0.00100
734.73184,0.00123
732.80341,0.00147
730.87498,0.00166
728.94655,0.00161
727.01812,0.00146
725.08969,0.00155
723.16126,0.00230
721.23283,0.00257
719.30440,0.00225
717.37597,0.00157
715.44754,0.00108
713.51911,0.00093
711.59068,0.00079
709.66225,0.00082
707.73382,0.00154
705.80539,0.00278
703.87696,0.00362
701.94853,0.00367
700.02010,0.00331
698.09167,0.00311
696.16324,0.00330
694.23481,0.00345
692.30638,0.00326
690.37795,0.00315
688.44952,0.00281
686.52109,0.00173
684.59266,0.00089
682.66423,0.00124
680.73580,0.00223
678.80737,0.00310
676.87894,0.00354
674.95051,0.00301
673.02208,0.00186
671.09365,0.00208
669.16522,0.00326
667.23679,0.00257
665.30836,0.00225
663.37993,0.00453
661.45150,0.00732
659.52307,0.00816
657.59464,0.00717
655.66621,0.00572
653.73778,0.00479
651.80935,0.00433
649.88092,0.00350
647.95249,0.00234
646.02406,0.00213
644.09563,0.00298
642.16720,0.00414
640.23877,0.00454
638.31034,0.00424
636.38191,0.00417
634.45348,0.00455
632.52505,0.00437
630.59662,0.00313
628.66819,0.00218
626.73976,0.00235
624.81133,0.00164
622.88290,0.00000
620.95447,0.00040
619.02604,0.00304
617.09761,0.00516
615.16918,0.00477
613.24075,0.00267
611.31232,0.00136
609.38389,0.00173
607.45546,0.00326
605.52703,0.00408
603.59860,0.00332
601.67017,0.00150
599.74174,0.00000
