4001.49232,0.00113
3999.56389,0.00252
3997.63546,0.00239
3995.70703,0.00184
3993.77860,0.00166
3991.85017,0.00160
3989.92174,0.00136
3987.99331,0.00091
3986.06488,0.00039
3984.13645,0.00016
3982.20802,0.00018
3980.27959,0.00036
3978.35116,0.00062
3976.42273,0.00075
3974.49430,0.00052
3972.56587,0.00016
3970.63744,-0.00005
3968.70901,-0.00016
3966.78058,-0.00023
3964.85215,-0.00004
3962.92372,0.00038
3960.99529,0.00053
3959.06686,0.00032
3957.13843,0.00017
3955.21000,0.00010
3953.28157,0.00000
3951.35314,0.00024
3949.42471,0.00112
3947.49628,0.00192
3945.56785,0.00193
3943.63942,0.00156
3941.71099,0.00107
3939.78256,0.00040
3937.85413,-0.00004
3935.92570,0.00009
3933.99727,0.00065
3932.06884,0.00108
3930.14041,0.00112
3928.21198,0.00098
3926.28355,0.00073
3924.35512,0.00068
3922.42669,0.00118
3920.49826,0.00179
3918.56982,0.00199
3916.64139,0.00162
3914.71296,0.00089
3912.78453,0.00026
3910.85610,-0.00004
3908.92767,0.00000
3906.99924,0.00058
3905.07081,0.00243
3903.14238,0.00500
3901.21395,0.00548
3899.28552,0.00403
3897.35709,0.00303
3895.42866,0.00291
3893.50023,0.00296
3891.57180,0.00312
3889.64337,0.00356
3887.71494,0.00421
3885.78651,0.00470
3883.85808,0.00471
3881.92965,0.00450
3880.00122,0.00419
3878.07279,0.00396
3876.14436,0.00414
3874.21593,0.00432
3872.28750,0.00423
3870.35907,0.00424
3868.43064,0.00449
3866.50221,0.00452
3864.57378,0.00437
3862.64535,0.00496
3860.71692,0.00599
3858.78849,0.00674
3856.86006,0.00703
3854.93163,0.00603
3853.00320,0.00395
3851.07477,0.00329
3849.14634,0.00407
3847.21791,0.00477
3845.28948,0.00492
3843.36105,0.00496
3841.43262,0.00468
3839.50419,0.00369
3837.57576,0.00301
3835.64733,0.00310
3833.71890,0.00357
3831.79047,0.00400
3829.86204,0.00407
3827.93361,0.00382
3826.00518,0.00362
3824.07675,0.00362
3822.14832,0.00349
3820.21989,0.00364
3818.29146,0.00408
3816.36303,0.00421
3814.43460,0.00394
3812.50617,0.00386
3810.57774,0.00388
3808.64931,0.00350
3806.72088,0.00333
3804.79245,0.00382
3802.86402,0.00404
3800.93559,0.00349
3799.00716,0.00288
3797.07873,0.00228
3795.15030,0.00146
3793.22187,0.00077
3791.29344,0.00052
3789.36501,0.00051
3787.43658,0.00060
3785.50815,0.00073
3783.57972,0.00082
3781.65129,0.00062
3779.72286,0.00017
3777.79443,0.00000
3775.86600,0.00026
3773.93757,0.00071
3772.00914,0.00115
3770.08071,0.00176
3768.15228,0.00238
3766.22385,0.00267
3764.29542,0.00289
3762.36699,0.00323
3760.43856,0.00358
3758.51013,0.00453
3756.58170,0.00633
3754.65327,0.00752
3752.72484,0.00696
3750.79641,0.00682
3748.86798,0.00957
3746.93955,0.01260
3745.01112,0.01419
3743.08269,0.01343
3741.15426,0.01203
3739.22583,0.01145
3737.29740,0.01117
3735.36897,0.01023
3733.44054,0.00840
3731.51211,0.00700
3729.58368,0.00664
3727.65525,0.00672
3725.72682,0.00649
3723.79839,0.00552
3721.86996,0.00415
3719.94153,0.00341
3718.01310,0.00376
3716.08467,0.00447
3714.15624,0.00436
3712.22781,0.00316
3710.29938,0.00251
3708.37095,0.00242
3706.44252,0.00233
3704.51409,0.00217
3702.58566,0.00185
3700.65723,0.00149
3698.72880,0.00145
3696.80037,0.00178
3694.87194,0.00199
3692.94351,0.00131
3691.01508,0.00000
3689.08665,0.00007
3687.15822,0.00162
3685.22979,0.00274
3683.30136,0.00316
3681.37293,0.00326
3679.44450,0.00339
3677.51607,0.00397
3675.58764,0.00496
3673.65921,0.00536
3671.73078,0.00480
3669.80235,0.00368
3667.87392,0.00309
3665.94549,0.00291
3664.01706,0.00278
3662.08863,0.00271
3660.16020,0.00297
3658.23177,0.00355
3656.30334,0.00421
3654.37491,0.00439
3652.44648,0.00306
3650.51805,0.00043
3648.58962,0.00000
3646.66119,0.00168
3644.73276,0.00320
3642.80433,0.00383
3640.87590,0.00377
3638.94747,0.00354
3637.01904,0.00364
3635.09061,0.00395
3633.16218,0.00416
3631.23375,0.00417
3629.30532,0.00381
3627.37689,0.00368
3625.44846,0.00418
3623.52003,0.00486
3621.59160,0.00507
3619.66317,0.00512
3617.73474,0.00569
3615.80631,0.00632
3613.87788,0.00682
3611.94945,0.00734
3610.02102,0.00743
3608.09259,0.00658
3606.16416,0.00508
3604.23573,0.00365
3602.30730,0.00250
3600.37887,0.00197
3598.45044,0.00234
3596.52201,0.00306
3594.59358,0.00374
3592.66515,0.00421
3590.73672,0.00453
3588.80829,0.00461
3586.87986,0.00392
3584.95143,0.00253
3583.02300,0.00144
3581.09457,0.00092
3579.16614,0.00055
3577.23771,0.00028
3575.30928,0.00041
3573.38085,0.00085
3571.45242,0.00109
3569.52399,0.00098
3567.59556,0.00077
3565.66713,0.00064
3563.73870,0.00044
3561.81027,0.00057
3559.88184,0.00105
3557.95341,0.00153
3556.02498,0.00180
3554.09655,0.00174
3552.16812,0.00135
3550.23969,0.00122
3548.31126,0.00184
3546.38283,0.00239
3544.45440,0.00190
3542.52597,0.00108
3540.59754,0.00068
3538.66911,0.00042
3536.74068,0.00018
3534.81225,0.00000
3532.88382,-0.00010
3530.95539,0.00008
3529.02696,0.00076
3527.09853,0.00177
3525.17010,0.00248
3523.24167,0.00247
3521.31324,0.00200
3519.38481,0.00128
3517.45638,0.00055
3515.52795,0.00005
3513.59952,-0.00020
3511.67109,-0.00018
3509.74266,0.00012
3507.81423,0.00067
3505.88580,0.00136
3503.95737,0.00199
3502.02894,0.00202
3500.10051,0.00120
3498.17208,0.00028
3496.24365,0.00004
3494.31522,0.00034
3492.38679,0.00072
3490.45836,0.00093
3488.52993,0.00103
3486.60150,0.00101
3484.67307,0.00089
3482.74464,0.00078
3480.81621,0.00061
3478.88778,0.00024
3476.95935,-0.00014
3475.03092,-0.00020
3473.10249,-0.00013
3471.17406,-0.00022
3469.24563,-0.00044
3467.31720,-0.00051
3465.38877,-0.00035
3463.46034,-0.00004
3461.53191,0.00035
3459.60348,0.00059
3457.67505,0.00049
3455.74662,0.00023
3453.81819,0.00001
3451.88976,-0.00014
3449.96133,-0.00019
3448.03290,-0.00015
3446.10447,0.00009
3444.17604,0.00037
3442.24761,0.00047
3440.31918,0.00047
3438.39075,0.00042
3436.46232,0.00028
3434.53389,0.00015
3432.60546,0.00005
3430.67703,0.00000
3428.74860,0.00002
3426.82017,0.00003
3424.89174,0.00000
3422.96331,0.00015
3421.03488,0.00070
3419.10645,0.00125
3417.17802,0.00123
3415.24959,0.00083
3413.32116,0.00066
3411.39273,0.00077
3409.46430,0.00083
3407.53587,0.00063
3405.60744,0.00044
3403.67901,0.00055
3401.75058,0.00085
3399.82215,0.00208
3397.89372,0.00250
3395.96529,0.00282
3394.03686,0.00298
3392.10843,0.00251
3390.18000,0.00170
3388.25157,0.00144
3386.32314,0.00188
3384.39471,0.00231
3382.46628,0.00232
3380.53785,0.00188
3378.60942,0.00128
3376.68099,0.00094
3374.75256,0.00091
3372.82413,0.00106
3370.89570,0.00146
3368.96727,0.00211
3367.03884,0.00264
3365.11041,0.00277
3363.18198,0.00270
3361.25355,0.00263
3359.32512,0.00247
3357.39669,0.00237
3355.46826,0.00232
3353.53983,0.00208
3351.61140,0.00175
3349.68297,0.00163
3347.75454,0.00170
3345.82611,0.00179
3343.89768,0.00193
3341.96925,0.00217
3340.04082,0.00255
3338.11239,0.00317
3336.18396,0.00370
3334.25553,0.00378
3332.32710,0.00357
3330.39867,0.00347
3328.47024,0.00364
3326.54181,0.00377
3324.61338,0.00355
3322.68495,0.00337
3320.75652,0.00363
3318.82809,0.00405
3316.89966,0.00434
3314.97122,0.00466
3313.04279,0.00527
3311.11436,0.00594
3309.18593,0.00609
3307.25750,0.00561
3305.32907,0.00516
3303.40064,0.00518
3301.47221,0.00550
3299.54378,0.00586
3297.61535,0.00611
3295.68692,0.00628
3293.75849,0.00652
3291.83006,0.00673
3289.90163,0.00672
3287.97320,0.00656
3286.04477,0.00649
3284.11634,0.00664
3282.18791,0.00694
3280.25948,0.00722
3278.33105,0.00732
3276.40262,0.00740
3274.47419,0.00761
3272.54576,0.00761
3270.61733,0.00718
3268.68890,0.00673
3266.76047,0.00653
3264.83204,0.00643
3262.90361,0.00626
3260.97518,0.00616
3259.04675,0.00627
3257.11832,0.00667
3255.18989,0.00704
3253.26146,0.00688
3251.33303,0.00626
3249.40460,0.00573
3247.47617,0.00574
3245.54774,0.00606
3243.61931,0.00602
3241.69088,0.00547
3239.76245,0.00498
3237.83402,0.00488
3235.90559,0.00496
3233.97716,0.00499
3232.04873,0.00496
3230.12030,0.00486
3228.19187,0.00476
3226.26344,0.00470
3224.33501,0.00458
3222.40658,0.00457
3220.47815,0.00481
3218.54972,0.00498
3216.62129,0.00498
3214.69286,0.00492
3212.76443,0.00471
3210.83600,0.00442
3208.90757,0.00414
3206.97914,0.00383
3205.05071,0.00363
3203.12228,0.00362
3201.19385,0.00369
3199.26542,0.00388
3197.33699,0.00402
3195.40856,0.00372
3193.48013,0.00325
3191.55170,0.00298
3189.62327,0.00290
3187.69484,0.00306
3185.76641,0.00335
3183.83798,0.00343
3181.90955,0.00330
3179.98112,0.00328
3178.05269,0.00326
3176.12426,0.00281
3174.19583,0.00209
3172.26740,0.00167
3170.33897,0.00172
3168.41054,0.00188
3166.48211,0.00192
3164.55368,0.00189
3162.62525,0.00183
3160.69682,0.00172
3158.76839,0.00152
3156.83996,0.00130
3154.91153,0.00118
3152.98310,0.00113
3151.05467,0.00108
3149.12624,0.00101
3147.19781,0.00095
3145.26938,0.00092
3143.34095,0.00090
3141.41252,0.00082
3139.48409,0.00071
3137.55566,0.00078
3135.62723,0.00107
3133.69880,0.00120
3131.77037,0.00096
3129.84194,0.00073
3127.91351,0.00085
3125.98508,0.00122
3124.05665,0.00163
3122.12822,0.00174
3120.19979,0.00154
3118.27136,0.00147
3116.34293,0.00149
3114.41450,0.00118
3112.48607,0.00063
3110.55764,0.00022
3108.62921,0.00005
3106.70078,0.00000
3104.77235,0.00013
3102.84392,0.00063
3100.91549,0.00107
3098.98706,0.00101
3097.05863,0.00074
3095.13020,0.00054
3093.20177,0.00033
3091.27334,0.00021
3089.34491,0.00027
3087.41648,0.00039
3085.48805,0.00043
3083.55962,0.00054
3081.63119,0.00084
3079.70276,0.00102
3077.77433,0.00084
3075.84590,0.00057
3073.91747,0.00041
3071.98904,0.00031
3070.06061,0.00034
3068.13218,0.00083
3066.20375,0.00132
3064.27532,0.00124
3062.34689,0.00083
3060.41846,0.00067
3058.49003,0.00087
3056.56160,0.00106
3054.63317,0.00098
3052.70474,0.00088
3050.77631,0.00101
3048.84788,0.00113
3046.91945,0.00094
3044.99102,0.00062
3043.06259,0.00041
3041.13416,0.00033
3039.20573,0.00037
3037.27730,0.00057
3035.34887,0.00094
3033.42044,0.00136
3031.49201,0.00149
3029.56358,0.00119
3027.63515,0.00076
3025.70672,0.00048
3023.77829,0.00033
3021.84986,0.00026
3019.92143,0.00020
3017.99300,0.00029
3016.06457,0.00074
3014.13614,0.00118
3012.20771,0.00113
3010.27928,0.00060
3008.35085,0.00007
3006.42242,0.00000
3004.49399,0.00024
3002.56556,0.00035
3000.63713,0.00026
2998.70870,0.00020
2996.78027,0.00036
2994.85184,0.00064
2992.92341,0.00078
2990.99498,0.00077
2989.06655,0.00088
2987.13812,0.00102
2985.20969,0.00077
2983.28126,0.00031
2981.35283,0.00016
2979.42440,0.00031
2977.49597,0.00053
2975.56754,0.00086
2973.63911,0.00118
2971.71068,0.00126
2969.78225,0.00120
2967.85382,0.00124
2965.92539,0.00139
2963.99696,0.00144
2962.06853,0.00136
2960.14010,0.00139
2958.21167,0.00158
2956.28324,0.00164
2954.35481,0.00143
2952.42638,0.00116
2950.49795,0.00110
2948.56952,0.00121
2946.64109,0.00125
2944.71266,0.00115
2942.78423,0.00105
2940.85580,0.00110
2938.92737,0.00134
2936.99894,0.00165
2935.07051,0.00188
2933.14208,0.00189
2931.21365,0.00174
2929.28522,0.00168
2927.35679,0.00178
2925.42836,0.00176
2923.49993,0.00150
2921.57150,0.00116
2919.64307,0.00097
2917.71464,0.00094
2915.78621,0.00093
2913.85778,0.00087
2911.92935,0.00077
2910.00092,0.00066
2908.07249,0.00053
2906.14406,0.00041
2904.21563,0.00033
2902.28720,0.00032
2900.35877,0.00040
2898.43034,0.00044
2896.50191,0.00032
2894.57348,0.00013
2892.64505,0.00001
2890.71662,0.00008
2888.78819,0.00031
2886.85976,0.00033
2884.93133,0.00022
2883.00290,0.00037
2881.07447,0.00068
2879.14604,0.00070
2877.21761,0.00050
2875.28918,0.00048
2873.36075,0.00066
2871.43232,0.00073
2869.50389,0.00058
2867.57546,0.00048
2865.64703,0.00051
2863.71860,0.00056
2861.79017,0.00058
2859.86174,0.00053
2857.93331,0.00038
2856.00488,0.00022
2854.07645,0.00013
2852.14802,0.00013
2850.21959,0.00017
2848.29116,0.00016
2846.36273,0.00008
2844.43430,0.00001
2842.50587,0.00000
2840.57744,0.00008
2838.64901,0.00024
2836.72058,0.00036
2834.79215,0.00040
2832.86372,0.00037
2830.93529,0.00036
2829.00686,0.00041
2827.07843,0.00050
2825.15000,0.00060
2823.22157,0.00062
2821.29314,0.00047
2819.36471,0.00027
2817.43628,0.00023
2815.50785,0.00031
2813.57942,0.00028
2811.65099,0.00024
2809.72256,0.00033
2807.79413,0.00036
2805.86570,0.00031
2803.93727,0.00038
2802.00884,0.00058
2800.08041,0.00066
2798.15198,0.00058
2796.22355,0.00045
2794.29512,0.00038
2792.36669,0.00040
2790.43826,0.00041
2788.50983,0.00028
2786.58140,0.00011
2784.65297,-0.00000
2782.72454,0.00000
2780.79611,0.00013
2778.86768,0.00033
2776.93925,0.00043
2775.01082,0.00036
2773.08239,0.00023
2771.15396,0.00015
2769.22553,0.00030
2767.29710,0.00059
2765.36867,0.00070
2763.44024,0.00056
2761.51181,0.00041
2759.58338,0.00037
2757.65495,0.00035
2755.72652,0.00022
2753.79809,0.00017
2751.86966,0.00024
2749.94123,0.00034
2748.01280,0.00040
2746.08437,0.00045
2744.15594,0.00047
2742.22751,0.00034
2740.29908,0.00017
2738.37065,0.00021
2736.44222,0.00037
2734.51379,0.00043
2732.58536,0.00050
2730.65693,0.00057
2728.72850,0.00044
2726.80007,0.00026
2724.87164,0.00024
2722.94321,0.00024
2721.01478,0.00021
2719.08635,0.00021
2717.15792,0.00020
2715.22949,0.00012
2713.30105,0.00005
2711.37262,0.00009
2709.44419,0.00024
2707.51576,0.00030
2705.58733,0.00021
2703.65890,0.00015
2701.73047,0.00016
2699.80204,0.00007
2697.87361,-0.00007
2695.94518,-0.00010
2694.01675,-0.00000
2692.08832,0.00012
2690.15989,0.00017
2688.23146,0.00013
2686.30303,0.00006
2684.37460,0.00003
2682.44617,0.00006
2680.51774,0.00009
2678.58931,0.00009
2676.66088,0.00009
2674.73245,0.00011
2672.80402,0.00008
2670.87559,0.00002
2668.94716,0.00005
2667.01873,0.00019
2665.09030,0.00025
2663.16187,0.00015
2661.23344,0.00006
2659.30501,0.00016
2657.37658,0.00034
2655.44815,0.00036
2653.51972,0.00025
2651.59129,0.00025
2649.66286,0.00036
2647.73443,0.00051
2645.80600,0.00061
2643.87757,0.00053
2641.94914,0.00040
2640.02071,0.00033
2638.09228,0.00029
2636.16385,0.00032
2634.23542,0.00038
2632.30699,0.00032
2630.37856,0.00016
2628.45013,0.00001
2626.52170,-0.00008
2624.59327,-0.00009
2622.66484,-0.00002
2620.73641,0.00004
2618.80798,0.00006
2616.87955,0.00010
2614.95112,0.00019
2613.02269,0.00029
2611.09426,0.00035
2609.16583,0.00041
2607.23740,0.00044
2605.30897,0.00041
2603.38054,0.00033
2601.45211,0.00020
2599.52368,0.00007
2597.59525,0.00000
2595.66682,0.00003
2593.73839,0.00016
2591.80996,0.00029
2589.88153,0.00031
2587.95310,0.00020
2586.02467,0.00010
2584.09624,0.00014
2582.16781,0.00027
2580.23938,0.00038
2578.31095,0.00042
2576.38252,0.00041
2574.45409,0.00028
2572.52566,0.00006
2570.59723,0.00000
2568.66880,0.00009
2566.74037,0.00020
2564.81194,0.00022
2562.88351,0.00018
2560.95508,0.00017
2559.02665,0.00028
2557.09822,0.00045
2555.16979,0.00046
2553.24136,0.00031
2551.31293,0.00027
2549.38450,0.00031
2547.45607,0.00027
2545.52764,0.00017
2543.59921,0.00011
2541.67078,0.00011
2539.74235,0.00012
2537.81392,0.00015
2535.88549,0.00023
2533.95706,0.00026
2532.02863,0.00009
2530.10020,-0.00008
2528.17177,0.00001
2526.24334,0.00016
2524.31491,0.00016
2522.38648,0.00018
2520.45805,0.00034
2518.52962,0.00047
2516.60119,0.00042
2514.67276,0.00025
2512.74433,0.00011
2510.81590,0.00014
2508.88747,0.00031
2506.95904,0.00039
2505.03061,0.00026
2503.10218,0.00008
2501.17375,0.00000
2499.24532,0.00002
2497.31689,0.00017
2495.38846,0.00035
2493.46003,0.00032
2491.53160,0.00009
2489.60317,-0.00006
2487.67474,-0.00006
2485.74631,-0.00001
2483.81788,0.00008
2481.88945,0.00020
2479.96102,0.00023
2478.03259,0.00013
2476.10416,0.00002
2474.17573,-0.00001
2472.24730,-0.00000
2470.31887,-0.00002
2468.39044,-0.00000
2466.46201,0.00011
2464.53358,0.00022
2462.60515,0.00019
2460.67672,0.00004
2458.74829,0.00000
2456.81986,0.00012
2454.89143,0.00022
2452.96300,0.00020
2451.03457,0.00019
2449.10614,0.00026
2447.17771,0.00029
2445.24928,0.00024
2443.32085,0.00015
2441.39242,0.00004
2439.46399,-0.00003
2437.53556,-0.00002
2435.60713,0.00005
2433.67870,0.00008
2431.75027,0.00004
2429.82184,-0.00000
2427.89341,0.00004
2425.96498,0.00008
2424.03655,0.00003
2422.10812,0.00002
2420.17969,0.00002
2418.25126,0.00001
2416.32283,0.00000
2414.39440,-0.00000
2412.46597,-0.00000
2410.53754,-0.00000
2408.60911,-0.00000
2406.68068,-0.00000
2404.75225,0.00000
2402.82382,0.00000
2400.89539,0.00000
2398.96696,-0.00004
2397.03853,-0.00008
2395.11010,-0.00013
2393.18167,-0.00017
2391.25324,-0.00020
2389.32481,-0.00024
2387.39638,-0.00028
2385.46795,-0.00031
2383.53952,-0.00035
2381.61109,-0.00038
2379.68266,-0.00041
2377.75423,-0.00044
2375.82580,-0.00047
2373.89737,-0.00049
2371.96894,-0.00052
2370.04051,-0.00054
2368.11208,-0.00056
2366.18365,-0.00058
2364.25522,-0.00060
2362.32679,-0.00062
2360.39836,-0.00064
2358.46993,-0.00066
2356.54150,-0.00067
2354.61307,-0.00068
2352.68464,-0.00069
2350.75621,-0.00070
2348.82778,-0.00071
2346.89935,-0.00072
2344.97092,-0.00073
2343.04249,-0.00073
2341.11406,-0.00073
2339.18563,-0.00074
2337.25720,-0.00074
2335.32877,-0.00074
2333.40034,-0.00073
2331.47191,-0.00073
2329.54348,-0.00073
2327.61505,-0.00072
2325.68662,-0.00071
2323.75819,-0.00070
2321.82976,-0.00069
2319.90133,-0.00068
2317.97290,-0.00067
2316.04447,-0.00066
2314.11604,-0.00064
2312.18761,-0.00062
2310.25918,-0.00061
2308.33075,-0.00059
2306.40232,-0.00056
2304.47389,-0.00054
2302.54546,-0.00052
2300.61703,-0.00049
2298.68860,-0.00047
2296.76017,-0.00044
2294.83174,-0.00041
2292.90331,-0.00038
2290.97488,-0.00035
2289.04645,-0.00031
2287.11802,-0.00028
2285.18959,-0.00024
2283.26116,-0.00021
2281.33273,-0.00017
2279.40430,-0.00013
2277.47587,-0.00009
2275.54744,-0.00004
2273.61901,0.00000
2271.69058,0.00001
2269.76215,0.00002
2267.83372,0.00003
2265.90529,0.00004
2263.97686,0.00005
2262.04843,0.00007
2260.12000,0.00008
2258.19157,0.00010
2256.26314,0.00012
2254.33471,0.00014
2252.40628,0.00016
2250.47785,0.00018
2248.54942,0.00021
2246.62099,0.00023
2244.69256,0.00026
2242.76413,0.00029
2240.83570,0.00024
2238.90727,0.00014
2236.97884,0.00001
2235.05041,-0.00002
2233.12198,0.00007
2231.19355,0.00019
2229.26512,0.00016
2227.33669,0.00003
2225.40826,0.00001
2223.47983,0.00004
2221.55140,0.00005
2219.62297,0.00012
2217.69454,0.00022
2215.76611,0.00020
2213.83768,0.00012
2211.90925,0.00007
2209.98082,0.00008
2208.05239,0.00009
2206.12396,0.00008
2204.19553,0.00009
2202.26710,0.00009
2200.33867,0.00006
2198.41024,0.00008
2196.48181,0.00017
2194.55338,0.00019
2192.62495,0.00012
2190.69652,0.00002
2188.76809,-0.00003
2186.83966,0.00004
2184.91123,0.00021
2182.98280,0.00035
2181.05437,0.00034
2179.12594,0.00018
2177.19751,0.00006
2175.26908,0.00011
2173.34065,0.00021
2171.41222,0.00018
2169.48379,0.00007
2167.55536,0.00000
2165.62693,0.00002
2163.69850,0.00016
2161.77007,0.00021
2159.84164,0.00009
2157.91321,0.00005
2155.98478,0.00017
2154.05635,0.00025
2152.12792,0.00029
2150.19949,0.00036
2148.27106,0.00037
2146.34263,0.00028
2144.41420,0.00024
2142.48577,0.00033
2140.55734,0.00049
2138.62891,0.00061
2136.70048,0.00063
2134.77205,0.00048
2132.84362,0.00034
2130.91519,0.00037
2128.98676,0.00042
2127.05833,0.00031
2125.12990,0.00011
2123.20147,0.00000
2121.27304,0.00000
2119.34461,0.00000
2117.41618,0.00017
2115.48775,0.00045
2113.55932,0.00042
2111.63089,0.00015
2109.70245,0.00002
2107.77402,0.00003
2105.84559,0.00007
2103.91716,0.00014
2101.98873,0.00022
2100.06030,0.00025
2098.13187,0.00028
2096.20344,0.00030
2094.27501,0.00030
2092.34658,0.00032
2090.41815,0.00035
2088.48972,0.00034
2086.56129,0.00029
2084.63286,0.00021
2082.70443,0.00011
2080.77600,0.00003
2078.84757,0.00004
2076.91914,0.00013
2074.99071,0.00021
2073.06228,0.00015
2071.13385,0.00000
2069.20542,0.00005
2067.27699,0.00039
2065.34856,0.00075
2063.42013,0.00081
2061.49170,0.00066
2059.56327,0.00043
2057.63484,0.00016
2055.70641,-0.00003
2053.77798,-0.00000
2051.84955,0.00006
2049.92112,0.00006
2047.99269,0.00014
2046.06426,0.00024
2044.13583,0.00020
2042.20740,0.00008
2040.27897,0.00008
2038.35054,0.00011
2036.42211,0.00001
2034.49368,-0.00007
2032.56525,-0.00012
2030.63682,-0.00013
2028.70839,-0.00004
2026.77996,0.00011
2024.85153,0.00022
2022.92310,0.00025
2020.99467,0.00017
2019.06624,0.00010
2017.13781,0.00015
2015.20938,0.00022
2013.28095,0.00016
2011.35252,0.00008
2009.42409,0.00013
2007.49566,0.00022
2005.56723,0.00027
2003.63880,0.00025
2001.71037,0.00013
1999.78194,0.00004
1997.85351,0.00017
1995.92508,0.00038
1993.99665,0.00043
1992.06822,0.00042
1990.13979,0.00043
1988.21136,0.00030
1986.28293,0.00011
1984.35450,0.00001
1982.42607,0.00001
1980.49764,0.00004
1978.56921,0.00009
1976.64078,0.00017
1974.71235,0.00012
1972.78392,0.00003
1970.85549,0.00007
1968.92706,0.00020
1966.99863,0.00034
1965.07020,0.00044
1963.14177,0.00035
1961.21334,0.00028
1959.28491,0.00035
1957.35648,0.00037
1955.42805,0.00034
1953.49962,0.00035
1951.57119,0.00031
1949.64276,0.00020
1947.71433,0.00010
1945.78590,0.00013
1943.85747,0.00032
1941.92904,0.00043
1940.00061,0.00035
1938.07218,0.00015
1936.14375,-0.00006
1934.21532,-0.00006
1932.28689,0.00019
1930.35846,0.00049
1928.43003,0.00058
1926.50160,0.00045
1924.57317,0.00024
1922.64474,0.00032
1920.71631,0.00062
1918.78788,0.00068
1916.85945,0.00054
1914.93102,0.00056
1913.00259,0.00063
1911.07416,0.00051
1909.14573,0.00036
1907.21730,0.00034
1905.28887,0.00036
1903.36044,0.00035
1901.43201,0.00036
1899.50358,0.00045
1897.57515,0.00059
1895.64672,0.00077
1893.71829,0.00090
1891.78986,0.00075
1889.86143,0.00047
1887.93300,0.00046
1886.00457,0.00064
1884.07614,0.00076
1882.14771,0.00083
1880.21928,0.00083
1878.29085,0.00080
1876.36242,0.00088
1874.43399,0.00106
1872.50556,0.00103
1870.57713,0.00051
1868.64870,0.00000
1866.72027,0.00015
1864.79184,0.00083
1862.86341,0.00130
1860.93498,0.00138
1859.00655,0.00127
1857.07812,0.00116
1855.14969,0.00116
1853.22126,0.00130
1851.29283,0.00143
1849.36440,0.00134
1847.43597,0.00110
1845.50754,0.00111
1843.57911,0.00154
1841.65068,0.00202
1839.72225,0.00211
1837.79382,0.00191
1835.86539,0.00193
1833.93696,0.00197
1832.00853,0.00132
1830.08010,0.00036
1828.15167,0.00013
1826.22324,0.00036
1824.29481,0.00066
1822.36638,0.00100
1820.43795,0.00131
1818.50952,0.00150
1816.58109,0.00137
1814.65266,0.00086
1812.72423,0.00028
1810.79580,0.00010
1808.86737,0.00039
1806.93894,0.00077
1805.01051,0.00110
1803.08208,0.00146
1801.15365,0.00172
1799.22522,0.00184
1797.29679,0.00197
1795.36836,0.00188
1793.43993,0.00134
1791.51150,0.00114
1789.58307,0.00182
1787.65464,0.00263
1785.72621,0.00296
1783.79778,0.00261
1781.86935,0.00192
1779.94092,0.00171
1778.01249,0.00201
1776.08406,0.00168
1774.15563,0.00039
1772.22720,-0.00014
1770.29877,0.00144
1768.37034,0.00319
1766.44191,0.00354
1764.51348,0.00290
1762.58505,0.00217
1760.65662,0.00193
1758.72819,0.00211
1756.79976,0.00245
1754.87133,0.00290
1752.94290,0.00321
1751.01447,0.00290
1749.08604,0.00201
1747.15761,0.00175
1745.22918,0.00217
1743.30075,0.00237
1741.37232,0.00226
1739.44389,0.00235
1737.51546,0.00256
1735.58703,0.00237
1733.65860,0.00208
1731.73017,0.00233
1729.80174,0.00264
1727.87331,0.00282
1725.94488,0.00293
1724.01645,0.00315
1722.08802,0.00322
1720.15959,0.00217
1718.23116,0.00020
1716.30273,0.00000
1714.37430,0.00218
1712.44587,0.00452
1710.51744,0.00550
1708.58901,0.00530
1706.66058,0.00544
1704.73215,0.00718
1702.80372,0.00932
1700.87529,0.01047
1698.94686,0.01097
1697.01843,0.01208
1695.09000,0.01403
1693.16157,0.01568
1691.23314,0.01664
1689.30471,0.01699
1687.37628,0.01683
1685.44785,0.01682
1683.51942,0.01866
1681.59099,0.02142
1679.66256,0.02335
1677.73413,0.02417
1675.80570,0.02458
1673.87727,0.02482
1671.94884,0.02474
1670.02041,0.02529
1668.09198,0.02765
1666.16355,0.02995
1664.23512,0.03127
1662.30669,0.03300
1660.37826,0.03590
1658.44983,0.03822
1656.52140,0.03862
1654.59297,0.03789
1652.66454,0.03818
1650.73611,0.03988
1648.80768,0.03986
1646.87925,0.03755
1644.95082,0.03678
1643.02239,0.03754
1641.09396,0.03725
1639.16553,0.03505
1637.23710,0.03194
1635.30867,0.02998
1633.38024,0.02967
1631.45181,0.02927
1629.52338,0.02767
1627.59495,0.02527
1625.66652,0.02304
1623.73809,0.02149
1621.80966,0.02093
1619.88123,0.02004
1617.95280,0.01763
1616.02437,0.01515
1614.09594,0.01438
1612.16751,0.01404
1610.23908,0.01282
1608.31065,0.01120
1606.38222,0.00989
1604.45379,0.00873
1602.52536,0.00773
1600.59693,0.00714
1598.66850,0.00665
1596.74007,0.00609
1594.81164,0.00579
1592.88321,0.00592
1590.95478,0.00615
1589.02635,0.00631
1587.09792,0.00655
1585.16949,0.00703
1583.24106,0.00781
1581.31263,0.00843
1579.38420,0.00823
1577.45577,0.00768
1575.52734,0.00853
1573.59891,0.01060
1571.67048,0.01188
1569.74205,0.01228
1567.81362,0.01321
1565.88519,0.01481
1563.95676,0.01607
1562.02833,0.01605
1560.09990,0.01568
1558.17147,0.01713
1556.24304,0.02018
1554.31461,0.02254
1552.38618,0.02408
1550.45775,0.02528
1548.52932,0.02618
1546.60089,0.02587
1544.67246,0.02332
1542.74403,0.01918
1540.81560,0.01692
1538.88717,0.02084
1536.95874,0.02529
1535.03031,0.02618
1533.10188,0.02469
1531.17345,0.02394
1529.24502,0.02388
1527.31659,0.02323
1525.38816,0.02199
1523.45973,0.02072
1521.53130,0.02053
1519.60287,0.02146
1517.67444,0.02117
1515.74601,0.02001
1513.81758,0.01952
1511.88915,0.01899
1509.96072,0.01662
1508.03229,0.01201
1506.10385,0.00902
1504.17542,0.01056
1502.24699,0.01263
1500.31856,0.01188
1498.39013,0.00898
1496.46170,0.00685
1494.53327,0.00628
1492.60484,0.00531
1490.67641,0.00302
1488.74798,0.00117
1486.81955,0.00112
1484.89112,0.00190
1482.96269,0.00223
1481.03426,0.00216
1479.10583,0.00215
1477.17740,0.00198
1475.24897,0.00119
1473.32054,0.00048
1471.39211,0.00125
1469.46368,0.00267
1467.53525,0.00319
1465.60682,0.00293
1463.67839,0.00317
1461.74996,0.00328
1459.82153,0.00180
1457.89310,0.00000
1455.96467,0.00106
1454.03624,0.00317
1452.10781,0.00407
1450.17938,0.00354
1448.25095,0.00258
1446.32252,0.00219
1444.39409,0.00226
1442.46566,0.00229
1440.53723,0.00219
1438.60880,0.00223
1436.68037,0.00240
1434.75194,0.00229
1432.82351,0.00173
1430.89508,0.00096
1428.96665,0.00062
1427.03822,0.00087
1425.10979,0.00119
1423.18136,0.00165
1421.25293,0.00253
1419.32450,0.00332
1417.39607,0.00324
1415.46764,0.00261
1413.53921,0.00208
1411.61078,0.00179
1409.68235,0.00175
1407.75392,0.00177
1405.82549,0.00180
1403.89706,0.00201
1401.96863,0.00231
1400.04020,0.00268
1398.11177,0.00309
1396.18334,0.00317
1394.25491,0.00308
1392.32648,0.00344
1390.39805,0.00386
1388.46962,0.00363
1386.54119,0.00279
1384.61276,0.00210
1382.68433,0.00197
1380.75590,0.00218
1378.82747,0.00216
1376.89904,0.00142
1374.97061,0.00061
1373.04218,0.00057
1371.11375,0.00087
1369.18532,0.00090
1367.25689,0.00078
1365.32846,0.00072
1363.40003,0.00072
1361.47160,0.00079
1359.54317,0.00087
1357.61474,0.00079
1355.68631,0.00043
1353.75788,0.00009
1351.82945,0.00000
1349.90102,-0.00002
1347.97259,0.00001
1346.04416,0.00000
1344.11573,0.00002
1342.18730,0.00032
1340.25887,0.00092
1338.33044,0.00122
1336.40201,0.00081
1334.47358,0.00023
1332.54515,0.00004
1330.61672,0.00020
1328.68829,0.00034
1326.75986,0.00037
1324.83143,0.00040
1322.90300,0.00034
1320.97457,0.00013
1319.04614,0.00010
1317.11771,0.00031
1315.18928,0.00044
1313.26085,0.00039
1311.33242,0.00030
1309.40399,0.00017
1307.47556,0.00001
1305.54713,-0.00019
1303.61870,-0.00040
1301.69027,-0.00038
1299.76184,-0.00002
1297.83341,0.00031
1295.90498,0.00025
1293.97655,0.00002
1292.04812,0.00000
1290.11969,0.00022
1288.19126,0.00036
1286.26283,0.00031
1284.33440,0.00022
1282.40597,0.00025
1280.47754,0.00038
1278.54911,0.00054
1276.62068,0.00072
1274.69225,0.00092
1272.76382,0.00111
1270.83539,0.00138
1268.90696,0.00184
1266.97853,0.00248
1265.05010,0.00314
1263.12167,0.00379
1261.19324,0.00451
1259.26481,0.00545
1257.33638,0.00660
1255.40795,0.00789
1253.47952,0.00934
1251.55109,0.01088
1249.62266,0.01241
1247.69423,0.01388
1245.76580,0.01535
1243.83737,0.01688
1241.90894,0.01842
1239.98051,0.01986
1238.05208,0.02109
1236.12365,0.02214
1234.19522,0.02324
1232.26679,0.02436
1230.33836,0.02539
1228.40993,0.02654
1226.48150,0.02787
1224.55307,0.02913
1222.62464,0.03012
1220.69621,0.03102
1218.76778,0.03206
1216.83935,0.03323
1214.91092,0.03434
1212.98249,0.03533
1211.05406,0.03617
1209.12563,0.03691
1207.19720,0.03765
1205.26877,0.03837
1203.34034,0.03909
1201.41191,0.03998
1199.48348,0.04116
1197.55505,0.04216
1195.62662,0.04306
1193.69819,0.04412
1191.76976,0.04536
1189.84133,0.04668
1187.91290,0.04806
1185.98447,0.04931
1184.05604,0.05037
1182.12761,0.05155
1180.19918,0.05295
1178.27075,0.05437
1176.34232,0.05591
1174.41389,0.05763
1172.48546,0.05920
1170.55703,0.06063
1168.62860,0.06221
1166.70017,0.06390
1164.77174,0.06546
1162.84331,0.06688
1160.91488,0.06846
1158.98645,0.07039
1157.05802,0.07256
1155.12959,0.07480
1153.20116,0.07705
1151.27273,0.07920
1149.34430,0.08106
1147.41587,0.08260
1145.48744,0.08409
1143.55901,0.08569
1141.63058,0.08697
1139.70215,0.08777
1137.77372,0.08875
1135.84529,0.09031
1133.91686,0.09214
1131.98843,0.09407
1130.06000,0.09619
1128.13157,0.09846
1126.20314,0.10088
1124.27471,0.10360
1122.34628,0.10681
1120.41785,0.11052
1118.48942,0.11452
1116.56099,0.11881
1114.63256,0.12337
1112.70413,0.12798
1110.77570,0.13214
1108.84727,0.13569
1106.91884,0.13915
1104.99041,0.14295
1103.06198,0.14709
1101.13355,0.15163
1099.20512,0.15662
1097.27669,0.16183
1095.34826,0.16683
1093.41983,0.17129
1091.49140,0.17472
1089.56297,0.17708
1087.63454,0.17894
1085.70611,0.18037
1083.77768,0.18119
1081.84925,0.18181
1079.92082,0.18246
1077.99239,0.18269
1076.06396,0.18254
1074.13553,0.18261
1072.20710,0.18272
1070.27867,0.18226
1068.35024,0.18141
1066.42181,0.18061
1064.49338,0.17957
1062.56495,0.17791
1060.63652,0.17589
1058.70809,0.17398
1056.77966,0.17196
1054.85123,0.16916
1052.92280,0.16549
1050.99437,0.16137
1049.06594,0.15698
1047.13751,0.15218
1045.20908,0.14688
1043.28065,0.14103
1041.35222,0.13466
1039.42379,0.12800
1037.49536,0.12125
1035.56693,0.11447
1033.63850,0.10761
1031.71007,0.10068
1029.78164,0.09381
1027.85321,0.08701
1025.92478,0.08037
1023.99635,0.07400
1022.06792,0.06813
1020.13949,0.06285
1018.21106,0.05791
1016.28263,0.05320
1014.35420,0.04900
1012.42577,0.04537
1010.49734,0.04192
1008.56891,0.03844
1006.64048,0.03519
1004.71205,0.03227
1002.78362,0.02950
1000.85519,0.02691
998.92676,0.02473
996.99833,0.02308
995.06990,0.02185
993.14147,0.02099
991.21304,0.02062
989.28461,0.02054
987.35618,0.02049
985.42775,0.02056
983.49932,0.02088
981.57089,0.02128
979.64246,0.02173
977.71403,0.02214
975.78560,0.02237
973.85717,0.02237
971.92874,0.02204
970.00031,0.02150
968.07188,0.02115
966.14345,0.02106
964.21502,0.02090
962.28659,0.02048
960.35816,0.01993
958.42973,0.01944
956.50130,0.01896
954.57287,0.01844
952.64444,0.01789
950.71601,0.01736
948.78758,0.01706
946.85915,0.01692
944.93072,0.01664
943.00229,0.01619
941.07386,0.01574
939.14543,0.01528
937.21700,0.01468
935.28857,0.01409
933.36014,0.01374
931.43171,0.01341
929.50328,0.01300
927.57485,0.01260
925.64642,0.01210
923.71799,0.01144
921.78956,0.01083
919.86113,0.01028
917.93270,0.00958
916.00427,0.00872
914.07584,0.00791
912.14741,0.00751
910.21898,0.00744
908.29055,0.00716
906.36212,0.00646
904.43368,0.00572
902.50525,0.00528
900.57682,0.00513
898.64839,0.00505
896.71996,0.00480
894.79153,0.00442
892.86310,0.00396
890.93467,0.00338
889.00624,0.00293
887.07781,0.00273
885.14938,0.00251
883.22095,0.00225
881.29252,0.00204
879.36409,0.00176
877.43566,0.00140
875.50723,0.00099
873.57880,0.00063
871.65037,0.00052
869.72194,0.00076
867.79351,0.00090
865.86508,0.00084
863.93665,0.00070
862.00822,0.00034
860.07979,0.00000
858.15136,-0.00004
856.22293,0.00020
854.29450,0.00064
852.36607,0.00105
850.43764,0.00129
848.50921,0.00153
846.58078,0.00203
844.65235,0.00277
842.72392,0.00355
840.79549,0.00422
838.86706,0.00476
836.93863,0.00531
835.01020,0.00618
833.08177,0.00751
831.15334,0.00893
829.22491,0.00998
827.29648,0.01080
825.36805,0.01179
823.43962,0.01300
821.51119,0.01404
819.58276,0.01458
817.65433,0.01497
815.72590,0.01583
813.79747,0.01705
811.86904,0.01807
809.94061,0.01889
808.01218,0.01970
806.08375,0.02028
804.15532,0.02044
802.22689,0.02043
800.29846,0.02057
798.37003,0.02081
796.44160,0.02090
794.51317,0.02068
792.58474,0.02022
790.65631,0.01976
788.72788,0.01948
786.79945,0.01909
784.87102,0.01812
782.94259,0.01650
781.01416,0.01459
779.08573,0.01271
777.15730,0.01095
775.22887,0.00895
773.30044,0.00658
771.37201,0.00464
769.44358,0.00386
767.51515,0.00408
765.58672,0.00472
763.65829,0.00534
761.72986,0.00566
759.80143,0.00540
757.87300,0.00453
755.94457,0.00349
754.01614,0.00295
752.08771,0.00306
750.15928,0.00317
748.23085,0.00302
746.30242,0.00282
744.37399,0.00261
742.44556,0.00227
740.51713,0.00148
738.58870,0.00056
736.66027,0.00038
734.73184,0.00065
732.80341,0.00056
730.87498,0.00023
728.94655,0.00011
727.01812,0.00017
725.08969,0.00024
723.16126,0.00093
721.23283,0.00159
719.30440,0.00159
717.37597,0.00108
715.44754,0.00079
713.51911,0.00071
711.59068,0.00029
709.66225,0.00000
707.73382,0.00048
705.80539,0.00145
703.87696,0.00200
701.94853,0.00192
700.02010,0.00160
698.09167,0.00118
696.16324,0.00062
694.23481,0.00019
692.30638,0.00036
690.37795,0.00103
688.44952,0.00125
686.52109,0.00060
684.59266,0.00001
682.66423,0.00009
680.73580,0.00057
678.80737,0.00132
676.87894,0.00201
674.95051,0.00202
673.02208,0.00220
671.09365,0.00498
669.16522,0.00894
667.23679,0.00868
665.30836,0.00718
663.37993,0.00966
661.45150,0.01439
659.52307,0.01745
657.59464,0.01753
655.66621,0.01530
653.73778,0.01204
651.80935,0.00850
649.88092,0.00511
647.95249,0.00272
646.02406,0.00175
644.09563,0.00111
642.16720,0.00127
640.23877,0.00194
638.31034,0.00195
636.38191,0.00119
634.45348,0.00111
632.52505,0.00223
630.59662,0.00334
628.66819,0.00374
626.73976,0.00367
624.81133,0.00274
622.88290,0.00087
620.95447,0.00059
619.02604,0.00245
617.09761,0.00434
615.16918,0.00418
613.24075,0.00254
611.31232,0.00028
609.38389,0.00000
607.45546,0.00050
605.52703,0.00116
603.59860,0.00101
601.67017,0.00032
599.74174,0.00000
