4001.49232,0.00113
3999.56389,0.00203
3997.63546,0.00191
3995.70703,0.00139
3993.77860,0.00128
3991.85017,0.00144
3989.92174,0.00133
3987.99331,0.00079
3986.06488,0.00018
3984.13645,-0.00011
3982.20802,-0.00007
3980.27959,0.00020
3978.35116,0.00057
3976.42273,0.00080
3974.49430,0.00075
3972.56587,0.00057
3970.63744,0.00045
3968.70901,0.00032
3966.78058,0.00013
3964.85215,0.00007
3962.92372,0.00015
3960.99529,0.00011
3959.06686,0.00000
3957.13843,0.00010
3955.21000,0.00032
3953.28157,0.00042
3951.35314,0.00060
3949.42471,0.00112
3947.49628,0.00165
3945.56785,0.00164
3943.63942,0.00117
3941.71099,0.00059
3939.78256,0.00017
3937.85413,0.00000
3935.92570,0.00014
3933.99727,0.00045
3932.06884,0.00066
3930.14041,0.00063
3928.21198,0.00058
3926.28355,0.00066
3924.35512,0.00092
3922.42669,0.00130
3920.49826,0.00152
3918.56982,0.00139
3916.64139,0.00091
3914.71296,0.00032
3912.78453,0.00002
3910.85610,0.00009
3908.92767,0.00034
3906.99924,0.00079
3905.07081,0.00173
3903.14238,0.00271
3901.21395,0.00241
3899.28552,0.00140
3897.35709,0.00101
3895.42866,0.00116
3893.50023,0.00134
3891.57180,0.00148
3889.64337,0.00157
3887.71494,0.00165
3885.78651,0.00179
3883.85808,0.00197
3881.92965,0.00221
3880.00122,0.00229
3878.07279,0.00205
3876.14436,0.00188
3874.21593,0.00206
3872.28750,0.00256
3870.35907,0.00293
3868.43064,0.00275
3866.50221,0.00220
3864.57378,0.00182
3862.64535,0.00208
3860.71692,0.00264
3858.78849,0.00290
3856.86006,0.00254
3854.93163,0.00157
3853.00320,0.00110
3851.07477,0.00175
3849.14634,0.00227
3847.21791,0.00228
3845.28948,0.00214
3843.36105,0.00205
3841.43262,0.00184
3839.50419,0.00144
3837.57576,0.00119
3835.64733,0.00115
3833.71890,0.00135
3831.79047,0.00176
3829.86204,0.00201
3827.93361,0.00188
3826.00518,0.00163
3824.07675,0.00148
3822.14832,0.00144
3820.21989,0.00187
3818.29146,0.00231
3816.36303,0.00204
3814.43460,0.00147
3812.50617,0.00138
3810.57774,0.00160
3808.64931,0.00160
3806.72088,0.00138
3804.79245,0.00130
3802.86402,0.00143
3800.93559,0.00159
3799.00716,0.00165
3797.07873,0.00138
3795.15030,0.00079
3793.22187,0.00021
3791.29344,-0.00003
3789.36501,0.00000
3787.43658,0.00007
3785.50815,0.00013
3783.57972,0.00016
3781.65129,0.00016
3779.72286,0.00020
3777.79443,0.00027
3775.86600,0.00033
3773.93757,0.00037
3772.00914,0.00039
3770.08071,0.00048
3768.15228,0.00065
3766.22385,0.00077
3764.29542,0.00108
3762.36699,0.00164
3760.43856,0.00210
3758.51013,0.00262
3756.58170,0.00352
3754.65327,0.00407
3752.72484,0.00360
3750.79641,0.00338
3748.86798,0.00470
3746.93955,0.00592
3745.01112,0.00635
3743.08269,0.00611
3741.15426,0.00575
3739.22583,0.00530
3737.29740,0.00446
3735.36897,0.00349
3733.44054,0.00294
3731.51211,0.00292
3729.58368,0.00306
3727.65525,0.00315
3725.72682,0.00321
3723.79839,0.00308
3721.86996,0.00249
3719.94153,0.00169
3718.01310,0.00138
3716.08467,0.00163
3714.15624,0.00186
3712.22781,0.00181
3710.29938,0.00189
3708.37095,0.00164
3706.44252,0.00099
3704.51409,0.00037
3702.58566,0.00005
3700.65723,0.00011
3698.72880,0.00044
3696.80037,0.00102
3694.87194,0.00154
3692.94351,0.00140
3691.01508,0.00051
3689.08665,0.00010
3687.15822,0.00073
3685.22979,0.00140
3683.30136,0.00170
3681.37293,0.00178
3679.44450,0.00179
3677.51607,0.00174
3675.58764,0.00173
3673.65921,0.00174
3671.73078,0.00156
3669.80235,0.00123
3667.87392,0.00131
3665.94549,0.00154
3664.01706,0.00153
3662.08863,0.00133
3660.16020,0.00128
3658.23177,0.00154
3656.30334,0.00196
3654.37491,0.00206
3652.44648,0.00131
3650.51805,0.00000
3648.58962,0.00004
3646.66119,0.00128
3644.73276,0.00220
3642.80433,0.00237
3640.87590,0.00204
3638.94747,0.00160
3637.01904,0.00139
3635.09061,0.00144
3633.16218,0.00154
3631.23375,0.00157
3629.30532,0.00147
3627.37689,0.00147
3625.44846,0.00153
3623.52003,0.00148
3621.59160,0.00124
3619.66317,0.00140
3617.73474,0.00228
3615.80631,0.00297
3613.87788,0.00294
3611.94945,0.00263
3610.02102,0.00249
3608.09259,0.00241
3606.16416,0.00206
3604.23573,0.00146
3602.30730,0.00088
3600.37887,0.00058
3598.45044,0.00059
3596.52201,0.00081
3594.59358,0.00118
3592.66515,0.00138
3590.73672,0.00121
3588.80829,0.00087
3586.87986,0.00069
3584.95143,0.00056
3583.02300,0.00030
3581.09457,0.00012
3579.16614,0.00010
3577.23771,0.00013
3575.30928,0.00020
3573.38085,0.00033
3571.45242,0.00035
3569.52399,0.00016
3567.59556,-0.00004
3565.66713,0.00009
3563.73870,0.00032
3561.81027,0.00050
3559.88184,0.00070
3557.95341,0.00091
3556.02498,0.00101
3554.09655,0.00090
3552.16812,0.00068
3550.23969,0.00057
3548.31126,0.00076
3546.38283,0.00098
3544.45440,0.00079
3542.52597,0.00038
3540.59754,0.00011
3538.66911,-0.00003
3536.74068,0.00000
3534.81225,0.00018
3532.88382,0.00048
3530.95539,0.00073
3529.02696,0.00070
3527.09853,0.00055
3525.17010,0.00069
3523.24167,0.00097
3521.31324,0.00099
3519.38481,0.00070
3517.45638,0.00034
3515.52795,0.00006
3513.59952,-0.00004
3511.67109,0.00009
3509.74266,0.00036
3507.81423,0.00070
3505.88580,0.00112
3503.95737,0.00141
3502.02894,0.00123
3500.10051,0.00060
3498.17208,0.00012
3496.24365,0.00024
3494.31522,0.00075
3492.38679,0.00121
3490.45836,0.00139
3488.52993,0.00122
3486.60150,0.00071
3484.67307,0.00015
3482.74464,0.00000
3480.81621,0.00035
3478.88778,0.00080
3476.95935,0.00086
3475.03092,0.00059
3473.10249,0.00029
3471.17406,-0.00001
3469.24563,-0.00028
3467.31720,-0.00027
3465.38877,0.00002
3463.46034,0.00024
3461.53191,0.00028
3459.60348,0.00029
3457.67505,0.00046
3455.74662,0.00073
3453.81819,0.00072
3451.88976,0.00036
3449.96133,0.00007
3448.03290,0.00026
3446.10447,0.00072
3444.17604,0.00075
3442.24761,0.00033
3440.31918,-0.00000
3438.39075,0.00004
3436.46232,0.00028
3434.53389,0.00035
3432.60546,0.00013
3430.67703,0.00000
3428.74860,0.00015
3426.82017,0.00028
3424.89174,0.00020
3422.96331,0.00025
3421.03488,0.00065
3419.10645,0.00100
3417.17802,0.00085
3415.24959,0.00049
3413.32116,0.00045
3411.39273,0.00058
3409.46430,0.00054
3407.53587,0.00040
3405.60744,0.00040
3403.67901,0.00051
3401.75058,0.00067
3399.82215,0.00148
3397.89372,0.00189
3395.96529,0.00199
3394.03686,0.00194
3392.10843,0.00180
3390.18000,0.00167
3388.25157,0.00181
3386.32314,0.00214
3384.39471,0.00230
3382.46628,0.00217
3380.53785,0.00173
3378.60942,0.00121
3376.68099,0.00103
3374.75256,0.00114
3372.82413,0.00131
3370.89570,0.00166
3368.96727,0.00228
3367.03884,0.00283
3365.11041,0.00293
3363.18198,0.00284
3361.25355,0.00293
3359.32512,0.00312
3357.39669,0.00349
3355.46826,0.00393
3353.53983,0.00394
3351.61140,0.00362
3349.68297,0.00343
3347.75454,0.00341
3345.82611,0.00343
3343.89768,0.00358
3341.96925,0.00387
3340.04082,0.00418
3338.11239,0.00462
3336.18396,0.00500
3334.25553,0.00505
3332.32710,0.00490
3330.39867,0.00493
3328.47024,0.00525
3326.54181,0.00548
3324.61338,0.00535
3322.68495,0.00522
3320.75652,0.00550
3318.82809,0.00595
3316.89966,0.00621
3314.97122,0.00638
3313.04279,0.00675
3311.11436,0.00729
3309.18593,0.00760
3307.25750,0.00739
3305.32907,0.00706
3303.40064,0.00715
3301.47221,0.00750
3299.54378,0.00771
3297.61535,0.00786
3295.68692,0.00814
3293.75849,0.00844
3291.83006,0.00852
3289.90163,0.00838
3287.97320,0.00824
3286.04477,0.00822
3284.11634,0.00830
3282.18791,0.00826
3280.25948,0.00802
3278.33105,0.00766
3276.40262,0.00747
3274.47419,0.00759
3272.54576,0.00784
3270.61733,0.00785
3268.68890,0.00755
3266.76047,0.00706
3264.83204,0.00654
3262.90361,0.00619
3260.97518,0.00611
3259.04675,0.00622
3257.11832,0.00637
3255.18989,0.00641
3253.26146,0.00615
3251.33303,0.00561
3249.40460,0.00514
3247.47617,0.00502
3245.54774,0.00512
3243.61931,0.00504
3241.69088,0.00463
3239.76245,0.00415
3237.83402,0.00383
3235.90559,0.00367
3233.97716,0.00362
3232.04873,0.00355
3230.12030,0.00347
3228.19187,0.00348
3226.26344,0.00346
3224.33501,0.00332
3222.40658,0.00333
3220.47815,0.00365
3218.54972,0.00391
3216.62129,0.00376
3214.69286,0.00346
3212.76443,0.00327
3210.83600,0.00326
3208.90757,0.00338
3206.97914,0.00332
3205.05071,0.00302
3203.12228,0.00272
3201.19385,0.00255
3199.26542,0.00248
3197.33699,0.00245
3195.40856,0.00228
3193.48013,0.00206
3191.55170,0.00190
3189.62327,0.00184
3187.69484,0.00196
3185.76641,0.00217
3183.83798,0.00211
3181.90955,0.00179
3179.98112,0.00162
3178.05269,0.00173
3176.12426,0.00168
3174.19583,0.00135
3172.26740,0.00102
3170.33897,0.00089
3168.41054,0.00104
3166.48211,0.00131
3164.55368,0.00138
3162.62525,0.00107
3160.69682,0.00058
3158.76839,0.00026
3156.83996,0.00018
3154.91153,0.00015
3152.98310,0.00003
3151.05467,-0.00012
3149.12624,-0.00015
3147.19781,-0.00010
3145.26938,-0.00004
3143.34095,0.00007
3141.41252,0.00018
3139.48409,0.00011
3137.55566,0.00000
3135.62723,0.00007
3133.69880,0.00020
3131.77037,0.00019
3129.84194,0.00015
3127.91351,0.00022
3125.98508,0.00041
3124.05665,0.00056
3122.12822,0.00051
3120.19979,0.00051
3118.27136,0.00074
3116.34293,0.00084
3114.41450,0.00063
3112.48607,0.00032
3110.55764,0.00007
3108.62921,-0.00007
3106.70078,-0.00018
3104.77235,-0.00017
3102.84392,0.00018
3100.91549,0.00059
3098.98706,0.00057
3097.05863,0.00033
3095.13020,0.00020
3093.20177,0.00014
3091.27334,0.00011
3089.34491,0.00013
3087.41648,0.00009
3085.48805,0.00000
3083.55962,0.00011
3081.63119,0.00039
3079.70276,0.00054
3077.77433,0.00049
3075.84590,0.00039
3073.91747,0.00027
3071.98904,0.00016
3070.06061,0.00027
3068.13218,0.00069
3066.20375,0.00101
3064.27532,0.00090
3062.34689,0.00062
3060.41846,0.00056
3058.49003,0.00075
3056.56160,0.00091
3054.63317,0.00079
3052.70474,0.00059
3050.77631,0.00065
3048.84788,0.00083
3046.91945,0.00078
3044.99102,0.00059
3043.06259,0.00054
3041.13416,0.00061
3039.20573,0.00064
3037.27730,0.00070
3035.34887,0.00095
3033.42044,0.00123
3031.49201,0.00121
3029.56358,0.00087
3027.63515,0.00053
3025.70672,0.00040
3023.77829,0.00043
3021.84986,0.00054
3019.92143,0.00056
3017.99300,0.00050
3016.06457,0.00051
3014.13614,0.00054
3012.20771,0.00041
3010.27928,0.00013
3008.35085,0.00000
3006.42242,0.00013
3004.49399,0.00042
3002.56556,0.00052
3000.63713,0.00041
2998.70870,0.00026
2996.78027,0.00030
2994.85184,0.00060
2992.92341,0.00093
2990.99498,0.00105
2989.06655,0.00108
2987.13812,0.00110
2985.20969,0.00106
2983.28126,0.00106
2981.35283,0.00127
2979.42440,0.00145
2977.49597,0.00144
2975.56754,0.00156
2973.63911,0.00194
2971.71068,0.00230
2969.78225,0.00260
2967.85382,0.00290
2965.92539,0.00310
2963.99696,0.00318
2962.06853,0.00328
2960.14010,0.00341
2958.21167,0.00335
2956.28324,0.00307
2954.35481,0.00278
2952.42638,0.00263
2950.49795,0.00257
2948.56952,0.00245
2946.64109,0.00222
2944.71266,0.00211
2942.78423,0.00231
2940.85580,0.00275
2938.92737,0.00324
2936.99894,0.00366
2935.07051,0.00392
2933.14208,0.00402
2931.21365,0.00405
2929.28522,0.00402
2927.35679,0.00398
2925.42836,0.00399
2923.49993,0.00388
2921.57150,0.00362
2919.64307,0.00332
2917.71464,0.00297
2915.78621,0.00250
2913.85778,0.00198
2911.92935,0.00157
2910.00092,0.00128
2908.07249,0.00097
2906.14406,0.00072
2904.21563,0.00066
2902.28720,0.00058
2900.35877,0.00043
2898.43034,0.00034
2896.50191,0.00032
2894.57348,0.00030
2892.64505,0.00017
2890.71662,0.00006
2888.78819,0.00016
2886.85976,0.00028
2884.93133,0.00029
2883.00290,0.00042
2881.07447,0.00074
2879.14604,0.00091
2877.21761,0.00079
2875.28918,0.00065
2873.36075,0.00077
2871.43232,0.00099
2869.50389,0.00099
2867.57546,0.00085
2865.64703,0.00082
2863.71860,0.00088
2861.79017,0.00099
2859.86174,0.00097
2857.93331,0.00072
2856.00488,0.00055
2854.07645,0.00063
2852.14802,0.00069
2850.21959,0.00054
2848.29116,0.00027
2846.36273,-0.00002
2844.43430,-0.00021
2842.50587,-0.00020
2840.57744,-0.00007
2838.64901,-0.00008
2836.72058,-0.00016
2834.79215,-0.00014
2832.86372,0.00003
2830.93529,0.00013
2829.00686,0.00009
2827.07843,0.00011
2825.15000,0.00022
2823.22157,0.00031
2821.29314,0.00022
2819.36471,0.00001
2817.43628,-0.00002
2815.50785,0.00006
2813.57942,0.00002
2811.65099,0.00000
2809.72256,0.00007
2807.79413,0.00015
2805.86570,0.00014
2803.93727,0.00015
2802.00884,0.00021
2800.08041,0.00032
2798.15198,0.00034
2796.22355,0.00024
2794.29512,0.00025
2792.36669,0.00037
2790.43826,0.00031
2788.50983,0.00006
2786.58140,-0.00009
2784.65297,-0.00006
2782.72454,0.00005
2780.79611,0.00009
2778.86768,0.00005
2776.93925,0.00002
2775.01082,-0.00004
2773.08239,-0.00010
2771.15396,-0.00010
2769.22553,0.00002
2767.29710,0.00025
2765.36867,0.00044
2763.44024,0.00037
2761.51181,0.00016
2759.58338,0.00011
2757.65495,0.00012
2755.72652,0.00007
2753.79809,0.00000
2751.86966,-0.00013
2749.94123,-0.00021
2748.01280,-0.00015
2746.08437,-0.00002
2744.15594,0.00013
2742.22751,0.00025
2740.29908,0.00022
2738.37065,0.00005
2736.44222,-0.00008
2734.51379,-0.00007
2732.58536,0.00003
2730.65693,0.00009
2728.72850,0.00004
2726.80007,-0.00001
2724.87164,-0.00001
2722.94321,-0.00004
2721.01478,-0.00005
2719.08635,-0.00002
2717.15792,0.00002
2715.22949,0.00006
2713.30105,0.00001
2711.37262,-0.00006
2709.44419,-0.00005
2707.51576,0.00004
2705.58733,0.00004
2703.65890,0.00001
2701.73047,0.00000
2699.80204,-0.00012
2697.87361,-0.00025
2695.94518,-0.00014
2694.01675,0.00016
2692.08832,0.00037
2690.15989,0.00033
2688.23146,0.00010
2686.30303,-0.00009
2684.37460,-0.00003
2682.44617,0.00013
2680.51774,0.00011
2678.58931,-0.00006
2676.66088,-0.00012
2674.73245,-0.00002
2672.80402,0.00005
2670.87559,0.00004
2668.94716,0.00004
2667.01873,0.00012
2665.09030,0.00019
2663.16187,0.00016
2661.23344,0.00008
2659.30501,0.00007
2657.37658,0.00015
2655.44815,0.00021
2653.51972,0.00015
2651.59129,0.00003
2649.66286,0.00000
2647.73443,0.00008
2645.80600,0.00014
2643.87757,0.00014
2641.94914,0.00012
2640.02071,0.00009
2638.09228,0.00015
2636.16385,0.00034
2634.23542,0.00043
2632.30699,0.00027
2630.37856,0.00003
2628.45013,-0.00004
2626.52170,0.00009
2624.59327,0.00022
2622.66484,0.00021
2620.73641,0.00007
2618.80798,0.00000
2616.87955,0.00007
2614.95112,0.00021
2613.02269,0.00025
2611.09426,0.00021
2609.16583,0.00019
2607.23740,0.00025
2605.30897,0.00031
2603.38054,0.00033
2601.45211,0.00029
2599.52368,0.00016
2597.59525,0.00009
2595.66682,0.00027
2593.73839,0.00052
2591.80996,0.00052
2589.88153,0.00036
2587.95310,0.00024
2586.02467,0.00023
2584.09624,0.00034
2582.16781,0.00039
2580.23938,0.00026
2578.31095,0.00017
2576.38252,0.00022
2574.45409,0.00022
2572.52566,0.00009
2570.59723,0.00000
2568.66880,0.00001
2566.74037,0.00011
2564.81194,0.00023
2562.88351,0.00026
2560.95508,0.00019
2559.02665,0.00016
2557.09822,0.00015
2555.16979,0.00007
2553.24136,0.00007
2551.31293,0.00017
2549.38450,0.00017
2547.45607,0.00018
2545.52764,0.00031
2543.59921,0.00041
2541.67078,0.00048
2539.74235,0.00056
2537.81392,0.00057
2535.88549,0.00050
2533.95706,0.00045
2532.02863,0.00040
2530.10020,0.00034
2528.17177,0.00034
2526.24334,0.00026
2524.31491,0.00004
2522.38648,0.00000
2520.45805,0.00026
2518.52962,0.00052
2516.60119,0.00049
2514.67276,0.00027
2512.74433,0.00012
2510.81590,0.00017
2508.88747,0.00041
2506.95904,0.00059
2505.03061,0.00043
2503.10218,0.00016
2501.17375,0.00010
2499.24532,0.00021
2497.31689,0.00032
2495.38846,0.00036
2493.46003,0.00031
2491.53160,0.00018
2489.60317,0.00009
2487.67474,0.00003
2485.74631,-0.00003
2483.81788,-0.00003
2481.88945,0.00000
2479.96102,0.00007
2478.03259,0.00014
2476.10416,0.00021
2474.17573,0.00028
2472.24730,0.00029
2470.31887,0.00030
2468.39044,0.00036
2466.46201,0.00035
2464.53358,0.00023
2462.60515,0.00009
2460.67672,0.00003
2458.74829,0.00006
2456.81986,0.00011
2454.89143,0.00014
2452.96300,0.00016
2451.03457,0.00016
2449.10614,0.00018
2447.17771,0.00021
2445.24928,0.00026
2443.32085,0.00026
2441.39242,0.00014
2439.46399,0.00001
2437.53556,-0.00004
2435.60713,-0.00001
2433.67870,0.00012
2431.75027,0.00018
2429.82184,0.00012
2427.89341,0.00007
2425.96498,0.00003
2424.03655,-0.00001
2422.10812,-0.00001
2420.17969,-0.00001
2418.25126,-0.00000
2416.32283,0.00000
2414.39440,0.00000
2412.46597,0.00000
2410.53754,0.00001
2408.60911,0.00001
2406.68068,0.00001
2404.75225,0.00001
2402.82382,0.00002
2400.89539,0.00002
2398.96696,-0.00003
2397.03853,-0.00008
2395.11010,-0.00012
2393.18167,-0.00017
2391.25324,-0.00021
2389.32481,-0.00025
2387.39638,-0.00029
2385.46795,-0.00033
2383.53952,-0.00037
2381.61109,-0.00040
2379.68266,-0.00044
2377.75423,-0.00047
2375.82580,-0.00050
2373.89737,-0.00053
2371.96894,-0.00056
2370.04051,-0.00059
2368.11208,-0.00061
2366.18365,-0.00063
2364.25522,-0.00066
2362.32679,-0.00068
2360.39836,-0.00069
2358.46993,-0.00071
2356.54150,-0.00073
2354.61307,-0.00074
2352.68464,-0.00076
2350.75621,-0.00077
2348.82778,-0.00078
2346.89935,-0.00079
2344.97092,-0.00079
2343.04249,-0.00080
2341.11406,-0.00080
2339.18563,-0.00080
2337.25720,-0.00081
2335.32877,-0.00081
2333.40034,-0.00080
2331.47191,-0.00080
2329.54348,-0.00079
2327.61505,-0.00079
2325.68662,-0.00078
2323.75819,-0.00077
2321.82976,-0.00076
2319.90133,-0.00075
2317.97290,-0.00073
2316.04447,-0.00072
2314.11604,-0.00070
2312.18761,-0.00068
2310.25918,-0.00066
2308.33075,-0.00064
2306.40232,-0.00062
2304.47389,-0.00059
2302.54546,-0.00057
2300.61703,-0.00054
2298.68860,-0.00051
2296.76017,-0.00048
2294.83174,-0.00045
2292.90331,-0.00042
2290.97488,-0.00038
2289.04645,-0.00034
2287.11802,-0.00031
2285.18959,-0.00027
2283.26116,-0.00023
2281.33273,-0.00018
2279.40430,-0.00014
2277.47587,-0.00010
2275.54744,-0.00005
2273.61901,0.00000
2271.69058,-0.00000
2269.76215,0.00000
2267.83372,0.00000
2265.90529,0.00001
2263.97686,0.00001
2262.04843,0.00002
2260.12000,0.00003
2258.19157,0.00004
2256.26314,0.00005
2254.33471,0.00007
2252.40628,0.00008
2250.47785,0.00010
2248.54942,0.00012
2246.62099,0.00013
2244.69256,0.00016
2242.76413,0.00018
2240.83570,0.00017
2238.90727,0.00011
2236.97884,-0.00000
2235.05041,-0.00002
2233.12198,0.00005
2231.19355,0.00012
2229.26512,0.00011
2227.33669,0.00010
2225.40826,0.00014
2223.47983,0.00020
2221.55140,0.00022
2219.62297,0.00022
2217.69454,0.00023
2215.76611,0.00019
2213.83768,0.00010
2211.90925,0.00003
2209.98082,0.00000
2208.05239,0.00000
2206.12396,0.00007
2204.19553,0.00017
2202.26710,0.00023
2200.33867,0.00024
2198.41024,0.00031
2196.48181,0.00037
2194.55338,0.00031
2192.62495,0.00027
2190.69652,0.00032
2188.76809,0.00035
2186.83966,0.00032
2184.91123,0.00025
2182.98280,0.00019
2181.05437,0.00012
2179.12594,0.00001
2177.19751,0.00000
2175.26908,0.00009
2173.34065,0.00025
2171.41222,0.00034
2169.48379,0.00025
2167.55536,0.00012
2165.62693,0.00014
2163.69850,0.00021
2161.77007,0.00019
2159.84164,0.00007
2157.91321,0.00001
2155.98478,0.00002
2154.05635,0.00007
2152.12792,0.00020
2150.19949,0.00039
2148.27106,0.00043
2146.34263,0.00025
2144.41420,0.00008
2142.48577,0.00009
2140.55734,0.00017
2138.62891,0.00018
2136.70048,0.00011
2134.77205,-0.00002
2132.84362,-0.00010
2130.91519,0.00003
2128.98676,0.00021
2127.05833,0.00018
2125.12990,0.00001
2123.20147,0.00000
2121.27304,0.00015
2119.34461,0.00028
2117.41618,0.00040
2115.48775,0.00048
2113.55932,0.00032
2111.63089,0.00007
2109.70245,-0.00001
2107.77402,0.00002
2105.84559,0.00006
2103.91716,0.00015
2101.98873,0.00015
2100.06030,0.00004
2098.13187,-0.00000
2096.20344,0.00003
2094.27501,0.00008
2092.34658,0.00017
2090.41815,0.00025
2088.48972,0.00023
2086.56129,0.00014
2084.63286,-0.00000
2082.70443,-0.00011
2080.77600,-0.00010
2078.84757,0.00004
2076.91914,0.00018
2074.99071,0.00026
2073.06228,0.00021
2071.13385,0.00008
2069.20542,0.00007
2067.27699,0.00020
2065.34856,0.00035
2063.42013,0.00038
2061.49170,0.00030
2059.56327,0.00019
2057.63484,0.00009
2055.70641,0.00009
2053.77798,0.00020
2051.84955,0.00024
2049.92112,0.00018
2047.99269,0.00013
2046.06426,0.00013
2044.13583,0.00007
2042.20740,-0.00002
2040.27897,-0.00000
2038.35054,0.00008
2036.42211,0.00008
2034.49368,0.00006
2032.56525,0.00005
2030.63682,0.00008
2028.70839,0.00016
2026.77996,0.00025
2024.85153,0.00027
2022.92310,0.00024
2020.99467,0.00021
2019.06624,0.00021
2017.13781,0.00024
2015.20938,0.00019
2013.28095,0.00007
2011.35252,0.00006
2009.42409,0.00016
2007.49566,0.00022
2005.56723,0.00023
2003.63880,0.00020
2001.71037,0.00010
1999.78194,0.00008
1997.85351,0.00017
1995.92508,0.00027
1993.99665,0.00030
1992.06822,0.00034
1990.13979,0.00034
1988.21136,0.00025
1986.28293,0.00020
1984.35450,0.00021
1982.42607,0.00017
1980.49764,0.00003
1978.56921,-0.00005
1976.64078,-0.00001
1974.71235,0.00006
1972.78392,0.00010
1970.85549,0.00017
1968.92706,0.00029
1966.99863,0.00046
1965.07020,0.00057
1963.14177,0.00049
1961.21334,0.00035
1959.28491,0.00028
1957.35648,0.00028
1955.42805,0.00030
1953.49962,0.00030
1951.57119,0.00022
1949.64276,0.00012
1947.71433,0.00012
1945.78590,0.00029
1943.85747,0.00053
1941.92904,0.00059
1940.00061,0.00046
1938.07218,0.00024
1936.14375,0.00004
1934.21532,0.00000
1932.28689,0.00009
1930.35846,0.00021
1928.43003,0.00026
1926.50160,0.00027
1924.57317,0.00026
1922.64474,0.00040
1920.71631,0.00062
1918.78788,0.00067
1916.85945,0.00055
1914.93102,0.00044
1913.00259,0.00036
1911.07416,0.00022
1909.14573,0.00009
1907.21730,0.00006
1905.28887,0.00009
1903.36044,0.00009
1901.43201,0.00006
1899.50358,0.00008
1897.57515,0.00023
1895.64672,0.00045
1893.71829,0.00055
1891.78986,0.00039
1889.86143,0.00014
1887.93300,0.00014
1886.00457,0.00031
1884.07614,0.00038
1882.14771,0.00033
1880.21928,0.00023
1878.29085,0.00017
1876.36242,0.00018
1874.43399,0.00027
1872.50556,0.00026
1870.57713,0.00003
1868.64870,-0.00015
1866.72027,0.00000
1864.79184,0.00031
1862.86341,0.00053
1860.93498,0.00055
1859.00655,0.00040
1857.07812,0.00021
1855.14969,0.00015
1853.22126,0.00025
1851.29283,0.00038
1849.36440,0.00039
1847.43597,0.00029
1845.50754,0.00027
1843.57911,0.00047
1841.65068,0.00070
1839.72225,0.00076
1837.79382,0.00074
1835.86539,0.00085
1833.93696,0.00093
1832.00853,0.00067
1830.08010,0.00029
1828.15167,0.00020
1826.22324,0.00029
1824.29481,0.00039
1822.36638,0.00049
1820.43795,0.00054
1818.50952,0.00054
1816.58109,0.00042
1814.65266,0.00023
1812.72423,0.00014
1810.79580,0.00014
1808.86737,0.00024
1806.93894,0.00033
1805.01051,0.00047
1803.08208,0.00066
1801.15365,0.00081
1799.22522,0.00089
1797.29679,0.00097
1795.36836,0.00102
1793.43993,0.00089
1791.51150,0.00079
1789.58307,0.00092
1787.65464,0.00105
1785.72621,0.00102
1783.79778,0.00081
1781.86935,0.00053
1779.94092,0.00042
1778.01249,0.00045
1776.08406,0.00028
1774.15563,-0.00009
1772.22720,-0.00004
1770.29877,0.00077
1768.37034,0.00133
1766.44191,0.00119
1764.51348,0.00076
1762.58505,0.00042
1760.65662,0.00038
1758.72819,0.00050
1756.79976,0.00064
1754.87133,0.00075
1752.94290,0.00074
1751.01447,0.00055
1749.08604,0.00039
1747.15761,0.00056
1745.22918,0.00081
1743.30075,0.00083
1741.37232,0.00076
1739.44389,0.00090
1737.51546,0.00107
1735.58703,0.00095
1733.65860,0.00075
1731.73017,0.00087
1729.80174,0.00104
1727.87331,0.00113
1725.94488,0.00118
1724.01645,0.00129
1722.08802,0.00127
1720.15959,0.00072
1718.23116,0.00000
1716.30273,0.00041
1714.37430,0.00177
1712.44587,0.00292
1710.51744,0.00355
1708.58901,0.00400
1706.66058,0.00483
1704.73215,0.00618
1702.80372,0.00732
1700.87529,0.00825
1698.94686,0.00961
1697.01843,0.01168
1695.09000,0.01413
1693.16157,0.01620
1691.23314,0.01785
1689.30471,0.01924
1687.37628,0.02023
1685.44785,0.02135
1683.51942,0.02401
1681.59099,0.02721
1679.66256,0.02954
1677.73413,0.03108
1675.80570,0.03260
1673.87727,0.03434
1671.94884,0.03608
1670.02041,0.03839
1668.09198,0.04152
1666.16355,0.04411
1664.23512,0.04620
1662.30669,0.04881
1660.37826,0.05180
1658.44983,0.05394
1656.52140,0.05460
1654.59297,0.05430
1652.66454,0.05457
1650.73611,0.05589
1648.80768,0.05576
1646.87925,0.05324
1644.95082,0.05110
1643.02239,0.05035
1641.09396,0.04938
1639.16553,0.04718
1637.23710,0.04386
1635.30867,0.04059
1633.38024,0.03868
1631.45181,0.03732
1629.52338,0.03531
1627.59495,0.03263
1625.66652,0.02993
1623.73809,0.02753
1621.80966,0.02569
1619.88123,0.02406
1617.95280,0.02177
1616.02437,0.01922
1614.09594,0.01759
1612.16751,0.01646
1610.23908,0.01507
1608.31065,0.01360
1606.38222,0.01247
1604.45379,0.01158
1602.52536,0.01079
1600.59693,0.01014
1598.66850,0.00959
1596.74007,0.00916
1594.81164,0.00894
1592.88321,0.00886
1590.95478,0.00876
1589.02635,0.00871
1587.09792,0.00883
1585.16949,0.00918
1583.24106,0.00976
1581.31263,0.01037
1579.38420,0.01066
1577.45577,0.01078
1575.52734,0.01147
1573.59891,0.01268
1571.67048,0.01371
1569.74205,0.01463
1567.81362,0.01591
1565.88519,0.01735
1563.95676,0.01842
1562.02833,0.01873
1560.09990,0.01925
1558.17147,0.02168
1556.24304,0.02498
1554.31461,0.02745
1552.38618,0.02929
1550.45775,0.03085
1548.52932,0.03208
1546.60089,0.03263
1544.67246,0.03217
1542.74403,0.03078
1540.81560,0.02960
1538.88717,0.03097
1536.95874,0.03289
1535.03031,0.03308
1533.10188,0.03175
1531.17345,0.03066
1529.24502,0.03002
1527.31659,0.02916
1525.38816,0.02811
1523.45973,0.02709
1521.53130,0.02639
1519.60287,0.02600
1517.67444,0.02481
1515.74601,0.02316
1513.81758,0.02214
1511.88915,0.02143
1509.96072,0.01981
1508.03229,0.01642
1506.10385,0.01309
1504.17542,0.01252
1502.24699,0.01285
1500.31856,0.01188
1498.39013,0.00968
1496.46170,0.00771
1494.53327,0.00659
1492.60484,0.00548
1490.67641,0.00367
1488.74798,0.00193
1486.81955,0.00117
1484.89112,0.00106
1482.96269,0.00091
1481.03426,0.00074
1479.10583,0.00077
1477.17740,0.00091
1475.24897,0.00087
1473.32054,0.00100
1471.39211,0.00178
1469.46368,0.00261
1467.53525,0.00285
1465.60682,0.00272
1463.67839,0.00283
1461.74996,0.00295
1459.82153,0.00259
1457.89310,0.00242
1455.96467,0.00335
1454.03624,0.00422
1452.10781,0.00436
1450.17938,0.00395
1448.25095,0.00343
1446.32252,0.00315
1444.39409,0.00307
1442.46566,0.00304
1440.53723,0.00303
1438.60880,0.00303
1436.68037,0.00281
1434.75194,0.00227
1432.82351,0.00165
1430.89508,0.00112
1428.96665,0.00089
1427.03822,0.00103
1425.10979,0.00123
1423.18136,0.00152
1421.25293,0.00217
1419.32450,0.00293
1417.39607,0.00317
1415.46764,0.00294
1413.53921,0.00272
1411.61078,0.00268
1409.68235,0.00281
1407.75392,0.00295
1405.82549,0.00307
1403.89706,0.00332
1401.96863,0.00375
1400.04020,0.00435
1398.11177,0.00493
1396.18334,0.00504
1394.25491,0.00481
1392.32648,0.00470
1390.39805,0.00465
1388.46962,0.00426
1386.54119,0.00355
1384.61276,0.00291
1382.68433,0.00262
1380.75590,0.00252
1378.82747,0.00230
1376.89904,0.00176
1374.97061,0.00122
1373.04218,0.00108
1371.11375,0.00106
1369.18532,0.00088
1367.25689,0.00062
1365.32846,0.00039
1363.40003,0.00016
1361.47160,0.00000
1359.54317,-0.00003
1357.61474,0.00002
1355.68631,0.00001
1353.75788,-0.00005
1351.82945,-0.00011
1349.90102,-0.00013
1347.97259,-0.00007
1346.04416,0.00000
1344.11573,0.00002
1342.18730,0.00015
1340.25887,0.00049
1338.33044,0.00074
1336.40201,0.00061
1334.47358,0.00031
1332.54515,0.00015
1330.61672,0.00009
1328.68829,0.00007
1326.75986,0.00017
1324.83143,0.00039
1322.90300,0.00057
1320.97457,0.00064
1319.04614,0.00076
1317.11771,0.00093
1315.18928,0.00094
1313.26085,0.00078
1311.33242,0.00059
1309.40399,0.00050
1307.47556,0.00052
1305.54713,0.00045
1303.61870,0.00021
1301.69027,0.00003
1299.76184,0.00012
1297.83341,0.00027
1295.90498,0.00023
1293.97655,0.00005
1292.04812,0.00000
1290.11969,0.00013
1288.19126,0.00027
1286.26283,0.00027
1284.33440,0.00015
1282.40597,0.00002
1280.47754,0.00005
1278.54911,0.00030
1276.62068,0.00055
1274.69225,0.00066
1272.76382,0.00079
1270.83539,0.00111
1268.90696,0.00162
1266.97853,0.00227
1265.05010,0.00297
1263.12167,0.00375
1261.19324,0.00470
1259.26481,0.00586
1257.33638,0.00705
1255.40795,0.00830
1253.47952,0.00985
1251.55109,0.01165
1249.62266,0.01341
1247.69423,0.01498
1245.76580,0.01650
1243.83737,0.01803
1241.90894,0.01961
1239.98051,0.02117
1238.05208,0.02251
1236.12365,0.02369
1234.19522,0.02496
1232.26679,0.02634
1230.33836,0.02767
1228.40993,0.02895
1226.48150,0.03022
1224.55307,0.03142
1222.62464,0.03248
1220.69621,0.03343
1218.76778,0.03432
1216.83935,0.03532
1214.91092,0.03652
1212.98249,0.03765
1211.05406,0.03850
1209.12563,0.03921
1207.19720,0.03997
1205.26877,0.04082
1203.34034,0.04173
1201.41191,0.04274
1199.48348,0.04385
1197.55505,0.04475
1195.62662,0.04550
1193.69819,0.04640
1191.76976,0.04752
1189.84133,0.04876
1187.91290,0.05002
1185.98447,0.05116
1184.05604,0.05222
1182.12761,0.05345
1180.19918,0.05486
1178.27075,0.05623
1176.34232,0.05754
1174.41389,0.05892
1172.48546,0.06037
1170.55703,0.06179
1168.62860,0.06313
1166.70017,0.06443
1164.77174,0.06564
1162.84331,0.06680
1160.91488,0.06816
1158.98645,0.06977
1157.05802,0.07141
1155.12959,0.07303
1153.20116,0.07467
1151.27273,0.07623
1149.34430,0.07771
1147.41587,0.07916
1145.48744,0.08067
1143.55901,0.08223
1141.63058,0.08362
1139.70215,0.08495
1137.77372,0.08670
1135.84529,0.08902
1133.91686,0.09165
1131.98843,0.09442
1130.06000,0.09718
1128.13157,0.09984
1126.20314,0.10269
1124.27471,0.10607
1122.34628,0.10993
1120.41785,0.11410
1118.48942,0.11859
1116.56099,0.12336
1114.63256,0.12842
1112.70413,0.13375
1110.77570,0.13903
1108.84727,0.14410
1106.91884,0.14936
1104.99041,0.15490
1103.06198,0.16036
1101.13355,0.16570
1099.20512,0.17083
1097.27669,0.17547
1095.34826,0.17988
1093.41983,0.18426
1091.49140,0.18803
1089.56297,0.19097
1087.63454,0.19348
1085.70611,0.19571
1083.77768,0.19785
1081.84925,0.20004
1079.92082,0.20192
1077.99239,0.20345
1076.06396,0.20498
1074.13553,0.20631
1072.20710,0.20721
1070.27867,0.20787
1068.35024,0.20847
1066.42181,0.20890
1064.49338,0.20892
1062.56495,0.20845
1060.63652,0.20759
1058.70809,0.20649
1056.77966,0.20527
1054.85123,0.20373
1052.92280,0.20164
1050.99437,0.19893
1049.06594,0.19574
1047.13751,0.19213
1045.20908,0.18788
1043.28065,0.18280
1041.35222,0.17718
1039.42379,0.17114
1037.49536,0.16459
1035.56693,0.15788
1033.63850,0.15129
1031.71007,0.14461
1029.78164,0.13769
1027.85321,0.13050
1025.92478,0.12311
1023.99635,0.11563
1022.06792,0.10835
1020.13949,0.10154
1018.21106,0.09517
1016.28263,0.08910
1014.35420,0.08345
1012.42577,0.07815
1010.49734,0.07285
1008.56891,0.06754
1006.64048,0.06261
1004.71205,0.05825
1002.78362,0.05420
1000.85519,0.05042
998.92676,0.04713
996.99833,0.04440
995.06990,0.04229
993.14147,0.04082
991.21304,0.03983
989.28461,0.03907
987.35618,0.03845
985.42775,0.03813
983.49932,0.03806
981.57089,0.03804
979.64246,0.03805
977.71403,0.03809
975.78560,0.03811
973.85717,0.03796
971.92874,0.03743
970.00031,0.03659
968.07188,0.03572
966.14345,0.03481
964.21502,0.03383
962.28659,0.03296
960.35816,0.03233
958.42973,0.03180
956.50130,0.03112
954.57287,0.03031
952.64444,0.02944
950.71601,0.02853
948.78758,0.02788
946.85915,0.02744
944.93072,0.02672
943.00229,0.02566
941.07386,0.02462
939.14543,0.02375
937.21700,0.02283
935.28857,0.02176
933.36014,0.02071
931.43171,0.01967
929.50328,0.01869
927.57485,0.01794
925.64642,0.01724
923.71799,0.01643
921.78956,0.01551
919.86113,0.01438
917.93270,0.01318
916.00427,0.01221
914.07584,0.01136
912.14741,0.01053
910.21898,0.00987
908.29055,0.00934
906.36212,0.00856
904.43368,0.00749
902.50525,0.00655
900.57682,0.00605
898.64839,0.00589
896.71996,0.00574
894.79153,0.00535
892.86310,0.00464
890.93467,0.00374
889.00624,0.00299
887.07781,0.00262
885.14938,0.00236
883.22095,0.00190
881.29252,0.00127
879.36409,0.00076
877.43566,0.00062
875.50723,0.00068
873.57880,0.00064
871.65037,0.00053
869.72194,0.00062
867.79351,0.00065
865.86508,0.00054
863.93665,0.00032
862.00822,0.00004
860.07979,0.00000
858.15136,0.00008
856.22293,0.00022
854.29450,0.00063
852.36607,0.00127
850.43764,0.00171
848.50921,0.00215
846.58078,0.00306
844.65235,0.00435
842.72392,0.00548
840.79549,0.00637
838.86706,0.00719
836.93863,0.00800
835.01020,0.00903
833.08177,0.01046
831.15334,0.01197
829.22491,0.01335
827.29648,0.01456
825.36805,0.01571
823.43962,0.01713
821.51119,0.01869
819.58276,0.01964
817.65433,0.02032
815.72590,0.02172
813.79747,0.02334
811.86904,0.02429
809.94061,0.02496
808.01218,0.02585
806.08375,0.02682
804.15532,0.02752
802.22689,0.02801
800.29846,0.02843
798.37003,0.02868
796.44160,0.02855
794.51317,0.02811
792.58474,0.02770
790.65631,0.02745
788.72788,0.02699
786.79945,0.02589
784.87102,0.02428
782.94259,0.02248
781.01416,0.02047
779.08573,0.01806
777.15730,0.01526
775.22887,0.01245
773.30044,0.00983
771.37201,0.00760
769.44358,0.00632
767.51515,0.00621
765.58672,0.00682
763.65829,0.00721
761.72986,0.00701
759.80143,0.00635
757.87300,0.00538
755.94457,0.00456
754.01614,0.00430
752.08771,0.00455
750.15928,0.00479
748.23085,0.00467
746.30242,0.00422
744.37399,0.00372
742.44556,0.00337
740.51713,0.00282
738.58870,0.00226
736.66027,0.00228
734.73184,0.00237
732.80341,0.00191
730.87498,0.00115
728.94655,0.00069
727.01812,0.00076
725.08969,0.00101
723.16126,0.00138
721.23283,0.00130
719.30440,0.00100
717.37597,0.00057
715.44754,0.00022
713.51911,0.00008
711.59068,0.00000
709.66225,0.00008
707.73382,0.00083
705.80539,0.00241
703.87696,0.00388
701.94853,0.00424
700.02010,0.00348
698.09167,0.00248
696.16324,0.00212
694.23481,0.00235
692.30638,0.00252
690.37795,0.00235
688.44952,0.00170
686.52109,0.00084
684.59266,0.00074
682.66423,0.00164
680.73580,0.00266
678.80737,0.00324
676.87894,0.00329
674.95051,0.00280
673.02208,0.00257
671.09365,0.00372
669.16522,0.00548
667.23679,0.00578
665.30836,0.00605
663.37993,0.00803
661.45150,0.01069
659.52307,0.01219
657.59464,0.01196
655.66621,0.01039
653.73778,0.00814
651.80935,0.00629
649.88092,0.00560
647.95249,0.00532
646.02406,0.00435
644.09563,0.00301
642.16720,0.00233
640.23877,0.00211
638.31034,0.00224
636.38191,0.00295
634.45348,0.00431
632.52505,0.00498
630.59662,0.00378
628.66819,0.00181
626.73976,0.00078
624.81133,0.00027
622.88290,0.00016
620.95447,0.00166
619.02604,0.00332
617.09761,0.00269
615.16918,0.00077
613.24075,0.00062
611.31232,0.00056
609.38389,0.00025
607.45546,0.00038
605.52703,0.00026
603.59860,0.00000
601.67017,0.00024
599.74174,0.00000
