4001.49232,0.00111
3999.56389,0.00344
3997.63546,0.00352
3995.70703,0.00263
3993.77860,0.00203
3991.85017,0.00177
3989.92174,0.00140
3987.99331,0.00062
3986.06488,-0.00003
3984.13645,0.00023
3982.20802,0.00106
3980.27959,0.00175
3978.35116,0.00205
3976.42273,0.00202
3974.49430,0.00162
3972.56587,0.00121
3970.63744,0.00115
3968.70901,0.00126
3966.78058,0.00131
3964.85215,0.00146
3962.92372,0.00172
3960.99529,0.00153
3959.06686,0.00079
3957.13843,0.00012
3955.21000,0.00000
3953.28157,0.00030
3951.35314,0.00070
3949.42471,0.00102
3947.49628,0.00101
3945.56785,0.00087
3943.63942,0.00098
3941.71099,0.00097
3939.78256,0.00081
3937.85413,0.00100
3935.92570,0.00155
3933.99727,0.00191
3932.06884,0.00153
3930.14041,0.00073
3928.21198,0.00028
3926.28355,0.00006
3924.35512,0.00000
3922.42669,0.00064
3920.49826,0.00192
3918.56982,0.00288
3916.64139,0.00263
3914.71296,0.00167
3912.78453,0.00123
3910.85610,0.00153
3908.92767,0.00221
3906.99924,0.00306
3905.07081,0.00411
3903.14238,0.00513
3901.21395,0.00458
3899.28552,0.00295
3897.35709,0.00259
3895.42866,0.00381
3893.50023,0.00490
3891.57180,0.00491
3889.64337,0.00493
3887.71494,0.00583
3885.78651,0.00603
3883.85808,0.00540
3881.92965,0.00554
3880.00122,0.00535
3878.07279,0.00470
3876.14436,0.00565
3874.21593,0.00774
3872.28750,0.00927
3870.35907,0.00913
3868.43064,0.00813
3866.50221,0.00811
3864.57378,0.00839
3862.64535,0.00820
3860.71692,0.00861
3858.78849,0.01060
3856.86006,0.01363
3854.93163,0.01440
3853.00320,0.01005
3851.07477,0.00540
3849.14634,0.00551
3847.21791,0.00790
3845.28948,0.00929
3843.36105,0.00917
3841.43262,0.00817
3839.50419,0.00674
3837.57576,0.00563
3835.64733,0.00561
3833.71890,0.00656
3831.79047,0.00711
3829.86204,0.00695
3827.93361,0.00692
3826.00518,0.00759
3824.07675,0.00905
3822.14832,0.01015
3820.21989,0.01006
3818.29146,0.00911
3816.36303,0.00733
3814.43460,0.00526
3812.50617,0.00506
3810.57774,0.00638
3808.64931,0.00726
3806.72088,0.00759
3804.79245,0.00824
3802.86402,0.00806
3800.93559,0.00572
3799.00716,0.00346
3797.07873,0.00247
3795.15030,0.00183
3793.22187,0.00176
3791.29344,0.00234
3789.36501,0.00270
3787.43658,0.00248
3785.50815,0.00192
3783.57972,0.00172
3781.65129,0.00187
3779.72286,0.00136
3777.79443,0.00029
3775.86600,0.00000
3773.93757,0.00074
3772.00914,0.00189
3770.08071,0.00292
3768.15228,0.00356
3766.22385,0.00389
3764.29542,0.00458
3762.36699,0.00603
3760.43856,0.00737
3758.51013,0.00841
3756.58170,0.01026
3754.65327,0.01265
3752.72484,0.01381
3750.79641,0.01404
3748.86798,0.01556
3746.93955,0.01797
3745.01112,0.01892
3743.08269,0.01626
3741.15426,0.01388
3739.22583,0.01401
3737.29740,0.01472
3735.36897,0.01436
3733.44054,0.01232
3731.51211,0.01016
3729.58368,0.00970
3727.65525,0.01025
3725.72682,0.00995
3723.79839,0.00822
3721.86996,0.00585
3719.94153,0.00409
3718.01310,0.00419
3716.08467,0.00593
3714.15624,0.00706
3712.22781,0.00557
3710.29938,0.00305
3708.37095,0.00189
3706.44252,0.00239
3704.51409,0.00313
3702.58566,0.00300
3700.65723,0.00239
3698.72880,0.00230
3696.80037,0.00284
3694.87194,0.00371
3692.94351,0.00433
3691.01508,0.00381
3689.08665,0.00257
3687.15822,0.00189
3685.22979,0.00259
3683.30136,0.00414
3681.37293,0.00556
3679.44450,0.00694
3677.51607,0.00827
3675.58764,0.00802
3673.65921,0.00628
3671.73078,0.00497
3669.80235,0.00299
3667.87392,0.00125
3665.94549,0.00123
3664.01706,0.00203
3662.08863,0.00286
3660.16020,0.00402
3658.23177,0.00493
3656.30334,0.00502
3654.37491,0.00534
3652.44648,0.00612
3650.51805,0.00506
3648.58962,0.00206
3646.66119,0.00000
3644.73276,0.00121
3642.80433,0.00327
3640.87590,0.00392
3638.94747,0.00391
3637.01904,0.00445
3635.09061,0.00548
3633.16218,0.00677
3631.23375,0.00775
3629.30532,0.00649
3627.37689,0.00384
3625.44846,0.00375
3623.52003,0.00592
3621.59160,0.00701
3619.66317,0.00618
3617.73474,0.00578
3615.80631,0.00695
3613.87788,0.00843
3611.94945,0.00929
3610.02102,0.00974
3608.09259,0.00947
3606.16416,0.00816
3604.23573,0.00696
3602.30730,0.00637
3600.37887,0.00601
3598.45044,0.00586
3596.52201,0.00583
3594.59358,0.00567
3592.66515,0.00560
3590.73672,0.00624
3588.80829,0.00663
3586.87986,0.00525
3584.95143,0.00332
3583.02300,0.00285
3581.09457,0.00321
3579.16614,0.00303
3577.23771,0.00243
3575.30928,0.00209
3573.38085,0.00238
3571.45242,0.00322
3569.52399,0.00386
3567.59556,0.00347
3565.66713,0.00276
3563.73870,0.00283
3561.81027,0.00343
3559.88184,0.00346
3557.95341,0.00295
3556.02498,0.00275
3554.09655,0.00284
3552.16812,0.00283
3550.23969,0.00321
3548.31126,0.00421
3546.38283,0.00444
3544.45440,0.00311
3542.52597,0.00193
3540.59754,0.00198
3538.66911,0.00225
3536.74068,0.00193
3534.81225,0.00137
3532.88382,0.00121
3530.95539,0.00174
3529.02696,0.00274
3527.09853,0.00355
3525.17010,0.00335
3523.24167,0.00236
3521.31324,0.00171
3519.38481,0.00154
3517.45638,0.00123
3515.52795,0.00071
3513.59952,0.00027
3511.67109,0.00024
3509.74266,0.00068
3507.81423,0.00138
3505.88580,0.00216
3503.95737,0.00285
3502.02894,0.00303
3500.10051,0.00230
3498.17208,0.00103
3496.24365,0.00005
3494.31522,0.00000
3492.38679,0.00057
3490.45836,0.00111
3488.52993,0.00138
3486.60150,0.00168
3484.67307,0.00200
3482.74464,0.00193
3480.81621,0.00149
3478.88778,0.00105
3476.95935,0.00097
3475.03092,0.00147
3473.10249,0.00196
3471.17406,0.00180
3469.24563,0.00141
3467.31720,0.00136
3465.38877,0.00125
3463.46034,0.00091
3461.53191,0.00071
3459.60348,0.00047
3457.67505,0.00004
3455.74662,0.00000
3453.81819,0.00062
3451.88976,0.00143
3449.96133,0.00187
3448.03290,0.00160
3446.10447,0.00097
3444.17604,0.00086
3442.24761,0.00123
3440.31918,0.00158
3438.39075,0.00173
3436.46232,0.00172
3434.53389,0.00160
3432.60546,0.00129
3430.67703,0.00073
3428.74860,0.00018
3426.82017,0.00008
3424.89174,0.00071
3422.96331,0.00165
3421.03488,0.00197
3419.10645,0.00151
3417.17802,0.00104
3415.24959,0.00102
3413.32116,0.00141
3411.39273,0.00164
3409.46430,0.00147
3407.53587,0.00138
3405.60744,0.00143
3403.67901,0.00106
3401.75058,0.00067
3399.82215,0.00234
3397.89372,0.00296
3395.96529,0.00331
3394.03686,0.00401
3392.10843,0.00429
3390.18000,0.00346
3388.25157,0.00266
3386.32314,0.00252
3384.39471,0.00189
3382.46628,0.00082
3380.53785,0.00040
3378.60942,0.00063
3376.68099,0.00087
3374.75256,0.00107
3372.82413,0.00160
3370.89570,0.00266
3368.96727,0.00373
3367.03884,0.00409
3365.11041,0.00379
3363.18198,0.00330
3361.25355,0.00290
3359.32512,0.00276
3357.39669,0.00290
3355.46826,0.00281
3353.53983,0.00217
3351.61140,0.00154
3349.68297,0.00138
3347.75454,0.00142
3345.82611,0.00148
3343.89768,0.00181
3341.96925,0.00245
3340.04082,0.00290
3338.11239,0.00291
3336.18396,0.00283
3334.25553,0.00280
3332.32710,0.00272
3330.39867,0.00300
3328.47024,0.00385
3326.54181,0.00458
3324.61338,0.00444
3322.68495,0.00366
3320.75652,0.00296
3318.82809,0.00291
3316.89966,0.00343
3314.97122,0.00381
3313.04279,0.00401
3311.11436,0.00454
3309.18593,0.00496
3307.25750,0.00444
3305.32907,0.00359
3303.40064,0.00342
3301.47221,0.00381
3299.54378,0.00415
3297.61535,0.00431
3295.68692,0.00465
3293.75849,0.00539
3291.83006,0.00597
3289.90163,0.00582
3287.97320,0.00527
3286.04477,0.00518
3284.11634,0.00562
3282.18791,0.00589
3280.25948,0.00578
3278.33105,0.00568
3276.40262,0.00582
3274.47419,0.00590
3272.54576,0.00563
3270.61733,0.00518
3268.68890,0.00509
3266.76047,0.00537
3264.83204,0.00549
3262.90361,0.00544
3260.97518,0.00548
3259.04675,0.00553
3257.11832,0.00571
3255.18989,0.00592
3253.26146,0.00571
3251.33303,0.00518
3249.40460,0.00485
3247.47617,0.00510
3245.54774,0.00582
3243.61931,0.00636
3241.69088,0.00619
3239.76245,0.00551
3237.83402,0.00498
3235.90559,0.00500
3233.97716,0.00540
3232.04873,0.00576
3230.12030,0.00584
3228.19187,0.00559
3226.26344,0.00502
3224.33501,0.00471
3222.40658,0.00511
3220.47815,0.00549
3218.54972,0.00533
3216.62129,0.00493
3214.69286,0.00450
3212.76443,0.00426
3210.83600,0.00437
3208.90757,0.00432
3206.97914,0.00380
3205.05071,0.00344
3203.12228,0.00377
3201.19385,0.00449
3199.26542,0.00502
3197.33699,0.00492
3195.40856,0.00398
3193.48013,0.00282
3191.55170,0.00228
3189.62327,0.00254
3187.69484,0.00318
3185.76641,0.00347
3183.83798,0.00334
3181.90955,0.00348
3179.98112,0.00396
3178.05269,0.00438
3176.12426,0.00455
3174.19583,0.00427
3172.26740,0.00353
3170.33897,0.00289
3168.41054,0.00277
3166.48211,0.00297
3164.55368,0.00310
3162.62525,0.00297
3160.69682,0.00269
3158.76839,0.00253
3156.83996,0.00249
3154.91153,0.00231
3152.98310,0.00208
3151.05467,0.00216
3149.12624,0.00242
3147.19781,0.00255
3145.26938,0.00257
3143.34095,0.00247
3141.41252,0.00210
3139.48409,0.00168
3137.55566,0.00177
3135.62723,0.00251
3133.69880,0.00311
3131.77037,0.00281
3129.84194,0.00218
3127.91351,0.00207
3125.98508,0.00247
3124.05665,0.00289
3122.12822,0.00289
3120.19979,0.00259
3118.27136,0.00256
3116.34293,0.00270
3114.41450,0.00253
3112.48607,0.00232
3110.55764,0.00237
3108.62921,0.00229
3106.70078,0.00183
3104.77235,0.00168
3102.84392,0.00223
3100.91549,0.00269
3098.98706,0.00239
3097.05863,0.00184
3095.13020,0.00157
3093.20177,0.00152
3091.27334,0.00147
3089.34491,0.00113
3087.41648,0.00043
3085.48805,0.00000
3083.55962,0.00045
3081.63119,0.00135
3079.70276,0.00165
3077.77433,0.00107
3075.84590,0.00033
3073.91747,0.00011
3071.98904,0.00037
3070.06061,0.00086
3068.13218,0.00145
3066.20375,0.00188
3064.27532,0.00178
3062.34689,0.00133
3060.41846,0.00112
3058.49003,0.00134
3056.56160,0.00163
3054.63317,0.00149
3052.70474,0.00113
3050.77631,0.00110
3048.84788,0.00121
3046.91945,0.00110
3044.99102,0.00087
3043.06259,0.00047
3041.13416,0.00005
3039.20573,0.00015
3037.27730,0.00081
3035.34887,0.00144
3033.42044,0.00182
3031.49201,0.00194
3029.56358,0.00166
3027.63515,0.00114
3025.70672,0.00064
3023.77829,0.00035
3021.84986,0.00039
3019.92143,0.00058
3017.99300,0.00072
3016.06457,0.00101
3014.13614,0.00154
3012.20771,0.00190
3010.27928,0.00174
3008.35085,0.00133
3006.42242,0.00103
3004.49399,0.00088
3002.56556,0.00078
3000.63713,0.00057
2998.70870,0.00014
2996.78027,0.00040
2994.85184,0.00079
2992.92341,0.00060
2990.99498,0.00009
2989.06655,0.00011
2987.13812,0.00047
2985.20969,0.00050
2983.28126,0.00030
2981.35283,0.00041
2979.42440,0.00089
2977.49597,0.00143
2975.56754,0.00162
2973.63911,0.00120
2971.71068,0.00065
2969.78225,0.00055
2967.85382,0.00079
2965.92539,0.00097
2963.99696,0.00092
2962.06853,0.00074
2960.14010,0.00056
2958.21167,0.00042
2956.28324,0.00047
2954.35481,0.00084
2952.42638,0.00119
2950.49795,0.00111
2948.56952,0.00087
2946.64109,0.00098
2944.71266,0.00133
2942.78423,0.00158
2940.85580,0.00168
2938.92737,0.00158
2936.99894,0.00124
2935.07051,0.00101
2933.14208,0.00107
2931.21365,0.00118
2929.28522,0.00123
2927.35679,0.00125
2925.42836,0.00128
2923.49993,0.00132
2921.57150,0.00129
2919.64307,0.00095
2917.71464,0.00053
2915.78621,0.00048
2913.85778,0.00054
2911.92935,0.00035
2910.00092,0.00007
2908.07249,-0.00008
2906.14406,-0.00003
2904.21563,0.00025
2902.28720,0.00049
2900.35877,0.00051
2898.43034,0.00055
2896.50191,0.00069
2894.57348,0.00073
2892.64505,0.00061
2890.71662,0.00045
2888.78819,0.00038
2886.85976,0.00049
2884.93133,0.00070
2883.00290,0.00081
2881.07447,0.00079
2879.14604,0.00070
2877.21761,0.00052
2875.28918,0.00033
2873.36075,0.00035
2871.43232,0.00055
2869.50389,0.00061
2867.57546,0.00054
2865.64703,0.00053
2863.71860,0.00059
2861.79017,0.00060
2859.86174,0.00034
2857.93331,0.00003
2856.00488,0.00027
2854.07645,0.00096
2852.14802,0.00139
2850.21959,0.00123
2848.29116,0.00082
2846.36273,0.00061
2844.43430,0.00061
2842.50587,0.00065
2840.57744,0.00074
2838.64901,0.00086
2836.72058,0.00084
2834.79215,0.00065
2832.86372,0.00040
2830.93529,0.00012
2829.00686,0.00000
2827.07843,0.00027
2825.15000,0.00066
2823.22157,0.00076
2821.29314,0.00068
2819.36471,0.00056
2817.43628,0.00033
2815.50785,0.00023
2813.57942,0.00046
2811.65099,0.00077
2809.72256,0.00086
2807.79413,0.00073
2805.86570,0.00045
2803.93727,0.00024
2802.00884,0.00023
2800.08041,0.00026
2798.15198,0.00027
2796.22355,0.00030
2794.29512,0.00036
2792.36669,0.00041
2790.43826,0.00046
2788.50983,0.00058
2786.58140,0.00064
2784.65297,0.00043
2782.72454,0.00011
2780.79611,0.00000
2778.86768,0.00009
2776.93925,0.00018
2775.01082,0.00023
2773.08239,0.00027
2771.15396,0.00027
2769.22553,0.00029
2767.29710,0.00033
2765.36867,0.00036
2763.44024,0.00036
2761.51181,0.00042
2759.58338,0.00061
2757.65495,0.00085
2755.72652,0.00106
2753.79809,0.00107
2751.86966,0.00072
2749.94123,0.00037
2748.01280,0.00037
2746.08437,0.00062
2744.15594,0.00087
2742.22751,0.00094
2740.29908,0.00084
2738.37065,0.00075
2736.44222,0.00074
2734.51379,0.00065
2732.58536,0.00039
2730.65693,0.00021
2728.72850,0.00023
2726.80007,0.00036
2724.87164,0.00059
2722.94321,0.00077
2721.01478,0.00070
2719.08635,0.00062
2717.15792,0.00082
2715.22949,0.00088
2713.30105,0.00047
2711.37262,0.00022
2709.44419,0.00051
2707.51576,0.00081
2705.58733,0.00085
2703.65890,0.00075
2701.73047,0.00040
2699.80204,0.00001
2697.87361,-0.00006
2695.94518,0.00016
2694.01675,0.00051
2692.08832,0.00079
2690.15989,0.00083
2688.23146,0.00068
2686.30303,0.00056
2684.37460,0.00056
2682.44617,0.00061
2680.51774,0.00072
2678.58931,0.00069
2676.66088,0.00035
2674.73245,0.00007
2672.80402,0.00010
2670.87559,0.00030
2668.94716,0.00046
2667.01873,0.00040
2665.09030,0.00028
2663.16187,0.00029
2661.23344,0.00036
2659.30501,0.00047
2657.37658,0.00064
2655.44815,0.00082
2653.51972,0.00096
2651.59129,0.00099
2649.66286,0.00079
2647.73443,0.00052
2645.80600,0.00058
2643.87757,0.00082
2641.94914,0.00081
2640.02071,0.00075
2638.09228,0.00092
2636.16385,0.00097
2634.23542,0.00083
2632.30699,0.00074
2630.37856,0.00072
2628.45013,0.00059
2626.52170,0.00043
2624.59327,0.00046
2622.66484,0.00077
2620.73641,0.00109
2618.80798,0.00116
2616.87955,0.00097
2614.95112,0.00080
2613.02269,0.00081
2611.09426,0.00101
2609.16583,0.00115
2607.23740,0.00090
2605.30897,0.00033
2603.38054,0.00000
2601.45211,0.00023
2599.52368,0.00076
2597.59525,0.00113
2595.66682,0.00129
2593.73839,0.00139
2591.80996,0.00137
2589.88153,0.00111
2587.95310,0.00079
2586.02467,0.00059
2584.09624,0.00048
2582.16781,0.00056
2580.23938,0.00076
2578.31095,0.00078
2576.38252,0.00070
2574.45409,0.00086
2572.52566,0.00110
2570.59723,0.00109
2568.66880,0.00094
2566.74037,0.00089
2564.81194,0.00090
2562.88351,0.00084
2560.95508,0.00083
2559.02665,0.00095
2557.09822,0.00099
2555.16979,0.00081
2553.24136,0.00057
2551.31293,0.00037
2549.38450,0.00017
2547.45607,0.00011
2545.52764,0.00030
2543.59921,0.00043
2541.67078,0.00042
2539.74235,0.00052
2537.81392,0.00059
2535.88549,0.00040
2533.95706,0.00024
2532.02863,0.00031
2530.10020,0.00049
2528.17177,0.00069
2526.24334,0.00092
2524.31491,0.00098
2522.38648,0.00068
2520.45805,0.00018
2518.52962,-0.00005
2516.60119,0.00005
2514.67276,0.00014
2512.74433,0.00019
2510.81590,0.00033
2508.88747,0.00043
2506.95904,0.00039
2505.03061,0.00041
2503.10218,0.00041
2501.17375,0.00038
2499.24532,0.00049
2497.31689,0.00047
2495.38846,0.00016
2493.46003,0.00000
2491.53160,0.00013
2489.60317,0.00034
2487.67474,0.00044
2485.74631,0.00053
2483.81788,0.00063
2481.88945,0.00056
2479.96102,0.00037
2478.03259,0.00019
2476.10416,0.00003
2474.17573,0.00000
2472.24730,0.00019
2470.31887,0.00042
2468.39044,0.00047
2466.46201,0.00048
2464.53358,0.00061
2462.60515,0.00077
2460.67672,0.00088
2458.74829,0.00087
2456.81986,0.00065
2454.89143,0.00031
2452.96300,0.00012
2451.03457,0.00011
2449.10614,0.00019
2447.17771,0.00034
2445.24928,0.00044
2443.32085,0.00030
2441.39242,0.00014
2439.46399,0.00020
2437.53556,0.00032
2435.60713,0.00026
2433.67870,0.00007
2431.75027,-0.00004
2429.82184,-0.00003
2427.89341,0.00000
2425.96498,0.00013
2424.03655,0.00012
2422.10812,0.00010
2420.17969,0.00009
2418.25126,0.00008
2416.32283,0.00007
2414.39440,0.00005
2412.46597,0.00004
2410.53754,0.00004
2408.60911,0.00003
2406.68068,0.00002
2404.75225,0.00001
2402.82382,0.00001
2400.89539,0.00000
2398.96696,-0.00002
2397.03853,-0.00004
2395.11010,-0.00005
2393.18167,-0.00007
2391.25324,-0.00008
2389.32481,-0.00010
2387.39638,-0.00011
2385.46795,-0.00013
2383.53952,-0.00014
2381.61109,-0.00015
2379.68266,-0.00016
2377.75423,-0.00017
2375.82580,-0.00018
2373.89737,-0.00019
2371.96894,-0.00020
2370.04051,-0.00021
2368.11208,-0.00021
2366.18365,-0.00022
2364.25522,-0.00023
2362.32679,-0.00023
2360.39836,-0.00023
2358.46993,-0.00024
2356.54150,-0.00024
2354.61307,-0.00024
2352.68464,-0.00024
2350.75621,-0.00024
2348.82778,-0.00024
2346.89935,-0.00024
2344.97092,-0.00024
2343.04249,-0.00024
2341.11406,-0.00023
2339.18563,-0.00023
2337.25720,-0.00023
2335.32877,-0.00022
2333.40034,-0.00021
2331.47191,-0.00021
2329.54348,-0.00020
2327.61505,-0.00019
2325.68662,-0.00018
2323.75819,-0.00017
2321.82976,-0.00016
2319.90133,-0.00015
2317.97290,-0.00014
2316.04447,-0.00013
2314.11604,-0.00011
2312.18761,-0.00010
2310.25918,-0.00008
2308.33075,-0.00007
2306.40232,-0.00005
2304.47389,-0.00004
2302.54546,-0.00002
2300.61703,0.00000
2298.68860,0.00002
2296.76017,0.00004
2294.83174,0.00006
2292.90331,0.00008
2290.97488,0.00010
2289.04645,0.00013
2287.11802,0.00015
2285.18959,0.00017
2283.26116,0.00020
2281.33273,0.00022
2279.40430,0.00025
2277.47587,0.00028
2275.54744,0.00030
2273.61901,0.00033
2271.69058,0.00036
2269.76215,0.00039
2267.83372,0.00042
2265.90529,0.00045
2263.97686,0.00049
2262.04843,0.00052
2260.12000,0.00055
2258.19157,0.00059
2256.26314,0.00062
2254.33471,0.00066
2252.40628,0.00069
2250.47785,0.00073
2248.54942,0.00077
2246.62099,0.00081
2244.69256,0.00085
2242.76413,0.00089
2240.83570,0.00080
2238.90727,0.00070
2236.97884,0.00067
2235.05041,0.00065
2233.12198,0.00052
2231.19355,0.00038
2229.26512,0.00044
2227.33669,0.00065
2225.40826,0.00067
2223.47983,0.00034
2221.55140,0.00000
2219.62297,-0.00000
2217.69454,0.00019
2215.76611,0.00029
2213.83768,0.00040
2211.90925,0.00058
2209.98082,0.00065
2208.05239,0.00056
2206.12396,0.00048
2204.19553,0.00044
2202.26710,0.00042
2200.33867,0.00044
2198.41024,0.00053
2196.48181,0.00058
2194.55338,0.00052
2192.62495,0.00052
2190.69652,0.00067
2188.76809,0.00071
2186.83966,0.00057
2184.91123,0.00049
2182.98280,0.00045
2181.05437,0.00033
2179.12594,0.00026
2177.19751,0.00035
2175.26908,0.00045
2173.34065,0.00044
2171.41222,0.00031
2169.48379,0.00016
2167.55536,0.00004
2165.62693,0.00000
2163.69850,0.00018
2161.77007,0.00038
2159.84164,0.00029
2157.91321,0.00013
2155.98478,0.00018
2154.05635,0.00038
2152.12792,0.00052
2150.19949,0.00055
2148.27106,0.00054
2146.34263,0.00044
2144.41420,0.00028
2142.48577,0.00028
2140.55734,0.00049
2138.62891,0.00079
2136.70048,0.00102
2134.77205,0.00104
2132.84362,0.00088
2130.91519,0.00073
2128.98676,0.00056
2127.05833,0.00035
2125.12990,0.00013
2123.20147,0.00000
2121.27304,0.00006
2119.34461,0.00026
2117.41618,0.00044
2115.48775,0.00049
2113.55932,0.00042
2111.63089,0.00040
2109.70245,0.00042
2107.77402,0.00049
2105.84559,0.00068
2103.91716,0.00080
2101.98873,0.00072
2100.06030,0.00054
2098.13187,0.00042
2096.20344,0.00030
2094.27501,0.00016
2092.34658,0.00005
2090.41815,0.00004
2088.48972,0.00012
2086.56129,0.00021
2084.63286,0.00033
2082.70443,0.00046
2080.77600,0.00055
2078.84757,0.00055
2076.91914,0.00048
2074.99071,0.00048
2073.06228,0.00054
2071.13385,0.00056
2069.20542,0.00054
2067.27699,0.00056
2065.34856,0.00067
2063.42013,0.00072
2061.49170,0.00065
2059.56327,0.00049
2057.63484,0.00036
2055.70641,0.00021
2053.77798,0.00001
2051.84955,0.00000
2049.92112,0.00029
2047.99269,0.00069
2046.06426,0.00098
2044.13583,0.00106
2042.20740,0.00084
2040.27897,0.00058
2038.35054,0.00052
2036.42211,0.00059
2034.49368,0.00075
2032.56525,0.00083
2030.63682,0.00078
2028.70839,0.00083
2026.77996,0.00101
2024.85153,0.00111
2022.92310,0.00101
2020.99467,0.00070
2019.06624,0.00029
2017.13781,0.00000
2015.20938,0.00008
2013.28095,0.00039
2011.35252,0.00068
2009.42409,0.00101
2007.49566,0.00114
2005.56723,0.00097
2003.63880,0.00075
2001.71037,0.00057
1999.78194,0.00045
1997.85351,0.00053
1995.92508,0.00075
1993.99665,0.00074
1992.06822,0.00048
1990.13979,0.00021
1988.21136,0.00023
1986.28293,0.00047
1984.35450,0.00047
1982.42607,0.00026
1980.49764,0.00008
1978.56921,-0.00009
1976.64078,-0.00015
1974.71235,0.00005
1972.78392,0.00036
1970.85549,0.00047
1968.92706,0.00026
1966.99863,0.00008
1965.07020,0.00034
1963.14177,0.00053
1961.21334,0.00046
1959.28491,0.00052
1957.35648,0.00062
1955.42805,0.00045
1953.49962,0.00025
1951.57119,0.00026
1949.64276,0.00032
1947.71433,0.00025
1945.78590,0.00012
1943.85747,0.00013
1941.92904,0.00035
1940.00061,0.00074
1938.07218,0.00087
1936.14375,0.00053
1934.21532,0.00019
1932.28689,0.00021
1930.35846,0.00050
1928.43003,0.00078
1926.50160,0.00084
1924.57317,0.00064
1922.64474,0.00050
1920.71631,0.00053
1918.78788,0.00046
1916.85945,0.00044
1914.93102,0.00075
1913.00259,0.00101
1911.07416,0.00090
1909.14573,0.00078
1907.21730,0.00088
1905.28887,0.00097
1903.36044,0.00089
1901.43201,0.00074
1899.50358,0.00061
1897.57515,0.00050
1895.64672,0.00045
1893.71829,0.00049
1891.78986,0.00040
1889.86143,0.00021
1887.93300,0.00044
1886.00457,0.00091
1884.07614,0.00119
1882.14771,0.00131
1880.21928,0.00139
1878.29085,0.00149
1876.36242,0.00156
1874.43399,0.00163
1872.50556,0.00157
1870.57713,0.00096
1868.64870,0.00008
1866.72027,0.00000
1864.79184,0.00068
1862.86341,0.00125
1860.93498,0.00150
1859.00655,0.00174
1857.07812,0.00199
1855.14969,0.00208
1853.22126,0.00201
1851.29283,0.00191
1849.36440,0.00177
1847.43597,0.00161
1845.50754,0.00154
1843.57911,0.00157
1841.65068,0.00172
1839.72225,0.00190
1837.79382,0.00210
1835.86539,0.00259
1833.93696,0.00278
1832.00853,0.00178
1830.08010,0.00035
1828.15167,0.00010
1826.22324,0.00053
1824.29481,0.00077
1822.36638,0.00098
1820.43795,0.00136
1818.50952,0.00178
1816.58109,0.00194
1814.65266,0.00157
1812.72423,0.00081
1810.79580,0.00031
1808.86737,0.00053
1806.93894,0.00109
1805.01051,0.00157
1803.08208,0.00183
1801.15365,0.00189
1799.22522,0.00197
1797.29679,0.00214
1795.36836,0.00187
1793.43993,0.00089
1791.51150,0.00059
1789.58307,0.00209
1787.65464,0.00391
1785.72621,0.00458
1783.79778,0.00397
1781.86935,0.00299
1779.94092,0.00266
1778.01249,0.00293
1776.08406,0.00253
1774.15563,0.00096
1772.22720,0.00000
1770.29877,0.00130
1768.37034,0.00314
1766.44191,0.00389
1764.51348,0.00363
1762.58505,0.00302
1760.65662,0.00284
1758.72819,0.00319
1756.79976,0.00362
1754.87133,0.00401
1752.94290,0.00403
1751.01447,0.00314
1749.08604,0.00192
1747.15761,0.00202
1745.22918,0.00303
1743.30075,0.00361
1741.37232,0.00356
1739.44389,0.00367
1737.51546,0.00414
1735.58703,0.00400
1733.65860,0.00311
1731.73017,0.00301
1729.80174,0.00371
1727.87331,0.00454
1725.94488,0.00509
1724.01645,0.00543
1722.08802,0.00535
1720.15959,0.00379
1718.23116,0.00112
1716.30273,0.00077
1714.37430,0.00335
1712.44587,0.00618
1710.51744,0.00748
1708.58901,0.00751
1706.66058,0.00787
1704.73215,0.00985
1702.80372,0.01220
1700.87529,0.01317
1698.94686,0.01269
1697.01843,0.01247
1695.09000,0.01350
1693.16157,0.01502
1691.23314,0.01592
1689.30471,0.01559
1687.37628,0.01425
1685.44785,0.01262
1683.51942,0.01287
1681.59099,0.01522
1679.66256,0.01770
1677.73413,0.01889
1675.80570,0.01895
1673.87727,0.01829
1671.94884,0.01703
1670.02041,0.01633
1668.09198,0.01809
1666.16355,0.02055
1664.23512,0.02154
1662.30669,0.02213
1660.37826,0.02416
1658.44983,0.02613
1656.52140,0.02598
1654.59297,0.02431
1652.66454,0.02382
1650.73611,0.02563
1648.80768,0.02592
1646.87925,0.02328
1644.95082,0.02243
1643.02239,0.02390
1641.09396,0.02438
1639.16553,0.02240
1637.23710,0.01908
1635.30867,0.01724
1633.38024,0.01798
1631.45181,0.01908
1629.52338,0.01872
1627.59495,0.01736
1625.66652,0.01611
1623.73809,0.01535
1621.80966,0.01555
1619.88123,0.01535
1617.95280,0.01331
1616.02437,0.01119
1614.09594,0.01116
1612.16751,0.01151
1610.23908,0.01035
1608.31065,0.00833
1606.38222,0.00688
1604.45379,0.00604
1602.52536,0.00546
1600.59693,0.00514
1598.66850,0.00484
1596.74007,0.00446
1594.81164,0.00430
1592.88321,0.00445
1590.95478,0.00465
1589.02635,0.00491
1587.09792,0.00536
1585.16949,0.00609
1583.24106,0.00715
1581.31263,0.00804
1579.38420,0.00780
1577.45577,0.00676
1575.52734,0.00717
1573.59891,0.00928
1571.67048,0.01055
1569.74205,0.01040
1567.81362,0.01086
1565.88519,0.01252
1563.95676,0.01394
1562.02833,0.01363
1560.09990,0.01217
1558.17147,0.01222
1556.24304,0.01503
1554.31461,0.01801
1552.38618,0.01962
1550.45775,0.02004
1548.52932,0.02018
1546.60089,0.01963
1544.67246,0.01739
1542.74403,0.01400
1540.81560,0.01163
1538.88717,0.01417
1536.95874,0.01822
1535.03031,0.01931
1533.10188,0.01773
1531.17345,0.01697
1529.24502,0.01709
1527.31659,0.01666
1525.38816,0.01596
1523.45973,0.01513
1521.53130,0.01479
1519.60287,0.01570
1517.67444,0.01602
1515.74601,0.01587
1513.81758,0.01620
1511.88915,0.01568
1509.96072,0.01269
1508.03229,0.00792
1506.10385,0.00574
1504.17542,0.00833
1502.24699,0.01134
1500.31856,0.01095
1498.39013,0.00805
1496.46170,0.00633
1494.53327,0.00663
1492.60484,0.00618
1490.67641,0.00372
1488.74798,0.00181
1486.81955,0.00225
1484.89112,0.00358
1482.96269,0.00417
1481.03426,0.00412
1479.10583,0.00395
1477.17740,0.00320
1475.24897,0.00142
1473.32054,0.00000
1471.39211,0.00106
1469.46368,0.00352
1467.53525,0.00481
1465.60682,0.00458
1463.67839,0.00463
1461.74996,0.00461
1459.82153,0.00270
1457.89310,0.00016
1455.96467,0.00070
1454.03624,0.00303
1452.10781,0.00450
1450.17938,0.00410
1448.25095,0.00282
1446.32252,0.00223
1444.39409,0.00245
1442.46566,0.00263
1440.53723,0.00240
1438.60880,0.00196
1436.68037,0.00174
1434.75194,0.00193
1432.82351,0.00216
1430.89508,0.00202
1428.96665,0.00190
1427.03822,0.00200
1425.10979,0.00198
1423.18136,0.00220
1421.25293,0.00283
1419.32450,0.00311
1417.39607,0.00270
1415.46764,0.00234
1413.53921,0.00206
1411.61078,0.00162
1409.68235,0.00137
1407.75392,0.00122
1405.82549,0.00105
1403.89706,0.00120
1401.96863,0.00158
1400.04020,0.00173
1398.11177,0.00161
1396.18334,0.00141
1394.25491,0.00174
1392.32648,0.00287
1390.39805,0.00362
1388.46962,0.00301
1386.54119,0.00178
1384.61276,0.00125
1382.68433,0.00141
1380.75590,0.00165
1378.82747,0.00165
1376.89904,0.00107
1374.97061,0.00034
1373.04218,0.00036
1371.11375,0.00073
1369.18532,0.00062
1367.25689,0.00029
1365.32846,0.00009
1363.40003,0.00000
1361.47160,0.00009
1359.54317,0.00035
1357.61474,0.00034
1355.68631,0.00004
1353.75788,-0.00001
1351.82945,0.00012
1349.90102,0.00009
1347.97259,0.00008
1346.04416,0.00030
1344.11573,0.00045
1342.18730,0.00033
1340.25887,0.00013
1338.33044,0.00010
1336.40201,0.00006
1334.47358,0.00000
1332.54515,0.00009
1330.61672,0.00041
1328.68829,0.00066
1326.75986,0.00080
1324.83143,0.00097
1322.90300,0.00098
1320.97457,0.00057
1319.04614,0.00015
1317.11771,0.00011
1315.18928,0.00020
1313.26085,0.00015
1311.33242,0.00010
1309.40399,0.00012
1307.47556,0.00030
1305.54713,0.00066
1303.61870,0.00100
1301.69027,0.00122
1299.76184,0.00132
1297.83341,0.00145
1295.90498,0.00169
1293.97655,0.00203
1292.04812,0.00243
1290.11969,0.00278
1288.19126,0.00301
1286.26283,0.00329
1284.33440,0.00360
1282.40597,0.00381
1280.47754,0.00402
1278.54911,0.00436
1276.62068,0.00482
1274.69225,0.00543
1272.76382,0.00623
1270.83539,0.00719
1268.90696,0.00822
1266.97853,0.00904
1265.05010,0.00954
1263.12167,0.01015
1261.19324,0.01114
1259.26481,0.01255
1257.33638,0.01427
1255.40795,0.01603
1253.47952,0.01753
1251.55109,0.01883
1249.62266,0.02026
1247.69423,0.02205
1245.76580,0.02395
1243.83737,0.02540
1241.90894,0.02646
1239.98051,0.02790
1238.05208,0.02975
1236.12365,0.03120
1234.19522,0.03222
1232.26679,0.03330
1230.33836,0.03456
1228.40993,0.03581
1226.48150,0.03691
1224.55307,0.03795
1222.62464,0.03902
1220.69621,0.04014
1218.76778,0.04136
1216.83935,0.04239
1214.91092,0.04303
1212.98249,0.04363
1211.05406,0.04445
1209.12563,0.04540
1207.19720,0.04645
1205.26877,0.04752
1203.34034,0.04858
1201.41191,0.04967
1199.48348,0.05065
1197.55505,0.05146
1195.62662,0.05233
1193.69819,0.05347
1191.76976,0.05499
1189.84133,0.05696
1187.91290,0.05903
1185.98447,0.06045
1184.05604,0.06122
1182.12761,0.06225
1180.19918,0.06384
1178.27075,0.06556
1176.34232,0.06741
1174.41389,0.06936
1172.48546,0.07101
1170.55703,0.07249
1168.62860,0.07429
1166.70017,0.07645
1164.77174,0.07877
1162.84331,0.08117
1160.91488,0.08363
1158.98645,0.08633
1157.05802,0.08941
1155.12959,0.09267
1153.20116,0.09599
1151.27273,0.09904
1149.34430,0.10136
1147.41587,0.10314
1145.48744,0.10475
1143.55901,0.10613
1141.63058,0.10708
1139.70215,0.10781
1137.77372,0.10862
1135.84529,0.10957
1133.91686,0.11085
1131.98843,0.11278
1130.06000,0.11503
1128.13157,0.11689
1126.20314,0.11852
1124.27471,0.12065
1122.34628,0.12326
1120.41785,0.12611
1118.48942,0.12951
1116.56099,0.13351
1114.63256,0.13742
1112.70413,0.14062
1110.77570,0.14328
1108.84727,0.14595
1106.91884,0.14911
1104.99041,0.15308
1103.06198,0.15796
1101.13355,0.16357
1099.20512,0.16966
1097.27669,0.17577
1095.34826,0.18172
1093.41983,0.18748
1091.49140,0.19226
1089.56297,0.19546
1087.63454,0.19719
1085.70611,0.19774
1083.77768,0.19779
1081.84925,0.19771
1079.92082,0.19711
1077.99239,0.19580
1076.06396,0.19436
1074.13553,0.19333
1072.20710,0.19242
1070.27867,0.19114
1068.35024,0.18951
1066.42181,0.18780
1064.49338,0.18612
1062.56495,0.18423
1060.63652,0.18159
1058.70809,0.17822
1056.77966,0.17444
1054.85123,0.16996
1052.92280,0.16472
1050.99437,0.15923
1049.06594,0.15386
1047.13751,0.14860
1045.20908,0.14301
1043.28065,0.13679
1041.35222,0.12995
1039.42379,0.12264
1037.49536,0.11513
1035.56693,0.10761
1033.63850,0.10035
1031.71007,0.09358
1029.78164,0.08732
1027.85321,0.08129
1025.92478,0.07519
1023.99635,0.06913
1022.06792,0.06348
1020.13949,0.05849
1018.21106,0.05432
1016.28263,0.05068
1014.35420,0.04710
1012.42577,0.04345
1010.49734,0.03990
1008.56891,0.03673
1006.64048,0.03401
1004.71205,0.03147
1002.78362,0.02881
1000.85519,0.02597
998.92676,0.02356
996.99833,0.02215
995.06990,0.02133
993.14147,0.02053
991.21304,0.01977
989.28461,0.01913
987.35618,0.01872
985.42775,0.01856
983.49932,0.01846
981.57089,0.01825
979.64246,0.01805
977.71403,0.01806
975.78560,0.01806
973.85717,0.01782
971.92874,0.01737
970.00031,0.01671
968.07188,0.01611
966.14345,0.01571
964.21502,0.01525
962.28659,0.01483
960.35816,0.01449
958.42973,0.01395
956.50130,0.01336
954.57287,0.01273
952.64444,0.01184
950.71601,0.01087
948.78758,0.01020
946.85915,0.00990
944.93072,0.00971
943.00229,0.00942
941.07386,0.00901
939.14543,0.00880
937.21700,0.00884
935.28857,0.00870
933.36014,0.00821
931.43171,0.00749
929.50328,0.00653
927.57485,0.00546
925.64642,0.00444
923.71799,0.00363
921.78956,0.00337
919.86113,0.00357
917.93270,0.00345
916.00427,0.00273
914.07584,0.00194
912.14741,0.00165
910.21898,0.00187
908.29055,0.00201
906.36212,0.00179
904.43368,0.00158
902.50525,0.00143
900.57682,0.00107
898.64839,0.00071
896.71996,0.00063
894.79153,0.00060
892.86310,0.00070
890.93467,0.00072
889.00624,0.00033
887.07781,0.00000
885.14938,0.00028
883.22095,0.00074
881.29252,0.00085
879.36409,0.00091
877.43566,0.00127
875.50723,0.00154
873.57880,0.00160
871.65037,0.00149
869.72194,0.00139
867.79351,0.00126
865.86508,0.00122
863.93665,0.00159
862.00822,0.00216
860.07979,0.00239
858.15136,0.00214
856.22293,0.00202
854.29450,0.00263
852.36607,0.00346
850.43764,0.00376
848.50921,0.00382
846.58078,0.00406
844.65235,0.00452
842.72392,0.00553
840.79549,0.00688
838.86706,0.00782
836.93863,0.00873
835.01020,0.01032
833.08177,0.01193
831.15334,0.01257
829.22491,0.01268
827.29648,0.01348
825.36805,0.01511
823.43962,0.01660
821.51119,0.01757
819.58276,0.01834
817.65433,0.01886
815.72590,0.01915
813.79747,0.01957
811.86904,0.02031
809.94061,0.02135
808.01218,0.02272
806.08375,0.02390
804.15532,0.02442
802.22689,0.02470
800.29846,0.02514
798.37003,0.02537
796.44160,0.02527
794.51317,0.02505
792.58474,0.02449
790.65631,0.02362
788.72788,0.02285
786.79945,0.02186
784.87102,0.02039
782.94259,0.01916
781.01416,0.01841
779.08573,0.01757
777.15730,0.01609
775.22887,0.01384
773.30044,0.01178
771.37201,0.01084
769.44358,0.01028
767.51515,0.00946
765.58672,0.00879
763.65829,0.00841
761.72986,0.00815
759.80143,0.00790
757.87300,0.00740
755.94457,0.00670
754.01614,0.00630
752.08771,0.00643
750.15928,0.00666
748.23085,0.00623
746.30242,0.00542
744.37399,0.00533
742.44556,0.00588
740.51713,0.00603
738.58870,0.00570
736.66027,0.00551
734.73184,0.00569
732.80341,0.00608
730.87498,0.00615
728.94655,0.00569
727.01812,0.00535
725.08969,0.00585
723.16126,0.00848
721.23283,0.00958
719.30440,0.00940
717.37597,0.00879
715.44754,0.00838
713.51911,0.00865
711.59068,0.00948
709.66225,0.01055
707.73382,0.01124
705.80539,0.01149
703.87696,0.01206
701.94853,0.01325
700.02010,0.01456
698.09167,0.01544
696.16324,0.01555
694.23481,0.01483
692.30638,0.01357
690.37795,0.01191
688.44952,0.01016
686.52109,0.00935
684.59266,0.00966
682.66423,0.00959
680.73580,0.00851
678.80737,0.00789
676.87894,0.00874
674.95051,0.01048
673.02208,0.01289
671.09365,0.01574
669.16522,0.01771
667.23679,0.01903
665.30836,0.02167
663.37993,0.02484
661.45150,0.02819
659.52307,0.03096
657.59464,0.03050
655.66621,0.02579
653.73778,0.01938
651.80935,0.01436
649.88092,0.01249
647.95249,0.01270
646.02406,0.01321
644.09563,0.01191
642.16720,0.00974
640.23877,0.00882
638.31034,0.00942
636.38191,0.00991
634.45348,0.00943
632.52505,0.00889
630.59662,0.00904
628.66819,0.00907
626.73976,0.00753
624.81133,0.00566
622.88290,0.00567
620.95447,0.00808
619.02604,0.01174
617.09761,0.01480
615.16918,0.01330
613.24075,0.01000
611.31232,0.00722
609.38389,0.00511
607.45546,0.00411
605.52703,0.00352
603.59860,0.00030
601.67017,0.00000
599.74174,0.00000
