4001.49232,0.00313
3999.56389,0.00552
3997.63546,0.00614
3995.70703,0.00562
3993.77860,0.00477
3991.85017,0.00366
3989.92174,0.00271
3987.99331,0.00214
3986.06488,0.00163
3984.13645,0.00146
3982.20802,0.00191
3980.27959,0.00267
3978.35116,0.00299
3976.42273,0.00275
3974.49430,0.00258
3972.56587,0.00269
3970.63744,0.00269
3968.70901,0.00243
3966.78058,0.00216
3964.85215,0.00203
3962.92372,0.00193
3960.99529,0.00160
3959.06686,0.00080
3957.13843,0.00005
3955.21000,0.00000
3953.28157,0.00036
3951.35314,0.00085
3949.42471,0.00182
3947.49628,0.00291
3945.56785,0.00291
3943.63942,0.00218
3941.71099,0.00197
3939.78256,0.00189
3937.85413,0.00163
3935.92570,0.00157
3933.99727,0.00128
3932.06884,0.00117
3930.14041,0.00191
3928.21198,0.00234
3926.28355,0.00128
3924.35512,0.00070
3922.42669,0.00180
3920.49826,0.00220
3918.56982,0.00145
3916.64139,0.00092
3914.71296,0.00095
3912.78453,0.00096
3910.85610,0.00104
3908.92767,0.00113
3906.99924,0.00053
3905.07081,0.00086
3903.14238,0.00386
3901.21395,0.00508
3899.28552,0.00342
3897.35709,0.00324
3895.42866,0.00389
3893.50023,0.00333
3891.57180,0.00341
3889.64337,0.00537
3887.71494,0.00586
3885.78651,0.00475
3883.85808,0.00488
3881.92965,0.00488
3880.00122,0.00479
3878.07279,0.00552
3876.14436,0.00546
3874.21593,0.00564
3872.28750,0.00680
3870.35907,0.00732
3868.43064,0.00836
3866.50221,0.00762
3864.57378,0.00546
3862.64535,0.00638
3860.71692,0.00913
3858.78849,0.01105
3856.86006,0.01084
3854.93163,0.00735
3853.00320,0.00409
3851.07477,0.00572
3849.14634,0.00787
3847.21791,0.00818
3845.28948,0.00722
3843.36105,0.00674
3841.43262,0.00648
3839.50419,0.00527
3837.57576,0.00530
3835.64733,0.00666
3833.71890,0.00739
3831.79047,0.00745
3829.86204,0.00734
3827.93361,0.00674
3826.00518,0.00686
3824.07675,0.00692
3822.14832,0.00517
3820.21989,0.00607
3818.29146,0.00757
3816.36303,0.00574
3814.43460,0.00506
3812.50617,0.00605
3810.57774,0.00623
3808.64931,0.00525
3806.72088,0.00585
3804.79245,0.00751
3802.86402,0.00525
3800.93559,0.00298
3799.00716,0.00371
3797.07873,0.00313
3795.15030,0.00224
3793.22187,0.00194
3791.29344,0.00177
3789.36501,0.00187
3787.43658,0.00148
3785.50815,0.00063
3783.57972,0.00088
3781.65129,0.00096
3779.72286,-0.00003
3777.79443,-0.00008
3775.86600,0.00025
3773.93757,0.00011
3772.00914,0.00000
3770.08071,0.00110
3768.15228,0.00320
3766.22385,0.00396
3764.29542,0.00474
3762.36699,0.00564
3760.43856,0.00561
3758.51013,0.00720
3756.58170,0.01055
3754.65327,0.01178
3752.72484,0.01016
3750.79641,0.01167
3748.86798,0.01850
3746.93955,0.02158
3745.01112,0.01963
3743.08269,0.01745
3741.15426,0.01535
3739.22583,0.01198
3737.29740,0.00851
3735.36897,0.00866
3733.44054,0.01161
3731.51211,0.01269
3729.58368,0.01172
3727.65525,0.00948
3725.72682,0.00778
3723.79839,0.00699
3721.86996,0.00571
3719.94153,0.00455
3718.01310,0.00479
3716.08467,0.00588
3714.15624,0.00526
3712.22781,0.00298
3710.29938,0.00287
3708.37095,0.00392
3706.44252,0.00367
3704.51409,0.00201
3702.58566,0.00052
3700.65723,0.00140
3698.72880,0.00297
3696.80037,0.00324
3694.87194,0.00314
3692.94351,0.00213
3691.01508,0.00000
3689.08665,0.00002
3687.15822,0.00265
3685.22979,0.00427
3683.30136,0.00461
3681.37293,0.00475
3679.44450,0.00482
3677.51607,0.00404
3675.58764,0.00391
3673.65921,0.00642
3671.73078,0.00574
3669.80235,0.00290
3667.87392,0.00359
3665.94549,0.00426
3664.01706,0.00333
3662.08863,0.00246
3660.16020,0.00217
3658.23177,0.00171
3656.30334,0.00230
3654.37491,0.00458
3652.44648,0.00395
3650.51805,0.00036
3648.58962,0.00029
3646.66119,0.00249
3644.73276,0.00391
3642.80433,0.00376
3640.87590,0.00292
3638.94747,0.00256
3637.01904,0.00297
3635.09061,0.00352
3633.16218,0.00410
3631.23375,0.00360
3629.30532,0.00202
3627.37689,0.00356
3625.44846,0.00621
3623.52003,0.00696
3621.59160,0.00523
3619.66317,0.00342
3617.73474,0.00506
3615.80631,0.00737
3613.87788,0.00795
3611.94945,0.00866
3610.02102,0.00911
3608.09259,0.00871
3606.16416,0.00834
3604.23573,0.00746
3602.30730,0.00634
3600.37887,0.00631
3598.45044,0.00703
3596.52201,0.00684
3594.59358,0.00621
3592.66515,0.00619
3590.73672,0.00569
3588.80829,0.00395
3586.87986,0.00299
3584.95143,0.00342
3583.02300,0.00332
3581.09457,0.00256
3579.16614,0.00184
3577.23771,0.00166
3575.30928,0.00230
3573.38085,0.00338
3571.45242,0.00357
3569.52399,0.00180
3567.59556,0.00000
3565.66713,0.00161
3563.73870,0.00416
3561.81027,0.00478
3559.88184,0.00413
3557.95341,0.00322
3556.02498,0.00231
3554.09655,0.00176
3552.16812,0.00239
3550.23969,0.00389
3548.31126,0.00458
3546.38283,0.00401
3544.45440,0.00322
3542.52597,0.00279
3540.59754,0.00254
3538.66911,0.00205
3536.74068,0.00172
3534.81225,0.00200
3532.88382,0.00240
3530.95539,0.00269
3529.02696,0.00334
3527.09853,0.00406
3525.17010,0.00357
3523.24167,0.00213
3521.31324,0.00137
3519.38481,0.00108
3517.45638,0.00076
3515.52795,0.00045
3513.59952,-0.00003
3511.67109,-0.00025
3509.74266,0.00046
3507.81423,0.00177
3505.88580,0.00222
3503.95737,0.00191
3502.02894,0.00218
3500.10051,0.00220
3498.17208,0.00106
3496.24365,0.00000
3494.31522,0.00013
3492.38679,0.00081
3490.45836,0.00116
3488.52993,0.00162
3486.60150,0.00264
3484.67307,0.00306
3482.74464,0.00212
3480.81621,0.00135
3478.88778,0.00143
3476.95935,0.00141
3475.03092,0.00136
3473.10249,0.00146
3471.17406,0.00126
3469.24563,0.00107
3467.31720,0.00147
3465.38877,0.00179
3463.46034,0.00132
3461.53191,0.00079
3459.60348,0.00057
3457.67505,0.00023
3455.74662,0.00000
3453.81819,0.00039
3451.88976,0.00151
3449.96133,0.00219
3448.03290,0.00153
3446.10447,0.00122
3444.17604,0.00177
3442.24761,0.00187
3440.31918,0.00190
3438.39075,0.00192
3436.46232,0.00166
3434.53389,0.00131
3432.60546,0.00118
3430.67703,0.00124
3428.74860,0.00122
3426.82017,0.00135
3424.89174,0.00190
3422.96331,0.00223
3421.03488,0.00209
3419.10645,0.00203
3417.17802,0.00181
3415.24959,0.00148
3413.32116,0.00147
3411.39273,0.00129
3409.46430,0.00120
3407.53587,0.00165
3405.60744,0.00191
3403.67901,0.00144
3401.75058,0.00113
3399.82215,0.00268
3397.89372,0.00304
3395.96529,0.00296
3394.03686,0.00309
3392.10843,0.00353
3390.18000,0.00368
3388.25157,0.00332
3386.32314,0.00299
3384.39471,0.00247
3382.46628,0.00174
3380.53785,0.00129
3378.60942,0.00141
3376.68099,0.00178
3374.75256,0.00186
3372.82413,0.00172
3370.89570,0.00214
3368.96727,0.00319
3367.03884,0.00412
3365.11041,0.00443
3363.18198,0.00420
3361.25355,0.00373
3359.32512,0.00327
3357.39669,0.00304
3355.46826,0.00300
3353.53983,0.00264
3351.61140,0.00199
3349.68297,0.00152
3347.75454,0.00139
3345.82611,0.00163
3343.89768,0.00212
3341.96925,0.00260
3340.04082,0.00285
3338.11239,0.00274
3336.18396,0.00259
3334.25553,0.00257
3332.32710,0.00252
3330.39867,0.00271
3328.47024,0.00343
3326.54181,0.00412
3324.61338,0.00414
3322.68495,0.00365
3320.75652,0.00319
3318.82809,0.00319
3316.89966,0.00374
3314.97122,0.00432
3313.04279,0.00465
3311.11436,0.00497
3309.18593,0.00510
3307.25750,0.00459
3305.32907,0.00375
3303.40064,0.00353
3301.47221,0.00406
3299.54378,0.00465
3297.61535,0.00478
3295.68692,0.00467
3293.75849,0.00497
3291.83006,0.00564
3289.90163,0.00596
3287.97320,0.00567
3286.04477,0.00535
3284.11634,0.00542
3282.18791,0.00573
3280.25948,0.00605
3278.33105,0.00600
3276.40262,0.00560
3274.47419,0.00533
3272.54576,0.00502
3270.61733,0.00450
3268.68890,0.00444
3266.76047,0.00510
3264.83204,0.00562
3262.90361,0.00553
3260.97518,0.00523
3259.04675,0.00520
3257.11832,0.00564
3255.18989,0.00606
3253.26146,0.00578
3251.33303,0.00511
3249.40460,0.00481
3247.47617,0.00509
3245.54774,0.00557
3243.61931,0.00590
3241.69088,0.00569
3239.76245,0.00509
3237.83402,0.00471
3235.90559,0.00466
3233.97716,0.00467
3232.04873,0.00468
3230.12030,0.00490
3228.19187,0.00492
3226.26344,0.00434
3224.33501,0.00373
3222.40658,0.00370
3220.47815,0.00387
3218.54972,0.00393
3216.62129,0.00389
3214.69286,0.00366
3212.76443,0.00356
3210.83600,0.00384
3208.90757,0.00427
3206.97914,0.00422
3205.05071,0.00358
3203.12228,0.00314
3201.19385,0.00325
3199.26542,0.00352
3197.33699,0.00361
3195.40856,0.00319
3193.48013,0.00240
3191.55170,0.00214
3189.62327,0.00250
3187.69484,0.00283
3185.76641,0.00265
3183.83798,0.00216
3181.90955,0.00189
3179.98112,0.00202
3178.05269,0.00265
3176.12426,0.00355
3174.19583,0.00368
3172.26740,0.00277
3170.33897,0.00182
3168.41054,0.00169
3166.48211,0.00212
3164.55368,0.00241
3162.62525,0.00224
3160.69682,0.00183
3158.76839,0.00162
3156.83996,0.00156
3154.91153,0.00121
3152.98310,0.00072
3151.05467,0.00065
3149.12624,0.00099
3147.19781,0.00133
3145.26938,0.00156
3143.34095,0.00153
3141.41252,0.00091
3139.48409,0.00010
3137.55566,0.00019
3135.62723,0.00126
3133.69880,0.00212
3131.77037,0.00206
3129.84194,0.00154
3127.91351,0.00134
3125.98508,0.00166
3124.05665,0.00207
3122.12822,0.00208
3120.19979,0.00163
3118.27136,0.00119
3116.34293,0.00126
3114.41450,0.00161
3112.48607,0.00173
3110.55764,0.00165
3108.62921,0.00152
3106.70078,0.00128
3104.77235,0.00133
3102.84392,0.00183
3100.91549,0.00210
3098.98706,0.00174
3097.05863,0.00128
3095.13020,0.00131
3093.20177,0.00152
3091.27334,0.00137
3089.34491,0.00084
3087.41648,0.00025
3085.48805,0.00000
3083.55962,0.00015
3081.63119,0.00053
3079.70276,0.00067
3077.77433,0.00036
3075.84590,0.00013
3073.91747,0.00037
3071.98904,0.00077
3070.06061,0.00094
3068.13218,0.00098
3066.20375,0.00116
3064.27532,0.00147
3062.34689,0.00166
3060.41846,0.00173
3058.49003,0.00175
3056.56160,0.00157
3054.63317,0.00115
3052.70474,0.00085
3050.77631,0.00082
3048.84788,0.00074
3046.91945,0.00065
3044.99102,0.00072
3043.06259,0.00053
3041.13416,0.00004
3039.20573,0.00004
3037.27730,0.00048
3035.34887,0.00082
3033.42044,0.00105
3031.49201,0.00129
3029.56358,0.00144
3027.63515,0.00132
3025.70672,0.00098
3023.77829,0.00064
3021.84986,0.00048
3019.92143,0.00053
3017.99300,0.00074
3016.06457,0.00119
3014.13614,0.00180
3012.20771,0.00206
3010.27928,0.00180
3008.35085,0.00135
3006.42242,0.00093
3004.49399,0.00061
3002.56556,0.00042
3000.63713,0.00021
2998.70870,0.00000
2996.78027,0.00054
2994.85184,0.00096
2992.92341,0.00071
2990.99498,0.00046
2989.06655,0.00079
2987.13812,0.00123
2985.20969,0.00120
2983.28126,0.00090
2981.35283,0.00086
2979.42440,0.00118
2977.49597,0.00171
2975.56754,0.00202
2973.63911,0.00171
2971.71068,0.00119
2969.78225,0.00105
2967.85382,0.00137
2965.92539,0.00178
2963.99696,0.00190
2962.06853,0.00158
2960.14010,0.00107
2958.21167,0.00073
2956.28324,0.00073
2954.35481,0.00115
2952.42638,0.00166
2950.49795,0.00163
2948.56952,0.00113
2946.64109,0.00087
2944.71266,0.00099
2942.78423,0.00131
2940.85580,0.00183
2938.92737,0.00213
2936.99894,0.00186
2935.07051,0.00149
2933.14208,0.00143
2931.21365,0.00143
2929.28522,0.00135
2927.35679,0.00129
2925.42836,0.00125
2923.49993,0.00128
2921.57150,0.00130
2919.64307,0.00101
2917.71464,0.00051
2915.78621,0.00019
2913.85778,0.00024
2911.92935,0.00046
2910.00092,0.00039
2908.07249,-0.00008
2906.14406,-0.00035
2904.21563,-0.00006
2902.28720,0.00033
2900.35877,0.00051
2898.43034,0.00057
2896.50191,0.00051
2894.57348,0.00048
2892.64505,0.00048
2890.71662,0.00022
2888.78819,-0.00011
2886.85976,0.00006
2884.93133,0.00052
2883.00290,0.00074
2881.07447,0.00074
2879.14604,0.00073
2877.21761,0.00066
2875.28918,0.00063
2873.36075,0.00083
2871.43232,0.00117
2869.50389,0.00131
2867.57546,0.00116
2865.64703,0.00090
2863.71860,0.00071
2861.79017,0.00054
2859.86174,0.00024
2857.93331,0.00009
2856.00488,0.00044
2854.07645,0.00105
2852.14802,0.00140
2850.21959,0.00128
2848.29116,0.00085
2846.36273,0.00042
2844.43430,0.00026
2842.50587,0.00028
2840.57744,0.00022
2838.64901,0.00026
2836.72058,0.00045
2834.79215,0.00049
2832.86372,0.00029
2830.93529,0.00000
2829.00686,0.00000
2827.07843,0.00043
2825.15000,0.00083
2823.22157,0.00086
2821.29314,0.00076
2819.36471,0.00060
2817.43628,0.00021
2815.50785,0.00010
2813.57942,0.00063
2811.65099,0.00116
2809.72256,0.00108
2807.79413,0.00072
2805.86570,0.00043
2803.93727,0.00032
2802.00884,0.00029
2800.08041,0.00010
2798.15198,0.00002
2796.22355,0.00037
2794.29512,0.00080
2792.36669,0.00082
2790.43826,0.00059
2788.50983,0.00040
2786.58140,0.00023
2784.65297,0.00009
2782.72454,0.00005
2780.79611,0.00014
2778.86768,0.00033
2776.93925,0.00032
2775.01082,0.00018
2773.08239,0.00020
2771.15396,0.00033
2769.22553,0.00048
2767.29710,0.00057
2765.36867,0.00048
2763.44024,0.00038
2761.51181,0.00049
2759.58338,0.00061
2757.65495,0.00065
2755.72652,0.00084
2753.79809,0.00098
2751.86966,0.00074
2749.94123,0.00033
2748.01280,0.00025
2746.08437,0.00052
2744.15594,0.00072
2742.22751,0.00078
2740.29908,0.00084
2738.37065,0.00087
2736.44222,0.00082
2734.51379,0.00067
2732.58536,0.00032
2730.65693,-0.00001
2728.72850,0.00000
2726.80007,0.00026
2724.87164,0.00052
2722.94321,0.00060
2721.01478,0.00045
2719.08635,0.00027
2717.15792,0.00042
2715.22949,0.00070
2713.30105,0.00057
2711.37262,0.00030
2709.44419,0.00039
2707.51576,0.00073
2705.58733,0.00097
2703.65890,0.00090
2701.73047,0.00047
2699.80204,-0.00001
2697.87361,-0.00018
2695.94518,0.00011
2694.01675,0.00069
2692.08832,0.00106
2690.15989,0.00089
2688.23146,0.00045
2686.30303,0.00015
2684.37460,0.00004
2682.44617,0.00003
2680.51774,0.00014
2678.58931,0.00029
2676.66088,0.00030
2674.73245,0.00010
2672.80402,0.00000
2670.87559,0.00018
2668.94716,0.00037
2667.01873,0.00031
2665.09030,0.00032
2663.16187,0.00055
2661.23344,0.00072
2659.30501,0.00074
2657.37658,0.00077
2655.44815,0.00078
2653.51972,0.00082
2651.59129,0.00093
2649.66286,0.00090
2647.73443,0.00069
2645.80600,0.00074
2643.87757,0.00099
2641.94914,0.00084
2640.02071,0.00051
2638.09228,0.00050
2636.16385,0.00064
2634.23542,0.00083
2632.30699,0.00117
2630.37856,0.00125
2628.45013,0.00079
2626.52170,0.00029
2624.59327,0.00018
2622.66484,0.00033
2620.73641,0.00060
2618.80798,0.00083
2616.87955,0.00062
2614.95112,0.00025
2613.02269,0.00032
2611.09426,0.00071
2609.16583,0.00094
2607.23740,0.00080
2605.30897,0.00034
2603.38054,0.00000
2601.45211,0.00027
2599.52368,0.00085
2597.59525,0.00111
2595.66682,0.00114
2593.73839,0.00111
2591.80996,0.00088
2589.88153,0.00060
2587.95310,0.00054
2586.02467,0.00056
2584.09624,0.00055
2582.16781,0.00068
2580.23938,0.00077
2578.31095,0.00064
2576.38252,0.00067
2574.45409,0.00101
2572.52566,0.00129
2570.59723,0.00133
2568.66880,0.00117
2566.74037,0.00085
2564.81194,0.00052
2562.88351,0.00036
2560.95508,0.00043
2559.02665,0.00066
2557.09822,0.00073
2555.16979,0.00071
2553.24136,0.00078
2551.31293,0.00071
2549.38450,0.00050
2547.45607,0.00044
2545.52764,0.00052
2543.59921,0.00059
2541.67078,0.00063
2539.74235,0.00065
2537.81392,0.00052
2535.88549,0.00020
2533.95706,-0.00000
2532.02863,0.00001
2530.10020,0.00010
2528.17177,0.00034
2526.24334,0.00069
2524.31491,0.00080
2522.38648,0.00044
2520.45805,0.00001
2518.52962,0.00000
2516.60119,0.00021
2514.67276,0.00026
2512.74433,0.00030
2510.81590,0.00062
2508.88747,0.00090
2506.95904,0.00086
2505.03061,0.00066
2503.10218,0.00045
2501.17375,0.00048
2499.24532,0.00079
2497.31689,0.00078
2495.38846,0.00035
2493.46003,0.00007
2491.53160,0.00010
2489.60317,0.00034
2487.67474,0.00060
2485.74631,0.00080
2483.81788,0.00099
2481.88945,0.00108
2479.96102,0.00095
2478.03259,0.00069
2476.10416,0.00039
2474.17573,0.00015
2472.24730,0.00005
2470.31887,0.00020
2468.39044,0.00038
2466.46201,0.00039
2464.53358,0.00035
2462.60515,0.00039
2460.67672,0.00056
2458.74829,0.00077
2456.81986,0.00073
2454.89143,0.00052
2452.96300,0.00046
2451.03457,0.00053
2449.10614,0.00049
2447.17771,0.00036
2445.24928,0.00024
2443.32085,0.00010
2441.39242,0.00001
2439.46399,0.00005
2437.53556,0.00018
2435.60713,0.00014
2433.67870,0.00004
2431.75027,0.00021
2429.82184,0.00041
2427.89341,0.00032
2425.96498,0.00014
2424.03655,0.00012
2422.10812,0.00010
2420.17969,0.00009
2418.25126,0.00008
2416.32283,0.00007
2414.39440,0.00005
2412.46597,0.00004
2410.53754,0.00003
2408.60911,0.00003
2406.68068,0.00002
2404.75225,0.00001
2402.82382,0.00001
2400.89539,0.00000
2398.96696,-0.00003
2397.03853,-0.00006
2395.11010,-0.00008
2393.18167,-0.00011
2391.25324,-0.00013
2389.32481,-0.00016
2387.39638,-0.00018
2385.46795,-0.00020
2383.53952,-0.00022
2381.61109,-0.00024
2379.68266,-0.00026
2377.75423,-0.00028
2375.82580,-0.00030
2373.89737,-0.00031
2371.96894,-0.00033
2370.04051,-0.00035
2368.11208,-0.00036
2366.18365,-0.00037
2364.25522,-0.00039
2362.32679,-0.00040
2360.39836,-0.00041
2358.46993,-0.00042
2356.54150,-0.00043
2354.61307,-0.00044
2352.68464,-0.00044
2350.75621,-0.00045
2348.82778,-0.00046
2346.89935,-0.00046
2344.97092,-0.00046
2343.04249,-0.00047
2341.11406,-0.00047
2339.18563,-0.00047
2337.25720,-0.00047
2335.32877,-0.00047
2333.40034,-0.00047
2331.47191,-0.00047
2329.54348,-0.00046
2327.61505,-0.00046
2325.68662,-0.00046
2323.75819,-0.00045
2321.82976,-0.00044
2319.90133,-0.00044
2317.97290,-0.00043
2316.04447,-0.00042
2314.11604,-0.00041
2312.18761,-0.00040
2310.25918,-0.00039
2308.33075,-0.00037
2306.40232,-0.00036
2304.47389,-0.00035
2302.54546,-0.00033
2300.61703,-0.00031
2298.68860,-0.00030
2296.76017,-0.00028
2294.83174,-0.00026
2292.90331,-0.00024
2290.97488,-0.00022
2289.04645,-0.00020
2287.11802,-0.00018
2285.18959,-0.00016
2283.26116,-0.00013
2281.33273,-0.00011
2279.40430,-0.00008
2277.47587,-0.00006
2275.54744,-0.00003
2273.61901,0.00000
2271.69058,0.00001
2269.76215,0.00003
2267.83372,0.00005
2265.90529,0.00006
2263.97686,0.00008
2262.04843,0.00010
2260.12000,0.00012
2258.19157,0.00014
2256.26314,0.00016
2254.33471,0.00018
2252.40628,0.00021
2250.47785,0.00023
2248.54942,0.00026
2246.62099,0.00028
2244.69256,0.00031
2242.76413,0.00034
2240.83570,0.00044
2238.90727,0.00045
2236.97884,0.00036
2235.05041,0.00022
2233.12198,0.00004
2231.19355,0.00000
2229.26512,0.00014
2227.33669,0.00037
2225.40826,0.00049
2223.47983,0.00037
2221.55140,0.00010
2219.62297,-0.00000
2217.69454,0.00017
2215.76611,0.00031
2213.83768,0.00029
2211.90925,0.00022
2209.98082,0.00012
2208.05239,-0.00001
2206.12396,0.00003
2204.19553,0.00032
2202.26710,0.00055
2200.33867,0.00054
2198.41024,0.00039
2196.48181,0.00011
2194.55338,-0.00006
2192.62495,0.00012
2190.69652,0.00039
2188.76809,0.00035
2186.83966,0.00015
2184.91123,0.00013
2182.98280,0.00023
2181.05437,0.00036
2179.12594,0.00052
2177.19751,0.00058
2175.26908,0.00054
2173.34065,0.00057
2171.41222,0.00049
2169.48379,0.00025
2167.55536,0.00003
2165.62693,0.00000
2163.69850,0.00013
2161.77007,0.00024
2159.84164,0.00023
2157.91321,0.00019
2155.98478,0.00013
2154.05635,0.00006
2152.12792,0.00010
2150.19949,0.00030
2148.27106,0.00052
2146.34263,0.00051
2144.41420,0.00038
2142.48577,0.00042
2140.55734,0.00062
2138.62891,0.00072
2136.70048,0.00066
2134.77205,0.00056
2132.84362,0.00052
2130.91519,0.00047
2128.98676,0.00036
2127.05833,0.00019
2125.12990,0.00004
2123.20147,0.00003
2121.27304,0.00016
2119.34461,0.00024
2117.41618,0.00031
2115.48775,0.00042
2113.55932,0.00050
2111.63089,0.00055
2109.70245,0.00059
2107.77402,0.00063
2105.84559,0.00075
2103.91716,0.00081
2101.98873,0.00068
2100.06030,0.00051
2098.13187,0.00040
2096.20344,0.00027
2094.27501,0.00027
2092.34658,0.00029
2090.41815,0.00021
2088.48972,0.00017
2086.56129,0.00018
2084.63286,0.00023
2082.70443,0.00028
2080.77600,0.00021
2078.84757,0.00010
2076.91914,0.00006
2074.99071,0.00020
2073.06228,0.00045
2071.13385,0.00062
2069.20542,0.00060
2067.27699,0.00044
2065.34856,0.00047
2063.42013,0.00083
2061.49170,0.00105
2059.56327,0.00097
2057.63484,0.00078
2055.70641,0.00043
2053.77798,0.00006
2051.84955,0.00000
2049.92112,0.00032
2047.99269,0.00085
2046.06426,0.00129
2044.13583,0.00143
2042.20740,0.00118
2040.27897,0.00096
2038.35054,0.00085
2036.42211,0.00072
2034.49368,0.00088
2032.56525,0.00115
2030.63682,0.00117
2028.70839,0.00110
2026.77996,0.00117
2024.85153,0.00132
2022.92310,0.00127
2020.99467,0.00089
2019.06624,0.00029
2017.13781,0.00000
2015.20938,0.00037
2013.28095,0.00068
2011.35252,0.00071
2009.42409,0.00085
2007.49566,0.00094
2005.56723,0.00078
2003.63880,0.00062
2001.71037,0.00066
1999.78194,0.00077
1997.85351,0.00082
1995.92508,0.00083
1993.99665,0.00049
1992.06822,0.00026
1990.13979,0.00068
1988.21136,0.00099
1986.28293,0.00100
1984.35450,0.00070
1982.42607,0.00038
1980.49764,0.00027
1978.56921,0.00006
1976.64078,-0.00013
1974.71235,0.00001
1972.78392,0.00042
1970.85549,0.00075
1968.92706,0.00045
1966.99863,0.00017
1965.07020,0.00087
1963.14177,0.00137
1961.21334,0.00119
1959.28491,0.00100
1957.35648,0.00068
1955.42805,0.00022
1953.49962,0.00018
1951.57119,0.00048
1949.64276,0.00059
1947.71433,0.00044
1945.78590,0.00031
1943.85747,0.00021
1941.92904,0.00061
1940.00061,0.00136
1938.07218,0.00120
1936.14375,0.00050
1934.21532,0.00005
1932.28689,0.00000
1930.35846,0.00018
1928.43003,0.00046
1926.50160,0.00065
1924.57317,0.00040
1922.64474,0.00065
1920.71631,0.00136
1918.78788,0.00096
1916.85945,0.00072
1914.93102,0.00135
1913.00259,0.00153
1911.07416,0.00109
1909.14573,0.00094
1907.21730,0.00129
1905.28887,0.00140
1903.36044,0.00124
1901.43201,0.00121
1899.50358,0.00118
1897.57515,0.00087
1895.64672,0.00059
1893.71829,0.00083
1891.78986,0.00072
1889.86143,0.00031
1887.93300,0.00099
1886.00457,0.00179
1884.07614,0.00182
1882.14771,0.00162
1880.21928,0.00128
1878.29085,0.00100
1876.36242,0.00108
1874.43399,0.00155
1872.50556,0.00181
1870.57713,0.00087
1868.64870,0.00001
1866.72027,0.00094
1864.79184,0.00188
1862.86341,0.00157
1860.93498,0.00111
1859.00655,0.00121
1857.07812,0.00150
1855.14969,0.00165
1853.22126,0.00175
1851.29283,0.00190
1849.36440,0.00197
1847.43597,0.00185
1845.50754,0.00124
1843.57911,0.00122
1841.65068,0.00231
1839.72225,0.00246
1837.79382,0.00188
1835.86539,0.00231
1833.93696,0.00290
1832.00853,0.00172
1830.08010,0.00009
1828.15167,0.00077
1826.22324,0.00136
1824.29481,0.00126
1822.36638,0.00175
1820.43795,0.00197
1818.50952,0.00180
1816.58109,0.00174
1814.65266,0.00142
1812.72423,0.00044
1810.79580,0.00000
1808.86737,0.00085
1806.93894,0.00177
1805.01051,0.00198
1803.08208,0.00157
1801.15365,0.00126
1799.22522,0.00203
1797.29679,0.00312
1795.36836,0.00288
1793.43993,0.00108
1791.51150,0.00073
1789.58307,0.00307
1787.65464,0.00442
1785.72621,0.00388
1783.79778,0.00296
1781.86935,0.00202
1779.94092,0.00212
1778.01249,0.00337
1776.08406,0.00322
1774.15563,0.00085
1772.22720,-0.00043
1770.29877,0.00206
1768.37034,0.00427
1766.44191,0.00475
1764.51348,0.00392
1762.58505,0.00249
1760.65662,0.00290
1758.72819,0.00366
1756.79976,0.00378
1754.87133,0.00469
1752.94290,0.00453
1751.01447,0.00282
1749.08604,0.00205
1747.15761,0.00320
1745.22918,0.00452
1743.30075,0.00493
1741.37232,0.00459
1739.44389,0.00481
1737.51546,0.00570
1735.58703,0.00396
1733.65860,0.00216
1731.73017,0.00379
1729.80174,0.00470
1727.87331,0.00476
1725.94488,0.00462
1724.01645,0.00477
1722.08802,0.00548
1720.15959,0.00381
1718.23116,0.00007
1716.30273,0.00070
1714.37430,0.00488
1712.44587,0.00783
1710.51744,0.00838
1708.58901,0.00760
1706.66058,0.00759
1704.73215,0.01089
1702.80372,0.01411
1700.87529,0.01361
1698.94686,0.01336
1697.01843,0.01393
1695.09000,0.01588
1693.16157,0.01879
1691.23314,0.01925
1689.30471,0.01847
1687.37628,0.01733
1685.44785,0.01423
1683.51942,0.01475
1681.59099,0.01990
1679.66256,0.02307
1677.73413,0.02330
1675.80570,0.02257
1673.87727,0.02324
1671.94884,0.02283
1670.02041,0.02123
1668.09198,0.02368
1666.16355,0.02676
1664.23512,0.02619
1662.30669,0.02581
1660.37826,0.02909
1658.44983,0.03198
1656.52140,0.03081
1654.59297,0.02673
1652.66454,0.02817
1650.73611,0.03501
1648.80768,0.03465
1646.87925,0.02929
1644.95082,0.02974
1643.02239,0.03212
1641.09396,0.03177
1639.16553,0.02868
1637.23710,0.02386
1635.30867,0.02223
1633.38024,0.02536
1631.45181,0.02671
1629.52338,0.02492
1627.59495,0.02332
1625.66652,0.02255
1623.73809,0.02160
1621.80966,0.02300
1619.88123,0.02379
1617.95280,0.02011
1616.02437,0.01728
1614.09594,0.01834
1612.16751,0.01803
1610.23908,0.01512
1608.31065,0.01222
1606.38222,0.01075
1604.45379,0.00967
1602.52536,0.00865
1600.59693,0.00821
1598.66850,0.00782
1596.74007,0.00710
1594.81164,0.00666
1592.88321,0.00678
1590.95478,0.00674
1589.02635,0.00653
1587.09792,0.00655
1585.16949,0.00696
1583.24106,0.00808
1581.31263,0.00956
1579.38420,0.00953
1577.45577,0.00752
1575.52734,0.00850
1573.59891,0.01283
1571.67048,0.01333
1569.74205,0.01140
1567.81362,0.01286
1565.88519,0.01560
1563.95676,0.01742
1562.02833,0.01627
1560.09990,0.01185
1558.17147,0.01330
1556.24304,0.01994
1554.31461,0.02274
1552.38618,0.02274
1550.45775,0.02203
1548.52932,0.02250
1546.60089,0.02240
1544.67246,0.01982
1542.74403,0.01640
1540.81560,0.01373
1538.88717,0.01835
1536.95874,0.02431
1535.03031,0.02332
1533.10188,0.01992
1531.17345,0.02080
1529.24502,0.02135
1527.31659,0.01992
1525.38816,0.01941
1523.45973,0.01850
1521.53130,0.01787
1519.60287,0.02009
1517.67444,0.02001
1515.74601,0.01921
1513.81758,0.02004
1511.88915,0.01956
1509.96072,0.01546
1508.03229,0.00814
1506.10385,0.00612
1504.17542,0.01158
1502.24699,0.01496
1500.31856,0.01307
1498.39013,0.00884
1496.46170,0.00718
1494.53327,0.00891
1492.60484,0.00839
1490.67641,0.00407
1488.74798,0.00187
1486.81955,0.00340
1484.89112,0.00517
1482.96269,0.00528
1481.03426,0.00505
1479.10583,0.00543
1477.17740,0.00484
1475.24897,0.00256
1473.32054,0.00044
1471.39211,0.00259
1469.46368,0.00664
1467.53525,0.00728
1465.60682,0.00576
1463.67839,0.00682
1461.74996,0.00822
1459.82153,0.00487
1457.89310,0.00000
1455.96467,0.00206
1454.03624,0.00648
1452.10781,0.00761
1450.17938,0.00589
1448.25095,0.00366
1446.32252,0.00320
1444.39409,0.00377
1442.46566,0.00403
1440.53723,0.00393
1438.60880,0.00278
1436.68037,0.00190
1434.75194,0.00346
1432.82351,0.00412
1430.89508,0.00274
1428.96665,0.00229
1427.03822,0.00285
1425.10979,0.00268
1423.18136,0.00305
1421.25293,0.00343
1419.32450,0.00263
1417.39607,0.00286
1415.46764,0.00344
1413.53921,0.00273
1411.61078,0.00164
1409.68235,0.00150
1407.75392,0.00139
1405.82549,0.00064
1403.89706,0.00092
1401.96863,0.00170
1400.04020,0.00137
1398.11177,0.00107
1396.18334,0.00093
1394.25491,0.00142
1392.32648,0.00328
1390.39805,0.00393
1388.46962,0.00240
1386.54119,0.00124
1384.61276,0.00160
1382.68433,0.00184
1380.75590,0.00174
1378.82747,0.00180
1376.89904,0.00131
1374.97061,0.00026
1373.04218,0.00049
1371.11375,0.00118
1369.18532,0.00082
1367.25689,0.00070
1365.32846,0.00064
1363.40003,0.00000
1361.47160,0.00027
1359.54317,0.00117
1357.61474,0.00114
1355.68631,0.00051
1353.75788,0.00033
1351.82945,0.00042
1349.90102,0.00034
1347.97259,0.00036
1346.04416,0.00056
1344.11573,0.00073
1342.18730,0.00046
1340.25887,0.00000
1338.33044,0.00024
1336.40201,0.00059
1334.47358,0.00020
1332.54515,-0.00018
1330.61672,-0.00005
1328.68829,0.00023
1326.75986,0.00041
1324.83143,0.00067
1322.90300,0.00078
1320.97457,0.00030
1319.04614,-0.00013
1317.11771,0.00012
1315.18928,0.00036
1313.26085,0.00019
1311.33242,0.00004
1309.40399,-0.00019
1307.47556,-0.00034
1305.54713,-0.00005
1303.61870,0.00034
1301.69027,0.00056
1299.76184,0.00064
1297.83341,0.00068
1295.90498,0.00076
1293.97655,0.00094
1292.04812,0.00119
1290.11969,0.00137
1288.19126,0.00141
1286.26283,0.00153
1284.33440,0.00173
1282.40597,0.00203
1280.47754,0.00244
1278.54911,0.00279
1276.62068,0.00306
1274.69225,0.00337
1272.76382,0.00381
1270.83539,0.00466
1268.90696,0.00582
1266.97853,0.00665
1265.05010,0.00699
1263.12167,0.00740
1261.19324,0.00811
1259.26481,0.00920
1257.33638,0.01061
1255.40795,0.01206
1253.47952,0.01342
1251.55109,0.01483
1249.62266,0.01658
1247.69423,0.01854
1245.76580,0.02025
1243.83737,0.02155
1241.90894,0.02273
1239.98051,0.02418
1238.05208,0.02576
1236.12365,0.02701
1234.19522,0.02805
1232.26679,0.02921
1230.33836,0.03057
1228.40993,0.03207
1226.48150,0.03353
1224.55307,0.03480
1222.62464,0.03603
1220.69621,0.03741
1218.76778,0.03893
1216.83935,0.04034
1214.91092,0.04156
1212.98249,0.04280
1211.05406,0.04401
1209.12563,0.04511
1207.19720,0.04632
1205.26877,0.04766
1203.34034,0.04911
1201.41191,0.05068
1199.48348,0.05209
1197.55505,0.05323
1195.62662,0.05435
1193.69819,0.05563
1191.76976,0.05735
1189.84133,0.05970
1187.91290,0.06249
1185.98447,0.06506
1184.05604,0.06689
1182.12761,0.06843
1180.19918,0.07027
1178.27075,0.07251
1176.34232,0.07519
1174.41389,0.07786
1172.48546,0.08002
1170.55703,0.08219
1168.62860,0.08489
1166.70017,0.08799
1164.77174,0.09126
1162.84331,0.09433
1160.91488,0.09726
1158.98645,0.10075
1157.05802,0.10500
1155.12959,0.10946
1153.20116,0.11369
1151.27273,0.11735
1149.34430,0.12019
1147.41587,0.12274
1145.48744,0.12556
1143.55901,0.12805
1141.63058,0.12947
1139.70215,0.13019
1137.77372,0.13089
1135.84529,0.13179
1133.91686,0.13293
1131.98843,0.13473
1130.06000,0.13737
1128.13157,0.14018
1126.20314,0.14279
1124.27471,0.14579
1122.34628,0.14908
1120.41785,0.15233
1118.48942,0.15625
1116.56099,0.16116
1114.63256,0.16614
1112.70413,0.17016
1110.77570,0.17305
1108.84727,0.17558
1106.91884,0.17862
1104.99041,0.18222
1103.06198,0.18661
1101.13355,0.19243
1099.20512,0.19967
1097.27669,0.20776
1095.34826,0.21622
1093.41983,0.22432
1091.49140,0.23105
1089.56297,0.23629
1087.63454,0.23985
1085.70611,0.24119
1083.77768,0.24087
1081.84925,0.23966
1079.92082,0.23780
1077.99239,0.23535
1076.06396,0.23253
1074.13553,0.23001
1072.20710,0.22780
1070.27867,0.22553
1068.35024,0.22371
1066.42181,0.22235
1064.49338,0.22066
1062.56495,0.21844
1060.63652,0.21571
1058.70809,0.21249
1056.77966,0.20885
1054.85123,0.20471
1052.92280,0.20034
1050.99437,0.19597
1049.06594,0.19143
1047.13751,0.18627
1045.20908,0.18024
1043.28065,0.17371
1041.35222,0.16703
1039.42379,0.16006
1037.49536,0.15269
1035.56693,0.14493
1033.63850,0.13685
1031.71007,0.12876
1029.78164,0.12123
1027.85321,0.11424
1025.92478,0.10689
1023.99635,0.09919
1022.06792,0.09202
1020.13949,0.08586
1018.21106,0.08109
1016.28263,0.07730
1014.35420,0.07339
1012.42577,0.06924
1010.49734,0.06529
1008.56891,0.06143
1006.64048,0.05709
1004.71205,0.05214
1002.78362,0.04712
1000.85519,0.04255
998.92676,0.03870
996.99833,0.03583
995.06990,0.03384
993.14147,0.03240
991.21304,0.03137
989.28461,0.03083
987.35618,0.03061
985.42775,0.03052
983.49932,0.03052
981.57089,0.03056
979.64246,0.03071
977.71403,0.03092
975.78560,0.03078
973.85717,0.03038
971.92874,0.03010
970.00031,0.02958
968.07188,0.02888
966.14345,0.02860
964.21502,0.02860
962.28659,0.02838
960.35816,0.02766
958.42973,0.02647
956.50130,0.02547
954.57287,0.02489
952.64444,0.02447
950.71601,0.02411
948.78758,0.02378
946.85915,0.02333
944.93072,0.02284
943.00229,0.02219
941.07386,0.02134
939.14543,0.02075
937.21700,0.02045
935.28857,0.02002
933.36014,0.01946
931.43171,0.01890
929.50328,0.01819
927.57485,0.01721
925.64642,0.01608
923.71799,0.01528
921.78956,0.01507
919.86113,0.01493
917.93270,0.01442
916.00427,0.01379
914.07584,0.01329
912.14741,0.01309
910.21898,0.01298
908.29055,0.01246
906.36212,0.01170
904.43368,0.01117
902.50525,0.01068
900.57682,0.00992
898.64839,0.00916
896.71996,0.00891
894.79153,0.00907
892.86310,0.00913
890.93467,0.00893
889.00624,0.00848
887.07781,0.00795
885.14938,0.00762
883.22095,0.00733
881.29252,0.00704
879.36409,0.00703
877.43566,0.00727
875.50723,0.00728
873.57880,0.00710
871.65037,0.00693
869.72194,0.00687
867.79351,0.00681
865.86508,0.00649
863.93665,0.00625
862.00822,0.00668
860.07979,0.00725
858.15136,0.00700
856.22293,0.00672
854.29450,0.00772
852.36607,0.00914
850.43764,0.00968
848.50921,0.00976
846.58078,0.00993
844.65235,0.01027
842.72392,0.01117
840.79549,0.01246
838.86706,0.01373
836.93863,0.01550
835.01020,0.01789
833.08177,0.01974
831.15334,0.02026
829.22491,0.02042
827.29648,0.02167
825.36805,0.02349
823.43962,0.02450
821.51119,0.02530
819.58276,0.02667
817.65433,0.02786
815.72590,0.02868
813.79747,0.02948
811.86904,0.03022
809.94061,0.03116
808.01218,0.03253
806.08375,0.03365
804.15532,0.03387
802.22689,0.03363
800.29846,0.03390
798.37003,0.03466
796.44160,0.03516
794.51317,0.03489
792.58474,0.03399
790.65631,0.03302
788.72788,0.03228
786.79945,0.03154
784.87102,0.03048
782.94259,0.02934
781.01416,0.02830
779.08573,0.02695
777.15730,0.02497
775.22887,0.02238
773.30044,0.02020
771.37201,0.01951
769.44358,0.01928
767.51515,0.01834
765.58672,0.01726
763.65829,0.01650
761.72986,0.01624
759.80143,0.01676
757.87300,0.01732
755.94457,0.01706
754.01614,0.01685
752.08771,0.01773
750.15928,0.01880
748.23085,0.01865
746.30242,0.01771
744.37399,0.01743
742.44556,0.01777
740.51713,0.01787
738.58870,0.01797
736.66027,0.01853
734.73184,0.01937
732.80341,0.01985
730.87498,0.01929
728.94655,0.01767
727.01812,0.01600
725.08969,0.01572
723.16126,0.01837
721.23283,0.02045
719.30440,0.02089
717.37597,0.02024
715.44754,0.01973
713.51911,0.01949
711.59068,0.01939
709.66225,0.01945
707.73382,0.01952
705.80539,0.01963
703.87696,0.02068
701.94853,0.02288
700.02010,0.02497
698.09167,0.02587
696.16324,0.02547
694.23481,0.02432
692.30638,0.02325
690.37795,0.02258
688.44952,0.02179
686.52109,0.02118
684.59266,0.02164
682.66423,0.02235
680.73580,0.02213
678.80737,0.02223
676.87894,0.02426
674.95051,0.02743
673.02208,0.03161
671.09365,0.03869
669.16522,0.04600
667.23679,0.04762
665.30836,0.04851
663.37993,0.05485
661.45150,0.06356
659.52307,0.06772
657.59464,0.06456
655.66621,0.05613
653.73778,0.04553
651.80935,0.03567
649.88092,0.03032
647.95249,0.03068
646.02406,0.03251
644.09563,0.03183
642.16720,0.02913
640.23877,0.02726
638.31034,0.02629
636.38191,0.02686
634.45348,0.02712
632.52505,0.02659
630.59662,0.02587
628.66819,0.02421
626.73976,0.01991
624.81133,0.01585
622.88290,0.01602
620.95447,0.02046
619.02604,0.02639
617.09761,0.02981
615.16918,0.02539
613.24075,0.02057
611.31232,0.01668
609.38389,0.01162
607.45546,0.00731
605.52703,0.00623
603.59860,0.00122
601.67017,0.00000
599.74174,0.00000
