4001.49232,0.00210
3999.56389,0.00456
3997.63546,0.00498
3995.70703,0.00413
3993.77860,0.00316
3991.85017,0.00248
3989.92174,0.00187
3987.99331,0.00112
3986.06488,0.00062
3984.13645,0.00086
3982.20802,0.00143
3980.27959,0.00191
3978.35116,0.00221
3976.42273,0.00216
3974.49430,0.00162
3972.56587,0.00113
3970.63744,0.00106
3968.70901,0.00104
3966.78058,0.00086
3964.85215,0.00092
3962.92372,0.00129
3960.99529,0.00121
3959.06686,0.00051
3957.13843,0.00000
3955.21000,0.00010
3953.28157,0.00042
3951.35314,0.00076
3949.42471,0.00118
3947.49628,0.00137
3945.56785,0.00123
3943.63942,0.00097
3941.71099,0.00056
3939.78256,0.00033
3937.85413,0.00066
3935.92570,0.00144
3933.99727,0.00210
3932.06884,0.00178
3930.14041,0.00073
3928.21198,0.00016
3926.28355,0.00009
3924.35512,0.00012
3922.42669,0.00070
3920.49826,0.00177
3918.56982,0.00232
3916.64139,0.00167
3914.71296,0.00064
3912.78453,0.00044
3910.85610,0.00099
3908.92767,0.00198
3906.99924,0.00325
3905.07081,0.00454
3903.14238,0.00529
3901.21395,0.00420
3899.28552,0.00202
3897.35709,0.00149
3895.42866,0.00313
3893.50023,0.00462
3891.57180,0.00444
3889.64337,0.00438
3887.71494,0.00583
3885.78651,0.00654
3883.85808,0.00585
3881.92965,0.00555
3880.00122,0.00481
3878.07279,0.00415
3876.14436,0.00562
3874.21593,0.00802
3872.28750,0.00925
3870.35907,0.00840
3868.43064,0.00690
3866.50221,0.00685
3864.57378,0.00687
3862.64535,0.00636
3860.71692,0.00714
3858.78849,0.00999
3856.86006,0.01371
3854.93163,0.01434
3853.00320,0.00872
3851.07477,0.00319
3849.14634,0.00365
3847.21791,0.00685
3845.28948,0.00890
3843.36105,0.00919
3841.43262,0.00848
3839.50419,0.00718
3837.57576,0.00588
3835.64733,0.00556
3833.71890,0.00630
3831.79047,0.00676
3829.86204,0.00669
3827.93361,0.00680
3826.00518,0.00760
3824.07675,0.00928
3822.14832,0.01012
3820.21989,0.00907
3818.29146,0.00759
3816.36303,0.00570
3814.43460,0.00361
3812.50617,0.00399
3810.57774,0.00621
3808.64931,0.00753
3806.72088,0.00767
3804.79245,0.00816
3802.86402,0.00797
3800.93559,0.00538
3799.00716,0.00300
3797.07873,0.00208
3795.15030,0.00141
3793.22187,0.00138
3791.29344,0.00218
3789.36501,0.00280
3787.43658,0.00276
3785.50815,0.00223
3783.57972,0.00209
3781.65129,0.00233
3779.72286,0.00159
3777.79443,0.00016
3775.86600,0.00000
3773.93757,0.00125
3772.00914,0.00274
3770.08071,0.00348
3768.15228,0.00346
3766.22385,0.00345
3764.29542,0.00425
3762.36699,0.00620
3760.43856,0.00817
3758.51013,0.00939
3756.58170,0.01106
3754.65327,0.01341
3752.72484,0.01451
3750.79641,0.01444
3748.86798,0.01620
3746.93955,0.01932
3745.01112,0.02018
3743.08269,0.01677
3741.15426,0.01414
3739.22583,0.01449
3737.29740,0.01532
3735.36897,0.01452
3733.44054,0.01166
3731.51211,0.00934
3729.58368,0.00951
3727.65525,0.01073
3725.72682,0.01063
3723.79839,0.00865
3721.86996,0.00581
3719.94153,0.00372
3718.01310,0.00391
3716.08467,0.00607
3714.15624,0.00774
3712.22781,0.00630
3710.29938,0.00285
3708.37095,0.00074
3706.44252,0.00124
3704.51409,0.00243
3702.58566,0.00240
3700.65723,0.00163
3698.72880,0.00169
3696.80037,0.00262
3694.87194,0.00389
3692.94351,0.00492
3691.01508,0.00423
3689.08665,0.00189
3687.15822,0.00048
3685.22979,0.00146
3683.30136,0.00367
3681.37293,0.00580
3679.44450,0.00807
3677.51607,0.00988
3675.58764,0.00874
3673.65921,0.00579
3671.73078,0.00450
3669.80235,0.00290
3667.87392,0.00112
3665.94549,0.00116
3664.01706,0.00222
3662.08863,0.00322
3660.16020,0.00439
3658.23177,0.00520
3656.30334,0.00511
3654.37491,0.00543
3652.44648,0.00670
3650.51805,0.00621
3648.58962,0.00297
3646.66119,0.00000
3644.73276,0.00079
3642.80433,0.00293
3640.87590,0.00354
3638.94747,0.00330
3637.01904,0.00371
3635.09061,0.00473
3633.16218,0.00600
3631.23375,0.00683
3629.30532,0.00483
3627.37689,0.00116
3625.44846,0.00098
3623.52003,0.00380
3621.59160,0.00546
3619.66317,0.00464
3617.73474,0.00392
3615.80631,0.00494
3613.87788,0.00627
3611.94945,0.00685
3610.02102,0.00706
3608.09259,0.00640
3606.16416,0.00476
3604.23573,0.00383
3602.30730,0.00410
3600.37887,0.00451
3598.45044,0.00455
3596.52201,0.00433
3594.59358,0.00407
3592.66515,0.00438
3590.73672,0.00565
3588.80829,0.00608
3586.87986,0.00385
3584.95143,0.00129
3583.02300,0.00088
3581.09457,0.00142
3579.16614,0.00130
3577.23771,0.00077
3575.30928,0.00063
3573.38085,0.00111
3571.45242,0.00196
3569.52399,0.00233
3567.59556,0.00144
3565.66713,0.00040
3563.73870,0.00062
3561.81027,0.00146
3559.88184,0.00144
3557.95341,0.00079
3556.02498,0.00060
3554.09655,0.00079
3552.16812,0.00084
3550.23969,0.00137
3548.31126,0.00268
3546.38283,0.00307
3544.45440,0.00168
3542.52597,0.00039
3540.59754,0.00041
3538.66911,0.00073
3536.74068,0.00052
3534.81225,0.00011
3532.88382,0.00018
3530.95539,0.00095
3529.02696,0.00202
3527.09853,0.00278
3525.17010,0.00260
3523.24167,0.00167
3521.31324,0.00106
3519.38481,0.00084
3517.45638,0.00044
3515.52795,-0.00003
3513.59952,-0.00024
3511.67109,-0.00015
3509.74266,0.00017
3507.81423,0.00075
3505.88580,0.00163
3503.95737,0.00247
3502.02894,0.00266
3500.10051,0.00193
3498.17208,0.00082
3496.24365,0.00002
3494.31522,0.00000
3492.38679,0.00061
3490.45836,0.00123
3488.52993,0.00153
3486.60150,0.00178
3484.67307,0.00208
3482.74464,0.00191
3480.81621,0.00121
3478.88778,0.00067
3476.95935,0.00084
3475.03092,0.00155
3473.10249,0.00190
3471.17406,0.00153
3469.24563,0.00121
3467.31720,0.00137
3465.38877,0.00139
3463.46034,0.00101
3461.53191,0.00058
3459.60348,0.00017
3457.67505,0.00000
3455.74662,0.00044
3453.81819,0.00125
3451.88976,0.00184
3449.96133,0.00206
3448.03290,0.00170
3446.10447,0.00097
3444.17604,0.00078
3442.24761,0.00116
3440.31918,0.00158
3438.39075,0.00181
3436.46232,0.00182
3434.53389,0.00165
3432.60546,0.00136
3430.67703,0.00100
3428.74860,0.00057
3426.82017,0.00026
3424.89174,0.00067
3422.96331,0.00160
3421.03488,0.00207
3419.10645,0.00188
3417.17802,0.00150
3415.24959,0.00129
3413.32116,0.00151
3411.39273,0.00177
3409.46430,0.00179
3407.53587,0.00179
3405.60744,0.00171
3403.67901,0.00135
3401.75058,0.00113
3399.82215,0.00285
3397.89372,0.00325
3395.96529,0.00314
3394.03686,0.00329
3392.10843,0.00331
3390.18000,0.00274
3388.25157,0.00251
3386.32314,0.00294
3384.39471,0.00278
3382.46628,0.00183
3380.53785,0.00110
3378.60942,0.00088
3376.68099,0.00093
3374.75256,0.00109
3372.82413,0.00126
3370.89570,0.00183
3368.96727,0.00282
3367.03884,0.00364
3365.11041,0.00390
3363.18198,0.00357
3361.25355,0.00293
3359.32512,0.00253
3357.39669,0.00258
3355.46826,0.00262
3353.53983,0.00229
3351.61140,0.00184
3349.68297,0.00155
3347.75454,0.00142
3345.82611,0.00149
3343.89768,0.00185
3341.96925,0.00245
3340.04082,0.00296
3338.11239,0.00308
3336.18396,0.00297
3334.25553,0.00276
3332.32710,0.00256
3330.39867,0.00287
3328.47024,0.00391
3326.54181,0.00483
3324.61338,0.00484
3322.68495,0.00431
3320.75652,0.00388
3318.82809,0.00382
3316.89966,0.00397
3314.97122,0.00391
3313.04279,0.00388
3311.11436,0.00434
3309.18593,0.00479
3307.25750,0.00438
3305.32907,0.00349
3303.40064,0.00319
3301.47221,0.00369
3299.54378,0.00430
3297.61535,0.00444
3295.68692,0.00442
3293.75849,0.00489
3291.83006,0.00552
3289.90163,0.00551
3287.97320,0.00511
3286.04477,0.00512
3284.11634,0.00561
3282.18791,0.00605
3280.25948,0.00624
3278.33105,0.00630
3276.40262,0.00625
3274.47419,0.00594
3272.54576,0.00524
3270.61733,0.00458
3268.68890,0.00464
3266.76047,0.00526
3264.83204,0.00568
3262.90361,0.00572
3260.97518,0.00557
3259.04675,0.00551
3257.11832,0.00586
3255.18989,0.00615
3253.26146,0.00573
3251.33303,0.00508
3249.40460,0.00495
3247.47617,0.00548
3245.54774,0.00618
3243.61931,0.00639
3241.69088,0.00599
3239.76245,0.00543
3237.83402,0.00529
3235.90559,0.00557
3233.97716,0.00589
3232.04873,0.00592
3230.12030,0.00564
3228.19187,0.00521
3226.26344,0.00475
3224.33501,0.00464
3222.40658,0.00499
3220.47815,0.00511
3218.54972,0.00473
3216.62129,0.00440
3214.69286,0.00433
3212.76443,0.00440
3210.83600,0.00448
3208.90757,0.00420
3206.97914,0.00359
3205.05071,0.00334
3203.12228,0.00380
3201.19385,0.00458
3199.26542,0.00501
3197.33699,0.00466
3195.40856,0.00363
3193.48013,0.00261
3191.55170,0.00222
3189.62327,0.00242
3187.69484,0.00294
3185.76641,0.00318
3183.83798,0.00295
3181.90955,0.00294
3179.98112,0.00347
3178.05269,0.00399
3176.12426,0.00412
3174.19583,0.00390
3172.26740,0.00336
3170.33897,0.00273
3168.41054,0.00243
3166.48211,0.00252
3164.55368,0.00267
3162.62525,0.00270
3160.69682,0.00258
3158.76839,0.00231
3156.83996,0.00199
3154.91153,0.00164
3152.98310,0.00144
3151.05467,0.00161
3149.12624,0.00194
3147.19781,0.00217
3145.26938,0.00224
3143.34095,0.00202
3141.41252,0.00146
3139.48409,0.00087
3137.55566,0.00086
3135.62723,0.00157
3133.69880,0.00218
3131.77037,0.00198
3129.84194,0.00152
3127.91351,0.00162
3125.98508,0.00215
3124.05665,0.00257
3122.12822,0.00257
3120.19979,0.00235
3118.27136,0.00228
3116.34293,0.00228
3114.41450,0.00214
3112.48607,0.00200
3110.55764,0.00194
3108.62921,0.00175
3106.70078,0.00139
3104.77235,0.00143
3102.84392,0.00206
3100.91549,0.00241
3098.98706,0.00203
3097.05863,0.00154
3095.13020,0.00125
3093.20177,0.00104
3091.27334,0.00097
3089.34491,0.00084
3087.41648,0.00044
3085.48805,0.00022
3083.55962,0.00071
3081.63119,0.00151
3079.70276,0.00172
3077.77433,0.00113
3075.84590,0.00039
3073.91747,0.00000
3071.98904,0.00003
3070.06061,0.00033
3068.13218,0.00087
3066.20375,0.00149
3064.27532,0.00171
3062.34689,0.00145
3060.41846,0.00127
3058.49003,0.00149
3056.56160,0.00173
3054.63317,0.00150
3052.70474,0.00106
3050.77631,0.00105
3048.84788,0.00122
3046.91945,0.00103
3044.99102,0.00065
3043.06259,0.00028
3041.13416,0.00000
3039.20573,0.00014
3037.27730,0.00079
3035.34887,0.00141
3033.42044,0.00174
3031.49201,0.00173
3029.56358,0.00141
3027.63515,0.00115
3025.70672,0.00105
3023.77829,0.00089
3021.84986,0.00077
3019.92143,0.00074
3017.99300,0.00078
3016.06457,0.00110
3014.13614,0.00164
3012.20771,0.00200
3010.27928,0.00192
3008.35085,0.00153
3006.42242,0.00113
3004.49399,0.00083
3002.56556,0.00058
3000.63713,0.00031
2998.70870,0.00000
2996.78027,0.00045
2994.85184,0.00092
2992.92341,0.00081
2990.99498,0.00045
2989.06655,0.00049
2987.13812,0.00080
2985.20969,0.00085
2983.28126,0.00065
2981.35283,0.00065
2979.42440,0.00105
2977.49597,0.00166
2975.56754,0.00191
2973.63911,0.00149
2971.71068,0.00090
2969.78225,0.00075
2967.85382,0.00097
2965.92539,0.00115
2963.99696,0.00106
2962.06853,0.00081
2960.14010,0.00063
2958.21167,0.00067
2956.28324,0.00087
2954.35481,0.00114
2952.42638,0.00134
2950.49795,0.00122
2948.56952,0.00089
2946.64109,0.00088
2944.71266,0.00124
2942.78423,0.00155
2940.85580,0.00168
2938.92737,0.00158
2936.99894,0.00127
2935.07051,0.00108
2933.14208,0.00115
2931.21365,0.00120
2929.28522,0.00113
2927.35679,0.00118
2925.42836,0.00137
2923.49993,0.00140
2921.57150,0.00124
2919.64307,0.00091
2917.71464,0.00048
2915.78621,0.00026
2913.85778,0.00035
2911.92935,0.00047
2910.00092,0.00033
2908.07249,-0.00005
2906.14406,-0.00024
2904.21563,-0.00005
2902.28720,0.00022
2900.35877,0.00031
2898.43034,0.00037
2896.50191,0.00050
2894.57348,0.00057
2892.64505,0.00049
2890.71662,0.00031
2888.78819,0.00015
2886.85976,0.00024
2884.93133,0.00042
2883.00290,0.00043
2881.07447,0.00044
2879.14604,0.00054
2877.21761,0.00061
2875.28918,0.00068
2873.36075,0.00079
2871.43232,0.00084
2869.50389,0.00073
2867.57546,0.00065
2865.64703,0.00061
2863.71860,0.00048
2861.79017,0.00035
2859.86174,0.00015
2857.93331,0.00000
2856.00488,0.00029
2854.07645,0.00091
2852.14802,0.00126
2850.21959,0.00108
2848.29116,0.00070
2846.36273,0.00046
2844.43430,0.00034
2842.50587,0.00032
2840.57744,0.00047
2838.64901,0.00075
2836.72058,0.00089
2834.79215,0.00077
2832.86372,0.00047
2830.93529,0.00009
2829.00686,0.00000
2827.07843,0.00036
2825.15000,0.00073
2823.22157,0.00072
2821.29314,0.00054
2819.36471,0.00035
2817.43628,0.00017
2815.50785,0.00019
2813.57942,0.00049
2811.65099,0.00083
2809.72256,0.00097
2807.79413,0.00082
2805.86570,0.00045
2803.93727,0.00017
2802.00884,0.00021
2800.08041,0.00034
2798.15198,0.00037
2796.22355,0.00039
2794.29512,0.00050
2792.36669,0.00061
2790.43826,0.00063
2788.50983,0.00057
2786.58140,0.00049
2784.65297,0.00041
2782.72454,0.00034
2780.79611,0.00028
2778.86768,0.00015
2776.93925,0.00002
2775.01082,0.00005
2773.08239,0.00019
2771.15396,0.00033
2769.22553,0.00045
2767.29710,0.00051
2765.36867,0.00057
2763.44024,0.00075
2761.51181,0.00094
2759.58338,0.00098
2757.65495,0.00093
2755.72652,0.00094
2753.79809,0.00096
2751.86966,0.00081
2749.94123,0.00063
2748.01280,0.00065
2746.08437,0.00091
2744.15594,0.00110
2742.22751,0.00104
2740.29908,0.00097
2738.37065,0.00101
2736.44222,0.00107
2734.51379,0.00099
2732.58536,0.00075
2730.65693,0.00051
2728.72850,0.00038
2726.80007,0.00038
2724.87164,0.00057
2722.94321,0.00071
2721.01478,0.00070
2719.08635,0.00078
2717.15792,0.00099
2715.22949,0.00093
2713.30105,0.00055
2711.37262,0.00043
2709.44419,0.00072
2707.51576,0.00087
2705.58733,0.00073
2703.65890,0.00055
2701.73047,0.00027
2699.80204,0.00000
2697.87361,0.00001
2695.94518,0.00039
2694.01675,0.00086
2692.08832,0.00101
2690.15989,0.00083
2688.23146,0.00058
2686.30303,0.00039
2684.37460,0.00031
2682.44617,0.00044
2680.51774,0.00070
2678.58931,0.00073
2676.66088,0.00040
2674.73245,0.00015
2672.80402,0.00023
2670.87559,0.00049
2668.94716,0.00059
2667.01873,0.00043
2665.09030,0.00032
2663.16187,0.00037
2661.23344,0.00032
2659.30501,0.00026
2657.37658,0.00039
2655.44815,0.00057
2653.51972,0.00072
2651.59129,0.00082
2649.66286,0.00073
2647.73443,0.00042
2645.80600,0.00026
2643.87757,0.00039
2641.94914,0.00044
2640.02071,0.00045
2638.09228,0.00065
2636.16385,0.00079
2634.23542,0.00079
2632.30699,0.00083
2630.37856,0.00076
2628.45013,0.00048
2626.52170,0.00030
2624.59327,0.00046
2622.66484,0.00081
2620.73641,0.00101
2618.80798,0.00093
2616.87955,0.00074
2614.95112,0.00069
2613.02269,0.00081
2611.09426,0.00096
2609.16583,0.00102
2607.23740,0.00082
2605.30897,0.00033
2603.38054,0.00000
2601.45211,0.00020
2599.52368,0.00070
2597.59525,0.00103
2595.66682,0.00119
2593.73839,0.00121
2591.80996,0.00104
2589.88153,0.00075
2587.95310,0.00055
2586.02467,0.00051
2584.09624,0.00058
2582.16781,0.00075
2580.23938,0.00092
2578.31095,0.00087
2576.38252,0.00080
2574.45409,0.00101
2572.52566,0.00122
2570.59723,0.00106
2568.66880,0.00072
2566.74037,0.00057
2564.81194,0.00059
2562.88351,0.00056
2560.95508,0.00049
2559.02665,0.00053
2557.09822,0.00066
2555.16979,0.00071
2553.24136,0.00061
2551.31293,0.00041
2549.38450,0.00015
2547.45607,0.00013
2545.52764,0.00041
2543.59921,0.00056
2541.67078,0.00047
2539.74235,0.00046
2537.81392,0.00042
2535.88549,0.00014
2533.95706,-0.00007
2532.02863,-0.00000
2530.10020,0.00019
2528.17177,0.00041
2526.24334,0.00063
2524.31491,0.00060
2522.38648,0.00024
2520.45805,-0.00011
2518.52962,-0.00011
2516.60119,-0.00000
2514.67276,0.00003
2512.74433,0.00020
2510.81590,0.00049
2508.88747,0.00053
2506.95904,0.00032
2505.03061,0.00018
2503.10218,0.00016
2501.17375,0.00019
2499.24532,0.00029
2497.31689,0.00020
2495.38846,-0.00000
2493.46003,0.00000
2491.53160,0.00018
2489.60317,0.00035
2487.67474,0.00037
2485.74631,0.00031
2483.81788,0.00042
2481.88945,0.00056
2479.96102,0.00053
2478.03259,0.00030
2476.10416,0.00009
2474.17573,0.00010
2472.24730,0.00026
2470.31887,0.00044
2468.39044,0.00052
2466.46201,0.00050
2464.53358,0.00042
2462.60515,0.00034
2460.67672,0.00041
2458.74829,0.00062
2456.81986,0.00067
2454.89143,0.00045
2452.96300,0.00020
2451.03457,0.00010
2449.10614,0.00007
2447.17771,0.00004
2445.24928,0.00003
2443.32085,0.00000
2441.39242,0.00001
2439.46399,0.00016
2437.53556,0.00027
2435.60713,0.00014
2433.67870,0.00001
2431.75027,0.00008
2429.82184,0.00011
2427.89341,-0.00001
2425.96498,-0.00003
2424.03655,-0.00003
2422.10812,-0.00003
2420.17969,-0.00003
2418.25126,-0.00003
2416.32283,-0.00003
2414.39440,-0.00002
2412.46597,-0.00002
2410.53754,-0.00001
2408.60911,-0.00001
2406.68068,-0.00001
2404.75225,-0.00000
2402.82382,0.00000
2400.89539,0.00000
2398.96696,-0.00003
2397.03853,-0.00006
2395.11010,-0.00009
2393.18167,-0.00012
2391.25324,-0.00015
2389.32481,-0.00018
2387.39638,-0.00020
2385.46795,-0.00023
2383.53952,-0.00025
2381.61109,-0.00027
2379.68266,-0.00030
2377.75423,-0.00032
2375.82580,-0.00034
2373.89737,-0.00036
2371.96894,-0.00037
2370.04051,-0.00039
2368.11208,-0.00041
2366.18365,-0.00042
2364.25522,-0.00044
2362.32679,-0.00045
2360.39836,-0.00046
2358.46993,-0.00047
2356.54150,-0.00048
2354.61307,-0.00049
2352.68464,-0.00050
2350.75621,-0.00051
2348.82778,-0.00051
2346.89935,-0.00052
2344.97092,-0.00052
2343.04249,-0.00053
2341.11406,-0.00053
2339.18563,-0.00053
2337.25720,-0.00053
2335.32877,-0.00053
2333.40034,-0.00053
2331.47191,-0.00053
2329.54348,-0.00052
2327.61505,-0.00052
2325.68662,-0.00051
2323.75819,-0.00051
2321.82976,-0.00050
2319.90133,-0.00049
2317.97290,-0.00048
2316.04447,-0.00047
2314.11604,-0.00046
2312.18761,-0.00045
2310.25918,-0.00044
2308.33075,-0.00042
2306.40232,-0.00041
2304.47389,-0.00039
2302.54546,-0.00037
2300.61703,-0.00036
2298.68860,-0.00034
2296.76017,-0.00032
2294.83174,-0.00030
2292.90331,-0.00027
2290.97488,-0.00025
2289.04645,-0.00023
2287.11802,-0.00020
2285.18959,-0.00018
2283.26116,-0.00015
2281.33273,-0.00012
2279.40430,-0.00009
2277.47587,-0.00006
2275.54744,-0.00003
2273.61901,0.00000
2271.69058,0.00003
2269.76215,0.00005
2267.83372,0.00008
2265.90529,0.00011
2263.97686,0.00014
2262.04843,0.00017
2260.12000,0.00020
2258.19157,0.00023
2256.26314,0.00026
2254.33471,0.00030
2252.40628,0.00033
2250.47785,0.00037
2248.54942,0.00040
2246.62099,0.00044
2244.69256,0.00048
2242.76413,0.00052
2240.83570,0.00061
2238.90727,0.00062
2236.97884,0.00046
2235.05041,0.00028
2233.12198,0.00015
2231.19355,0.00017
2229.26512,0.00038
2227.33669,0.00062
2225.40826,0.00068
2223.47983,0.00045
2221.55140,0.00012
2219.62297,0.00000
2217.69454,0.00008
2215.76611,0.00022
2213.83768,0.00034
2211.90925,0.00041
2209.98082,0.00036
2208.05239,0.00030
2206.12396,0.00034
2204.19553,0.00036
2202.26710,0.00029
2200.33867,0.00033
2198.41024,0.00042
2196.48181,0.00030
2194.55338,0.00015
2192.62495,0.00026
2190.69652,0.00046
2188.76809,0.00045
2186.83966,0.00031
2184.91123,0.00018
2182.98280,0.00008
2181.05437,0.00007
2179.12594,0.00017
2177.19751,0.00027
2175.26908,0.00035
2173.34065,0.00034
2171.41222,0.00016
2169.48379,0.00001
2167.55536,0.00000
2165.62693,0.00006
2163.69850,0.00022
2161.77007,0.00034
2159.84164,0.00028
2157.91321,0.00016
2155.98478,0.00014
2154.05635,0.00018
2152.12792,0.00020
2150.19949,0.00033
2148.27106,0.00052
2146.34263,0.00045
2144.41420,0.00018
2142.48577,0.00012
2140.55734,0.00033
2138.62891,0.00056
2136.70048,0.00066
2134.77205,0.00064
2132.84362,0.00051
2130.91519,0.00040
2128.98676,0.00040
2127.05833,0.00040
2125.12990,0.00025
2123.20147,0.00005
2121.27304,0.00000
2119.34461,0.00006
2117.41618,0.00015
2115.48775,0.00022
2113.55932,0.00013
2111.63089,-0.00001
2109.70245,-0.00002
2107.77402,0.00019
2105.84559,0.00052
2103.91716,0.00067
2101.98873,0.00056
2100.06030,0.00036
2098.13187,0.00021
2096.20344,0.00012
2094.27501,0.00015
2092.34658,0.00015
2090.41815,0.00010
2088.48972,0.00011
2086.56129,0.00019
2084.63286,0.00033
2082.70443,0.00050
2080.77600,0.00060
2078.84757,0.00056
2076.91914,0.00046
2074.99071,0.00050
2073.06228,0.00064
2071.13385,0.00076
2069.20542,0.00079
2067.27699,0.00075
2065.34856,0.00081
2063.42013,0.00088
2061.49170,0.00087
2059.56327,0.00079
2057.63484,0.00067
2055.70641,0.00045
2053.77798,0.00013
2051.84955,0.00000
2049.92112,0.00022
2047.99269,0.00069
2046.06426,0.00111
2044.13583,0.00129
2042.20740,0.00115
2040.27897,0.00095
2038.35054,0.00088
2036.42211,0.00089
2034.49368,0.00097
2032.56525,0.00098
2030.63682,0.00094
2028.70839,0.00110
2026.77996,0.00132
2024.85153,0.00134
2022.92310,0.00116
2020.99467,0.00084
2019.06624,0.00038
2017.13781,0.00000
2015.20938,0.00008
2013.28095,0.00049
2011.35252,0.00083
2009.42409,0.00111
2007.49566,0.00123
2005.56723,0.00104
2003.63880,0.00078
2001.71037,0.00063
1999.78194,0.00055
1997.85351,0.00053
1995.92508,0.00068
1993.99665,0.00080
1992.06822,0.00065
1990.13979,0.00035
1988.21136,0.00038
1986.28293,0.00064
1984.35450,0.00058
1982.42607,0.00031
1980.49764,0.00012
1978.56921,-0.00008
1976.64078,-0.00021
1974.71235,-0.00006
1972.78392,0.00026
1970.85549,0.00041
1968.92706,0.00020
1966.99863,0.00000
1965.07020,0.00028
1963.14177,0.00052
1961.21334,0.00044
1959.28491,0.00045
1957.35648,0.00050
1955.42805,0.00028
1953.49962,0.00009
1951.57119,0.00013
1949.64276,0.00019
1947.71433,0.00014
1945.78590,0.00012
1943.85747,0.00010
1941.92904,0.00003
1940.00061,0.00019
1938.07218,0.00041
1936.14375,0.00030
1934.21532,0.00006
1932.28689,0.00002
1930.35846,0.00019
1928.43003,0.00040
1926.50160,0.00047
1924.57317,0.00025
1922.64474,0.00005
1920.71631,0.00013
1918.78788,0.00016
1916.85945,0.00016
1914.93102,0.00051
1913.00259,0.00087
1911.07416,0.00078
1909.14573,0.00060
1907.21730,0.00064
1905.28887,0.00072
1903.36044,0.00070
1901.43201,0.00073
1899.50358,0.00081
1897.57515,0.00081
1895.64672,0.00074
1893.71829,0.00068
1891.78986,0.00047
1889.86143,0.00016
1887.93300,0.00036
1886.00457,0.00098
1884.07614,0.00142
1882.14771,0.00158
1880.21928,0.00159
1878.29085,0.00155
1876.36242,0.00159
1874.43399,0.00185
1872.50556,0.00206
1870.57713,0.00152
1868.64870,0.00038
1866.72027,0.00000
1864.79184,0.00060
1862.86341,0.00128
1860.93498,0.00166
1859.00655,0.00198
1857.07812,0.00226
1855.14969,0.00240
1853.22126,0.00247
1851.29283,0.00246
1849.36440,0.00229
1847.43597,0.00206
1845.50754,0.00186
1843.57911,0.00172
1841.65068,0.00184
1839.72225,0.00206
1837.79382,0.00213
1835.86539,0.00240
1833.93696,0.00252
1832.00853,0.00160
1830.08010,0.00019
1828.15167,-0.00011
1826.22324,0.00032
1824.29481,0.00057
1822.36638,0.00082
1820.43795,0.00128
1818.50952,0.00170
1816.58109,0.00170
1814.65266,0.00118
1812.72423,0.00043
1810.79580,0.00000
1808.86737,0.00024
1806.93894,0.00085
1805.01051,0.00144
1803.08208,0.00179
1801.15365,0.00181
1799.22522,0.00186
1797.29679,0.00215
1795.36836,0.00205
1793.43993,0.00101
1791.51150,0.00037
1789.58307,0.00163
1787.65464,0.00353
1785.72621,0.00431
1783.79778,0.00372
1781.86935,0.00267
1779.94092,0.00229
1778.01249,0.00270
1776.08406,0.00253
1774.15563,0.00094
1772.22720,-0.00039
1770.29877,0.00076
1768.37034,0.00289
1766.44191,0.00385
1764.51348,0.00350
1762.58505,0.00267
1760.65662,0.00249
1758.72819,0.00307
1756.79976,0.00367
1754.87133,0.00415
1752.94290,0.00429
1751.01447,0.00340
1749.08604,0.00196
1747.15761,0.00187
1745.22918,0.00287
1743.30075,0.00358
1741.37232,0.00368
1739.44389,0.00386
1737.51546,0.00443
1735.58703,0.00430
1733.65860,0.00309
1731.73017,0.00267
1729.80174,0.00330
1727.87331,0.00417
1725.94488,0.00485
1724.01645,0.00547
1722.08802,0.00571
1720.15959,0.00437
1718.23116,0.00154
1716.30273,0.00072
1714.37430,0.00313
1712.44587,0.00623
1710.51744,0.00795
1708.58901,0.00825
1706.66058,0.00851
1704.73215,0.01024
1702.80372,0.01262
1700.87529,0.01364
1698.94686,0.01282
1697.01843,0.01223
1695.09000,0.01334
1693.16157,0.01535
1691.23314,0.01677
1689.30471,0.01676
1687.37628,0.01562
1685.44785,0.01390
1683.51942,0.01355
1681.59099,0.01543
1679.66256,0.01787
1677.73413,0.01919
1675.80570,0.01934
1673.87727,0.01866
1671.94884,0.01730
1670.02041,0.01629
1668.09198,0.01762
1666.16355,0.01986
1664.23512,0.02067
1662.30669,0.02095
1660.37826,0.02287
1658.44983,0.02518
1656.52140,0.02545
1654.59297,0.02356
1652.66454,0.02218
1650.73611,0.02382
1648.80768,0.02445
1646.87925,0.02171
1644.95082,0.02068
1643.02239,0.02244
1641.09396,0.02340
1639.16553,0.02165
1637.23710,0.01803
1635.30867,0.01550
1633.38024,0.01605
1631.45181,0.01729
1629.52338,0.01674
1627.59495,0.01486
1625.66652,0.01318
1623.73809,0.01206
1621.80966,0.01196
1619.88123,0.01183
1617.95280,0.00988
1616.02437,0.00760
1614.09594,0.00762
1612.16751,0.00839
1610.23908,0.00767
1608.31065,0.00595
1606.38222,0.00481
1604.45379,0.00435
1602.52536,0.00409
1600.59693,0.00396
1598.66850,0.00380
1596.74007,0.00355
1594.81164,0.00340
1592.88321,0.00349
1590.95478,0.00371
1589.02635,0.00401
1587.09792,0.00442
1585.16949,0.00506
1583.24106,0.00611
1581.31263,0.00713
1579.38420,0.00706
1577.45577,0.00586
1575.52734,0.00571
1573.59891,0.00761
1571.67048,0.00906
1569.74205,0.00898
1567.81362,0.00938
1565.88519,0.01107
1563.95676,0.01266
1562.02833,0.01267
1560.09990,0.01125
1558.17147,0.01052
1556.24304,0.01268
1554.31461,0.01563
1552.38618,0.01739
1550.45775,0.01796
1548.52932,0.01834
1546.60089,0.01811
1544.67246,0.01602
1542.74403,0.01237
1540.81560,0.00927
1538.88717,0.01126
1536.95874,0.01559
1535.03031,0.01722
1533.10188,0.01587
1531.17345,0.01528
1529.24502,0.01575
1527.31659,0.01564
1525.38816,0.01495
1523.45973,0.01379
1521.53130,0.01307
1519.60287,0.01391
1517.67444,0.01436
1515.74601,0.01430
1513.81758,0.01488
1511.88915,0.01492
1509.96072,0.01260
1508.03229,0.00785
1506.10385,0.00474
1504.17542,0.00703
1502.24699,0.01060
1500.31856,0.01075
1498.39013,0.00779
1496.46170,0.00567
1494.53327,0.00590
1492.60484,0.00572
1490.67641,0.00344
1488.74798,0.00140
1486.81955,0.00174
1484.89112,0.00321
1482.96269,0.00401
1481.03426,0.00414
1479.10583,0.00417
1477.17740,0.00368
1475.24897,0.00190
1473.32054,0.00000
1471.39211,0.00064
1469.46368,0.00338
1467.53525,0.00516
1465.60682,0.00508
1463.67839,0.00500
1461.74996,0.00498
1459.82153,0.00298
1457.89310,-0.00019
1455.96467,-0.00031
1454.03624,0.00211
1452.10781,0.00401
1450.17938,0.00385
1448.25095,0.00253
1446.32252,0.00178
1444.39409,0.00200
1442.46566,0.00240
1440.53723,0.00246
1438.60880,0.00217
1436.68037,0.00181
1434.75194,0.00185
1432.82351,0.00219
1430.89508,0.00216
1428.96665,0.00203
1427.03822,0.00221
1425.10979,0.00235
1423.18136,0.00262
1421.25293,0.00315
1419.32450,0.00327
1417.39607,0.00273
1415.46764,0.00241
1413.53921,0.00224
1411.61078,0.00187
1409.68235,0.00165
1407.75392,0.00153
1405.82549,0.00136
1403.89706,0.00148
1401.96863,0.00188
1400.04020,0.00204
1398.11177,0.00180
1396.18334,0.00133
1394.25491,0.00141
1392.32648,0.00255
1390.39805,0.00355
1388.46962,0.00313
1386.54119,0.00187
1384.61276,0.00129
1382.68433,0.00152
1380.75590,0.00193
1378.82747,0.00207
1376.89904,0.00145
1374.97061,0.00050
1373.04218,0.00032
1371.11375,0.00064
1369.18532,0.00056
1367.25689,0.00024
1365.32846,0.00008
1363.40003,0.00000
1361.47160,0.00009
1359.54317,0.00041
1357.61474,0.00051
1355.68631,0.00026
1353.75788,0.00013
1351.82945,0.00015
1349.90102,0.00010
1347.97259,0.00012
1346.04416,0.00032
1344.11573,0.00051
1342.18730,0.00053
1340.25887,0.00046
1338.33044,0.00041
1336.40201,0.00023
1334.47358,0.00000
1332.54515,0.00001
1330.61672,0.00032
1328.68829,0.00058
1326.75986,0.00078
1324.83143,0.00108
1322.90300,0.00116
1320.97457,0.00067
1319.04614,0.00010
1317.11771,0.00000
1315.18928,0.00008
1313.26085,-0.00003
1311.33242,-0.00028
1309.40399,-0.00056
1307.47556,-0.00061
1305.54713,-0.00038
1303.61870,-0.00016
1301.69027,-0.00015
1299.76184,-0.00027
1297.83341,-0.00036
1295.90498,-0.00027
1293.97655,0.00001
1292.04812,0.00030
1290.11969,0.00045
1288.19126,0.00037
1286.26283,0.00030
1284.33440,0.00037
1282.40597,0.00054
1280.47754,0.00074
1278.54911,0.00089
1276.62068,0.00104
1274.69225,0.00130
1272.76382,0.00179
1270.83539,0.00257
1268.90696,0.00353
1266.97853,0.00426
1265.05010,0.00458
1263.12167,0.00508
1261.19324,0.00615
1259.26481,0.00768
1257.33638,0.00939
1255.40795,0.01108
1253.47952,0.01264
1251.55109,0.01416
1249.62266,0.01583
1247.69423,0.01768
1245.76580,0.01957
1243.83737,0.02128
1241.90894,0.02280
1239.98051,0.02452
1238.05208,0.02651
1236.12365,0.02815
1234.19522,0.02937
1232.26679,0.03065
1230.33836,0.03210
1228.40993,0.03349
1226.48150,0.03473
1224.55307,0.03590
1222.62464,0.03707
1220.69621,0.03838
1218.76778,0.03978
1216.83935,0.04089
1214.91092,0.04163
1212.98249,0.04239
1211.05406,0.04338
1209.12563,0.04444
1207.19720,0.04546
1205.26877,0.04651
1203.34034,0.04777
1201.41191,0.04916
1199.48348,0.05039
1197.55505,0.05129
1195.62662,0.05194
1193.69819,0.05262
1191.76976,0.05377
1189.84133,0.05542
1187.91290,0.05705
1185.98447,0.05807
1184.05604,0.05871
1182.12761,0.05964
1180.19918,0.06095
1178.27075,0.06233
1176.34232,0.06383
1174.41389,0.06527
1172.48546,0.06627
1170.55703,0.06727
1168.62860,0.06880
1166.70017,0.07059
1164.77174,0.07229
1162.84331,0.07398
1160.91488,0.07561
1158.98645,0.07712
1157.05802,0.07872
1155.12959,0.08045
1153.20116,0.08224
1151.27273,0.08387
1149.34430,0.08519
1147.41587,0.08652
1145.48744,0.08820
1143.55901,0.09021
1141.63058,0.09239
1139.70215,0.09477
1137.77372,0.09729
1135.84529,0.09983
1133.91686,0.10248
1131.98843,0.10542
1130.06000,0.10840
1128.13157,0.11102
1126.20314,0.11367
1124.27471,0.11705
1122.34628,0.12079
1120.41785,0.12422
1118.48942,0.12767
1116.56099,0.13188
1114.63256,0.13683
1112.70413,0.14216
1110.77570,0.14797
1108.84727,0.15422
1106.91884,0.16083
1104.99041,0.16799
1103.06198,0.17545
1101.13355,0.18232
1099.20512,0.18825
1097.27669,0.19390
1095.34826,0.19981
1093.41983,0.20554
1091.49140,0.21042
1089.56297,0.21495
1087.63454,0.21972
1085.70611,0.22443
1083.77768,0.22875
1081.84925,0.23260
1079.92082,0.23602
1077.99239,0.23897
1076.06396,0.24155
1074.13553,0.24387
1072.20710,0.24559
1070.27867,0.24666
1068.35024,0.24763
1066.42181,0.24870
1064.49338,0.24952
1062.56495,0.24966
1060.63652,0.24888
1058.70809,0.24732
1056.77966,0.24515
1054.85123,0.24214
1052.92280,0.23820
1050.99437,0.23350
1049.06594,0.22852
1047.13751,0.22361
1045.20908,0.21794
1043.28065,0.21088
1041.35222,0.20296
1039.42379,0.19442
1037.49536,0.18530
1035.56693,0.17602
1033.63850,0.16687
1031.71007,0.15775
1029.78164,0.14876
1027.85321,0.14013
1025.92478,0.13134
1023.99635,0.12221
1022.06792,0.11345
1020.13949,0.10542
1018.21106,0.09814
1016.28263,0.09149
1014.35420,0.08510
1012.42577,0.07875
1010.49734,0.07248
1008.56891,0.06674
1006.64048,0.06210
1004.71205,0.05829
1002.78362,0.05463
1000.85519,0.05093
998.92676,0.04766
996.99833,0.04520
995.06990,0.04315
993.14147,0.04126
991.21304,0.03985
989.28461,0.03885
987.35618,0.03795
985.42775,0.03715
983.49932,0.03668
981.57089,0.03656
979.64246,0.03652
977.71403,0.03628
975.78560,0.03590
973.85717,0.03551
971.92874,0.03501
970.00031,0.03412
968.07188,0.03307
966.14345,0.03232
964.21502,0.03177
962.28659,0.03118
960.35816,0.03049
958.42973,0.02957
956.50130,0.02850
954.57287,0.02739
952.64444,0.02600
950.71601,0.02461
948.78758,0.02370
946.85915,0.02306
944.93072,0.02232
943.00229,0.02140
941.07386,0.02041
939.14543,0.01971
937.21700,0.01924
935.28857,0.01856
933.36014,0.01766
931.43171,0.01666
929.50328,0.01529
927.57485,0.01374
925.64642,0.01235
923.71799,0.01114
921.78956,0.01029
919.86113,0.00966
917.93270,0.00880
916.00427,0.00772
914.07584,0.00667
912.14741,0.00586
910.21898,0.00535
908.29055,0.00484
906.36212,0.00418
904.43368,0.00358
902.50525,0.00301
900.57682,0.00223
898.64839,0.00138
896.71996,0.00068
894.79153,0.00020
892.86310,0.00017
890.93467,0.00044
889.00624,0.00042
887.07781,0.00020
885.14938,0.00030
883.22095,0.00041
881.29252,0.00016
879.36409,0.00002
877.43566,0.00027
875.50723,0.00039
873.57880,0.00035
871.65037,0.00026
869.72194,0.00017
867.79351,0.00005
865.86508,0.00000
863.93665,0.00009
862.00822,0.00044
860.07979,0.00079
858.15136,0.00063
856.22293,0.00026
854.29450,0.00064
852.36607,0.00157
850.43764,0.00210
848.50921,0.00220
846.58078,0.00238
844.65235,0.00294
842.72392,0.00402
840.79549,0.00527
838.86706,0.00626
836.93863,0.00749
835.01020,0.00938
833.08177,0.01112
831.15334,0.01196
829.22491,0.01242
827.29648,0.01358
825.36805,0.01538
823.43962,0.01679
821.51119,0.01772
819.58276,0.01858
817.65433,0.01937
815.72590,0.02037
813.79747,0.02167
811.86904,0.02296
809.94061,0.02446
808.01218,0.02623
806.08375,0.02755
804.15532,0.02803
802.22689,0.02845
800.29846,0.02951
798.37003,0.03046
796.44160,0.03043
794.51317,0.02976
792.58474,0.02893
790.65631,0.02814
788.72788,0.02741
786.79945,0.02627
784.87102,0.02456
782.94259,0.02285
781.01416,0.02133
779.08573,0.01964
777.15730,0.01745
775.22887,0.01471
773.30044,0.01228
771.37201,0.01087
769.44358,0.00978
767.51515,0.00855
765.58672,0.00750
763.65829,0.00682
761.72986,0.00657
759.80143,0.00651
757.87300,0.00577
755.94457,0.00432
754.01614,0.00349
752.08771,0.00378
750.15928,0.00400
748.23085,0.00323
746.30242,0.00204
744.37399,0.00171
742.44556,0.00220
740.51713,0.00230
738.58870,0.00201
736.66027,0.00209
734.73184,0.00270
732.80341,0.00359
730.87498,0.00406
728.94655,0.00355
727.01812,0.00270
725.08969,0.00300
723.16126,0.00582
721.23283,0.00690
719.30440,0.00617
717.37597,0.00509
715.44754,0.00478
713.51911,0.00513
711.59068,0.00533
709.66225,0.00553
707.73382,0.00596
705.80539,0.00650
703.87696,0.00731
701.94853,0.00851
700.02010,0.01000
698.09167,0.01133
696.16324,0.01170
694.23481,0.01095
692.30638,0.00982
690.37795,0.00852
688.44952,0.00676
686.52109,0.00538
684.59266,0.00524
682.66423,0.00508
680.73580,0.00366
678.80737,0.00226
676.87894,0.00244
674.95051,0.00385
673.02208,0.00582
671.09365,0.00800
669.16522,0.00826
667.23679,0.00567
665.30836,0.00455
663.37993,0.00602
661.45150,0.00831
659.52307,0.00948
657.59464,0.00861
655.66621,0.00664
653.73778,0.00517
651.80935,0.00436
649.88092,0.00506
647.95249,0.00686
646.02406,0.00767
644.09563,0.00661
642.16720,0.00500
640.23877,0.00410
638.31034,0.00415
636.38191,0.00456
634.45348,0.00442
632.52505,0.00369
630.59662,0.00305
628.66819,0.00227
626.73976,0.00067
624.81133,0.00040
622.88290,0.00321
620.95447,0.00756
619.02604,0.01036
617.09761,0.01109
615.16918,0.00980
613.24075,0.00772
611.31232,0.00641
609.38389,0.00471
607.45546,0.00407
605.52703,0.00286
603.59860,0.00104
601.67017,0.00000
599.74174,0.00000
