4001.49232,0.00082
3999.56389,0.00196
3997.63546,0.00195
3995.70703,0.00129
3993.77860,0.00081
3991.85017,0.00064
3989.92174,0.00029
3987.99331,-0.00035
3986.06488,-0.00068
3984.13645,-0.00026
3982.20802,0.00048
3980.27959,0.00102
3978.35116,0.00126
3976.42273,0.00108
3974.49430,0.00054
3972.56587,0.00021
3970.63744,0.00037
3968.70901,0.00062
3966.78058,0.00056
3964.85215,0.00031
3962.92372,0.00013
3960.99529,0.00003
3959.06686,0.00000
3957.13843,0.00017
3955.21000,0.00048
3953.28157,0.00068
3951.35314,0.00063
3949.42471,0.00037
3947.49628,0.00010
3945.56785,0.00018
3943.63942,0.00052
3941.71099,0.00059
3939.78256,0.00045
3937.85413,0.00045
3935.92570,0.00059
3933.99727,0.00062
3932.06884,0.00046
3930.14041,0.00020
3928.21198,0.00011
3926.28355,0.00017
3924.35512,0.00022
3922.42669,0.00032
3920.49826,0.00056
3918.56982,0.00077
3916.64139,0.00087
3914.71296,0.00099
3912.78453,0.00134
3910.85610,0.00179
3908.92767,0.00208
3906.99924,0.00205
3905.07081,0.00174
3903.14238,0.00123
3901.21395,0.00043
3899.28552,0.00000
3897.35709,0.00067
3895.42866,0.00194
3893.50023,0.00262
3891.57180,0.00251
3889.64337,0.00264
3887.71494,0.00328
3885.78651,0.00321
3883.85808,0.00259
3881.92965,0.00273
3880.00122,0.00273
3878.07279,0.00239
3876.14436,0.00307
3874.21593,0.00443
3872.28750,0.00520
3870.35907,0.00485
3868.43064,0.00406
3866.50221,0.00385
3864.57378,0.00370
3862.64535,0.00338
3860.71692,0.00376
3858.78849,0.00516
3856.86006,0.00704
3854.93163,0.00754
3853.00320,0.00465
3851.07477,0.00125
3849.14634,0.00099
3847.21791,0.00252
3845.28948,0.00368
3843.36105,0.00390
3841.43262,0.00330
3839.50419,0.00221
3837.57576,0.00155
3835.64733,0.00194
3833.71890,0.00274
3831.79047,0.00315
3829.86204,0.00331
3827.93361,0.00347
3826.00518,0.00368
3824.07675,0.00437
3822.14832,0.00524
3820.21989,0.00525
3818.29146,0.00428
3816.36303,0.00280
3814.43460,0.00143
3812.50617,0.00157
3810.57774,0.00297
3808.64931,0.00405
3806.72088,0.00420
3804.79245,0.00426
3802.86402,0.00433
3800.93559,0.00327
3799.00716,0.00169
3797.07873,0.00076
3795.15030,0.00044
3793.22187,0.00060
3791.29344,0.00100
3789.36501,0.00129
3787.43658,0.00139
3785.50815,0.00132
3783.57972,0.00143
3781.65129,0.00174
3779.72286,0.00148
3777.79443,0.00055
3775.86600,0.00000
3773.93757,0.00027
3772.00914,0.00087
3770.08071,0.00108
3768.15228,0.00095
3766.22385,0.00111
3764.29542,0.00177
3762.36699,0.00284
3760.43856,0.00387
3758.51013,0.00440
3756.58170,0.00484
3754.65327,0.00556
3752.72484,0.00602
3750.79641,0.00626
3748.86798,0.00737
3746.93955,0.00894
3745.01112,0.00912
3743.08269,0.00720
3741.15426,0.00585
3739.22583,0.00598
3737.29740,0.00616
3735.36897,0.00581
3733.44054,0.00512
3731.51211,0.00432
3729.58368,0.00396
3727.65525,0.00404
3725.72682,0.00390
3723.79839,0.00327
3721.86996,0.00249
3719.94153,0.00207
3718.01310,0.00252
3716.08467,0.00375
3714.15624,0.00459
3712.22781,0.00356
3710.29938,0.00122
3708.37095,0.00000
3706.44252,0.00050
3704.51409,0.00144
3702.58566,0.00160
3700.65723,0.00120
3698.72880,0.00111
3696.80037,0.00149
3694.87194,0.00213
3692.94351,0.00285
3691.01508,0.00318
3689.08665,0.00275
3687.15822,0.00194
3685.22979,0.00181
3683.30136,0.00245
3681.37293,0.00325
3679.44450,0.00415
3677.51607,0.00495
3675.58764,0.00439
3673.65921,0.00262
3671.73078,0.00149
3669.80235,0.00067
3667.87392,0.00020
3665.94549,0.00055
3664.01706,0.00118
3662.08863,0.00170
3660.16020,0.00228
3658.23177,0.00277
3656.30334,0.00295
3654.37491,0.00331
3652.44648,0.00400
3650.51805,0.00358
3648.58962,0.00150
3646.66119,0.00000
3644.73276,0.00073
3642.80433,0.00232
3640.87590,0.00319
3638.94747,0.00349
3637.01904,0.00378
3635.09061,0.00417
3633.16218,0.00464
3631.23375,0.00481
3629.30532,0.00350
3627.37689,0.00152
3625.44846,0.00162
3623.52003,0.00339
3621.59160,0.00448
3619.66317,0.00394
3617.73474,0.00303
3615.80631,0.00306
3613.87788,0.00356
3611.94945,0.00382
3610.02102,0.00394
3608.09259,0.00391
3606.16416,0.00372
3604.23573,0.00387
3602.30730,0.00443
3600.37887,0.00493
3598.45044,0.00507
3596.52201,0.00465
3594.59358,0.00374
3592.66515,0.00315
3590.73672,0.00343
3588.80829,0.00365
3586.87986,0.00281
3584.95143,0.00191
3583.02300,0.00205
3581.09457,0.00256
3579.16614,0.00248
3577.23771,0.00196
3575.30928,0.00173
3573.38085,0.00213
3571.45242,0.00295
3569.52399,0.00346
3567.59556,0.00309
3565.66713,0.00253
3563.73870,0.00265
3561.81027,0.00311
3559.88184,0.00319
3557.95341,0.00298
3556.02498,0.00302
3554.09655,0.00337
3552.16812,0.00357
3550.23969,0.00370
3548.31126,0.00405
3546.38283,0.00404
3544.45440,0.00352
3542.52597,0.00334
3540.59754,0.00373
3538.66911,0.00405
3536.74068,0.00395
3534.81225,0.00360
3532.88382,0.00342
3530.95539,0.00375
3529.02696,0.00441
3527.09853,0.00476
3525.17010,0.00454
3523.24167,0.00421
3521.31324,0.00426
3519.38481,0.00433
3517.45638,0.00389
3515.52795,0.00319
3513.59952,0.00273
3511.67109,0.00273
3509.74266,0.00324
3507.81423,0.00399
3505.88580,0.00465
3503.95737,0.00512
3502.02894,0.00522
3500.10051,0.00474
3498.17208,0.00400
3496.24365,0.00359
3494.31522,0.00389
3492.38679,0.00448
3490.45836,0.00472
3488.52993,0.00476
3486.60150,0.00516
3484.67307,0.00571
3482.74464,0.00593
3480.81621,0.00586
3478.88778,0.00572
3476.95935,0.00577
3475.03092,0.00633
3473.10249,0.00697
3471.17406,0.00710
3469.24563,0.00710
3467.31720,0.00739
3465.38877,0.00750
3463.46034,0.00720
3461.53191,0.00685
3459.60348,0.00651
3457.67505,0.00626
3455.74662,0.00663
3453.81819,0.00767
3451.88976,0.00867
3449.96133,0.00911
3448.03290,0.00885
3446.10447,0.00837
3444.17604,0.00838
3442.24761,0.00873
3440.31918,0.00911
3438.39075,0.00952
3436.46232,0.00982
3434.53389,0.01010
3432.60546,0.01036
3430.67703,0.01029
3428.74860,0.01003
3426.82017,0.01014
3424.89174,0.01077
3422.96331,0.01135
3421.03488,0.01148
3419.10645,0.01148
3417.17802,0.01176
3415.24959,0.01246
3413.32116,0.01334
3411.39273,0.01376
3409.46430,0.01375
3407.53587,0.01387
3405.60744,0.01403
3403.67901,0.01392
3401.75058,0.01378
3399.82215,0.01440
3397.89372,0.01484
3395.96529,0.01552
3394.03686,0.01634
3392.10843,0.01689
3390.18000,0.01708
3388.25157,0.01734
3386.32314,0.01774
3384.39471,0.01770
3382.46628,0.01743
3380.53785,0.01754
3378.60942,0.01802
3376.68099,0.01872
3374.75256,0.01950
3372.82413,0.02040
3370.89570,0.02171
3368.96727,0.02311
3367.03884,0.02394
3365.11041,0.02419
3363.18198,0.02421
3361.25355,0.02425
3359.32512,0.02459
3357.39669,0.02536
3355.46826,0.02613
3353.53983,0.02651
3351.61140,0.02676
3349.68297,0.02714
3347.75454,0.02747
3345.82611,0.02774
3343.89768,0.02839
3341.96925,0.02962
3340.04082,0.03069
3338.11239,0.03123
3336.18396,0.03186
3334.25553,0.03285
3332.32710,0.03378
3330.39867,0.03456
3328.47024,0.03536
3326.54181,0.03614
3324.61338,0.03697
3322.68495,0.03785
3320.75652,0.03850
3318.82809,0.03897
3316.89966,0.03948
3314.97122,0.03997
3313.04279,0.04076
3311.11436,0.04204
3309.18593,0.04299
3307.25750,0.04286
3305.32907,0.04222
3303.40064,0.04233
3301.47221,0.04328
3299.54378,0.04394
3297.61535,0.04390
3295.68692,0.04404
3293.75849,0.04489
3291.83006,0.04564
3289.90163,0.04550
3287.97320,0.04490
3286.04477,0.04459
3284.11634,0.04457
3282.18791,0.04445
3280.25948,0.04418
3278.33105,0.04381
3276.40262,0.04326
3274.47419,0.04231
3272.54576,0.04104
3270.61733,0.03998
3268.68890,0.03950
3266.76047,0.03917
3264.83204,0.03840
3262.90361,0.03729
3260.97518,0.03612
3259.04675,0.03498
3257.11832,0.03404
3255.18989,0.03320
3253.26146,0.03209
3251.33303,0.03095
3249.40460,0.03021
3247.47617,0.02983
3245.54774,0.02940
3243.61931,0.02865
3241.69088,0.02749
3239.76245,0.02612
3237.83402,0.02525
3235.90559,0.02506
3233.97716,0.02480
3232.04873,0.02409
3230.12030,0.02319
3228.19187,0.02225
3226.26344,0.02133
3224.33501,0.02093
3222.40658,0.02108
3220.47815,0.02092
3218.54972,0.02033
3216.62129,0.01969
3214.69286,0.01901
3212.76443,0.01850
3210.83600,0.01840
3208.90757,0.01836
3206.97914,0.01804
3205.05071,0.01762
3203.12228,0.01739
3201.19385,0.01722
3199.26542,0.01686
3197.33699,0.01628
3195.40856,0.01542
3193.48013,0.01451
3191.55170,0.01389
3189.62327,0.01365
3187.69484,0.01361
3185.76641,0.01328
3183.83798,0.01264
3181.90955,0.01231
3179.98112,0.01240
3178.05269,0.01257
3176.12426,0.01268
3174.19583,0.01242
3172.26740,0.01160
3170.33897,0.01049
3168.41054,0.00971
3166.48211,0.00948
3164.55368,0.00937
3162.62525,0.00897
3160.69682,0.00842
3158.76839,0.00795
3156.83996,0.00748
3154.91153,0.00686
3152.98310,0.00629
3151.05467,0.00600
3149.12624,0.00590
3147.19781,0.00585
3145.26938,0.00568
3143.34095,0.00513
3141.41252,0.00433
3139.48409,0.00367
3137.55566,0.00351
3135.62723,0.00382
3133.69880,0.00404
3131.77037,0.00376
3129.84194,0.00336
3127.91351,0.00312
3125.98508,0.00288
3124.05665,0.00257
3122.12822,0.00231
3120.19979,0.00230
3118.27136,0.00258
3116.34293,0.00271
3114.41450,0.00250
3112.48607,0.00234
3110.55764,0.00249
3108.62921,0.00263
3106.70078,0.00243
3104.77235,0.00227
3102.84392,0.00251
3100.91549,0.00275
3098.98706,0.00258
3097.05863,0.00226
3095.13020,0.00221
3093.20177,0.00241
3091.27334,0.00263
3089.34491,0.00264
3087.41648,0.00240
3085.48805,0.00219
3083.55962,0.00239
3081.63119,0.00293
3079.70276,0.00328
3077.77433,0.00313
3075.84590,0.00285
3073.91747,0.00279
3071.98904,0.00294
3070.06061,0.00318
3068.13218,0.00355
3066.20375,0.00385
3064.27532,0.00387
3062.34689,0.00378
3060.41846,0.00373
3058.49003,0.00364
3056.56160,0.00352
3054.63317,0.00339
3052.70474,0.00329
3050.77631,0.00322
3048.84788,0.00298
3046.91945,0.00263
3044.99102,0.00236
3043.06259,0.00202
3041.13416,0.00163
3039.20573,0.00157
3037.27730,0.00174
3035.34887,0.00177
3033.42044,0.00183
3031.49201,0.00218
3029.56358,0.00241
3027.63515,0.00211
3025.70672,0.00144
3023.77829,0.00093
3021.84986,0.00080
3019.92143,0.00077
3017.99300,0.00068
3016.06457,0.00074
3014.13614,0.00100
3012.20771,0.00131
3010.27928,0.00135
3008.35085,0.00092
3006.42242,0.00033
3004.49399,-0.00001
3002.56556,0.00000
3000.63713,0.00018
2998.70870,0.00036
2996.78027,0.00077
2994.85184,0.00119
2992.92341,0.00145
2990.99498,0.00178
2989.06655,0.00262
2987.13812,0.00374
2985.20969,0.00452
2983.28126,0.00498
2981.35283,0.00573
2979.42440,0.00697
2977.49597,0.00838
2975.56754,0.00945
2973.63911,0.00997
2971.71068,0.01044
2969.78225,0.01127
2967.85382,0.01235
2965.92539,0.01336
2963.99696,0.01404
2962.06853,0.01437
2960.14010,0.01449
2958.21167,0.01445
2956.28324,0.01426
2954.35481,0.01404
2952.42638,0.01385
2950.49795,0.01353
2948.56952,0.01313
2946.64109,0.01307
2944.71266,0.01345
2942.78423,0.01406
2940.85580,0.01474
2938.92737,0.01512
2936.99894,0.01491
2935.07051,0.01457
2933.14208,0.01460
2931.21365,0.01483
2929.28522,0.01477
2927.35679,0.01436
2925.42836,0.01389
2923.49993,0.01351
2921.57150,0.01306
2919.64307,0.01226
2917.71464,0.01106
2915.78621,0.00986
2913.85778,0.00903
2911.92935,0.00854
2910.00092,0.00813
2908.07249,0.00767
2906.14406,0.00722
2904.21563,0.00694
2902.28720,0.00668
2900.35877,0.00628
2898.43034,0.00593
2896.50191,0.00572
2894.57348,0.00544
2892.64505,0.00514
2890.71662,0.00498
2888.78819,0.00494
2886.85976,0.00513
2884.93133,0.00559
2883.00290,0.00610
2881.07447,0.00659
2879.14604,0.00706
2877.21761,0.00732
2875.28918,0.00731
2873.36075,0.00725
2871.43232,0.00720
2869.50389,0.00692
2867.57546,0.00645
2865.64703,0.00589
2863.71860,0.00524
2861.79017,0.00463
2859.86174,0.00405
2857.93331,0.00360
2856.00488,0.00360
2854.07645,0.00393
2852.14802,0.00409
2850.21959,0.00371
2848.29116,0.00294
2846.36273,0.00223
2844.43430,0.00175
2842.50587,0.00131
2840.57744,0.00089
2838.64901,0.00070
2836.72058,0.00067
2834.79215,0.00061
2832.86372,0.00037
2830.93529,-0.00005
2829.00686,-0.00028
2827.07843,-0.00010
2825.15000,0.00016
2823.22157,0.00033
2821.29314,0.00040
2819.36471,0.00025
2817.43628,-0.00001
2815.50785,0.00003
2813.57942,0.00039
2811.65099,0.00063
2809.72256,0.00053
2807.79413,0.00027
2805.86570,0.00000
2803.93727,-0.00015
2802.00884,-0.00007
2800.08041,0.00004
2798.15198,-0.00004
2796.22355,-0.00011
2794.29512,0.00003
2792.36669,0.00014
2790.43826,0.00006
2788.50983,-0.00002
2786.58140,-0.00002
2784.65297,0.00004
2782.72454,0.00018
2780.79611,0.00032
2778.86768,0.00044
2776.93925,0.00043
2775.01082,0.00024
2773.08239,0.00011
2771.15396,0.00023
2769.22553,0.00044
2767.29710,0.00046
2765.36867,0.00029
2763.44024,0.00015
2761.51181,0.00018
2759.58338,0.00035
2757.65495,0.00054
2755.72652,0.00067
2753.79809,0.00065
2751.86966,0.00047
2749.94123,0.00027
2748.01280,0.00030
2746.08437,0.00062
2744.15594,0.00093
2742.22751,0.00091
2740.29908,0.00073
2738.37065,0.00064
2736.44222,0.00068
2734.51379,0.00064
2732.58536,0.00045
2730.65693,0.00032
2728.72850,0.00026
2726.80007,0.00022
2724.87164,0.00029
2722.94321,0.00034
2721.01478,0.00025
2719.08635,0.00024
2717.15792,0.00049
2715.22949,0.00052
2713.30105,0.00013
2711.37262,0.00000
2709.44419,0.00030
2707.51576,0.00047
2705.58733,0.00044
2703.65890,0.00036
2701.73047,0.00013
2699.80204,-0.00007
2697.87361,-0.00006
2695.94518,0.00004
2694.01675,0.00028
2692.08832,0.00060
2690.15989,0.00077
2688.23146,0.00063
2686.30303,0.00032
2684.37460,0.00006
2682.44617,0.00000
2680.51774,0.00018
2678.58931,0.00047
2676.66088,0.00050
2674.73245,0.00038
2672.80402,0.00043
2670.87559,0.00059
2668.94716,0.00062
2667.01873,0.00049
2665.09030,0.00035
2663.16187,0.00034
2661.23344,0.00042
2659.30501,0.00058
2657.37658,0.00075
2655.44815,0.00080
2653.51972,0.00089
2651.59129,0.00112
2649.66286,0.00112
2647.73443,0.00069
2645.80600,0.00042
2643.87757,0.00058
2641.94914,0.00066
2640.02071,0.00060
2638.09228,0.00074
2636.16385,0.00088
2634.23542,0.00086
2632.30699,0.00085
2630.37856,0.00075
2628.45013,0.00054
2626.52170,0.00039
2624.59327,0.00043
2622.66484,0.00069
2620.73641,0.00093
2618.80798,0.00092
2616.87955,0.00065
2614.95112,0.00045
2613.02269,0.00047
2611.09426,0.00068
2609.16583,0.00095
2607.23740,0.00085
2605.30897,0.00030
2603.38054,0.00000
2601.45211,0.00033
2599.52368,0.00090
2597.59525,0.00123
2595.66682,0.00129
2593.73839,0.00117
2591.80996,0.00092
2589.88153,0.00061
2587.95310,0.00046
2586.02467,0.00053
2584.09624,0.00063
2582.16781,0.00075
2580.23938,0.00084
2578.31095,0.00073
2576.38252,0.00070
2574.45409,0.00109
2572.52566,0.00150
2570.59723,0.00149
2568.66880,0.00122
2566.74037,0.00101
2564.81194,0.00092
2562.88351,0.00081
2560.95508,0.00063
2559.02665,0.00056
2557.09822,0.00061
2555.16979,0.00065
2553.24136,0.00058
2551.31293,0.00037
2549.38450,0.00014
2547.45607,0.00018
2545.52764,0.00046
2543.59921,0.00055
2541.67078,0.00043
2539.74235,0.00049
2537.81392,0.00050
2535.88549,0.00020
2533.95706,0.00001
2532.02863,0.00013
2530.10020,0.00029
2528.17177,0.00045
2526.24334,0.00061
2524.31491,0.00061
2522.38648,0.00043
2520.45805,0.00019
2518.52962,0.00008
2516.60119,0.00011
2514.67276,0.00005
2512.74433,-0.00002
2510.81590,0.00008
2508.88747,0.00015
2506.95904,0.00014
2505.03061,0.00023
2503.10218,0.00034
2501.17375,0.00041
2499.24532,0.00047
2497.31689,0.00036
2495.38846,0.00013
2493.46003,0.00000
2491.53160,-0.00007
2489.60317,-0.00011
2487.67474,-0.00010
2485.74631,0.00003
2483.81788,0.00025
2481.88945,0.00041
2479.96102,0.00050
2478.03259,0.00047
2476.10416,0.00028
2474.17573,0.00015
2472.24730,0.00026
2470.31887,0.00046
2468.39044,0.00046
2466.46201,0.00034
2464.53358,0.00030
2462.60515,0.00029
2460.67672,0.00030
2458.74829,0.00037
2456.81986,0.00030
2454.89143,0.00006
2452.96300,0.00000
2451.03457,0.00021
2449.10614,0.00041
2447.17771,0.00045
2445.24928,0.00037
2443.32085,0.00022
2441.39242,0.00018
2439.46399,0.00027
2437.53556,0.00025
2435.60713,0.00003
2433.67870,-0.00008
2431.75027,-0.00000
2429.82184,0.00004
2427.89341,0.00004
2425.96498,0.00014
2424.03655,0.00013
2422.10812,0.00011
2420.17969,0.00010
2418.25126,0.00008
2416.32283,0.00007
2414.39440,0.00006
2412.46597,0.00005
2410.53754,0.00004
2408.60911,0.00003
2406.68068,0.00002
2404.75225,0.00001
2402.82382,0.00001
2400.89539,0.00000
2398.96696,-0.00003
2397.03853,-0.00006
2395.11010,-0.00009
2393.18167,-0.00012
2391.25324,-0.00015
2389.32481,-0.00018
2387.39638,-0.00020
2385.46795,-0.00023
2383.53952,-0.00025
2381.61109,-0.00027
2379.68266,-0.00029
2377.75423,-0.00032
2375.82580,-0.00034
2373.89737,-0.00035
2371.96894,-0.00037
2370.04051,-0.00039
2368.11208,-0.00041
2366.18365,-0.00042
2364.25522,-0.00043
2362.32679,-0.00045
2360.39836,-0.00046
2358.46993,-0.00047
2356.54150,-0.00048
2354.61307,-0.00049
2352.68464,-0.00050
2350.75621,-0.00051
2348.82778,-0.00051
2346.89935,-0.00052
2344.97092,-0.00052
2343.04249,-0.00053
2341.11406,-0.00053
2339.18563,-0.00053
2337.25720,-0.00053
2335.32877,-0.00053
2333.40034,-0.00053
2331.47191,-0.00053
2329.54348,-0.00052
2327.61505,-0.00052
2325.68662,-0.00051
2323.75819,-0.00051
2321.82976,-0.00050
2319.90133,-0.00049
2317.97290,-0.00048
2316.04447,-0.00047
2314.11604,-0.00046
2312.18761,-0.00045
2310.25918,-0.00043
2308.33075,-0.00042
2306.40232,-0.00041
2304.47389,-0.00039
2302.54546,-0.00037
2300.61703,-0.00035
2298.68860,-0.00034
2296.76017,-0.00032
2294.83174,-0.00029
2292.90331,-0.00027
2290.97488,-0.00025
2289.04645,-0.00023
2287.11802,-0.00020
2285.18959,-0.00018
2283.26116,-0.00015
2281.33273,-0.00012
2279.40430,-0.00009
2277.47587,-0.00006
2275.54744,-0.00003
2273.61901,0.00000
2271.69058,0.00001
2269.76215,0.00002
2267.83372,0.00002
2265.90529,0.00003
2263.97686,0.00005
2262.04843,0.00006
2260.12000,0.00007
2258.19157,0.00008
2256.26314,0.00010
2254.33471,0.00012
2252.40628,0.00013
2250.47785,0.00015
2248.54942,0.00017
2246.62099,0.00019
2244.69256,0.00021
2242.76413,0.00023
2240.83570,0.00047
2238.90727,0.00053
2236.97884,0.00046
2235.05041,0.00040
2233.12198,0.00031
2231.19355,0.00028
2229.26512,0.00040
2227.33669,0.00055
2225.40826,0.00057
2223.47983,0.00037
2221.55140,0.00007
2219.62297,0.00000
2217.69454,0.00014
2215.76611,0.00029
2213.83768,0.00040
2211.90925,0.00054
2209.98082,0.00055
2208.05239,0.00044
2206.12396,0.00036
2204.19553,0.00030
2202.26710,0.00022
2200.33867,0.00021
2198.41024,0.00031
2196.48181,0.00040
2194.55338,0.00045
2192.62495,0.00058
2190.69652,0.00064
2188.76809,0.00047
2186.83966,0.00028
2184.91123,0.00031
2182.98280,0.00042
2181.05437,0.00044
2179.12594,0.00045
2177.19751,0.00048
2175.26908,0.00056
2173.34065,0.00065
2171.41222,0.00061
2169.48379,0.00042
2167.55536,0.00018
2165.62693,0.00000
2163.69850,0.00004
2161.77007,0.00015
2159.84164,0.00010
2157.91321,0.00008
2155.98478,0.00021
2154.05635,0.00031
2152.12792,0.00031
2150.19949,0.00044
2148.27106,0.00066
2146.34263,0.00060
2144.41420,0.00037
2142.48577,0.00033
2140.55734,0.00042
2138.62891,0.00045
2136.70048,0.00049
2134.77205,0.00059
2132.84362,0.00064
2130.91519,0.00056
2128.98676,0.00044
2127.05833,0.00036
2125.12990,0.00023
2123.20147,0.00005
2121.27304,0.00000
2119.34461,0.00009
2117.41618,0.00023
2115.48775,0.00034
2113.55932,0.00038
2111.63089,0.00044
2109.70245,0.00048
2107.77402,0.00055
2105.84559,0.00076
2103.91716,0.00087
2101.98873,0.00074
2100.06030,0.00048
2098.13187,0.00023
2096.20344,0.00012
2094.27501,0.00018
2092.34658,0.00020
2090.41815,0.00011
2088.48972,0.00004
2086.56129,0.00009
2084.63286,0.00030
2082.70443,0.00047
2080.77600,0.00044
2078.84757,0.00036
2076.91914,0.00033
2074.99071,0.00032
2073.06228,0.00039
2071.13385,0.00055
2069.20542,0.00061
2067.27699,0.00052
2065.34856,0.00044
2063.42013,0.00041
2061.49170,0.00036
2059.56327,0.00030
2057.63484,0.00024
2055.70641,0.00014
2053.77798,0.00000
2051.84955,-0.00000
2049.92112,0.00028
2047.99269,0.00067
2046.06426,0.00092
2044.13583,0.00100
2042.20740,0.00095
2040.27897,0.00085
2038.35054,0.00078
2036.42211,0.00080
2034.49368,0.00089
2032.56525,0.00088
2030.63682,0.00076
2028.70839,0.00078
2026.77996,0.00090
2024.85153,0.00094
2022.92310,0.00091
2020.99467,0.00074
2019.06624,0.00036
2017.13781,0.00000
2015.20938,0.00002
2013.28095,0.00044
2011.35252,0.00085
2009.42409,0.00106
2007.49566,0.00105
2005.56723,0.00087
2003.63880,0.00067
2001.71037,0.00058
1999.78194,0.00064
1997.85351,0.00071
1995.92508,0.00068
1993.99665,0.00056
1992.06822,0.00046
1990.13979,0.00045
1988.21136,0.00061
1986.28293,0.00081
1984.35450,0.00079
1982.42607,0.00064
1980.49764,0.00046
1978.56921,0.00019
1976.64078,0.00003
1974.71235,0.00021
1972.78392,0.00044
1970.85549,0.00041
1968.92706,0.00018
1966.99863,0.00009
1965.07020,0.00032
1963.14177,0.00052
1961.21334,0.00052
1959.28491,0.00054
1957.35648,0.00049
1955.42805,0.00027
1953.49962,0.00015
1951.57119,0.00024
1949.64276,0.00036
1947.71433,0.00034
1945.78590,0.00014
1943.85747,-0.00006
1941.92904,0.00002
1940.00061,0.00035
1938.07218,0.00049
1936.14375,0.00029
1934.21532,0.00009
1932.28689,0.00015
1930.35846,0.00037
1928.43003,0.00053
1926.50160,0.00056
1924.57317,0.00046
1922.64474,0.00026
1920.71631,0.00009
1918.78788,0.00000
1916.85945,0.00006
1914.93102,0.00039
1913.00259,0.00068
1911.07416,0.00064
1909.14573,0.00050
1907.21730,0.00047
1905.28887,0.00048
1903.36044,0.00045
1901.43201,0.00038
1899.50358,0.00031
1897.57515,0.00021
1895.64672,0.00008
1893.71829,-0.00001
1891.78986,-0.00003
1889.86143,0.00001
1887.93300,0.00019
1886.00457,0.00040
1884.07614,0.00054
1882.14771,0.00060
1880.21928,0.00053
1878.29085,0.00042
1876.36242,0.00041
1874.43399,0.00055
1872.50556,0.00074
1870.57713,0.00062
1868.64870,0.00020
1866.72027,0.00006
1864.79184,0.00031
1862.86341,0.00049
1860.93498,0.00058
1859.00655,0.00085
1857.07812,0.00120
1855.14969,0.00136
1853.22126,0.00125
1851.29283,0.00098
1849.36440,0.00069
1847.43597,0.00047
1845.50754,0.00038
1843.57911,0.00040
1841.65068,0.00052
1839.72225,0.00070
1837.79382,0.00091
1835.86539,0.00114
1833.93696,0.00114
1832.00853,0.00069
1830.08010,0.00024
1828.15167,0.00036
1826.22324,0.00068
1824.29481,0.00079
1822.36638,0.00085
1820.43795,0.00100
1818.50952,0.00115
1816.58109,0.00122
1814.65266,0.00110
1812.72423,0.00086
1810.79580,0.00080
1808.86737,0.00094
1806.93894,0.00113
1805.01051,0.00123
1803.08208,0.00125
1801.15365,0.00125
1799.22522,0.00124
1797.29679,0.00118
1795.36836,0.00100
1793.43993,0.00077
1791.51150,0.00090
1789.58307,0.00160
1787.65464,0.00224
1785.72621,0.00223
1783.79778,0.00172
1781.86935,0.00129
1779.94092,0.00130
1778.01249,0.00146
1776.08406,0.00121
1774.15563,0.00050
1772.22720,0.00000
1770.29877,0.00024
1768.37034,0.00091
1766.44191,0.00129
1764.51348,0.00123
1762.58505,0.00098
1760.65662,0.00091
1758.72819,0.00100
1756.79976,0.00101
1754.87133,0.00091
1752.94290,0.00069
1751.01447,0.00029
1749.08604,0.00000
1747.15761,0.00026
1745.22918,0.00083
1743.30075,0.00135
1741.37232,0.00167
1739.44389,0.00177
1737.51546,0.00176
1735.58703,0.00152
1733.65860,0.00117
1731.73017,0.00123
1729.80174,0.00163
1727.87331,0.00210
1725.94488,0.00245
1724.01645,0.00269
1722.08802,0.00277
1720.15959,0.00226
1718.23116,0.00157
1716.30273,0.00252
1714.37430,0.00500
1712.44587,0.00738
1710.51744,0.00911
1708.58901,0.01073
1706.66058,0.01318
1704.73215,0.01673
1702.80372,0.02044
1700.87529,0.02435
1698.94686,0.02923
1697.01843,0.03533
1695.09000,0.04212
1693.16157,0.04792
1691.23314,0.05275
1689.30471,0.05747
1687.37628,0.06205
1685.44785,0.06766
1683.51942,0.07600
1681.59099,0.08410
1679.66256,0.09018
1677.73413,0.09558
1675.80570,0.10169
1673.87727,0.10816
1671.94884,0.11450
1670.02041,0.12289
1668.09198,0.13332
1666.16355,0.14208
1664.23512,0.15007
1662.30669,0.16023
1660.37826,0.17115
1658.44983,0.17952
1656.52140,0.18497
1654.59297,0.18957
1652.66454,0.19479
1650.73611,0.19836
1648.80768,0.19813
1646.87925,0.19416
1644.95082,0.18925
1643.02239,0.18519
1641.09396,0.18102
1639.16553,0.17573
1637.23710,0.16802
1635.30867,0.15785
1633.38024,0.14921
1631.45181,0.14281
1629.52338,0.13565
1627.59495,0.12705
1625.66652,0.11845
1623.73809,0.11002
1621.80966,0.10252
1619.88123,0.09661
1617.95280,0.09000
1616.02437,0.08198
1614.09594,0.07571
1612.16751,0.07132
1610.23908,0.06661
1608.31065,0.06137
1606.38222,0.05685
1604.45379,0.05338
1602.52536,0.05062
1600.59693,0.04857
1598.66850,0.04712
1596.74007,0.04601
1594.81164,0.04518
1592.88321,0.04471
1590.95478,0.04460
1589.02635,0.04486
1587.09792,0.04542
1585.16949,0.04617
1583.24106,0.04716
1581.31263,0.04823
1579.38420,0.04907
1577.45577,0.05001
1575.52734,0.05179
1573.59891,0.05395
1571.67048,0.05586
1569.74205,0.05812
1567.81362,0.06131
1565.88519,0.06490
1563.95676,0.06814
1562.02833,0.07086
1560.09990,0.07578
1558.17147,0.08529
1556.24304,0.09440
1554.31461,0.10097
1552.38618,0.10656
1550.45775,0.11221
1548.52932,0.11795
1546.60089,0.12273
1544.67246,0.12612
1542.74403,0.12849
1540.81560,0.12968
1538.88717,0.13035
1536.95874,0.13065
1535.03031,0.12949
1533.10188,0.12645
1531.17345,0.12326
1529.24502,0.12051
1527.31659,0.11726
1525.38816,0.11343
1523.45973,0.10951
1521.53130,0.10597
1519.60287,0.10356
1517.67444,0.10097
1515.74601,0.09717
1513.81758,0.09284
1511.88915,0.08805
1509.96072,0.08201
1508.03229,0.07366
1506.10385,0.06468
1504.17542,0.05997
1502.24699,0.05773
1500.31856,0.05400
1498.39013,0.04799
1496.46170,0.04187
1494.53327,0.03769
1492.60484,0.03419
1490.67641,0.02925
1488.74798,0.02376
1486.81955,0.02019
1484.89112,0.01840
1482.96269,0.01702
1481.03426,0.01576
1479.10583,0.01490
1477.17740,0.01438
1475.24897,0.01418
1473.32054,0.01509
1471.39211,0.01739
1469.46368,0.01960
1467.53525,0.02070
1465.60682,0.02103
1463.67839,0.02138
1461.74996,0.02178
1459.82153,0.02191
1457.89310,0.02239
1455.96467,0.02371
1454.03624,0.02463
1452.10781,0.02468
1450.17938,0.02393
1448.25095,0.02288
1446.32252,0.02221
1444.39409,0.02192
1442.46566,0.02161
1440.53723,0.02100
1438.60880,0.01987
1436.68037,0.01810
1434.75194,0.01628
1432.82351,0.01490
1430.89508,0.01376
1428.96665,0.01290
1427.03822,0.01235
1425.10979,0.01193
1423.18136,0.01186
1421.25293,0.01213
1419.32450,0.01233
1417.39607,0.01245
1415.46764,0.01279
1413.53921,0.01314
1411.61078,0.01342
1409.68235,0.01397
1407.75392,0.01478
1405.82549,0.01570
1403.89706,0.01680
1401.96863,0.01785
1400.04020,0.01863
1398.11177,0.01920
1396.18334,0.01967
1394.25491,0.02016
1392.32648,0.02063
1390.39805,0.02053
1388.46962,0.01944
1386.54119,0.01781
1384.61276,0.01634
1382.68433,0.01494
1380.75590,0.01327
1378.82747,0.01139
1376.89904,0.00950
1374.97061,0.00791
1373.04218,0.00696
1371.11375,0.00635
1369.18532,0.00545
1367.25689,0.00423
1365.32846,0.00288
1363.40003,0.00161
1361.47160,0.00086
1359.54317,0.00062
1357.61474,0.00033
1355.68631,0.00000
1353.75788,-0.00004
1351.82945,0.00014
1349.90102,0.00028
1347.97259,0.00047
1346.04416,0.00084
1344.11573,0.00117
1342.18730,0.00117
1340.25887,0.00099
1338.33044,0.00107
1336.40201,0.00142
1334.47358,0.00182
1332.54515,0.00232
1330.61672,0.00299
1328.68829,0.00374
1326.75986,0.00454
1324.83143,0.00543
1322.90300,0.00614
1320.97457,0.00649
1319.04614,0.00680
1317.11771,0.00735
1315.18928,0.00797
1313.26085,0.00852
1311.33242,0.00894
1309.40399,0.00922
1307.47556,0.00955
1305.54713,0.01008
1303.61870,0.01063
1301.69027,0.01096
1299.76184,0.01098
1297.83341,0.01085
1295.90498,0.01094
1293.97655,0.01137
1292.04812,0.01187
1290.11969,0.01217
1288.19126,0.01234
1286.26283,0.01262
1284.33440,0.01306
1282.40597,0.01355
1280.47754,0.01399
1278.54911,0.01445
1276.62068,0.01506
1274.69225,0.01579
1272.76382,0.01664
1270.83539,0.01777
1268.90696,0.01915
1266.97853,0.02047
1265.05010,0.02154
1263.12167,0.02275
1261.19324,0.02435
1259.26481,0.02618
1257.33638,0.02818
1255.40795,0.03031
1253.47952,0.03235
1251.55109,0.03424
1249.62266,0.03619
1247.69423,0.03830
1245.76580,0.04035
1243.83737,0.04217
1241.90894,0.04394
1239.98051,0.04601
1238.05208,0.04816
1236.12365,0.04975
1234.19522,0.05083
1232.26679,0.05182
1230.33836,0.05277
1228.40993,0.05354
1226.48150,0.05422
1224.55307,0.05496
1222.62464,0.05561
1220.69621,0.05623
1218.76778,0.05703
1216.83935,0.05779
1214.91092,0.05828
1212.98249,0.05882
1211.05406,0.05953
1209.12563,0.06032
1207.19720,0.06119
1205.26877,0.06207
1203.34034,0.06301
1201.41191,0.06398
1199.48348,0.06475
1197.55505,0.06546
1195.62662,0.06633
1193.69819,0.06745
1191.76976,0.06895
1189.84133,0.07076
1187.91290,0.07270
1185.98447,0.07449
1184.05604,0.07608
1182.12761,0.07788
1180.19918,0.08007
1178.27075,0.08238
1176.34232,0.08481
1174.41389,0.08749
1172.48546,0.09010
1170.55703,0.09259
1168.62860,0.09524
1166.70017,0.09786
1164.77174,0.10029
1162.84331,0.10283
1160.91488,0.10560
1158.98645,0.10869
1157.05802,0.11213
1155.12959,0.11537
1153.20116,0.11789
1151.27273,0.11975
1149.34430,0.12094
1147.41587,0.12175
1145.48744,0.12286
1143.55901,0.12439
1141.63058,0.12591
1139.70215,0.12722
1137.77372,0.12867
1135.84529,0.13064
1133.91686,0.13314
1131.98843,0.13642
1130.06000,0.14044
1128.13157,0.14419
1126.20314,0.14747
1124.27471,0.15125
1122.34628,0.15568
1120.41785,0.16016
1118.48942,0.16484
1116.56099,0.17028
1114.63256,0.17601
1112.70413,0.18113
1110.77570,0.18555
1108.84727,0.18981
1106.91884,0.19459
1104.99041,0.20008
1103.06198,0.20576
1101.13355,0.21126
1099.20512,0.21683
1097.27669,0.22265
1095.34826,0.22866
1093.41983,0.23449
1091.49140,0.23930
1089.56297,0.24302
1087.63454,0.24614
1085.70611,0.24851
1083.77768,0.25011
1081.84925,0.25106
1079.92082,0.25134
1077.99239,0.25091
1076.06396,0.24989
1074.13553,0.24895
1072.20710,0.24861
1070.27867,0.24838
1068.35024,0.24761
1066.42181,0.24651
1064.49338,0.24552
1062.56495,0.24434
1060.63652,0.24267
1058.70809,0.24098
1056.77966,0.23928
1054.85123,0.23714
1052.92280,0.23468
1050.99437,0.23173
1049.06594,0.22805
1047.13751,0.22424
1045.20908,0.22037
1043.28065,0.21600
1041.35222,0.21080
1039.42379,0.20461
1037.49536,0.19783
1035.56693,0.19098
1033.63850,0.18414
1031.71007,0.17704
1029.78164,0.16965
1027.85321,0.16216
1025.92478,0.15423
1023.99635,0.14552
1022.06792,0.13653
1020.13949,0.12805
1018.21106,0.12081
1016.28263,0.11471
1014.35420,0.10845
1012.42577,0.10123
1010.49734,0.09373
1008.56891,0.08663
1006.64048,0.07980
1004.71205,0.07308
1002.78362,0.06657
1000.85519,0.06039
998.92676,0.05501
996.99833,0.05098
995.06990,0.04788
993.14147,0.04524
991.21304,0.04326
989.28461,0.04184
987.35618,0.04070
985.42775,0.03993
983.49932,0.03969
981.57089,0.03984
979.64246,0.03992
977.71403,0.03987
975.78560,0.03997
973.85717,0.04026
971.92874,0.04038
970.00031,0.03974
968.07188,0.03839
966.14345,0.03702
964.21502,0.03581
962.28659,0.03456
960.35816,0.03327
958.42973,0.03197
956.50130,0.03080
954.57287,0.02971
952.64444,0.02834
950.71601,0.02677
948.78758,0.02555
946.85915,0.02493
944.93072,0.02465
943.00229,0.02414
941.07386,0.02326
939.14543,0.02256
937.21700,0.02221
935.28857,0.02172
933.36014,0.02077
931.43171,0.01940
929.50328,0.01775
927.57485,0.01611
925.64642,0.01473
923.71799,0.01362
921.78956,0.01285
919.86113,0.01222
917.93270,0.01127
916.00427,0.01002
914.07584,0.00878
912.14741,0.00779
910.21898,0.00724
908.29055,0.00689
906.36212,0.00628
904.43368,0.00545
902.50525,0.00462
900.57682,0.00369
898.64839,0.00274
896.71996,0.00226
894.79153,0.00234
892.86310,0.00259
890.93467,0.00252
889.00624,0.00189
887.07781,0.00116
885.14938,0.00099
883.22095,0.00103
881.29252,0.00098
879.36409,0.00115
877.43566,0.00161
875.50723,0.00146
873.57880,0.00090
871.65037,0.00027
869.72194,0.00000
867.79351,0.00015
865.86508,0.00054
863.93665,0.00096
862.00822,0.00156
860.07979,0.00228
858.15136,0.00275
856.22293,0.00325
854.29450,0.00443
852.36607,0.00598
850.43764,0.00714
848.50921,0.00792
846.58078,0.00854
844.65235,0.00935
842.72392,0.01092
840.79549,0.01298
838.86706,0.01481
836.93863,0.01649
835.01020,0.01841
833.08177,0.02032
831.15334,0.02174
829.22491,0.02279
827.29648,0.02429
825.36805,0.02628
823.43962,0.02790
821.51119,0.02901
819.58276,0.03000
817.65433,0.03090
815.72590,0.03190
813.79747,0.03333
811.86904,0.03492
809.94061,0.03628
808.01218,0.03758
806.08375,0.03887
804.15532,0.03964
802.22689,0.03999
800.29846,0.04031
798.37003,0.04017
796.44160,0.03967
794.51317,0.03946
792.58474,0.03918
790.65631,0.03795
788.72788,0.03590
786.79945,0.03367
784.87102,0.03157
782.94259,0.02995
781.01416,0.02873
779.08573,0.02700
777.15730,0.02413
775.22887,0.02047
773.30044,0.01739
771.37201,0.01568
769.44358,0.01478
767.51515,0.01407
765.58672,0.01354
763.65829,0.01319
761.72986,0.01309
759.80143,0.01342
757.87300,0.01348
755.94457,0.01243
754.01614,0.01128
752.08771,0.01144
750.15928,0.01227
748.23085,0.01220
746.30242,0.01124
744.37399,0.01091
742.44556,0.01145
740.51713,0.01137
738.58870,0.01036
736.66027,0.00927
734.73184,0.00878
732.80341,0.00918
730.87498,0.00974
728.94655,0.00927
727.01812,0.00792
725.08969,0.00729
723.16126,0.00868
721.23283,0.00987
719.30440,0.01006
717.37597,0.00991
715.44754,0.01044
713.51911,0.01170
711.59068,0.01287
709.66225,0.01371
707.73382,0.01433
705.80539,0.01514
703.87696,0.01687
701.94853,0.01893
700.02010,0.01984
698.09167,0.01936
696.16324,0.01815
694.23481,0.01667
692.30638,0.01508
690.37795,0.01322
688.44952,0.01136
686.52109,0.01105
684.59266,0.01248
682.66423,0.01313
680.73580,0.01234
678.80737,0.01288
676.87894,0.01588
674.95051,0.01905
673.02208,0.02080
671.09365,0.02104
669.16522,0.02024
667.23679,0.02123
665.30836,0.02556
663.37993,0.03094
661.45150,0.03539
659.52307,0.03708
657.59464,0.03463
655.66621,0.02901
653.73778,0.02334
651.80935,0.01990
649.88092,0.01889
647.95249,0.01888
646.02406,0.01781
644.09563,0.01536
642.16720,0.01267
640.23877,0.01117
638.31034,0.01078
636.38191,0.01199
634.45348,0.01218
632.52505,0.01066
630.59662,0.00924
628.66819,0.00816
626.73976,0.00574
624.81133,0.00361
622.88290,0.00565
620.95447,0.00996
619.02604,0.01230
617.09761,0.01272
615.16918,0.01107
613.24075,0.00950
611.31232,0.00761
609.38389,0.00458
607.45546,0.00348
605.52703,0.00192
603.59860,0.00047
601.67017,0.00000
599.74174,0.00000
