4001.49232,0.00288
3999.56389,0.00576
3997.63546,0.00618
3995.70703,0.00525
3993.77860,0.00436
3991.85017,0.00390
3989.92174,0.00360
3987.99331,0.00291
3986.06488,0.00209
3984.13645,0.00193
3982.20802,0.00238
3980.27959,0.00300
3978.35116,0.00339
3976.42273,0.00335
3974.49430,0.00306
3972.56587,0.00286
3970.63744,0.00265
3968.70901,0.00218
3966.78058,0.00166
3964.85215,0.00166
3962.92372,0.00214
3960.99529,0.00211
3959.06686,0.00113
3957.13843,0.00022
3955.21000,0.00000
3953.28157,0.00007
3951.35314,0.00039
3949.42471,0.00133
3947.49628,0.00209
3945.56785,0.00199
3943.63942,0.00186
3941.71099,0.00179
3939.78256,0.00125
3937.85413,0.00093
3935.92570,0.00143
3933.99727,0.00233
3932.06884,0.00274
3930.14041,0.00218
3928.21198,0.00104
3926.28355,0.00009
3924.35512,0.00002
3922.42669,0.00089
3920.49826,0.00198
3918.56982,0.00289
3916.64139,0.00311
3914.71296,0.00236
3912.78453,0.00164
3910.85610,0.00162
3908.92767,0.00183
3906.99924,0.00197
3905.07081,0.00303
3903.14238,0.00529
3901.21395,0.00592
3899.28552,0.00461
3897.35709,0.00389
3895.42866,0.00417
3893.50023,0.00448
3891.57180,0.00481
3889.64337,0.00541
3887.71494,0.00615
3885.78651,0.00638
3883.85808,0.00627
3881.92965,0.00650
3880.00122,0.00613
3878.07279,0.00525
3876.14436,0.00573
3874.21593,0.00760
3872.28750,0.00949
3870.35907,0.01012
3868.43064,0.00965
3866.50221,0.00918
3864.57378,0.00903
3862.64535,0.00938
3860.71692,0.00980
3858.78849,0.01028
3856.86006,0.01110
3854.93163,0.01104
3853.00320,0.00927
3851.07477,0.00777
3849.14634,0.00811
3847.21791,0.00900
3845.28948,0.00886
3843.36105,0.00763
3841.43262,0.00610
3839.50419,0.00553
3837.57576,0.00660
3835.64733,0.00774
3833.71890,0.00808
3831.79047,0.00778
3829.86204,0.00740
3827.93361,0.00738
3826.00518,0.00772
3824.07675,0.00825
3822.14832,0.00855
3820.21989,0.00869
3818.29146,0.00807
3816.36303,0.00668
3814.43460,0.00562
3812.50617,0.00574
3810.57774,0.00611
3808.64931,0.00573
3806.72088,0.00570
3804.79245,0.00650
3802.86402,0.00672
3800.93559,0.00591
3799.00716,0.00503
3797.07873,0.00411
3795.15030,0.00295
3793.22187,0.00214
3791.29344,0.00203
3789.36501,0.00221
3787.43658,0.00223
3785.50815,0.00196
3783.57972,0.00170
3781.65129,0.00128
3779.72286,0.00056
3777.79443,0.00007
3775.86600,0.00000
3773.93757,0.00012
3772.00914,0.00070
3770.08071,0.00200
3768.15228,0.00321
3766.22385,0.00364
3764.29542,0.00410
3762.36699,0.00516
3760.43856,0.00653
3758.51013,0.00849
3756.58170,0.01091
3754.65327,0.01236
3752.72484,0.01220
3750.79641,0.01332
3748.86798,0.01745
3746.93955,0.02076
3745.01112,0.02155
3743.08269,0.01879
3741.15426,0.01555
3739.22583,0.01401
3737.29740,0.01366
3735.36897,0.01433
3733.44054,0.01443
3731.51211,0.01325
3729.58368,0.01222
3727.65525,0.01165
3725.72682,0.01065
3723.79839,0.00872
3721.86996,0.00627
3719.94153,0.00458
3718.01310,0.00465
3716.08467,0.00559
3714.15624,0.00539
3712.22781,0.00371
3710.29938,0.00304
3708.37095,0.00325
3706.44252,0.00353
3704.51409,0.00342
3702.58566,0.00278
3700.65723,0.00224
3698.72880,0.00218
3696.80037,0.00231
3694.87194,0.00216
3692.94351,0.00120
3691.01508,0.00000
3689.08665,0.00059
3687.15822,0.00210
3685.22979,0.00299
3683.30136,0.00359
3681.37293,0.00386
3679.44450,0.00409
3677.51607,0.00487
3675.58764,0.00575
3673.65921,0.00545
3671.73078,0.00437
3669.80235,0.00279
3667.87392,0.00180
3665.94549,0.00147
3664.01706,0.00125
3662.08863,0.00120
3660.16020,0.00184
3658.23177,0.00277
3656.30334,0.00336
3654.37491,0.00328
3652.44648,0.00218
3650.51805,0.00055
3648.58962,0.00089
3646.66119,0.00156
3644.73276,0.00241
3642.80433,0.00323
3640.87590,0.00306
3638.94747,0.00234
3637.01904,0.00206
3635.09061,0.00231
3633.16218,0.00303
3631.23375,0.00403
3629.30532,0.00417
3627.37689,0.00347
3625.44846,0.00335
3623.52003,0.00381
3621.59160,0.00326
3619.66317,0.00235
3617.73474,0.00340
3615.80631,0.00584
3613.87788,0.00786
3611.94945,0.00872
3610.02102,0.00876
3608.09259,0.00819
3606.16416,0.00670
3604.23573,0.00501
3602.30730,0.00413
3600.37887,0.00410
3598.45044,0.00437
3596.52201,0.00460
3594.59358,0.00486
3592.66515,0.00491
3590.73672,0.00515
3588.80829,0.00577
3586.87986,0.00566
3584.95143,0.00424
3583.02300,0.00302
3581.09457,0.00252
3579.16614,0.00201
3577.23771,0.00157
3575.30928,0.00173
3573.38085,0.00216
3571.45242,0.00209
3569.52399,0.00172
3567.59556,0.00206
3565.66713,0.00331
3563.73870,0.00400
3561.81027,0.00388
3559.88184,0.00298
3557.95341,0.00169
3556.02498,0.00109
3554.09655,0.00144
3552.16812,0.00207
3550.23969,0.00274
3548.31126,0.00381
3546.38283,0.00449
3544.45440,0.00367
3542.52597,0.00240
3540.59754,0.00206
3538.66911,0.00223
3536.74068,0.00213
3534.81225,0.00158
3532.88382,0.00109
3530.95539,0.00140
3529.02696,0.00273
3527.09853,0.00417
3525.17010,0.00411
3523.24167,0.00270
3521.31324,0.00159
3519.38481,0.00112
3517.45638,0.00069
3515.52795,0.00027
3513.59952,0.00000
3511.67109,0.00003
3509.74266,0.00050
3507.81423,0.00109
3505.88580,0.00167
3503.95737,0.00249
3502.02894,0.00308
3500.10051,0.00250
3498.17208,0.00125
3496.24365,0.00044
3494.31522,0.00041
3492.38679,0.00078
3490.45836,0.00115
3488.52993,0.00144
3486.60150,0.00153
3484.67307,0.00123
3482.74464,0.00087
3480.81621,0.00090
3478.88778,0.00096
3476.95935,0.00086
3475.03092,0.00110
3473.10249,0.00132
3471.17406,0.00094
3469.24563,0.00063
3467.31720,0.00101
3465.38877,0.00139
3463.46034,0.00123
3461.53191,0.00090
3459.60348,0.00053
3457.67505,0.00010
3455.74662,0.00004
3453.81819,0.00045
3451.88976,0.00100
3449.96133,0.00145
3448.03290,0.00162
3446.10447,0.00149
3444.17604,0.00150
3442.24761,0.00196
3440.31918,0.00266
3438.39075,0.00294
3436.46232,0.00273
3434.53389,0.00267
3432.60546,0.00279
3430.67703,0.00243
3428.74860,0.00174
3426.82017,0.00155
3424.89174,0.00221
3422.96331,0.00319
3421.03488,0.00374
3419.10645,0.00365
3417.17802,0.00326
3415.24959,0.00315
3413.32116,0.00352
3411.39273,0.00364
3409.46430,0.00352
3407.53587,0.00383
3405.60744,0.00430
3403.67901,0.00421
3401.75058,0.00400
3399.82215,0.00602
3397.89372,0.00671
3395.96529,0.00678
3394.03686,0.00700
3392.10843,0.00704
3390.18000,0.00631
3388.25157,0.00572
3386.32314,0.00589
3384.39471,0.00561
3382.46628,0.00466
3380.53785,0.00423
3378.60942,0.00457
3376.68099,0.00498
3374.75256,0.00530
3372.82413,0.00565
3370.89570,0.00628
3368.96727,0.00742
3367.03884,0.00866
3365.11041,0.00912
3363.18198,0.00861
3361.25355,0.00782
3359.32512,0.00753
3357.39669,0.00792
3355.46826,0.00823
3353.53983,0.00767
3351.61140,0.00687
3349.68297,0.00667
3347.75454,0.00686
3345.82611,0.00723
3343.89768,0.00794
3341.96925,0.00891
3340.04082,0.00960
3338.11239,0.00976
3336.18396,0.00971
3334.25553,0.00948
3332.32710,0.00914
3330.39867,0.00944
3328.47024,0.01059
3326.54181,0.01167
3324.61338,0.01193
3322.68495,0.01152
3320.75652,0.01102
3318.82809,0.01089
3316.89966,0.01112
3314.97122,0.01132
3313.04279,0.01174
3311.11436,0.01273
3309.18593,0.01373
3307.25750,0.01381
3305.32907,0.01305
3303.40064,0.01251
3301.47221,0.01268
3299.54378,0.01316
3297.61535,0.01343
3295.68692,0.01367
3293.75849,0.01443
3291.83006,0.01537
3289.90163,0.01542
3287.97320,0.01463
3286.04477,0.01429
3284.11634,0.01489
3282.18791,0.01553
3280.25948,0.01562
3278.33105,0.01551
3276.40262,0.01571
3274.47419,0.01594
3272.54576,0.01546
3270.61733,0.01442
3268.68890,0.01386
3266.76047,0.01413
3264.83204,0.01453
3262.90361,0.01440
3260.97518,0.01387
3259.04675,0.01349
3257.11832,0.01371
3255.18989,0.01408
3253.26146,0.01400
3251.33303,0.01358
3249.40460,0.01325
3247.47617,0.01346
3245.54774,0.01412
3243.61931,0.01437
3241.69088,0.01364
3239.76245,0.01241
3237.83402,0.01178
3235.90559,0.01213
3233.97716,0.01281
3232.04873,0.01308
3230.12030,0.01266
3228.19187,0.01179
3226.26344,0.01096
3224.33501,0.01073
3222.40658,0.01122
3220.47815,0.01165
3218.54972,0.01142
3216.62129,0.01089
3214.69286,0.01048
3212.76443,0.01037
3210.83600,0.01051
3208.90757,0.01037
3206.97914,0.00976
3205.05071,0.00934
3203.12228,0.00945
3201.19385,0.00979
3199.26542,0.01005
3197.33699,0.00992
3195.40856,0.00909
3193.48013,0.00814
3191.55170,0.00793
3189.62327,0.00829
3187.69484,0.00858
3185.76641,0.00836
3183.83798,0.00773
3181.90955,0.00737
3179.98112,0.00774
3178.05269,0.00844
3176.12426,0.00868
3174.19583,0.00823
3172.26740,0.00740
3170.33897,0.00669
3168.41054,0.00646
3166.48211,0.00645
3164.55368,0.00634
3162.62525,0.00612
3160.69682,0.00572
3158.76839,0.00522
3156.83996,0.00482
3154.91153,0.00449
3152.98310,0.00429
3151.05467,0.00435
3149.12624,0.00446
3147.19781,0.00448
3145.26938,0.00441
3143.34095,0.00407
3141.41252,0.00336
3139.48409,0.00275
3137.55566,0.00297
3135.62723,0.00397
3133.69880,0.00478
3131.77037,0.00469
3129.84194,0.00421
3127.91351,0.00404
3125.98508,0.00412
3124.05665,0.00420
3122.12822,0.00414
3120.19979,0.00404
3118.27136,0.00412
3116.34293,0.00412
3114.41450,0.00375
3112.48607,0.00324
3110.55764,0.00286
3108.62921,0.00252
3106.70078,0.00206
3104.77235,0.00188
3102.84392,0.00238
3100.91549,0.00292
3098.98706,0.00277
3097.05863,0.00232
3095.13020,0.00199
3093.20177,0.00167
3091.27334,0.00142
3089.34491,0.00119
3087.41648,0.00075
3085.48805,0.00041
3083.55962,0.00088
3081.63119,0.00191
3079.70276,0.00234
3077.77433,0.00169
3075.84590,0.00082
3073.91747,0.00052
3071.98904,0.00057
3070.06061,0.00067
3068.13218,0.00108
3066.20375,0.00166
3064.27532,0.00182
3062.34689,0.00153
3060.41846,0.00137
3058.49003,0.00165
3056.56160,0.00204
3054.63317,0.00187
3052.70474,0.00129
3050.77631,0.00103
3048.84788,0.00110
3046.91945,0.00102
3044.99102,0.00068
3043.06259,0.00024
3041.13416,0.00000
3039.20573,0.00026
3037.27730,0.00097
3035.34887,0.00165
3033.42044,0.00211
3031.49201,0.00234
3029.56358,0.00211
3027.63515,0.00159
3025.70672,0.00117
3023.77829,0.00094
3021.84986,0.00072
3019.92143,0.00041
3017.99300,0.00036
3016.06457,0.00093
3014.13614,0.00182
3012.20771,0.00233
3010.27928,0.00199
3008.35085,0.00116
3006.42242,0.00072
3004.49399,0.00077
3002.56556,0.00076
3000.63713,0.00045
2998.70870,0.00000
2996.78027,0.00045
2994.85184,0.00085
2992.92341,0.00054
2990.99498,0.00017
2989.06655,0.00053
2987.13812,0.00112
2985.20969,0.00123
2983.28126,0.00103
2981.35283,0.00118
2979.42440,0.00196
2977.49597,0.00294
2975.56754,0.00330
2973.63911,0.00284
2971.71068,0.00226
2969.78225,0.00217
2967.85382,0.00248
2965.92539,0.00283
2963.99696,0.00286
2962.06853,0.00255
2960.14010,0.00247
2958.21167,0.00289
2956.28324,0.00349
2954.35481,0.00397
2952.42638,0.00395
2950.49795,0.00327
2948.56952,0.00257
2946.64109,0.00250
2944.71266,0.00293
2942.78423,0.00338
2940.85580,0.00363
2938.92737,0.00361
2936.99894,0.00348
2935.07051,0.00352
2933.14208,0.00373
2931.21365,0.00379
2929.28522,0.00363
2927.35679,0.00354
2925.42836,0.00359
2923.49993,0.00361
2921.57150,0.00350
2919.64307,0.00314
2917.71464,0.00255
2915.78621,0.00205
2913.85778,0.00184
2911.92935,0.00185
2910.00092,0.00181
2908.07249,0.00161
2906.14406,0.00151
2904.21563,0.00158
2902.28720,0.00162
2900.35877,0.00161
2898.43034,0.00166
2896.50191,0.00172
2894.57348,0.00170
2892.64505,0.00153
2890.71662,0.00130
2888.78819,0.00110
2886.85976,0.00100
2884.93133,0.00106
2883.00290,0.00127
2881.07447,0.00161
2879.14604,0.00194
2877.21761,0.00204
2875.28918,0.00187
2873.36075,0.00167
2871.43232,0.00165
2869.50389,0.00164
2867.57546,0.00151
2865.64703,0.00134
2863.71860,0.00127
2861.79017,0.00122
2859.86174,0.00104
2857.93331,0.00092
2856.00488,0.00125
2854.07645,0.00191
2852.14802,0.00217
2850.21959,0.00180
2848.29116,0.00126
2846.36273,0.00082
2844.43430,0.00059
2842.50587,0.00060
2840.57744,0.00069
2838.64901,0.00079
2836.72058,0.00087
2834.79215,0.00082
2832.86372,0.00051
2830.93529,0.00010
2829.00686,0.00000
2827.07843,0.00034
2825.15000,0.00069
2823.22157,0.00070
2821.29314,0.00053
2819.36471,0.00027
2817.43628,0.00006
2815.50785,0.00016
2813.57942,0.00043
2811.65099,0.00058
2809.72256,0.00067
2807.79413,0.00065
2805.86570,0.00045
2803.93727,0.00030
2802.00884,0.00017
2800.08041,0.00003
2798.15198,0.00009
2796.22355,0.00028
2794.29512,0.00043
2792.36669,0.00043
2790.43826,0.00033
2788.50983,0.00042
2786.58140,0.00059
2784.65297,0.00052
2782.72454,0.00034
2780.79611,0.00037
2778.86768,0.00038
2776.93925,0.00015
2775.01082,0.00007
2773.08239,0.00034
2771.15396,0.00061
2769.22553,0.00067
2767.29710,0.00053
2765.36867,0.00025
2763.44024,0.00000
2761.51181,0.00002
2759.58338,0.00038
2757.65495,0.00089
2755.72652,0.00129
2753.79809,0.00136
2751.86966,0.00102
2749.94123,0.00068
2748.01280,0.00068
2746.08437,0.00093
2744.15594,0.00113
2742.22751,0.00102
2740.29908,0.00065
2738.37065,0.00042
2736.44222,0.00051
2734.51379,0.00065
2732.58536,0.00061
2730.65693,0.00037
2728.72850,0.00007
2726.80007,0.00002
2724.87164,0.00028
2722.94321,0.00046
2721.01478,0.00042
2719.08635,0.00045
2717.15792,0.00063
2715.22949,0.00067
2713.30105,0.00049
2711.37262,0.00044
2709.44419,0.00056
2707.51576,0.00053
2705.58733,0.00035
2703.65890,0.00020
2701.73047,0.00001
2699.80204,-0.00009
2697.87361,0.00008
2695.94518,0.00042
2694.01675,0.00077
2692.08832,0.00096
2690.15989,0.00081
2688.23146,0.00042
2686.30303,0.00007
2684.37460,-0.00007
2682.44617,-0.00004
2680.51774,0.00018
2678.58931,0.00045
2676.66088,0.00044
2674.73245,0.00024
2672.80402,0.00010
2670.87559,0.00014
2668.94716,0.00034
2667.01873,0.00035
2665.09030,0.00010
2663.16187,0.00000
2661.23344,0.00013
2659.30501,0.00032
2657.37658,0.00059
2655.44815,0.00096
2653.51972,0.00122
2651.59129,0.00118
2649.66286,0.00088
2647.73443,0.00049
2645.80600,0.00034
2643.87757,0.00055
2641.94914,0.00064
2640.02071,0.00060
2638.09228,0.00074
2636.16385,0.00085
2634.23542,0.00081
2632.30699,0.00077
2630.37856,0.00073
2628.45013,0.00065
2626.52170,0.00050
2624.59327,0.00042
2622.66484,0.00052
2620.73641,0.00058
2618.80798,0.00051
2616.87955,0.00032
2614.95112,0.00016
2613.02269,0.00032
2611.09426,0.00074
2609.16583,0.00100
2607.23740,0.00083
2605.30897,0.00033
2603.38054,0.00000
2601.45211,0.00026
2599.52368,0.00087
2597.59525,0.00131
2595.66682,0.00141
2593.73839,0.00121
2591.80996,0.00083
2589.88153,0.00050
2587.95310,0.00037
2586.02467,0.00037
2584.09624,0.00040
2582.16781,0.00058
2580.23938,0.00083
2578.31095,0.00073
2576.38252,0.00047
2574.45409,0.00060
2572.52566,0.00094
2570.59723,0.00092
2568.66880,0.00061
2566.74037,0.00045
2564.81194,0.00049
2562.88351,0.00054
2560.95508,0.00058
2559.02665,0.00059
2557.09822,0.00054
2555.16979,0.00060
2553.24136,0.00077
2551.31293,0.00071
2549.38450,0.00030
2547.45607,0.00002
2545.52764,0.00012
2543.59921,0.00023
2541.67078,0.00031
2539.74235,0.00047
2537.81392,0.00046
2535.88549,0.00017
2533.95706,0.00001
2532.02863,0.00023
2530.10020,0.00059
2528.17177,0.00087
2526.24334,0.00094
2524.31491,0.00076
2522.38648,0.00041
2520.45805,0.00008
2518.52962,0.00003
2516.60119,0.00020
2514.67276,0.00024
2512.74433,0.00021
2510.81590,0.00024
2508.88747,0.00023
2506.95904,0.00022
2505.03061,0.00024
2503.10218,0.00022
2501.17375,0.00028
2499.24532,0.00048
2497.31689,0.00042
2495.38846,0.00009
2493.46003,0.00000
2491.53160,0.00011
2489.60317,0.00021
2487.67474,0.00029
2485.74631,0.00043
2483.81788,0.00061
2481.88945,0.00066
2479.96102,0.00055
2478.03259,0.00038
2476.10416,0.00021
2474.17573,0.00017
2472.24730,0.00040
2470.31887,0.00066
2468.39044,0.00066
2466.46201,0.00049
2464.53358,0.00039
2462.60515,0.00034
2460.67672,0.00035
2458.74829,0.00039
2456.81986,0.00032
2454.89143,0.00012
2452.96300,0.00005
2451.03457,0.00016
2449.10614,0.00029
2447.17771,0.00037
2445.24928,0.00034
2443.32085,0.00018
2441.39242,0.00009
2439.46399,0.00025
2437.53556,0.00046
2435.60713,0.00043
2433.67870,0.00028
2431.75027,0.00022
2429.82184,0.00011
2427.89341,-0.00001
2425.96498,0.00008
2424.03655,0.00007
2422.10812,0.00006
2420.17969,0.00005
2418.25126,0.00005
2416.32283,0.00004
2414.39440,0.00003
2412.46597,0.00003
2410.53754,0.00002
2408.60911,0.00002
2406.68068,0.00001
2404.75225,0.00001
2402.82382,0.00000
2400.89539,0.00000
2398.96696,-0.00001
2397.03853,-0.00002
2395.11010,-0.00003
2393.18167,-0.00004
2391.25324,-0.00005
2389.32481,-0.00006
2387.39638,-0.00006
2385.46795,-0.00007
2383.53952,-0.00008
2381.61109,-0.00008
2379.68266,-0.00009
2377.75423,-0.00009
2375.82580,-0.00010
2373.89737,-0.00010
2371.96894,-0.00010
2370.04051,-0.00011
2368.11208,-0.00011
2366.18365,-0.00011
2364.25522,-0.00011
2362.32679,-0.00011
2360.39836,-0.00011
2358.46993,-0.00011
2356.54150,-0.00011
2354.61307,-0.00010
2352.68464,-0.00010
2350.75621,-0.00010
2348.82778,-0.00009
2346.89935,-0.00009
2344.97092,-0.00008
2343.04249,-0.00008
2341.11406,-0.00007
2339.18563,-0.00006
2337.25720,-0.00006
2335.32877,-0.00005
2333.40034,-0.00004
2331.47191,-0.00003
2329.54348,-0.00002
2327.61505,-0.00001
2325.68662,0.00000
2323.75819,0.00001
2321.82976,0.00002
2319.90133,0.00004
2317.97290,0.00005
2316.04447,0.00006
2314.11604,0.00008
2312.18761,0.00009
2310.25918,0.00011
2308.33075,0.00012
2306.40232,0.00014
2304.47389,0.00016
2302.54546,0.00018
2300.61703,0.00019
2298.68860,0.00021
2296.76017,0.00023
2294.83174,0.00025
2292.90331,0.00027
2290.97488,0.00030
2289.04645,0.00032
2287.11802,0.00034
2285.18959,0.00036
2283.26116,0.00039
2281.33273,0.00041
2279.40430,0.00043
2277.47587,0.00046
2275.54744,0.00049
2273.61901,0.00051
2271.69058,0.00054
2269.76215,0.00057
2267.83372,0.00060
2265.90529,0.00062
2263.97686,0.00065
2262.04843,0.00068
2260.12000,0.00071
2258.19157,0.00074
2256.26314,0.00078
2254.33471,0.00081
2252.40628,0.00084
2250.47785,0.00087
2248.54942,0.00091
2246.62099,0.00094
2244.69256,0.00098
2242.76413,0.00101
2240.83570,0.00110
2238.90727,0.00097
2236.97884,0.00066
2235.05041,0.00040
2233.12198,0.00027
2231.19355,0.00031
2229.26512,0.00046
2227.33669,0.00067
2225.40826,0.00078
2223.47983,0.00052
2221.55140,0.00009
2219.62297,0.00000
2217.69454,0.00015
2215.76611,0.00028
2213.83768,0.00046
2211.90925,0.00067
2209.98082,0.00068
2208.05239,0.00058
2206.12396,0.00056
2204.19553,0.00053
2202.26710,0.00041
2200.33867,0.00042
2198.41024,0.00052
2196.48181,0.00042
2194.55338,0.00028
2192.62495,0.00034
2190.69652,0.00036
2188.76809,0.00015
2186.83966,-0.00002
2184.91123,0.00012
2182.98280,0.00041
2181.05437,0.00058
2179.12594,0.00059
2177.19751,0.00053
2175.26908,0.00047
2173.34065,0.00045
2171.41222,0.00035
2169.48379,0.00018
2167.55536,0.00005
2165.62693,0.00000
2163.69850,0.00023
2161.77007,0.00059
2159.84164,0.00059
2157.91321,0.00040
2155.98478,0.00031
2154.05635,0.00023
2152.12792,0.00015
2150.19949,0.00028
2148.27106,0.00049
2146.34263,0.00040
2144.41420,0.00014
2142.48577,0.00022
2140.55734,0.00061
2138.62891,0.00092
2136.70048,0.00098
2134.77205,0.00085
2132.84362,0.00061
2130.91519,0.00045
2128.98676,0.00044
2127.05833,0.00048
2125.12990,0.00046
2123.20147,0.00038
2121.27304,0.00037
2119.34461,0.00049
2117.41618,0.00071
2115.48775,0.00094
2113.55932,0.00094
2111.63089,0.00077
2109.70245,0.00057
2107.77402,0.00049
2105.84559,0.00064
2103.91716,0.00079
2101.98873,0.00077
2100.06030,0.00069
2098.13187,0.00066
2096.20344,0.00057
2094.27501,0.00057
2092.34658,0.00071
2090.41815,0.00079
2088.48972,0.00071
2086.56129,0.00066
2084.63286,0.00073
2082.70443,0.00068
2080.77600,0.00050
2078.84757,0.00039
2076.91914,0.00039
2074.99071,0.00055
2073.06228,0.00075
2071.13385,0.00081
2069.20542,0.00078
2067.27699,0.00075
2065.34856,0.00089
2063.42013,0.00108
2061.49170,0.00111
2059.56327,0.00098
2057.63484,0.00079
2055.70641,0.00054
2053.77798,0.00023
2051.84955,0.00003
2049.92112,0.00018
2047.99269,0.00062
2046.06426,0.00099
2044.13583,0.00105
2042.20740,0.00094
2040.27897,0.00095
2038.35054,0.00108
2036.42211,0.00115
2034.49368,0.00112
2032.56525,0.00093
2030.63682,0.00083
2028.70839,0.00108
2026.77996,0.00139
2024.85153,0.00133
2022.92310,0.00097
2020.99467,0.00052
2019.06624,0.00019
2017.13781,0.00008
2015.20938,0.00020
2013.28095,0.00041
2011.35252,0.00062
2009.42409,0.00095
2007.49566,0.00115
2005.56723,0.00097
2003.63880,0.00071
2001.71037,0.00064
1999.78194,0.00068
1997.85351,0.00073
1995.92508,0.00075
1993.99665,0.00072
1992.06822,0.00073
1990.13979,0.00073
1988.21136,0.00080
1986.28293,0.00094
1984.35450,0.00076
1982.42607,0.00040
1980.49764,0.00015
1978.56921,0.00000
1976.64078,0.00003
1974.71235,0.00034
1972.78392,0.00069
1970.85549,0.00079
1968.92706,0.00068
1966.99863,0.00073
1965.07020,0.00108
1963.14177,0.00111
1961.21334,0.00079
1959.28491,0.00065
1957.35648,0.00063
1955.42805,0.00044
1953.49962,0.00030
1951.57119,0.00036
1949.64276,0.00042
1947.71433,0.00038
1945.78590,0.00035
1943.85747,0.00046
1941.92904,0.00059
1940.00061,0.00075
1938.07218,0.00076
1936.14375,0.00047
1934.21532,0.00014
1932.28689,0.00007
1930.35846,0.00027
1928.43003,0.00048
1926.50160,0.00049
1924.57317,0.00041
1922.64474,0.00061
1920.71631,0.00087
1918.78788,0.00085
1916.85945,0.00084
1914.93102,0.00105
1913.00259,0.00110
1911.07416,0.00089
1909.14573,0.00087
1907.21730,0.00099
1905.28887,0.00096
1903.36044,0.00083
1901.43201,0.00074
1899.50358,0.00066
1897.57515,0.00058
1895.64672,0.00061
1893.71829,0.00071
1891.78986,0.00059
1889.86143,0.00045
1887.93300,0.00078
1886.00457,0.00125
1884.07614,0.00146
1882.14771,0.00146
1880.21928,0.00139
1878.29085,0.00141
1876.36242,0.00146
1874.43399,0.00145
1872.50556,0.00122
1870.57713,0.00056
1868.64870,0.00000
1866.72027,0.00023
1864.79184,0.00096
1862.86341,0.00139
1860.93498,0.00158
1859.00655,0.00183
1857.07812,0.00203
1855.14969,0.00202
1853.22126,0.00193
1851.29283,0.00184
1849.36440,0.00169
1847.43597,0.00152
1845.50754,0.00162
1843.57911,0.00202
1841.65068,0.00231
1839.72225,0.00227
1837.79382,0.00224
1835.86539,0.00266
1833.93696,0.00270
1832.00853,0.00144
1830.08010,0.00001
1828.15167,0.00007
1826.22324,0.00078
1824.29481,0.00116
1822.36638,0.00133
1820.43795,0.00159
1818.50952,0.00194
1816.58109,0.00195
1814.65266,0.00132
1812.72423,0.00048
1810.79580,0.00030
1808.86737,0.00090
1806.93894,0.00150
1805.01051,0.00181
1803.08208,0.00200
1801.15365,0.00217
1799.22522,0.00241
1797.29679,0.00267
1795.36836,0.00238
1793.43993,0.00141
1791.51150,0.00128
1789.58307,0.00286
1787.65464,0.00460
1785.72621,0.00527
1783.79778,0.00470
1781.86935,0.00366
1779.94092,0.00333
1778.01249,0.00361
1776.08406,0.00289
1774.15563,0.00084
1772.22720,0.00000
1770.29877,0.00223
1768.37034,0.00482
1766.44191,0.00555
1764.51348,0.00479
1762.58505,0.00387
1760.65662,0.00387
1758.72819,0.00462
1756.79976,0.00535
1754.87133,0.00578
1752.94290,0.00577
1751.01447,0.00511
1749.08604,0.00415
1747.15761,0.00420
1745.22918,0.00503
1743.30075,0.00546
1741.37232,0.00535
1739.44389,0.00541
1737.51546,0.00566
1735.58703,0.00551
1733.65860,0.00534
1731.73017,0.00590
1729.80174,0.00645
1727.87331,0.00683
1725.94488,0.00713
1724.01645,0.00754
1722.08802,0.00742
1720.15959,0.00540
1718.23116,0.00249
1716.30273,0.00307
1714.37430,0.00685
1712.44587,0.01017
1710.51744,0.01144
1708.58901,0.01136
1706.66058,0.01205
1704.73215,0.01501
1702.80372,0.01838
1700.87529,0.02034
1698.94686,0.02129
1697.01843,0.02298
1695.09000,0.02583
1693.16157,0.02830
1691.23314,0.02975
1689.30471,0.03009
1687.37628,0.02937
1685.44785,0.02879
1683.51942,0.03138
1681.59099,0.03571
1679.66256,0.03872
1677.73413,0.03993
1675.80570,0.04053
1673.87727,0.04082
1671.94884,0.04047
1670.02041,0.04126
1668.09198,0.04494
1666.16355,0.04844
1664.23512,0.05013
1662.30669,0.05228
1660.37826,0.05637
1658.44983,0.05968
1656.52140,0.05999
1654.59297,0.05893
1652.66454,0.05986
1650.73611,0.06237
1648.80768,0.06188
1646.87925,0.05815
1644.95082,0.05690
1643.02239,0.05807
1641.09396,0.05770
1639.16553,0.05423
1637.23710,0.04909
1635.30867,0.04579
1633.38024,0.04559
1631.45181,0.04562
1629.52338,0.04372
1627.59495,0.04056
1625.66652,0.03759
1623.73809,0.03530
1621.80966,0.03417
1619.88123,0.03264
1617.95280,0.02923
1616.02437,0.02611
1614.09594,0.02543
1612.16751,0.02496
1610.23908,0.02274
1608.31065,0.01979
1606.38222,0.01767
1604.45379,0.01632
1602.52536,0.01534
1600.59693,0.01461
1598.66850,0.01381
1596.74007,0.01303
1594.81164,0.01271
1592.88321,0.01294
1590.95478,0.01334
1589.02635,0.01380
1587.09792,0.01442
1585.16949,0.01527
1583.24106,0.01648
1581.31263,0.01745
1579.38420,0.01731
1577.45577,0.01698
1575.52734,0.01878
1573.59891,0.02170
1571.67048,0.02296
1569.74205,0.02303
1567.81362,0.02435
1565.88519,0.02688
1563.95676,0.02863
1562.02833,0.02819
1560.09990,0.02774
1558.17147,0.03092
1556.24304,0.03598
1554.31461,0.03962
1552.38618,0.04168
1550.45775,0.04279
1548.52932,0.04345
1546.60089,0.04287
1544.67246,0.04007
1542.74403,0.03612
1540.81560,0.03412
1538.88717,0.03818
1536.95874,0.04308
1535.03031,0.04417
1533.10188,0.04217
1531.17345,0.04070
1529.24502,0.03987
1527.31659,0.03853
1525.38816,0.03717
1523.45973,0.03610
1521.53130,0.03611
1519.60287,0.03713
1517.67444,0.03664
1515.74601,0.03530
1513.81758,0.03456
1511.88915,0.03318
1509.96072,0.02950
1508.03229,0.02387
1506.10385,0.02020
1504.17542,0.02134
1502.24699,0.02331
1500.31856,0.02176
1498.39013,0.01738
1496.46170,0.01430
1494.53327,0.01353
1492.60484,0.01207
1490.67641,0.00866
1488.74798,0.00616
1486.81955,0.00618
1484.89112,0.00711
1482.96269,0.00742
1481.03426,0.00720
1479.10583,0.00684
1477.17740,0.00590
1475.24897,0.00414
1473.32054,0.00324
1471.39211,0.00505
1469.46368,0.00773
1467.53525,0.00880
1465.60682,0.00858
1463.67839,0.00892
1461.74996,0.00872
1459.82153,0.00609
1457.89310,0.00353
1455.96467,0.00533
1454.03624,0.00832
1452.10781,0.00943
1450.17938,0.00830
1448.25095,0.00653
1446.32252,0.00582
1444.39409,0.00606
1442.46566,0.00624
1440.53723,0.00591
1438.60880,0.00540
1436.68037,0.00524
1434.75194,0.00523
1432.82351,0.00483
1430.89508,0.00408
1428.96665,0.00366
1427.03822,0.00365
1425.10979,0.00365
1423.18136,0.00396
1421.25293,0.00476
1419.32450,0.00542
1417.39607,0.00533
1415.46764,0.00473
1413.53921,0.00397
1411.61078,0.00326
1409.68235,0.00294
1407.75392,0.00270
1405.82549,0.00254
1403.89706,0.00282
1401.96863,0.00332
1400.04020,0.00379
1398.11177,0.00430
1396.18334,0.00457
1394.25491,0.00503
1392.32648,0.00612
1390.39805,0.00679
1388.46962,0.00623
1386.54119,0.00503
1384.61276,0.00421
1382.68433,0.00396
1380.75590,0.00397
1378.82747,0.00378
1376.89904,0.00289
1374.97061,0.00187
1373.04218,0.00171
1371.11375,0.00185
1369.18532,0.00153
1367.25689,0.00110
1365.32846,0.00094
1363.40003,0.00094
1361.47160,0.00103
1359.54317,0.00101
1357.61474,0.00070
1355.68631,0.00025
1353.75788,0.00014
1351.82945,0.00018
1349.90102,0.00014
1347.97259,0.00011
1346.04416,0.00017
1344.11573,0.00022
1342.18730,0.00037
1340.25887,0.00086
1338.33044,0.00133
1336.40201,0.00105
1334.47358,0.00035
1332.54515,0.00000
1330.61672,0.00022
1328.68829,0.00069
1326.75986,0.00114
1324.83143,0.00152
1322.90300,0.00157
1320.97457,0.00122
1319.04614,0.00112
1317.11771,0.00153
1315.18928,0.00189
1313.26085,0.00193
1311.33242,0.00188
1309.40399,0.00190
1307.47556,0.00213
1305.54713,0.00257
1303.61870,0.00297
1301.69027,0.00323
1299.76184,0.00342
1297.83341,0.00361
1295.90498,0.00387
1293.97655,0.00422
1292.04812,0.00473
1290.11969,0.00532
1288.19126,0.00570
1286.26283,0.00587
1284.33440,0.00607
1282.40597,0.00643
1280.47754,0.00690
1278.54911,0.00734
1276.62068,0.00771
1274.69225,0.00821
1272.76382,0.00902
1270.83539,0.01007
1268.90696,0.01114
1266.97853,0.01193
1265.05010,0.01227
1263.12167,0.01270
1261.19324,0.01365
1259.26481,0.01495
1257.33638,0.01625
1255.40795,0.01754
1253.47952,0.01878
1251.55109,0.01993
1249.62266,0.02115
1247.69423,0.02243
1245.76580,0.02364
1243.83737,0.02473
1241.90894,0.02575
1239.98051,0.02697
1238.05208,0.02826
1236.12365,0.02913
1234.19522,0.02968
1232.26679,0.03044
1230.33836,0.03145
1228.40993,0.03241
1226.48150,0.03315
1224.55307,0.03377
1222.62464,0.03449
1220.69621,0.03534
1218.76778,0.03615
1216.83935,0.03673
1214.91092,0.03715
1212.98249,0.03772
1211.05406,0.03838
1209.12563,0.03873
1207.19720,0.03887
1205.26877,0.03936
1203.34034,0.04038
1201.41191,0.04153
1199.48348,0.04231
1197.55505,0.04262
1195.62662,0.04282
1193.69819,0.04351
1191.76976,0.04485
1189.84133,0.04659
1187.91290,0.04838
1185.98447,0.04987
1184.05604,0.05100
1182.12761,0.05223
1180.19918,0.05379
1178.27075,0.05556
1176.34232,0.05771
1174.41389,0.06005
1172.48546,0.06195
1170.55703,0.06356
1168.62860,0.06569
1166.70017,0.06845
1164.77174,0.07130
1162.84331,0.07397
1160.91488,0.07676
1158.98645,0.08005
1157.05802,0.08393
1155.12959,0.08808
1153.20116,0.09210
1151.27273,0.09556
1149.34430,0.09817
1147.41587,0.10011
1145.48744,0.10157
1143.55901,0.10242
1141.63058,0.10266
1139.70215,0.10255
1137.77372,0.10220
1135.84529,0.10192
1133.91686,0.10246
1131.98843,0.10400
1130.06000,0.10575
1128.13157,0.10688
1126.20314,0.10781
1124.27471,0.10937
1122.34628,0.11151
1120.41785,0.11401
1118.48942,0.11697
1116.56099,0.12023
1114.63256,0.12335
1112.70413,0.12596
1110.77570,0.12799
1108.84727,0.12949
1106.91884,0.13093
1104.99041,0.13287
1103.06198,0.13540
1101.13355,0.13855
1099.20512,0.14241
1097.27669,0.14697
1095.34826,0.15187
1093.41983,0.15602
1091.49140,0.15859
1089.56297,0.16007
1087.63454,0.16075
1085.70611,0.16040
1083.77768,0.15928
1081.84925,0.15756
1079.92082,0.15529
1077.99239,0.15278
1076.06396,0.15054
1074.13553,0.14887
1072.20710,0.14754
1070.27867,0.14601
1068.35024,0.14388
1066.42181,0.14150
1064.49338,0.13952
1062.56495,0.13778
1060.63652,0.13578
1058.70809,0.13362
1056.77966,0.13114
1054.85123,0.12801
1052.92280,0.12455
1050.99437,0.12105
1049.06594,0.11772
1047.13751,0.11443
1045.20908,0.11065
1043.28065,0.10640
1041.35222,0.10180
1039.42379,0.09668
1037.49536,0.09128
1035.56693,0.08594
1033.63850,0.08068
1031.71007,0.07563
1029.78164,0.07096
1027.85321,0.06632
1025.92478,0.06108
1023.99635,0.05569
1022.06792,0.05079
1020.13949,0.04646
1018.21106,0.04291
1016.28263,0.04002
1014.35420,0.03712
1012.42577,0.03392
1010.49734,0.03067
1008.56891,0.02762
1006.64048,0.02487
1004.71205,0.02228
1002.78362,0.01958
1000.85519,0.01677
998.92676,0.01457
996.99833,0.01335
995.06990,0.01251
993.14147,0.01175
991.21304,0.01136
989.28461,0.01117
987.35618,0.01092
985.42775,0.01084
983.49932,0.01111
981.57089,0.01147
979.64246,0.01176
977.71403,0.01206
975.78560,0.01216
973.85717,0.01209
971.92874,0.01207
970.00031,0.01185
968.07188,0.01145
966.14345,0.01107
964.21502,0.01067
962.28659,0.01025
960.35816,0.00982
958.42973,0.00938
956.50130,0.00921
954.57287,0.00913
952.64444,0.00855
950.71601,0.00768
948.78758,0.00720
946.85915,0.00723
944.93072,0.00733
943.00229,0.00689
941.07386,0.00619
939.14543,0.00607
937.21700,0.00636
935.28857,0.00645
933.36014,0.00651
931.43171,0.00656
929.50328,0.00602
927.57485,0.00492
925.64642,0.00391
923.71799,0.00343
921.78956,0.00343
919.86113,0.00355
917.93270,0.00329
916.00427,0.00264
914.07584,0.00209
912.14741,0.00200
910.21898,0.00230
908.29055,0.00259
906.36212,0.00250
904.43368,0.00215
902.50525,0.00194
900.57682,0.00171
898.64839,0.00111
896.71996,0.00050
894.79153,0.00039
892.86310,0.00059
890.93467,0.00081
889.00624,0.00076
887.07781,0.00062
885.14938,0.00069
883.22095,0.00072
881.29252,0.00046
879.36409,0.00047
877.43566,0.00094
875.50723,0.00113
873.57880,0.00084
871.65037,0.00027
869.72194,0.00000
867.79351,0.00011
865.86508,0.00015
863.93665,0.00018
862.00822,0.00050
860.07979,0.00095
858.15136,0.00112
856.22293,0.00121
854.29450,0.00192
852.36607,0.00298
850.43764,0.00349
848.50921,0.00347
846.58078,0.00349
844.65235,0.00392
842.72392,0.00506
840.79549,0.00667
838.86706,0.00783
836.93863,0.00842
835.01020,0.00919
833.08177,0.01021
831.15334,0.01092
829.22491,0.01141
827.29648,0.01217
825.36805,0.01312
823.43962,0.01382
821.51119,0.01433
819.58276,0.01498
817.65433,0.01571
815.72590,0.01641
813.79747,0.01727
811.86904,0.01826
809.94061,0.01925
808.01218,0.02028
806.08375,0.02084
804.15532,0.02056
802.22689,0.02026
800.29846,0.02052
798.37003,0.02077
796.44160,0.02054
794.51317,0.02011
792.58474,0.01966
790.65631,0.01914
788.72788,0.01836
786.79945,0.01701
784.87102,0.01527
782.94259,0.01374
781.01416,0.01267
779.08573,0.01167
777.15730,0.01020
775.22887,0.00850
773.30044,0.00746
771.37201,0.00705
769.44358,0.00647
767.51515,0.00599
765.58672,0.00597
763.65829,0.00611
761.72986,0.00637
759.80143,0.00664
757.87300,0.00642
755.94457,0.00576
754.01614,0.00544
752.08771,0.00614
750.15928,0.00724
748.23085,0.00715
746.30242,0.00591
744.37399,0.00549
742.44556,0.00629
740.51713,0.00671
738.58870,0.00615
736.66027,0.00542
734.73184,0.00525
732.80341,0.00541
730.87498,0.00519
728.94655,0.00443
727.01812,0.00336
725.08969,0.00318
723.16126,0.00654
721.23283,0.00819
719.30440,0.00796
717.37597,0.00733
715.44754,0.00708
713.51911,0.00735
711.59068,0.00744
709.66225,0.00745
707.73382,0.00765
705.80539,0.00836
703.87696,0.00994
701.94853,0.01176
700.02010,0.01282
698.09167,0.01311
696.16324,0.01305
694.23481,0.01252
692.30638,0.01153
690.37795,0.01027
688.44952,0.00867
686.52109,0.00736
684.59266,0.00712
682.66423,0.00715
680.73580,0.00692
678.80737,0.00769
676.87894,0.00995
674.95051,0.01218
673.02208,0.01366
671.09365,0.01483
669.16522,0.01520
667.23679,0.01560
665.30836,0.01866
663.37993,0.02318
661.45150,0.02791
659.52307,0.03113
657.59464,0.03038
655.66621,0.02612
653.73778,0.02166
651.80935,0.01889
649.88092,0.01855
647.95249,0.02027
646.02406,0.02064
644.09563,0.01763
642.16720,0.01372
640.23877,0.01159
638.31034,0.01055
636.38191,0.01086
634.45348,0.01159
632.52505,0.01203
630.59662,0.01164
628.66819,0.00977
626.73976,0.00652
624.81133,0.00555
622.88290,0.00892
620.95447,0.01446
619.02604,0.01725
617.09761,0.01582
615.16918,0.01315
613.24075,0.01061
611.31232,0.00910
609.38389,0.00593
607.45546,0.00347
605.52703,0.00120
603.59860,0.00055
601.67017,0.00000
599.74174,0.00000
