4001.49232,0.00171
3999.56389,0.00405
3997.63546,0.00417
3995.70703,0.00327
3993.77860,0.00267
3991.85017,0.00256
3989.92174,0.00249
3987.99331,0.00199
3986.06488,0.00124
3984.13645,0.00100
3982.20802,0.00127
3980.27959,0.00166
3978.35116,0.00195
3976.42273,0.00199
3974.49430,0.00168
3972.56587,0.00144
3970.63744,0.00155
3968.70901,0.00163
3966.78058,0.00135
3964.85215,0.00108
3962.92372,0.00120
3960.99529,0.00127
3959.06686,0.00085
3957.13843,0.00032
3955.21000,0.00006
3953.28157,0.00000
3951.35314,0.00036
3949.42471,0.00145
3947.49628,0.00245
3945.56785,0.00250
3943.63942,0.00233
3941.71099,0.00230
3939.78256,0.00190
3937.85413,0.00132
3935.92570,0.00094
3933.99727,0.00086
3932.06884,0.00121
3930.14041,0.00177
3928.21198,0.00176
3926.28355,0.00125
3924.35512,0.00137
3922.42669,0.00212
3920.49826,0.00243
3918.56982,0.00264
3916.64139,0.00320
3914.71296,0.00315
3912.78453,0.00234
3910.85610,0.00149
3908.92767,0.00072
3906.99924,0.00000
3905.07081,0.00068
3903.14238,0.00341
3901.21395,0.00505
3899.28552,0.00457
3897.35709,0.00411
3895.42866,0.00410
3893.50023,0.00412
3891.57180,0.00455
3889.64337,0.00507
3887.71494,0.00502
3885.78651,0.00460
3883.85808,0.00443
3881.92965,0.00500
3880.00122,0.00570
3878.07279,0.00558
3876.14436,0.00546
3874.21593,0.00649
3872.28750,0.00840
3870.35907,0.00972
3868.43064,0.00957
3866.50221,0.00865
3864.57378,0.00848
3862.64535,0.00935
3860.71692,0.00946
3858.78849,0.00858
3856.86006,0.00795
3854.93163,0.00804
3853.00320,0.00869
3851.07477,0.00910
3849.14634,0.00903
3847.21791,0.00877
3845.28948,0.00829
3843.36105,0.00753
3841.43262,0.00626
3839.50419,0.00504
3837.57576,0.00514
3835.64733,0.00616
3833.71890,0.00742
3831.79047,0.00829
3829.86204,0.00792
3827.93361,0.00662
3826.00518,0.00572
3824.07675,0.00605
3822.14832,0.00739
3820.21989,0.00894
3818.29146,0.00876
3816.36303,0.00751
3814.43460,0.00675
3812.50617,0.00648
3810.57774,0.00591
3808.64931,0.00508
3806.72088,0.00530
3804.79245,0.00617
3802.86402,0.00622
3800.93559,0.00602
3799.00716,0.00608
3797.07873,0.00577
3795.15030,0.00503
3793.22187,0.00426
3791.29344,0.00377
3789.36501,0.00333
3787.43658,0.00286
3785.50815,0.00258
3783.57972,0.00244
3781.65129,0.00207
3779.72286,0.00191
3777.79443,0.00229
3775.86600,0.00245
3773.93757,0.00198
3772.00914,0.00149
3770.08071,0.00197
3768.15228,0.00325
3766.22385,0.00421
3764.29542,0.00452
3762.36699,0.00449
3760.43856,0.00498
3758.51013,0.00681
3756.58170,0.00900
3754.65327,0.01020
3752.72484,0.01111
3750.79641,0.01390
3748.86798,0.01719
3746.93955,0.01811
3745.01112,0.01818
3743.08269,0.01681
3741.15426,0.01391
3739.22583,0.01082
3737.29740,0.00894
3735.36897,0.01008
3733.44054,0.01254
3731.51211,0.01270
3729.58368,0.01113
3727.65525,0.00956
3725.72682,0.00843
3723.79839,0.00774
3721.86996,0.00705
3719.94153,0.00623
3718.01310,0.00585
3716.08467,0.00577
3714.15624,0.00508
3712.22781,0.00439
3710.29938,0.00519
3708.37095,0.00547
3706.44252,0.00452
3704.51409,0.00346
3702.58566,0.00328
3700.65723,0.00400
3698.72880,0.00442
3696.80037,0.00395
3694.87194,0.00290
3692.94351,0.00172
3691.01508,0.00169
3689.08665,0.00409
3687.15822,0.00602
3685.22979,0.00572
3683.30136,0.00480
3681.37293,0.00410
3679.44450,0.00385
3677.51607,0.00473
3675.58764,0.00660
3673.65921,0.00723
3671.73078,0.00645
3669.80235,0.00598
3667.87392,0.00578
3665.94549,0.00472
3664.01706,0.00341
3662.08863,0.00267
3660.16020,0.00263
3658.23177,0.00294
3656.30334,0.00338
3654.37491,0.00316
3652.44648,0.00151
3650.51805,0.00000
3648.58962,0.00162
3646.66119,0.00368
3644.73276,0.00430
3642.80433,0.00397
3640.87590,0.00322
3638.94747,0.00276
3637.01904,0.00293
3635.09061,0.00324
3633.16218,0.00313
3631.23375,0.00290
3629.30532,0.00345
3627.37689,0.00458
3625.44846,0.00475
3623.52003,0.00402
3621.59160,0.00274
3619.66317,0.00213
3617.73474,0.00329
3615.80631,0.00482
3613.87788,0.00578
3611.94945,0.00635
3610.02102,0.00691
3608.09259,0.00749
3606.16416,0.00700
3604.23573,0.00516
3602.30730,0.00354
3600.37887,0.00345
3598.45044,0.00433
3596.52201,0.00483
3594.59358,0.00487
3592.66515,0.00466
3590.73672,0.00417
3588.80829,0.00369
3586.87986,0.00351
3584.95143,0.00320
3583.02300,0.00280
3581.09457,0.00258
3579.16614,0.00235
3577.23771,0.00238
3575.30928,0.00295
3573.38085,0.00348
3571.45242,0.00309
3569.52399,0.00211
3567.59556,0.00196
3565.66713,0.00316
3563.73870,0.00390
3561.81027,0.00364
3559.88184,0.00291
3557.95341,0.00213
3556.02498,0.00170
3554.09655,0.00175
3552.16812,0.00196
3550.23969,0.00198
3548.31126,0.00209
3546.38283,0.00233
3544.45440,0.00230
3542.52597,0.00206
3540.59754,0.00185
3538.66911,0.00144
3536.74068,0.00092
3534.81225,0.00069
3532.88382,0.00084
3530.95539,0.00136
3529.02696,0.00229
3527.09853,0.00315
3525.17010,0.00336
3523.24167,0.00329
3521.31324,0.00330
3519.38481,0.00296
3517.45638,0.00229
3515.52795,0.00168
3513.59952,0.00105
3511.67109,0.00045
3509.74266,0.00022
3507.81423,0.00032
3505.88580,0.00062
3503.95737,0.00130
3502.02894,0.00203
3500.10051,0.00180
3498.17208,0.00073
3496.24365,0.00000
3494.31522,0.00024
3492.38679,0.00092
3490.45836,0.00129
3488.52993,0.00142
3486.60150,0.00173
3484.67307,0.00196
3482.74464,0.00182
3480.81621,0.00169
3478.88778,0.00159
3476.95935,0.00130
3475.03092,0.00136
3473.10249,0.00182
3471.17406,0.00183
3469.24563,0.00145
3467.31720,0.00140
3465.38877,0.00136
3463.46034,0.00101
3461.53191,0.00081
3459.60348,0.00061
3457.67505,0.00026
3455.74662,0.00039
3453.81819,0.00110
3451.88976,0.00163
3449.96133,0.00168
3448.03290,0.00141
3446.10447,0.00113
3444.17604,0.00104
3442.24761,0.00132
3440.31918,0.00195
3438.39075,0.00220
3436.46232,0.00179
3434.53389,0.00145
3432.60546,0.00150
3430.67703,0.00144
3428.74860,0.00110
3426.82017,0.00101
3424.89174,0.00156
3422.96331,0.00230
3421.03488,0.00259
3419.10645,0.00246
3417.17802,0.00206
3415.24959,0.00161
3413.32116,0.00172
3411.39273,0.00222
3409.46430,0.00247
3407.53587,0.00253
3405.60744,0.00232
3403.67901,0.00152
3401.75058,0.00092
3399.82215,0.00216
3397.89372,0.00252
3395.96529,0.00284
3394.03686,0.00386
3392.10843,0.00468
3390.18000,0.00418
3388.25157,0.00328
3386.32314,0.00312
3384.39471,0.00282
3382.46628,0.00197
3380.53785,0.00141
3378.60942,0.00137
3376.68099,0.00146
3374.75256,0.00141
3372.82413,0.00152
3370.89570,0.00216
3368.96727,0.00285
3367.03884,0.00294
3365.11041,0.00260
3363.18198,0.00238
3361.25355,0.00246
3359.32512,0.00254
3357.39669,0.00273
3355.46826,0.00316
3353.53983,0.00325
3351.61140,0.00283
3349.68297,0.00241
3347.75454,0.00217
3345.82611,0.00214
3343.89768,0.00238
3341.96925,0.00256
3340.04082,0.00223
3338.11239,0.00171
3336.18396,0.00181
3334.25553,0.00247
3332.32710,0.00313
3330.39867,0.00372
3328.47024,0.00411
3326.54181,0.00410
3324.61338,0.00389
3322.68495,0.00371
3320.75652,0.00346
3318.82809,0.00329
3316.89966,0.00336
3314.97122,0.00341
3313.04279,0.00353
3311.11436,0.00400
3309.18593,0.00439
3307.25750,0.00404
3305.32907,0.00317
3303.40064,0.00278
3301.47221,0.00336
3299.54378,0.00408
3297.61535,0.00399
3295.68692,0.00370
3293.75849,0.00425
3291.83006,0.00511
3289.90163,0.00530
3287.97320,0.00502
3286.04477,0.00487
3284.11634,0.00502
3282.18791,0.00509
3280.25948,0.00494
3278.33105,0.00491
3276.40262,0.00500
3274.47419,0.00499
3272.54576,0.00476
3270.61733,0.00446
3268.68890,0.00455
3266.76047,0.00509
3264.83204,0.00544
3262.90361,0.00539
3260.97518,0.00520
3259.04675,0.00508
3257.11832,0.00526
3255.18989,0.00539
3253.26146,0.00493
3251.33303,0.00426
3249.40460,0.00413
3247.47617,0.00459
3245.54774,0.00524
3243.61931,0.00565
3241.69088,0.00539
3239.76245,0.00453
3237.83402,0.00390
3235.90559,0.00405
3233.97716,0.00453
3232.04873,0.00470
3230.12030,0.00447
3228.19187,0.00394
3226.26344,0.00327
3224.33501,0.00299
3222.40658,0.00347
3220.47815,0.00410
3218.54972,0.00429
3216.62129,0.00414
3214.69286,0.00386
3212.76443,0.00372
3210.83600,0.00383
3208.90757,0.00378
3206.97914,0.00342
3205.05071,0.00325
3203.12228,0.00345
3201.19385,0.00377
3199.26542,0.00418
3197.33699,0.00450
3195.40856,0.00403
3193.48013,0.00295
3191.55170,0.00233
3189.62327,0.00253
3187.69484,0.00297
3185.76641,0.00316
3183.83798,0.00302
3181.90955,0.00291
3179.98112,0.00325
3178.05269,0.00378
3176.12426,0.00395
3174.19583,0.00359
3172.26740,0.00294
3170.33897,0.00241
3168.41054,0.00244
3166.48211,0.00282
3164.55368,0.00292
3162.62525,0.00264
3160.69682,0.00235
3158.76839,0.00219
3156.83996,0.00203
3154.91153,0.00177
3152.98310,0.00158
3151.05467,0.00157
3149.12624,0.00157
3147.19781,0.00178
3145.26938,0.00226
3143.34095,0.00227
3141.41252,0.00143
3139.48409,0.00052
3137.55566,0.00065
3135.62723,0.00173
3133.69880,0.00242
3131.77037,0.00205
3129.84194,0.00153
3127.91351,0.00168
3125.98508,0.00225
3124.05665,0.00264
3122.12822,0.00247
3120.19979,0.00189
3118.27136,0.00152
3116.34293,0.00148
3114.41450,0.00154
3112.48607,0.00164
3110.55764,0.00169
3108.62921,0.00153
3106.70078,0.00121
3104.77235,0.00110
3102.84392,0.00149
3100.91549,0.00192
3098.98706,0.00185
3097.05863,0.00148
3095.13020,0.00123
3093.20177,0.00112
3091.27334,0.00096
3089.34491,0.00056
3087.41648,0.00008
3085.48805,-0.00005
3083.55962,0.00041
3081.63119,0.00115
3079.70276,0.00142
3077.77433,0.00090
3075.84590,0.00022
3073.91747,0.00000
3071.98904,0.00016
3070.06061,0.00036
3068.13218,0.00062
3066.20375,0.00104
3064.27532,0.00126
3062.34689,0.00107
3060.41846,0.00087
3058.49003,0.00093
3056.56160,0.00098
3054.63317,0.00086
3052.70474,0.00075
3050.77631,0.00072
3048.84788,0.00060
3046.91945,0.00043
3044.99102,0.00044
3043.06259,0.00034
3041.13416,0.00000
3039.20573,0.00001
3037.27730,0.00058
3035.34887,0.00128
3033.42044,0.00180
3031.49201,0.00193
3029.56358,0.00160
3027.63515,0.00111
3025.70672,0.00075
3023.77829,0.00067
3021.84986,0.00083
3019.92143,0.00093
3017.99300,0.00108
3016.06457,0.00153
3014.13614,0.00196
3012.20771,0.00206
3010.27928,0.00186
3008.35085,0.00149
3006.42242,0.00118
3004.49399,0.00109
3002.56556,0.00107
3000.63713,0.00075
2998.70870,0.00011
2996.78027,0.00027
2994.85184,0.00085
2992.92341,0.00093
2990.99498,0.00043
2989.06655,0.00018
2987.13812,0.00042
2985.20969,0.00054
2983.28126,0.00031
2981.35283,0.00032
2979.42440,0.00084
2977.49597,0.00157
2975.56754,0.00202
2973.63911,0.00186
2971.71068,0.00127
2969.78225,0.00088
2967.85382,0.00102
2965.92539,0.00139
2963.99696,0.00144
2962.06853,0.00111
2960.14010,0.00093
2958.21167,0.00102
2956.28324,0.00117
2954.35481,0.00138
2952.42638,0.00155
2950.49795,0.00142
2948.56952,0.00119
2946.64109,0.00141
2944.71266,0.00189
2942.78423,0.00210
2940.85580,0.00211
2938.92737,0.00205
2936.99894,0.00191
2935.07051,0.00181
2933.14208,0.00179
2931.21365,0.00165
2929.28522,0.00135
2927.35679,0.00125
2925.42836,0.00148
2923.49993,0.00173
2921.57150,0.00175
2919.64307,0.00148
2917.71464,0.00097
2915.78621,0.00052
2913.85778,0.00041
2911.92935,0.00053
2910.00092,0.00059
2908.07249,0.00060
2906.14406,0.00081
2904.21563,0.00119
2902.28720,0.00133
2900.35877,0.00119
2898.43034,0.00094
2896.50191,0.00077
2894.57348,0.00085
2892.64505,0.00117
2890.71662,0.00145
2888.78819,0.00146
2886.85976,0.00134
2884.93133,0.00126
2883.00290,0.00108
2881.07447,0.00093
2879.14604,0.00099
2877.21761,0.00108
2875.28918,0.00098
2873.36075,0.00074
2871.43232,0.00050
2869.50389,0.00037
2867.57546,0.00050
2865.64703,0.00076
2863.71860,0.00089
2861.79017,0.00081
2859.86174,0.00054
2857.93331,0.00050
2856.00488,0.00088
2854.07645,0.00126
2852.14802,0.00136
2850.21959,0.00111
2848.29116,0.00059
2846.36273,0.00022
2844.43430,0.00018
2842.50587,0.00023
2840.57744,0.00030
2838.64901,0.00049
2836.72058,0.00064
2834.79215,0.00064
2832.86372,0.00057
2830.93529,0.00032
2829.00686,0.00000
2827.07843,0.00013
2825.15000,0.00060
2823.22157,0.00075
2821.29314,0.00063
2819.36471,0.00053
2817.43628,0.00032
2815.50785,0.00028
2813.57942,0.00068
2811.65099,0.00107
2809.72256,0.00106
2807.79413,0.00085
2805.86570,0.00067
2803.93727,0.00058
2802.00884,0.00062
2800.08041,0.00082
2798.15198,0.00111
2796.22355,0.00120
2794.29512,0.00094
2792.36669,0.00048
2790.43826,0.00017
2788.50983,0.00022
2786.58140,0.00048
2784.65297,0.00053
2782.72454,0.00021
2780.79611,0.00000
2778.86768,0.00015
2776.93925,0.00030
2775.01082,0.00028
2773.08239,0.00027
2771.15396,0.00026
2769.22553,0.00028
2767.29710,0.00034
2765.36867,0.00037
2763.44024,0.00037
2761.51181,0.00044
2759.58338,0.00071
2757.65495,0.00122
2755.72652,0.00169
2753.79809,0.00168
2751.86966,0.00115
2749.94123,0.00064
2748.01280,0.00069
2746.08437,0.00112
2744.15594,0.00136
2742.22751,0.00128
2740.29908,0.00114
2738.37065,0.00102
2736.44222,0.00100
2734.51379,0.00105
2732.58536,0.00091
2730.65693,0.00059
2728.72850,0.00035
2726.80007,0.00036
2724.87164,0.00068
2722.94321,0.00100
2721.01478,0.00109
2719.08635,0.00110
2717.15792,0.00121
2715.22949,0.00116
2713.30105,0.00076
2711.37262,0.00047
2709.44419,0.00049
2707.51576,0.00055
2705.58733,0.00062
2703.65890,0.00063
2701.73047,0.00040
2699.80204,0.00010
2697.87361,0.00000
2695.94518,0.00018
2694.01675,0.00063
2692.08832,0.00103
2690.15989,0.00107
2688.23146,0.00087
2686.30303,0.00062
2684.37460,0.00035
2682.44617,0.00025
2680.51774,0.00047
2678.58931,0.00074
2676.66088,0.00067
2674.73245,0.00049
2672.80402,0.00051
2670.87559,0.00060
2668.94716,0.00062
2667.01873,0.00053
2665.09030,0.00046
2663.16187,0.00047
2661.23344,0.00047
2659.30501,0.00062
2657.37658,0.00093
2655.44815,0.00108
2653.51972,0.00105
2651.59129,0.00109
2649.66286,0.00106
2647.73443,0.00077
2645.80600,0.00061
2643.87757,0.00083
2641.94914,0.00106
2640.02071,0.00121
2638.09228,0.00126
2636.16385,0.00100
2634.23542,0.00076
2632.30699,0.00087
2630.37856,0.00098
2628.45013,0.00084
2626.52170,0.00064
2624.59327,0.00053
2622.66484,0.00046
2620.73641,0.00048
2618.80798,0.00071
2616.87955,0.00101
2614.95112,0.00114
2613.02269,0.00109
2611.09426,0.00105
2609.16583,0.00096
2607.23740,0.00053
2605.30897,0.00000
2603.38054,0.00007
2601.45211,0.00076
2599.52368,0.00133
2597.59525,0.00153
2595.66682,0.00157
2593.73839,0.00143
2591.80996,0.00112
2589.88153,0.00087
2587.95310,0.00074
2586.02467,0.00061
2584.09624,0.00049
2582.16781,0.00052
2580.23938,0.00076
2578.31095,0.00095
2576.38252,0.00100
2574.45409,0.00118
2572.52566,0.00149
2570.59723,0.00158
2568.66880,0.00125
2566.74037,0.00067
2564.81194,0.00020
2562.88351,0.00000
2560.95508,0.00000
2559.02665,0.00022
2557.09822,0.00058
2555.16979,0.00087
2553.24136,0.00093
2551.31293,0.00079
2549.38450,0.00058
2547.45607,0.00053
2545.52764,0.00062
2543.59921,0.00059
2541.67078,0.00053
2539.74235,0.00065
2537.81392,0.00075
2535.88549,0.00073
2533.95706,0.00085
2532.02863,0.00097
2530.10020,0.00089
2528.17177,0.00083
2526.24334,0.00097
2524.31491,0.00103
2522.38648,0.00079
2520.45805,0.00056
2518.52962,0.00059
2516.60119,0.00060
2514.67276,0.00039
2512.74433,0.00029
2510.81590,0.00057
2508.88747,0.00080
2506.95904,0.00054
2505.03061,0.00027
2503.10218,0.00033
2501.17375,0.00048
2499.24532,0.00054
2497.31689,0.00038
2495.38846,0.00009
2493.46003,0.00000
2491.53160,0.00019
2489.60317,0.00039
2487.67474,0.00044
2485.74631,0.00045
2483.81788,0.00051
2481.88945,0.00055
2479.96102,0.00048
2478.03259,0.00038
2476.10416,0.00037
2474.17573,0.00043
2472.24730,0.00042
2470.31887,0.00044
2468.39044,0.00066
2466.46201,0.00090
2464.53358,0.00091
2462.60515,0.00080
2460.67672,0.00080
2458.74829,0.00084
2456.81986,0.00070
2454.89143,0.00043
2452.96300,0.00031
2451.03457,0.00042
2449.10614,0.00049
2447.17771,0.00044
2445.24928,0.00043
2443.32085,0.00052
2441.39242,0.00070
2439.46399,0.00084
2437.53556,0.00075
2435.60713,0.00055
2433.67870,0.00041
2431.75027,0.00022
2429.82184,0.00003
2427.89341,0.00000
2425.96498,0.00009
2424.03655,0.00008
2422.10812,0.00007
2420.17969,0.00007
2418.25126,0.00006
2416.32283,0.00006
2414.39440,0.00005
2412.46597,0.00005
2410.53754,0.00004
2408.60911,0.00004
2406.68068,0.00003
2404.75225,0.00003
2402.82382,0.00002
2400.89539,0.00002
2398.96696,0.00002
2397.03853,0.00001
2395.11010,0.00001
2393.18167,0.00001
2391.25324,0.00000
2389.32481,0.00000
2387.39638,0.00000
2385.46795,-0.00000
2383.53952,-0.00000
2381.61109,-0.00000
2379.68266,-0.00001
2377.75423,-0.00001
2375.82580,-0.00001
2373.89737,-0.00001
2371.96894,-0.00001
2370.04051,-0.00001
2368.11208,-0.00001
2366.18365,-0.00001
2364.25522,-0.00001
2362.32679,-0.00001
2360.39836,-0.00001
2358.46993,-0.00000
2356.54150,-0.00000
2354.61307,-0.00000
2352.68464,0.00000
2350.75621,0.00000
2348.82778,0.00001
2346.89935,0.00001
2344.97092,0.00001
2343.04249,0.00002
2341.11406,0.00002
2339.18563,0.00002
2337.25720,0.00003
2335.32877,0.00003
2333.40034,0.00003
2331.47191,0.00004
2329.54348,0.00004
2327.61505,0.00005
2325.68662,0.00005
2323.75819,0.00006
2321.82976,0.00007
2319.90133,0.00007
2317.97290,0.00008
2316.04447,0.00008
2314.11604,0.00009
2312.18761,0.00010
2310.25918,0.00010
2308.33075,0.00011
2306.40232,0.00012
2304.47389,0.00013
2302.54546,0.00014
2300.61703,0.00014
2298.68860,0.00015
2296.76017,0.00016
2294.83174,0.00017
2292.90331,0.00018
2290.97488,0.00019
2289.04645,0.00020
2287.11802,0.00021
2285.18959,0.00022
2283.26116,0.00023
2281.33273,0.00024
2279.40430,0.00025
2277.47587,0.00026
2275.54744,0.00027
2273.61901,0.00028
2271.69058,0.00029
2269.76215,0.00031
2267.83372,0.00032
2265.90529,0.00033
2263.97686,0.00034
2262.04843,0.00036
2260.12000,0.00037
2258.19157,0.00038
2256.26314,0.00040
2254.33471,0.00041
2252.40628,0.00042
2250.47785,0.00044
2248.54942,0.00045
2246.62099,0.00047
2244.69256,0.00048
2242.76413,0.00050
2240.83570,0.00048
2238.90727,0.00037
2236.97884,0.00027
2235.05041,0.00020
2233.12198,0.00012
2231.19355,0.00015
2229.26512,0.00042
2227.33669,0.00074
2225.40826,0.00075
2223.47983,0.00032
2221.55140,0.00000
2219.62297,0.00019
2217.69454,0.00050
2215.76611,0.00049
2213.83768,0.00042
2211.90925,0.00045
2209.98082,0.00039
2208.05239,0.00036
2206.12396,0.00046
2204.19553,0.00044
2202.26710,0.00039
2200.33867,0.00051
2198.41024,0.00058
2196.48181,0.00046
2194.55338,0.00039
2192.62495,0.00053
2190.69652,0.00065
2188.76809,0.00055
2186.83966,0.00044
2184.91123,0.00051
2182.98280,0.00057
2181.05437,0.00053
2179.12594,0.00062
2177.19751,0.00078
2175.26908,0.00081
2173.34065,0.00070
2171.41222,0.00039
2169.48379,0.00009
2167.55536,0.00000
2165.62693,0.00000
2163.69850,0.00012
2161.77007,0.00034
2159.84164,0.00040
2157.91321,0.00032
2155.98478,0.00029
2154.05635,0.00032
2152.12792,0.00040
2150.19949,0.00052
2148.27106,0.00054
2146.34263,0.00039
2144.41420,0.00023
2142.48577,0.00031
2140.55734,0.00058
2138.62891,0.00082
2136.70048,0.00093
2134.77205,0.00093
2132.84362,0.00087
2130.91519,0.00077
2128.98676,0.00064
2127.05833,0.00045
2125.12990,0.00021
2123.20147,0.00003
2121.27304,0.00008
2119.34461,0.00032
2117.41618,0.00059
2115.48775,0.00072
2113.55932,0.00069
2111.63089,0.00065
2109.70245,0.00072
2107.77402,0.00082
2105.84559,0.00089
2103.91716,0.00085
2101.98873,0.00067
2100.06030,0.00051
2098.13187,0.00044
2096.20344,0.00032
2094.27501,0.00025
2092.34658,0.00016
2090.41815,0.00002
2088.48972,0.00007
2086.56129,0.00038
2084.63286,0.00071
2082.70443,0.00076
2080.77600,0.00050
2078.84757,0.00021
2076.91914,0.00016
2074.99071,0.00022
2073.06228,0.00023
2071.13385,0.00027
2069.20542,0.00032
2067.27699,0.00026
2065.34856,0.00035
2063.42013,0.00063
2061.49170,0.00081
2059.56327,0.00080
2057.63484,0.00074
2055.70641,0.00058
2053.77798,0.00031
2051.84955,0.00021
2049.92112,0.00046
2047.99269,0.00088
2046.06426,0.00123
2044.13583,0.00128
2042.20740,0.00105
2040.27897,0.00089
2038.35054,0.00083
2036.42211,0.00079
2034.49368,0.00089
2032.56525,0.00103
2030.63682,0.00108
2028.70839,0.00119
2026.77996,0.00133
2024.85153,0.00125
2022.92310,0.00091
2020.99467,0.00048
2019.06624,0.00012
2017.13781,0.00000
2015.20938,0.00024
2013.28095,0.00054
2011.35252,0.00069
2009.42409,0.00087
2007.49566,0.00098
2005.56723,0.00087
2003.63880,0.00079
2001.71037,0.00075
1999.78194,0.00064
1997.85351,0.00061
1995.92508,0.00063
1993.99665,0.00055
1992.06822,0.00051
1990.13979,0.00060
1988.21136,0.00081
1986.28293,0.00106
1984.35450,0.00108
1982.42607,0.00096
1980.49764,0.00080
1978.56921,0.00055
1976.64078,0.00044
1974.71235,0.00066
1972.78392,0.00097
1970.85549,0.00085
1968.92706,0.00032
1966.99863,0.00017
1965.07020,0.00075
1963.14177,0.00115
1961.21334,0.00106
1959.28491,0.00097
1957.35648,0.00085
1955.42805,0.00044
1953.49962,0.00015
1951.57119,0.00019
1949.64276,0.00032
1947.71433,0.00030
1945.78590,0.00015
1943.85747,0.00012
1941.92904,0.00051
1940.00061,0.00103
1938.07218,0.00114
1936.14375,0.00086
1934.21532,0.00057
1932.28689,0.00048
1930.35846,0.00057
1928.43003,0.00062
1926.50160,0.00050
1924.57317,0.00026
1922.64474,0.00019
1920.71631,0.00026
1918.78788,0.00044
1916.85945,0.00085
1914.93102,0.00125
1913.00259,0.00122
1911.07416,0.00097
1909.14573,0.00094
1907.21730,0.00106
1905.28887,0.00101
1903.36044,0.00082
1901.43201,0.00068
1899.50358,0.00058
1897.57515,0.00051
1895.64672,0.00059
1893.71829,0.00064
1891.78986,0.00036
1889.86143,0.00013
1887.93300,0.00043
1886.00457,0.00089
1884.07614,0.00114
1882.14771,0.00122
1880.21928,0.00115
1878.29085,0.00100
1876.36242,0.00087
1874.43399,0.00079
1872.50556,0.00058
1870.57713,0.00012
1868.64870,0.00000
1866.72027,0.00059
1864.79184,0.00123
1862.86341,0.00135
1860.93498,0.00129
1859.00655,0.00146
1857.07812,0.00173
1855.14969,0.00184
1853.22126,0.00182
1851.29283,0.00166
1849.36440,0.00127
1847.43597,0.00088
1845.50754,0.00094
1843.57911,0.00153
1841.65068,0.00202
1839.72225,0.00209
1837.79382,0.00203
1835.86539,0.00213
1833.93696,0.00182
1832.00853,0.00076
1830.08010,0.00000
1828.15167,0.00046
1826.22324,0.00123
1824.29481,0.00165
1822.36638,0.00176
1820.43795,0.00177
1818.50952,0.00185
1816.58109,0.00179
1814.65266,0.00132
1812.72423,0.00070
1810.79580,0.00056
1808.86737,0.00099
1806.93894,0.00139
1805.01051,0.00147
1803.08208,0.00140
1801.15365,0.00148
1799.22522,0.00174
1797.29679,0.00170
1795.36836,0.00108
1793.43993,0.00047
1791.51150,0.00103
1789.58307,0.00248
1787.65464,0.00340
1785.72621,0.00334
1783.79778,0.00265
1781.86935,0.00197
1779.94092,0.00197
1778.01249,0.00226
1776.08406,0.00166
1774.15563,0.00029
1772.22720,0.00000
1770.29877,0.00165
1768.37034,0.00323
1766.44191,0.00357
1764.51348,0.00307
1762.58505,0.00263
1760.65662,0.00295
1758.72819,0.00361
1756.79976,0.00397
1754.87133,0.00379
1752.94290,0.00315
1751.01447,0.00239
1749.08604,0.00200
1747.15761,0.00232
1745.22918,0.00283
1743.30075,0.00308
1741.37232,0.00317
1739.44389,0.00327
1737.51546,0.00314
1735.58703,0.00266
1733.65860,0.00263
1731.73017,0.00345
1729.80174,0.00414
1727.87331,0.00448
1725.94488,0.00456
1724.01645,0.00461
1722.08802,0.00421
1720.15959,0.00235
1718.23116,0.00018
1716.30273,0.00116
1714.37430,0.00417
1712.44587,0.00602
1710.51744,0.00616
1708.58901,0.00571
1706.66058,0.00620
1704.73215,0.00816
1702.80372,0.01007
1700.87529,0.01088
1698.94686,0.01091
1697.01843,0.01129
1695.09000,0.01258
1693.16157,0.01369
1691.23314,0.01389
1689.30471,0.01305
1687.37628,0.01144
1685.44785,0.01032
1683.51942,0.01182
1681.59099,0.01442
1679.66256,0.01593
1677.73413,0.01624
1675.80570,0.01606
1673.87727,0.01539
1671.94884,0.01426
1670.02041,0.01422
1668.09198,0.01623
1666.16355,0.01780
1664.23512,0.01799
1662.30669,0.01865
1660.37826,0.02071
1658.44983,0.02193
1656.52140,0.02070
1654.59297,0.01894
1652.66454,0.02017
1650.73611,0.02299
1648.80768,0.02329
1646.87925,0.02144
1644.95082,0.02093
1643.02239,0.02140
1641.09396,0.02091
1639.16553,0.01898
1637.23710,0.01681
1635.30867,0.01631
1633.38024,0.01704
1631.45181,0.01705
1629.52338,0.01589
1627.59495,0.01437
1625.66652,0.01302
1623.73809,0.01192
1621.80966,0.01148
1619.88123,0.01074
1617.95280,0.00905
1616.02437,0.00802
1614.09594,0.00843
1612.16751,0.00864
1610.23908,0.00765
1608.31065,0.00615
1606.38222,0.00515
1604.45379,0.00474
1602.52536,0.00463
1600.59693,0.00455
1598.66850,0.00423
1596.74007,0.00385
1594.81164,0.00367
1592.88321,0.00367
1590.95478,0.00375
1589.02635,0.00400
1587.09792,0.00428
1585.16949,0.00458
1583.24106,0.00519
1581.31263,0.00576
1579.38420,0.00545
1577.45577,0.00494
1575.52734,0.00600
1573.59891,0.00764
1571.67048,0.00804
1569.74205,0.00795
1567.81362,0.00888
1565.88519,0.01028
1563.95676,0.01092
1562.02833,0.01006
1560.09990,0.00921
1558.17147,0.01098
1556.24304,0.01428
1554.31461,0.01651
1552.38618,0.01725
1550.45775,0.01726
1548.52932,0.01724
1546.60089,0.01644
1544.67246,0.01417
1542.74403,0.01182
1540.81560,0.01177
1538.88717,0.01528
1536.95874,0.01819
1535.03031,0.01854
1533.10188,0.01752
1531.17345,0.01697
1529.24502,0.01651
1527.31659,0.01574
1525.38816,0.01507
1523.45973,0.01434
1521.53130,0.01430
1519.60287,0.01537
1517.67444,0.01563
1515.74601,0.01527
1513.81758,0.01510
1511.88915,0.01415
1509.96072,0.01153
1508.03229,0.00864
1506.10385,0.00848
1504.17542,0.01050
1502.24699,0.01171
1500.31856,0.01048
1498.39013,0.00815
1496.46170,0.00729
1494.53327,0.00740
1492.60484,0.00613
1490.67641,0.00359
1488.74798,0.00248
1486.81955,0.00323
1484.89112,0.00403
1482.96269,0.00416
1481.03426,0.00398
1479.10583,0.00348
1477.17740,0.00222
1475.24897,0.00049
1473.32054,0.00013
1471.39211,0.00220
1469.46368,0.00450
1467.53525,0.00527
1465.60682,0.00518
1463.67839,0.00546
1461.74996,0.00503
1459.82153,0.00273
1457.89310,0.00064
1455.96467,0.00183
1454.03624,0.00394
1452.10781,0.00475
1450.17938,0.00401
1448.25095,0.00283
1446.32252,0.00240
1444.39409,0.00262
1442.46566,0.00274
1440.53723,0.00241
1438.60880,0.00193
1436.68037,0.00179
1434.75194,0.00182
1432.82351,0.00164
1430.89508,0.00143
1428.96665,0.00152
1427.03822,0.00155
1425.10979,0.00125
1423.18136,0.00108
1421.25293,0.00134
1419.32450,0.00175
1417.39607,0.00200
1415.46764,0.00194
1413.53921,0.00157
1411.61078,0.00109
1409.68235,0.00082
1407.75392,0.00052
1405.82549,0.00021
1403.89706,0.00022
1401.96863,0.00036
1400.04020,0.00046
1398.11177,0.00072
1396.18334,0.00117
1394.25491,0.00200
1392.32648,0.00303
1390.39805,0.00338
1388.46962,0.00280
1386.54119,0.00205
1384.61276,0.00180
1382.68433,0.00180
1380.75590,0.00189
1378.82747,0.00194
1376.89904,0.00153
1374.97061,0.00098
1373.04218,0.00109
1371.11375,0.00145
1369.18532,0.00139
1367.25689,0.00106
1365.32846,0.00068
1363.40003,0.00046
1361.47160,0.00072
1359.54317,0.00106
1357.61474,0.00089
1355.68631,0.00042
1353.75788,0.00023
1351.82945,0.00028
1349.90102,0.00031
1347.97259,0.00038
1346.04416,0.00054
1344.11573,0.00054
1342.18730,0.00023
1340.25887,0.00000
1338.33044,0.00016
1336.40201,0.00029
1334.47358,0.00015
1332.54515,0.00018
1330.61672,0.00061
1328.68829,0.00106
1326.75986,0.00126
1324.83143,0.00124
1322.90300,0.00092
1320.97457,0.00036
1319.04614,0.00009
1317.11771,0.00032
1315.18928,0.00060
1313.26085,0.00074
1311.33242,0.00088
1309.40399,0.00095
1307.47556,0.00107
1305.54713,0.00141
1303.61870,0.00185
1301.69027,0.00216
1299.76184,0.00227
1297.83341,0.00227
1295.90498,0.00229
1293.97655,0.00236
1292.04812,0.00250
1290.11969,0.00256
1288.19126,0.00238
1286.26283,0.00222
1284.33440,0.00231
1282.40597,0.00246
1280.47754,0.00252
1278.54911,0.00258
1276.62068,0.00259
1274.69225,0.00245
1272.76382,0.00244
1270.83539,0.00284
1268.90696,0.00353
1266.97853,0.00402
1265.05010,0.00409
1263.12167,0.00410
1261.19324,0.00416
1259.26481,0.00425
1257.33638,0.00447
1255.40795,0.00496
1253.47952,0.00556
1251.55109,0.00600
1249.62266,0.00629
1247.69423,0.00668
1245.76580,0.00720
1243.83737,0.00750
1241.90894,0.00750
1239.98051,0.00767
1238.05208,0.00806
1236.12365,0.00827
1234.19522,0.00843
1232.26679,0.00870
1230.33836,0.00896
1228.40993,0.00918
1226.48150,0.00930
1224.55307,0.00941
1222.62464,0.00956
1220.69621,0.00976
1218.76778,0.01010
1216.83935,0.01029
1214.91092,0.01012
1212.98249,0.01003
1211.05406,0.01022
1209.12563,0.01052
1207.19720,0.01091
1205.26877,0.01128
1203.34034,0.01156
1201.41191,0.01180
1199.48348,0.01189
1197.55505,0.01169
1195.62662,0.01140
1193.69819,0.01129
1191.76976,0.01170
1189.84133,0.01260
1187.91290,0.01336
1185.98447,0.01345
1184.05604,0.01314
1182.12761,0.01308
1180.19918,0.01334
1178.27075,0.01375
1176.34232,0.01458
1174.41389,0.01559
1172.48546,0.01588
1170.55703,0.01548
1168.62860,0.01545
1166.70017,0.01621
1164.77174,0.01700
1162.84331,0.01745
1160.91488,0.01790
1158.98645,0.01857
1157.05802,0.01935
1155.12959,0.01997
1153.20116,0.02032
1151.27273,0.02047
1149.34430,0.02058
1147.41587,0.02093
1145.48744,0.02144
1143.55901,0.02178
1141.63058,0.02201
1139.70215,0.02243
1137.77372,0.02307
1135.84529,0.02370
1133.91686,0.02401
1131.98843,0.02411
1130.06000,0.02437
1128.13157,0.02464
1126.20314,0.02500
1124.27471,0.02605
1122.34628,0.02737
1120.41785,0.02804
1118.48942,0.02832
1116.56099,0.02901
1114.63256,0.02988
1112.70413,0.03042
1110.77570,0.03084
1108.84727,0.03149
1106.91884,0.03242
1104.99041,0.03354
1103.06198,0.03471
1101.13355,0.03546
1099.20512,0.03560
1097.27669,0.03591
1095.34826,0.03675
1093.41983,0.03752
1091.49140,0.03760
1089.56297,0.03747
1087.63454,0.03778
1085.70611,0.03825
1083.77768,0.03852
1081.84925,0.03838
1079.92082,0.03772
1077.99239,0.03689
1076.06396,0.03641
1074.13553,0.03647
1072.20710,0.03672
1070.27867,0.03671
1068.35024,0.03652
1066.42181,0.03628
1064.49338,0.03577
1062.56495,0.03498
1060.63652,0.03429
1058.70809,0.03414
1056.77966,0.03432
1054.85123,0.03376
1052.92280,0.03248
1050.99437,0.03137
1049.06594,0.03048
1047.13751,0.02979
1045.20908,0.02951
1043.28065,0.02926
1041.35222,0.02839
1039.42379,0.02695
1037.49536,0.02550
1035.56693,0.02423
1033.63850,0.02316
1031.71007,0.02233
1029.78164,0.02171
1027.85321,0.02123
1025.92478,0.02030
1023.99635,0.01872
1022.06792,0.01703
1020.13949,0.01587
1018.21106,0.01551
1016.28263,0.01545
1014.35420,0.01488
1012.42577,0.01352
1010.49734,0.01195
1008.56891,0.01105
1006.64048,0.01082
1004.71205,0.01070
1002.78362,0.01051
1000.85519,0.01008
998.92676,0.00938
996.99833,0.00882
995.06990,0.00846
993.14147,0.00821
991.21304,0.00809
989.28461,0.00785
987.35618,0.00738
985.42775,0.00715
983.49932,0.00753
981.57089,0.00813
979.64246,0.00824
977.71403,0.00793
975.78560,0.00779
973.85717,0.00783
971.92874,0.00781
970.00031,0.00762
968.07188,0.00732
966.14345,0.00731
964.21502,0.00746
962.28659,0.00734
960.35816,0.00699
958.42973,0.00661
956.50130,0.00643
954.57287,0.00653
952.64444,0.00649
950.71601,0.00608
948.78758,0.00566
946.85915,0.00553
944.93072,0.00547
943.00229,0.00525
941.07386,0.00509
939.14543,0.00520
937.21700,0.00540
935.28857,0.00551
933.36014,0.00565
931.43171,0.00571
929.50328,0.00541
927.57485,0.00489
925.64642,0.00452
923.71799,0.00437
921.78956,0.00441
919.86113,0.00451
917.93270,0.00434
916.00427,0.00393
914.07584,0.00362
912.14741,0.00364
910.21898,0.00368
908.29055,0.00352
906.36212,0.00344
904.43368,0.00344
902.50525,0.00330
900.57682,0.00299
898.64839,0.00248
896.71996,0.00191
894.79153,0.00174
892.86310,0.00203
890.93467,0.00236
889.00624,0.00250
887.07781,0.00245
885.14938,0.00232
883.22095,0.00208
881.29252,0.00181
879.36409,0.00204
877.43566,0.00278
875.50723,0.00319
873.57880,0.00297
871.65037,0.00242
869.72194,0.00195
867.79351,0.00181
865.86508,0.00185
863.93665,0.00193
862.00822,0.00204
860.07979,0.00222
858.15136,0.00224
856.22293,0.00215
854.29450,0.00236
852.36607,0.00286
850.43764,0.00300
848.50921,0.00266
846.58078,0.00236
844.65235,0.00233
842.72392,0.00268
840.79549,0.00333
838.86706,0.00385
836.93863,0.00440
835.01020,0.00514
833.08177,0.00586
831.15334,0.00629
829.22491,0.00603
827.29648,0.00544
825.36805,0.00542
823.43962,0.00589
821.51119,0.00619
819.58276,0.00627
817.65433,0.00632
815.72590,0.00639
813.79747,0.00659
811.86904,0.00709
809.94061,0.00795
808.01218,0.00877
806.08375,0.00883
804.15532,0.00829
802.22689,0.00822
800.29846,0.00882
798.37003,0.00912
796.44160,0.00863
794.51317,0.00798
792.58474,0.00786
790.65631,0.00832
788.72788,0.00902
786.79945,0.00949
784.87102,0.00939
782.94259,0.00889
781.01416,0.00829
779.08573,0.00765
777.15730,0.00671
775.22887,0.00542
773.30044,0.00474
771.37201,0.00481
769.44358,0.00456
767.51515,0.00414
765.58672,0.00414
763.65829,0.00424
761.72986,0.00458
759.80143,0.00516
757.87300,0.00495
755.94457,0.00384
754.01614,0.00359
752.08771,0.00515
750.15928,0.00688
748.23085,0.00713
746.30242,0.00626
744.37399,0.00573
742.44556,0.00601
740.51713,0.00596
738.58870,0.00521
736.66027,0.00472
734.73184,0.00479
732.80341,0.00504
730.87498,0.00533
728.94655,0.00509
727.01812,0.00379
725.08969,0.00290
723.16126,0.00528
721.23283,0.00671
719.30440,0.00656
717.37597,0.00565
715.44754,0.00489
713.51911,0.00472
711.59068,0.00522
709.66225,0.00603
707.73382,0.00639
705.80539,0.00603
703.87696,0.00601
701.94853,0.00715
700.02010,0.00851
698.09167,0.00880
696.16324,0.00830
694.23481,0.00808
692.30638,0.00845
690.37795,0.00872
688.44952,0.00844
686.52109,0.00836
684.59266,0.00877
682.66423,0.00830
680.73580,0.00619
678.80737,0.00422
676.87894,0.00457
674.95051,0.00723
673.02208,0.01030
671.09365,0.01122
669.16522,0.00978
667.23679,0.01046
665.30836,0.01395
663.37993,0.01521
661.45150,0.01426
659.52307,0.01415
657.59464,0.01466
655.66621,0.01321
653.73778,0.00958
651.80935,0.00653
649.88092,0.00640
647.95249,0.00855
646.02406,0.00972
644.09563,0.00877
642.16720,0.00784
640.23877,0.00773
638.31034,0.00715
636.38191,0.00637
634.45348,0.00625
632.52505,0.00595
630.59662,0.00457
628.66819,0.00255
626.73976,0.00103
624.81133,0.00219
622.88290,0.00540
620.95447,0.00820
619.02604,0.01028
617.09761,0.01096
615.16918,0.00881
613.24075,0.00720
611.31232,0.00624
609.38389,0.00451
607.45546,0.00247
605.52703,0.00176
603.59860,0.00145
601.67017,0.00000
599.74174,0.00000
