4001.49232,0.00354
3999.56389,0.00626
3997.63546,0.00609
3995.70703,0.00477
3993.77860,0.00405
3991.85017,0.00387
3989.92174,0.00337
3987.99331,0.00217
3986.06488,0.00116
3984.13645,0.00138
3982.20802,0.00231
3980.27959,0.00298
3978.35116,0.00308
3976.42273,0.00287
3974.49430,0.00258
3972.56587,0.00245
3970.63744,0.00245
3968.70901,0.00229
3966.78058,0.00186
3964.85215,0.00154
3962.92372,0.00163
3960.99529,0.00165
3959.06686,0.00116
3957.13843,0.00053
3955.21000,0.00013
3953.28157,0.00000
3951.35314,0.00036
3949.42471,0.00131
3947.49628,0.00186
3945.56785,0.00150
3943.63942,0.00116
3941.71099,0.00089
3939.78256,0.00022
3937.85413,-0.00031
3935.92570,-0.00036
3933.99727,-0.00026
3932.06884,-0.00029
3930.14041,-0.00042
3928.21198,-0.00059
3926.28355,-0.00063
3924.35512,-0.00012
3922.42669,0.00081
3920.49826,0.00146
3918.56982,0.00195
3916.64139,0.00221
3914.71296,0.00171
3912.78453,0.00098
3910.85610,0.00056
3908.92767,0.00023
3906.99924,0.00000
3905.07081,0.00108
3903.14238,0.00396
3901.21395,0.00556
3899.28552,0.00484
3897.35709,0.00396
3895.42866,0.00390
3893.50023,0.00426
3891.57180,0.00472
3889.64337,0.00512
3887.71494,0.00561
3885.78651,0.00588
3883.85808,0.00582
3881.92965,0.00603
3880.00122,0.00568
3878.07279,0.00443
3876.14436,0.00409
3874.21593,0.00523
3872.28750,0.00701
3870.35907,0.00825
3868.43064,0.00837
3866.50221,0.00772
3864.57378,0.00691
3862.64535,0.00695
3860.71692,0.00786
3858.78849,0.00930
3856.86006,0.01088
3854.93163,0.01098
3853.00320,0.00869
3851.07477,0.00651
3849.14634,0.00641
3847.21791,0.00711
3845.28948,0.00708
3843.36105,0.00629
3841.43262,0.00507
3839.50419,0.00429
3837.57576,0.00508
3835.64733,0.00624
3833.71890,0.00681
3831.79047,0.00681
3829.86204,0.00641
3827.93361,0.00610
3826.00518,0.00638
3824.07675,0.00722
3822.14832,0.00782
3820.21989,0.00809
3818.29146,0.00758
3816.36303,0.00641
3814.43460,0.00544
3812.50617,0.00560
3810.57774,0.00621
3808.64931,0.00616
3806.72088,0.00621
3804.79245,0.00682
3802.86402,0.00678
3800.93559,0.00556
3799.00716,0.00417
3797.07873,0.00309
3795.15030,0.00211
3793.22187,0.00143
3791.29344,0.00127
3789.36501,0.00119
3787.43658,0.00091
3785.50815,0.00073
3783.57972,0.00107
3781.65129,0.00131
3779.72286,0.00096
3777.79443,0.00049
3775.86600,0.00018
3773.93757,0.00000
3772.00914,0.00021
3770.08071,0.00151
3768.15228,0.00311
3766.22385,0.00385
3764.29542,0.00424
3762.36699,0.00509
3760.43856,0.00657
3758.51013,0.00888
3756.58170,0.01111
3754.65327,0.01180
3752.72484,0.01147
3750.79641,0.01357
3748.86798,0.01833
3746.93955,0.02108
3745.01112,0.02115
3743.08269,0.01851
3741.15426,0.01563
3739.22583,0.01366
3737.29740,0.01241
3735.36897,0.01306
3733.44054,0.01429
3731.51211,0.01361
3729.58368,0.01185
3727.65525,0.01024
3725.72682,0.00881
3723.79839,0.00726
3721.86996,0.00543
3719.94153,0.00423
3718.01310,0.00452
3716.08467,0.00542
3714.15624,0.00514
3712.22781,0.00344
3710.29938,0.00249
3708.37095,0.00196
3706.44252,0.00149
3704.51409,0.00107
3702.58566,0.00060
3700.65723,0.00049
3698.72880,0.00088
3696.80037,0.00135
3694.87194,0.00148
3692.94351,0.00091
3691.01508,0.00013
3689.08665,0.00089
3687.15822,0.00234
3685.22979,0.00307
3683.30136,0.00331
3681.37293,0.00306
3679.44450,0.00296
3677.51607,0.00396
3675.58764,0.00520
3673.65921,0.00467
3671.73078,0.00332
3669.80235,0.00227
3667.87392,0.00186
3665.94549,0.00145
3664.01706,0.00099
3662.08863,0.00084
3660.16020,0.00140
3658.23177,0.00216
3656.30334,0.00251
3654.37491,0.00235
3652.44648,0.00148
3650.51805,0.00027
3648.58962,0.00084
3646.66119,0.00141
3644.73276,0.00193
3642.80433,0.00240
3640.87590,0.00205
3638.94747,0.00130
3637.01904,0.00122
3635.09061,0.00206
3633.16218,0.00316
3631.23375,0.00367
3629.30532,0.00297
3627.37689,0.00205
3625.44846,0.00208
3623.52003,0.00267
3621.59160,0.00241
3619.66317,0.00201
3617.73474,0.00303
3615.80631,0.00450
3613.87788,0.00578
3611.94945,0.00700
3610.02102,0.00781
3608.09259,0.00773
3606.16416,0.00639
3604.23573,0.00456
3602.30730,0.00330
3600.37887,0.00284
3598.45044,0.00282
3596.52201,0.00301
3594.59358,0.00342
3592.66515,0.00366
3590.73672,0.00366
3588.80829,0.00352
3586.87986,0.00298
3584.95143,0.00203
3583.02300,0.00156
3581.09457,0.00158
3579.16614,0.00123
3577.23771,0.00064
3575.30928,0.00045
3573.38085,0.00066
3571.45242,0.00059
3569.52399,0.00006
3567.59556,0.00000
3565.66713,0.00114
3563.73870,0.00210
3561.81027,0.00229
3559.88184,0.00179
3557.95341,0.00097
3556.02498,0.00063
3554.09655,0.00105
3552.16812,0.00168
3550.23969,0.00209
3548.31126,0.00251
3546.38283,0.00285
3544.45440,0.00273
3542.52597,0.00246
3540.59754,0.00222
3538.66911,0.00172
3536.74068,0.00121
3534.81225,0.00092
3532.88382,0.00062
3530.95539,0.00066
3529.02696,0.00171
3527.09853,0.00335
3525.17010,0.00408
3523.24167,0.00356
3521.31324,0.00289
3519.38481,0.00250
3517.45638,0.00198
3515.52795,0.00121
3513.59952,0.00053
3511.67109,0.00051
3509.74266,0.00125
3507.81423,0.00209
3505.88580,0.00261
3503.95737,0.00312
3502.02894,0.00341
3500.10051,0.00265
3498.17208,0.00121
3496.24365,0.00022
3494.31522,0.00015
3492.38679,0.00059
3490.45836,0.00113
3488.52993,0.00158
3486.60150,0.00176
3484.67307,0.00155
3482.74464,0.00126
3480.81621,0.00138
3478.88778,0.00151
3476.95935,0.00144
3475.03092,0.00179
3473.10249,0.00225
3471.17406,0.00184
3469.24563,0.00114
3467.31720,0.00130
3465.38877,0.00186
3463.46034,0.00192
3461.53191,0.00159
3459.60348,0.00107
3457.67505,0.00064
3455.74662,0.00087
3453.81819,0.00165
3451.88976,0.00234
3449.96133,0.00271
3448.03290,0.00263
3446.10447,0.00201
3444.17604,0.00143
3442.24761,0.00172
3440.31918,0.00273
3438.39075,0.00333
3436.46232,0.00309
3434.53389,0.00258
3432.60546,0.00247
3430.67703,0.00281
3428.74860,0.00302
3426.82017,0.00291
3424.89174,0.00306
3422.96331,0.00393
3421.03488,0.00509
3419.10645,0.00547
3417.17802,0.00490
3415.24959,0.00451
3413.32116,0.00480
3411.39273,0.00487
3409.46430,0.00457
3407.53587,0.00460
3405.60744,0.00491
3403.67901,0.00491
3401.75058,0.00473
3399.82215,0.00654
3397.89372,0.00724
3395.96529,0.00757
3394.03686,0.00798
3392.10843,0.00825
3390.18000,0.00787
3388.25157,0.00752
3386.32314,0.00766
3384.39471,0.00713
3382.46628,0.00589
3380.53785,0.00537
3378.60942,0.00581
3376.68099,0.00635
3374.75256,0.00658
3372.82413,0.00690
3370.89570,0.00781
3368.96727,0.00899
3367.03884,0.00975
3365.11041,0.00975
3363.18198,0.00917
3361.25355,0.00871
3359.32512,0.00901
3357.39669,0.00988
3355.46826,0.01025
3353.53983,0.00955
3351.61140,0.00851
3349.68297,0.00802
3347.75454,0.00820
3345.82611,0.00867
3343.89768,0.00913
3341.96925,0.00959
3340.04082,0.01002
3338.11239,0.01028
3336.18396,0.01033
3334.25553,0.01027
3332.32710,0.01053
3330.39867,0.01160
3328.47024,0.01310
3326.54181,0.01400
3324.61338,0.01392
3322.68495,0.01351
3320.75652,0.01343
3318.82809,0.01379
3316.89966,0.01425
3314.97122,0.01463
3313.04279,0.01510
3311.11436,0.01562
3309.18593,0.01584
3307.25750,0.01539
3305.32907,0.01464
3303.40064,0.01454
3301.47221,0.01507
3299.54378,0.01535
3297.61535,0.01512
3295.68692,0.01513
3293.75849,0.01609
3291.83006,0.01731
3289.90163,0.01764
3287.97320,0.01727
3286.04477,0.01723
3284.11634,0.01768
3282.18791,0.01791
3280.25948,0.01775
3278.33105,0.01743
3276.40262,0.01707
3274.47419,0.01657
3272.54576,0.01566
3270.61733,0.01475
3268.68890,0.01478
3266.76047,0.01561
3264.83204,0.01598
3262.90361,0.01542
3260.97518,0.01458
3259.04675,0.01424
3257.11832,0.01464
3255.18989,0.01507
3253.26146,0.01481
3251.33303,0.01390
3249.40460,0.01294
3247.47617,0.01277
3245.54774,0.01327
3243.61931,0.01340
3241.69088,0.01274
3239.76245,0.01190
3237.83402,0.01160
3235.90559,0.01183
3233.97716,0.01221
3232.04873,0.01239
3230.12030,0.01220
3228.19187,0.01169
3226.26344,0.01119
3224.33501,0.01106
3222.40658,0.01116
3220.47815,0.01085
3218.54972,0.01006
3216.62129,0.00947
3214.69286,0.00946
3212.76443,0.00978
3210.83600,0.00999
3208.90757,0.00956
3206.97914,0.00857
3205.05071,0.00781
3203.12228,0.00770
3201.19385,0.00812
3199.26542,0.00861
3197.33699,0.00850
3195.40856,0.00751
3193.48013,0.00634
3191.55170,0.00595
3189.62327,0.00632
3187.69484,0.00671
3185.76641,0.00657
3183.83798,0.00610
3181.90955,0.00596
3179.98112,0.00627
3178.05269,0.00652
3176.12426,0.00640
3174.19583,0.00585
3172.26740,0.00502
3170.33897,0.00429
3168.41054,0.00399
3166.48211,0.00393
3164.55368,0.00390
3162.62525,0.00386
3160.69682,0.00374
3158.76839,0.00344
3156.83996,0.00291
3154.91153,0.00213
3152.98310,0.00164
3151.05467,0.00199
3149.12624,0.00266
3147.19781,0.00288
3145.26938,0.00272
3143.34095,0.00250
3141.41252,0.00203
3139.48409,0.00116
3137.55566,0.00074
3135.62723,0.00151
3133.69880,0.00255
3131.77037,0.00253
3129.84194,0.00182
3127.91351,0.00157
3125.98508,0.00192
3124.05665,0.00223
3122.12822,0.00200
3120.19979,0.00147
3118.27136,0.00122
3116.34293,0.00130
3114.41450,0.00135
3112.48607,0.00115
3110.55764,0.00090
3108.62921,0.00084
3106.70078,0.00087
3104.77235,0.00092
3102.84392,0.00122
3100.91549,0.00160
3098.98706,0.00149
3097.05863,0.00101
3095.13020,0.00067
3093.20177,0.00053
3091.27334,0.00050
3089.34491,0.00038
3087.41648,0.00011
3085.48805,0.00004
3083.55962,0.00060
3081.63119,0.00140
3079.70276,0.00148
3077.77433,0.00071
3075.84590,0.00000
3073.91747,0.00007
3071.98904,0.00064
3070.06061,0.00101
3068.13218,0.00133
3066.20375,0.00193
3064.27532,0.00231
3062.34689,0.00205
3060.41846,0.00159
3058.49003,0.00143
3056.56160,0.00135
3054.63317,0.00097
3052.70474,0.00073
3050.77631,0.00102
3048.84788,0.00129
3046.91945,0.00126
3044.99102,0.00117
3043.06259,0.00076
3041.13416,0.00009
3039.20573,0.00000
3037.27730,0.00062
3035.34887,0.00139
3033.42044,0.00200
3031.49201,0.00224
3029.56358,0.00178
3027.63515,0.00110
3025.70672,0.00074
3023.77829,0.00063
3021.84986,0.00068
3019.92143,0.00077
3017.99300,0.00075
3016.06457,0.00084
3014.13614,0.00131
3012.20771,0.00192
3010.27928,0.00189
3008.35085,0.00119
3006.42242,0.00070
3004.49399,0.00062
3002.56556,0.00051
3000.63713,0.00025
2998.70870,0.00000
2996.78027,0.00064
2994.85184,0.00136
2992.92341,0.00135
2990.99498,0.00091
2989.06655,0.00096
2987.13812,0.00148
2985.20969,0.00189
2983.28126,0.00198
2981.35283,0.00200
2979.42440,0.00236
2977.49597,0.00320
2975.56754,0.00388
2973.63911,0.00384
2971.71068,0.00364
2969.78225,0.00382
2967.85382,0.00439
2965.92539,0.00504
2963.99696,0.00521
2962.06853,0.00480
2960.14010,0.00439
2958.21167,0.00424
2956.28324,0.00409
2954.35481,0.00401
2952.42638,0.00413
2950.49795,0.00407
2948.56952,0.00373
2946.64109,0.00370
2944.71266,0.00409
2942.78423,0.00432
2940.85580,0.00427
2938.92737,0.00430
2936.99894,0.00440
2935.07051,0.00445
2933.14208,0.00453
2931.21365,0.00458
2929.28522,0.00443
2927.35679,0.00429
2925.42836,0.00440
2923.49993,0.00453
2921.57150,0.00434
2919.64307,0.00361
2917.71464,0.00265
2915.78621,0.00207
2913.85778,0.00200
2911.92935,0.00219
2910.00092,0.00218
2908.07249,0.00171
2906.14406,0.00115
2904.21563,0.00100
2902.28720,0.00119
2900.35877,0.00125
2898.43034,0.00110
2896.50191,0.00119
2894.57348,0.00155
2892.64505,0.00172
2890.71662,0.00150
2888.78819,0.00122
2886.85976,0.00123
2884.93133,0.00131
2883.00290,0.00129
2881.07447,0.00148
2879.14604,0.00176
2877.21761,0.00181
2875.28918,0.00189
2873.36075,0.00217
2871.43232,0.00225
2869.50389,0.00178
2867.57546,0.00116
2865.64703,0.00096
2863.71860,0.00111
2861.79017,0.00109
2859.86174,0.00063
2857.93331,0.00026
2856.00488,0.00057
2854.07645,0.00115
2852.14802,0.00142
2850.21959,0.00132
2848.29116,0.00105
2846.36273,0.00086
2844.43430,0.00079
2842.50587,0.00073
2840.57744,0.00063
2838.64901,0.00063
2836.72058,0.00064
2834.79215,0.00051
2832.86372,0.00026
2830.93529,0.00000
2829.00686,0.00003
2827.07843,0.00050
2825.15000,0.00093
2823.22157,0.00090
2821.29314,0.00067
2819.36471,0.00056
2817.43628,0.00053
2815.50785,0.00054
2813.57942,0.00069
2811.65099,0.00082
2809.72256,0.00075
2807.79413,0.00061
2805.86570,0.00040
2803.93727,0.00012
2802.00884,-0.00000
2800.08041,0.00007
2798.15198,0.00027
2796.22355,0.00050
2794.29512,0.00057
2792.36669,0.00050
2790.43826,0.00053
2788.50983,0.00074
2786.58140,0.00077
2784.65297,0.00056
2782.72454,0.00040
2780.79611,0.00031
2778.86768,0.00018
2776.93925,0.00009
2775.01082,0.00015
2773.08239,0.00035
2771.15396,0.00058
2769.22553,0.00060
2767.29710,0.00046
2765.36867,0.00038
2763.44024,0.00041
2761.51181,0.00053
2759.58338,0.00068
2757.65495,0.00070
2755.72652,0.00063
2753.79809,0.00057
2751.86966,0.00050
2749.94123,0.00044
2748.01280,0.00046
2746.08437,0.00063
2744.15594,0.00077
2742.22751,0.00074
2740.29908,0.00080
2738.37065,0.00088
2736.44222,0.00069
2734.51379,0.00031
2732.58536,0.00003
2730.65693,-0.00006
2728.72850,-0.00006
2726.80007,-0.00006
2724.87164,0.00001
2722.94321,0.00004
2721.01478,-0.00010
2719.08635,-0.00001
2717.15792,0.00057
2715.22949,0.00098
2713.30105,0.00066
2711.37262,0.00013
2709.44419,0.00000
2707.51576,0.00008
2705.58733,0.00023
2703.65890,0.00034
2701.73047,0.00030
2699.80204,0.00030
2697.87361,0.00039
2695.94518,0.00044
2694.01675,0.00061
2692.08832,0.00078
2690.15989,0.00068
2688.23146,0.00042
2686.30303,0.00020
2684.37460,0.00001
2682.44617,-0.00016
2680.51774,-0.00011
2678.58931,0.00005
2676.66088,0.00010
2674.73245,0.00016
2672.80402,0.00029
2670.87559,0.00035
2668.94716,0.00026
2667.01873,-0.00000
2665.09030,0.00000
2663.16187,0.00040
2661.23344,0.00061
2659.30501,0.00047
2657.37658,0.00048
2655.44815,0.00057
2653.51972,0.00048
2651.59129,0.00049
2649.66286,0.00063
2647.73443,0.00044
2645.80600,0.00000
2643.87757,-0.00006
2641.94914,0.00013
2640.02071,0.00023
2638.09228,0.00041
2636.16385,0.00064
2634.23542,0.00072
2632.30699,0.00069
2630.37856,0.00065
2628.45013,0.00058
2626.52170,0.00047
2624.59327,0.00047
2622.66484,0.00057
2620.73641,0.00057
2618.80798,0.00036
2616.87955,0.00017
2614.95112,0.00019
2613.02269,0.00037
2611.09426,0.00067
2609.16583,0.00096
2607.23740,0.00078
2605.30897,0.00021
2603.38054,0.00000
2601.45211,0.00038
2599.52368,0.00098
2597.59525,0.00129
2595.66682,0.00127
2593.73839,0.00115
2591.80996,0.00098
2589.88153,0.00072
2587.95310,0.00049
2586.02467,0.00035
2584.09624,0.00023
2582.16781,0.00017
2580.23938,0.00017
2578.31095,0.00010
2576.38252,0.00010
2574.45409,0.00045
2572.52566,0.00086
2570.59723,0.00083
2568.66880,0.00050
2566.74037,0.00037
2564.81194,0.00043
2562.88351,0.00044
2560.95508,0.00044
2559.02665,0.00061
2557.09822,0.00072
2555.16979,0.00067
2553.24136,0.00059
2551.31293,0.00038
2549.38450,0.00008
2547.45607,0.00000
2545.52764,0.00015
2543.59921,0.00029
2541.67078,0.00042
2539.74235,0.00056
2537.81392,0.00048
2535.88549,0.00020
2533.95706,0.00006
2532.02863,0.00014
2530.10020,0.00029
2528.17177,0.00057
2526.24334,0.00081
2524.31491,0.00071
2522.38648,0.00033
2520.45805,0.00008
2518.52962,0.00015
2516.60119,0.00021
2514.67276,0.00004
2512.74433,0.00000
2510.81590,0.00027
2508.88747,0.00057
2506.95904,0.00067
2505.03061,0.00061
2503.10218,0.00038
2501.17375,0.00019
2499.24532,0.00032
2497.31689,0.00040
2495.38846,0.00028
2493.46003,0.00020
2491.53160,0.00016
2489.60317,0.00020
2487.67474,0.00040
2485.74631,0.00073
2483.81788,0.00100
2481.88945,0.00100
2479.96102,0.00074
2478.03259,0.00033
2476.10416,0.00003
2474.17573,0.00000
2472.24730,0.00014
2470.31887,0.00016
2468.39044,0.00004
2466.46201,0.00011
2464.53358,0.00045
2462.60515,0.00072
2460.67672,0.00090
2458.74829,0.00097
2456.81986,0.00077
2454.89143,0.00050
2452.96300,0.00054
2451.03457,0.00076
2449.10614,0.00079
2447.17771,0.00059
2445.24928,0.00037
2443.32085,0.00025
2441.39242,0.00024
2439.46399,0.00036
2437.53556,0.00041
2435.60713,0.00021
2433.67870,0.00000
2431.75027,0.00006
2429.82184,0.00023
2427.89341,0.00022
2425.96498,0.00020
2424.03655,0.00018
2422.10812,0.00016
2420.17969,0.00014
2418.25126,0.00012
2416.32283,0.00011
2414.39440,0.00009
2412.46597,0.00008
2410.53754,0.00007
2408.60911,0.00006
2406.68068,0.00005
2404.75225,0.00004
2402.82382,0.00003
2400.89539,0.00003
2398.96696,-0.00002
2397.03853,-0.00006
2395.11010,-0.00010
2393.18167,-0.00014
2391.25324,-0.00018
2389.32481,-0.00022
2387.39638,-0.00026
2385.46795,-0.00029
2383.53952,-0.00033
2381.61109,-0.00036
2379.68266,-0.00039
2377.75423,-0.00042
2375.82580,-0.00045
2373.89737,-0.00048
2371.96894,-0.00051
2370.04051,-0.00053
2368.11208,-0.00055
2366.18365,-0.00057
2364.25522,-0.00060
2362.32679,-0.00061
2360.39836,-0.00063
2358.46993,-0.00065
2356.54150,-0.00066
2354.61307,-0.00068
2352.68464,-0.00069
2350.75621,-0.00070
2348.82778,-0.00071
2346.89935,-0.00072
2344.97092,-0.00072
2343.04249,-0.00073
2341.11406,-0.00073
2339.18563,-0.00074
2337.25720,-0.00074
2335.32877,-0.00074
2333.40034,-0.00073
2331.47191,-0.00073
2329.54348,-0.00073
2327.61505,-0.00072
2325.68662,-0.00071
2323.75819,-0.00071
2321.82976,-0.00070
2319.90133,-0.00068
2317.97290,-0.00067
2316.04447,-0.00066
2314.11604,-0.00064
2312.18761,-0.00063
2310.25918,-0.00061
2308.33075,-0.00059
2306.40232,-0.00057
2304.47389,-0.00054
2302.54546,-0.00052
2300.61703,-0.00050
2298.68860,-0.00047
2296.76017,-0.00044
2294.83174,-0.00041
2292.90331,-0.00038
2290.97488,-0.00035
2289.04645,-0.00032
2287.11802,-0.00028
2285.18959,-0.00025
2283.26116,-0.00021
2281.33273,-0.00017
2279.40430,-0.00013
2277.47587,-0.00009
2275.54744,-0.00004
2273.61901,0.00000
2271.69058,0.00004
2269.76215,0.00007
2267.83372,0.00011
2265.90529,0.00015
2263.97686,0.00020
2262.04843,0.00024
2260.12000,0.00029
2258.19157,0.00033
2256.26314,0.00038
2254.33471,0.00043
2252.40628,0.00048
2250.47785,0.00053
2248.54942,0.00058
2246.62099,0.00064
2244.69256,0.00069
2242.76413,0.00075
2240.83570,0.00087
2238.90727,0.00084
2236.97884,0.00057
2235.05041,0.00021
2233.12198,-0.00002
2231.19355,0.00005
2229.26512,0.00039
2227.33669,0.00068
2225.40826,0.00066
2223.47983,0.00035
2221.55140,0.00003
2219.62297,0.00000
2217.69454,0.00009
2215.76611,0.00021
2213.83768,0.00045
2211.90925,0.00068
2209.98082,0.00060
2208.05239,0.00037
2206.12396,0.00032
2204.19553,0.00037
2202.26710,0.00030
2200.33867,0.00019
2198.41024,0.00016
2196.48181,0.00009
2194.55338,0.00009
2192.62495,0.00032
2190.69652,0.00056
2188.76809,0.00056
2186.83966,0.00039
2184.91123,0.00017
2182.98280,-0.00002
2181.05437,-0.00008
2179.12594,0.00005
2177.19751,0.00023
2175.26908,0.00028
2173.34065,0.00015
2171.41222,0.00000
2169.48379,0.00001
2167.55536,0.00022
2165.62693,0.00041
2163.69850,0.00046
2161.77007,0.00033
2159.84164,0.00009
2157.91321,-0.00004
2155.98478,0.00003
2154.05635,0.00027
2152.12792,0.00047
2150.19949,0.00049
2148.27106,0.00051
2146.34263,0.00055
2144.41420,0.00046
2142.48577,0.00041
2140.55734,0.00053
2138.62891,0.00071
2136.70048,0.00085
2134.77205,0.00090
2132.84362,0.00092
2130.91519,0.00092
2128.98676,0.00075
2127.05833,0.00045
2125.12990,0.00018
2123.20147,0.00001
2121.27304,0.00000
2119.34461,0.00022
2117.41618,0.00064
2115.48775,0.00102
2113.55932,0.00108
2111.63089,0.00090
2109.70245,0.00071
2107.77402,0.00063
2105.84559,0.00067
2103.91716,0.00065
2101.98873,0.00049
2100.06030,0.00026
2098.13187,0.00015
2096.20344,0.00018
2094.27501,0.00021
2092.34658,0.00019
2090.41815,0.00029
2088.48972,0.00043
2086.56129,0.00054
2084.63286,0.00079
2082.70443,0.00096
2080.77600,0.00075
2078.84757,0.00040
2076.91914,0.00028
2074.99071,0.00047
2073.06228,0.00078
2071.13385,0.00098
2069.20542,0.00098
2067.27699,0.00086
2065.34856,0.00092
2063.42013,0.00112
2061.49170,0.00109
2059.56327,0.00079
2057.63484,0.00054
2055.70641,0.00033
2053.77798,0.00007
2051.84955,0.00000
2049.92112,0.00024
2047.99269,0.00065
2046.06426,0.00094
2044.13583,0.00099
2042.20740,0.00082
2040.27897,0.00074
2038.35054,0.00080
2036.42211,0.00094
2034.49368,0.00113
2032.56525,0.00110
2030.63682,0.00089
2028.70839,0.00093
2026.77996,0.00116
2024.85153,0.00120
2022.92310,0.00096
2020.99467,0.00055
2019.06624,0.00015
2017.13781,0.00000
2015.20938,0.00020
2013.28095,0.00048
2011.35252,0.00064
2009.42409,0.00090
2007.49566,0.00108
2005.56723,0.00085
2003.63880,0.00043
2001.71037,0.00020
1999.78194,0.00019
1997.85351,0.00029
1995.92508,0.00042
1993.99665,0.00051
1992.06822,0.00056
1990.13979,0.00049
1988.21136,0.00047
1986.28293,0.00059
1984.35450,0.00046
1982.42607,0.00015
1980.49764,-0.00005
1978.56921,-0.00014
1976.64078,-0.00008
1974.71235,0.00020
1972.78392,0.00054
1970.85549,0.00064
1968.92706,0.00036
1966.99863,0.00022
1965.07020,0.00063
1963.14177,0.00086
1961.21334,0.00067
1959.28491,0.00065
1957.35648,0.00078
1955.42805,0.00067
1953.49962,0.00052
1951.57119,0.00047
1949.64276,0.00036
1947.71433,0.00014
1945.78590,0.00000
1943.85747,0.00011
1941.92904,0.00041
1940.00061,0.00060
1938.07218,0.00047
1936.14375,0.00016
1934.21532,-0.00001
1932.28689,0.00004
1930.35846,0.00029
1928.43003,0.00051
1926.50160,0.00043
1924.57317,0.00016
1922.64474,0.00023
1920.71631,0.00054
1918.78788,0.00063
1916.85945,0.00072
1914.93102,0.00108
1913.00259,0.00133
1911.07416,0.00126
1909.14573,0.00123
1907.21730,0.00128
1905.28887,0.00124
1903.36044,0.00117
1901.43201,0.00114
1899.50358,0.00109
1897.57515,0.00103
1895.64672,0.00111
1893.71829,0.00122
1891.78986,0.00108
1889.86143,0.00091
1887.93300,0.00122
1886.00457,0.00173
1884.07614,0.00206
1882.14771,0.00216
1880.21928,0.00208
1878.29085,0.00201
1876.36242,0.00201
1874.43399,0.00197
1872.50556,0.00156
1870.57713,0.00062
1868.64870,0.00000
1866.72027,0.00050
1864.79184,0.00152
1862.86341,0.00205
1860.93498,0.00223
1859.00655,0.00242
1857.07812,0.00257
1855.14969,0.00256
1853.22126,0.00244
1851.29283,0.00228
1849.36440,0.00211
1847.43597,0.00212
1845.50754,0.00245
1843.57911,0.00284
1841.65068,0.00285
1839.72225,0.00258
1837.79382,0.00254
1835.86539,0.00307
1833.93696,0.00316
1832.00853,0.00192
1830.08010,0.00052
1828.15167,0.00057
1826.22324,0.00128
1824.29481,0.00185
1822.36638,0.00229
1820.43795,0.00263
1818.50952,0.00284
1816.58109,0.00262
1814.65266,0.00182
1812.72423,0.00094
1810.79580,0.00073
1808.86737,0.00118
1806.93894,0.00173
1805.01051,0.00207
1803.08208,0.00229
1801.15365,0.00244
1799.22522,0.00260
1797.29679,0.00264
1795.36836,0.00209
1793.43993,0.00112
1791.51150,0.00143
1789.58307,0.00341
1787.65464,0.00511
1785.72621,0.00541
1783.79778,0.00454
1781.86935,0.00347
1779.94092,0.00327
1778.01249,0.00360
1776.08406,0.00287
1774.15563,0.00083
1772.22720,0.00000
1770.29877,0.00209
1768.37034,0.00442
1766.44191,0.00485
1764.51348,0.00394
1762.58505,0.00315
1760.65662,0.00338
1758.72819,0.00400
1756.79976,0.00432
1754.87133,0.00441
1752.94290,0.00422
1751.01447,0.00348
1749.08604,0.00253
1747.15761,0.00257
1745.22918,0.00336
1743.30075,0.00383
1741.37232,0.00377
1739.44389,0.00372
1737.51546,0.00372
1735.58703,0.00330
1733.65860,0.00309
1731.73017,0.00380
1729.80174,0.00443
1727.87331,0.00477
1725.94488,0.00497
1724.01645,0.00525
1722.08802,0.00507
1720.15959,0.00320
1718.23116,0.00070
1716.30273,0.00174
1714.37430,0.00570
1712.44587,0.00899
1710.51744,0.01020
1708.58901,0.01009
1706.66058,0.01084
1704.73215,0.01397
1702.80372,0.01767
1700.87529,0.02037
1698.94686,0.02232
1697.01843,0.02473
1695.09000,0.02804
1693.16157,0.03078
1691.23314,0.03233
1689.30471,0.03280
1687.37628,0.03248
1685.44785,0.03283
1683.51942,0.03663
1681.59099,0.04160
1679.66256,0.04484
1677.73413,0.04648
1675.80570,0.04791
1673.87727,0.04909
1671.94884,0.04941
1670.02041,0.05100
1668.09198,0.05564
1666.16355,0.05973
1664.23512,0.06179
1662.30669,0.06444
1660.37826,0.06890
1658.44983,0.07222
1656.52140,0.07229
1654.59297,0.07099
1652.66454,0.07182
1650.73611,0.07415
1648.80768,0.07354
1646.87925,0.06985
1644.95082,0.06823
1643.02239,0.06855
1641.09396,0.06739
1639.16553,0.06335
1637.23710,0.05756
1635.30867,0.05341
1633.38024,0.05256
1631.45181,0.05214
1629.52338,0.04968
1627.59495,0.04587
1625.66652,0.04235
1623.73809,0.03960
1621.80966,0.03802
1619.88123,0.03613
1617.95280,0.03233
1616.02437,0.02853
1614.09594,0.02700
1612.16751,0.02588
1610.23908,0.02327
1608.31065,0.02014
1606.38222,0.01801
1604.45379,0.01666
1602.52536,0.01558
1600.59693,0.01471
1598.66850,0.01394
1596.74007,0.01338
1594.81164,0.01319
1592.88321,0.01327
1590.95478,0.01344
1589.02635,0.01381
1587.09792,0.01441
1585.16949,0.01524
1583.24106,0.01644
1581.31263,0.01740
1579.38420,0.01717
1577.45577,0.01665
1575.52734,0.01826
1573.59891,0.02108
1571.67048,0.02250
1569.74205,0.02304
1567.81362,0.02476
1565.88519,0.02721
1563.95676,0.02861
1562.02833,0.02793
1560.09990,0.02748
1558.17147,0.03100
1556.24304,0.03655
1554.31461,0.04054
1552.38618,0.04261
1550.45775,0.04354
1548.52932,0.04415
1546.60089,0.04363
1544.67246,0.04106
1542.74403,0.03789
1540.81560,0.03683
1538.88717,0.04056
1536.95874,0.04441
1535.03031,0.04474
1533.10188,0.04252
1531.17345,0.04111
1529.24502,0.04030
1527.31659,0.03886
1525.38816,0.03729
1523.45973,0.03577
1521.53130,0.03510
1519.60287,0.03569
1517.67444,0.03511
1515.74601,0.03380
1513.81758,0.03310
1511.88915,0.03156
1509.96072,0.02744
1508.03229,0.02141
1506.10385,0.01772
1504.17542,0.01887
1502.24699,0.02078
1500.31856,0.01921
1498.39013,0.01483
1496.46170,0.01168
1494.53327,0.01081
1492.60484,0.00920
1490.67641,0.00564
1488.74798,0.00301
1486.81955,0.00294
1484.89112,0.00378
1482.96269,0.00402
1481.03426,0.00382
1479.10583,0.00353
1477.17740,0.00265
1475.24897,0.00091
1473.32054,0.00000
1471.39211,0.00181
1469.46368,0.00460
1467.53525,0.00586
1465.60682,0.00583
1463.67839,0.00624
1461.74996,0.00603
1459.82153,0.00360
1457.89310,0.00152
1455.96467,0.00358
1454.03624,0.00641
1452.10781,0.00732
1450.17938,0.00612
1448.25095,0.00437
1446.32252,0.00364
1444.39409,0.00383
1442.46566,0.00401
1440.53723,0.00376
1438.60880,0.00336
1436.68037,0.00326
1434.75194,0.00331
1432.82351,0.00301
1430.89508,0.00229
1428.96665,0.00180
1427.03822,0.00173
1425.10979,0.00174
1423.18136,0.00213
1421.25293,0.00303
1419.32450,0.00390
1417.39607,0.00407
1415.46764,0.00364
1413.53921,0.00297
1411.61078,0.00234
1409.68235,0.00210
1407.75392,0.00192
1405.82549,0.00176
1403.89706,0.00205
1401.96863,0.00246
1400.04020,0.00265
1398.11177,0.00287
1396.18334,0.00319
1394.25491,0.00383
1392.32648,0.00482
1390.39805,0.00514
1388.46962,0.00436
1386.54119,0.00341
1384.61276,0.00310
1382.68433,0.00307
1380.75590,0.00292
1378.82747,0.00253
1376.89904,0.00159
1374.97061,0.00069
1373.04218,0.00075
1371.11375,0.00111
1369.18532,0.00086
1367.25689,0.00032
1365.32846,0.00000
1363.40003,-0.00002
1361.47160,0.00029
1359.54317,0.00051
1357.61474,0.00036
1355.68631,0.00006
1353.75788,0.00004
1351.82945,0.00006
1349.90102,-0.00009
1347.97259,-0.00008
1346.04416,0.00019
1344.11573,0.00019
1342.18730,0.00001
1340.25887,0.00000
1338.33044,0.00024
1336.40201,0.00011
1334.47358,-0.00024
1332.54515,-0.00031
1330.61672,0.00002
1328.68829,0.00027
1326.75986,0.00031
1324.83143,0.00037
1322.90300,0.00026
1320.97457,-0.00018
1319.04614,-0.00038
1317.11771,-0.00012
1315.18928,-0.00001
1313.26085,-0.00025
1311.33242,-0.00047
1309.40399,-0.00055
1307.47556,-0.00043
1305.54713,-0.00013
1303.61870,0.00008
1301.69027,0.00008
1299.76184,0.00003
1297.83341,0.00010
1295.90498,0.00025
1293.97655,0.00045
1292.04812,0.00076
1290.11969,0.00108
1288.19126,0.00128
1286.26283,0.00154
1284.33440,0.00195
1282.40597,0.00243
1280.47754,0.00295
1278.54911,0.00344
1276.62068,0.00395
1274.69225,0.00463
1272.76382,0.00569
1270.83539,0.00732
1268.90696,0.00937
1266.97853,0.01126
1265.05010,0.01268
1263.12167,0.01403
1261.19324,0.01560
1259.26481,0.01735
1257.33638,0.01915
1255.40795,0.02112
1253.47952,0.02329
1251.55109,0.02556
1249.62266,0.02805
1247.69423,0.03085
1245.76580,0.03363
1243.83737,0.03599
1241.90894,0.03810
1239.98051,0.04053
1238.05208,0.04324
1236.12365,0.04567
1234.19522,0.04784
1232.26679,0.05000
1230.33836,0.05217
1228.40993,0.05425
1226.48150,0.05621
1224.55307,0.05801
1222.62464,0.05956
1220.69621,0.06112
1218.76778,0.06304
1216.83935,0.06503
1214.91092,0.06663
1212.98249,0.06804
1211.05406,0.06957
1209.12563,0.07114
1207.19720,0.07268
1205.26877,0.07437
1203.34034,0.07632
1201.41191,0.07819
1199.48348,0.07953
1197.55505,0.08046
1195.62662,0.08155
1193.69819,0.08312
1191.76976,0.08507
1189.84133,0.08725
1187.91290,0.08947
1185.98447,0.09126
1184.05604,0.09271
1182.12761,0.09443
1180.19918,0.09644
1178.27075,0.09857
1176.34232,0.10103
1174.41389,0.10352
1172.48546,0.10537
1170.55703,0.10714
1168.62860,0.10952
1166.70017,0.11215
1164.77174,0.11472
1162.84331,0.11727
1160.91488,0.11985
1158.98645,0.12269
1157.05802,0.12578
1155.12959,0.12871
1153.20116,0.13151
1151.27273,0.13426
1149.34430,0.13671
1147.41587,0.13907
1145.48744,0.14161
1143.55901,0.14412
1141.63058,0.14661
1139.70215,0.14943
1137.77372,0.15237
1135.84529,0.15499
1133.91686,0.15779
1131.98843,0.16155
1130.06000,0.16588
1128.13157,0.16991
1126.20314,0.17398
1124.27471,0.17885
1122.34628,0.18451
1120.41785,0.19071
1118.48942,0.19755
1116.56099,0.20549
1114.63256,0.21409
1112.70413,0.22247
1110.77570,0.23075
1108.84727,0.23947
1106.91884,0.24870
1104.99041,0.25822
1103.06198,0.26790
1101.13355,0.27746
1099.20512,0.28697
1097.27669,0.29656
1095.34826,0.30559
1093.41983,0.31387
1091.49140,0.32169
1089.56297,0.32881
1087.63454,0.33505
1085.70611,0.34100
1083.77768,0.34714
1081.84925,0.35287
1079.92082,0.35728
1077.99239,0.36027
1076.06396,0.36311
1074.13553,0.36696
1072.20710,0.37123
1070.27867,0.37465
1068.35024,0.37662
1066.42181,0.37756
1064.49338,0.37808
1062.56495,0.37817
1060.63652,0.37780
1058.70809,0.37686
1056.77966,0.37466
1054.85123,0.37097
1052.92280,0.36621
1050.99437,0.36049
1049.06594,0.35386
1047.13751,0.34677
1045.20908,0.33898
1043.28065,0.33001
1041.35222,0.31994
1039.42379,0.30865
1037.49536,0.29602
1035.56693,0.28286
1033.63850,0.26993
1031.71007,0.25736
1029.78164,0.24531
1027.85321,0.23320
1025.92478,0.21974
1023.99635,0.20515
1022.06792,0.19107
1020.13949,0.17851
1018.21106,0.16734
1016.28263,0.15669
1014.35420,0.14575
1012.42577,0.13443
1010.49734,0.12321
1008.56891,0.11288
1006.64048,0.10386
1004.71205,0.09564
1002.78362,0.08766
1000.85519,0.08004
998.92676,0.07351
996.99833,0.06845
995.06990,0.06437
993.14147,0.06112
991.21304,0.05887
989.28461,0.05725
987.35618,0.05592
985.42775,0.05515
983.49932,0.05517
981.57089,0.05567
979.64246,0.05620
977.71403,0.05667
975.78560,0.05688
973.85717,0.05680
971.92874,0.05655
970.00031,0.05586
968.07188,0.05477
966.14345,0.05368
964.21502,0.05244
962.28659,0.05097
960.35816,0.04959
958.42973,0.04831
956.50130,0.04697
954.57287,0.04548
952.64444,0.04367
950.71601,0.04158
948.78758,0.03982
946.85915,0.03882
944.93072,0.03806
943.00229,0.03671
941.07386,0.03492
939.14543,0.03354
937.21700,0.03268
935.28857,0.03168
933.36014,0.03026
931.43171,0.02848
929.50328,0.02645
927.57485,0.02446
925.64642,0.02260
923.71799,0.02102
921.78956,0.02008
919.86113,0.01951
917.93270,0.01852
916.00427,0.01693
914.07584,0.01511
912.14741,0.01364
910.21898,0.01283
908.29055,0.01226
906.36212,0.01146
904.43368,0.01052
902.50525,0.00954
900.57682,0.00832
898.64839,0.00706
896.71996,0.00624
894.79153,0.00584
892.86310,0.00546
890.93467,0.00471
889.00624,0.00350
887.07781,0.00258
885.14938,0.00245
883.22095,0.00218
881.29252,0.00143
879.36409,0.00117
877.43566,0.00139
875.50723,0.00117
873.57880,0.00057
871.65037,0.00027
869.72194,0.00020
867.79351,0.00025
865.86508,0.00015
863.93665,0.00000
862.00822,0.00001
860.07979,-0.00006
858.15136,-0.00026
856.22293,0.00031
854.29450,0.00202
852.36607,0.00380
850.43764,0.00485
848.50921,0.00554
846.58078,0.00624
844.65235,0.00717
842.72392,0.00867
840.79549,0.01057
838.86706,0.01245
836.93863,0.01467
835.01020,0.01774
833.08177,0.02101
831.15334,0.02331
829.22491,0.02503
827.29648,0.02764
825.36805,0.03130
823.43962,0.03498
821.51119,0.03806
819.58276,0.04053
817.65433,0.04277
815.72590,0.04525
813.79747,0.04783
811.86904,0.05005
809.94061,0.05208
808.01218,0.05410
806.08375,0.05579
804.15532,0.05723
802.22689,0.05878
800.29846,0.05999
798.37003,0.06027
796.44160,0.05981
794.51317,0.05894
792.58474,0.05747
790.65631,0.05521
788.72788,0.05238
786.79945,0.04906
784.87102,0.04500
782.94259,0.04054
781.01416,0.03647
779.08573,0.03296
777.15730,0.02931
775.22887,0.02495
773.30044,0.02086
771.37201,0.01797
769.44358,0.01530
767.51515,0.01261
765.58672,0.01084
763.65829,0.00986
761.72986,0.00947
759.80143,0.00962
757.87300,0.00919
755.94457,0.00760
754.01614,0.00617
752.08771,0.00632
750.15928,0.00735
748.23085,0.00732
746.30242,0.00623
744.37399,0.00598
742.44556,0.00667
740.51713,0.00644
738.58870,0.00518
736.66027,0.00429
734.73184,0.00440
732.80341,0.00503
730.87498,0.00511
728.94655,0.00407
727.01812,0.00256
725.08969,0.00195
723.16126,0.00398
721.23283,0.00439
719.30440,0.00309
717.37597,0.00183
715.44754,0.00182
713.51911,0.00264
711.59068,0.00306
709.66225,0.00318
707.73382,0.00345
705.80539,0.00433
703.87696,0.00613
701.94853,0.00812
700.02010,0.00931
698.09167,0.00972
696.16324,0.00960
694.23481,0.00903
692.30638,0.00871
690.37795,0.00878
688.44952,0.00806
686.52109,0.00678
684.59266,0.00656
682.66423,0.00708
680.73580,0.00679
678.80737,0.00573
676.87894,0.00504
674.95051,0.00548
673.02208,0.00796
671.09365,0.01305
669.16522,0.01722
667.23679,0.01625
665.30836,0.01493
663.37993,0.01692
661.45150,0.02071
659.52307,0.02371
657.59464,0.02407
655.66621,0.02096
653.73778,0.01570
651.80935,0.01084
649.88092,0.00797
647.95249,0.00665
646.02406,0.00573
644.09563,0.00505
642.16720,0.00397
640.23877,0.00374
638.31034,0.00503
636.38191,0.00737
634.45348,0.00842
632.52505,0.00765
630.59662,0.00708
628.66819,0.00660
626.73976,0.00378
624.81133,0.00153
622.88290,0.00468
620.95447,0.01097
619.02604,0.01503
617.09761,0.01454
615.16918,0.00985
613.24075,0.00675
611.31232,0.00486
609.38389,0.00315
607.45546,0.00220
605.52703,0.00094
603.59860,0.00000
601.67017,0.00041
599.74174,0.00000
