4001.49232,0.00305
3999.56389,0.00535
3997.63546,0.00574
3995.70703,0.00526
3993.77860,0.00468
3991.85017,0.00427
3989.92174,0.00377
3987.99331,0.00291
3986.06488,0.00236
3984.13645,0.00270
3982.20802,0.00331
3980.27959,0.00362
3978.35116,0.00373
3976.42273,0.00359
3974.49430,0.00296
3972.56587,0.00230
3970.63744,0.00196
3968.70901,0.00164
3966.78058,0.00140
3964.85215,0.00182
3962.92372,0.00262
3960.99529,0.00242
3959.06686,0.00116
3957.13843,0.00015
3955.21000,0.00000
3953.28157,0.00059
3951.35314,0.00179
3949.42471,0.00289
3947.49628,0.00268
3945.56785,0.00212
3943.63942,0.00255
3941.71099,0.00254
3939.78256,0.00170
3937.85413,0.00133
3935.92570,0.00164
3933.99727,0.00238
3932.06884,0.00242
3930.14041,0.00124
3928.21198,0.00034
3926.28355,0.00077
3924.35512,0.00130
3922.42669,0.00149
3920.49826,0.00249
3918.56982,0.00361
3916.64139,0.00328
3914.71296,0.00179
3912.78453,0.00116
3910.85610,0.00140
3908.92767,0.00174
3906.99924,0.00293
3905.07081,0.00498
3903.14238,0.00606
3901.21395,0.00520
3899.28552,0.00340
3897.35709,0.00185
3895.42866,0.00247
3893.50023,0.00493
3891.57180,0.00599
3889.64337,0.00474
3887.71494,0.00549
3885.78651,0.00706
3883.85808,0.00639
3881.92965,0.00691
3880.00122,0.00686
3878.07279,0.00454
3876.14436,0.00506
3874.21593,0.00756
3872.28750,0.00940
3870.35907,0.01033
3868.43064,0.00858
3866.50221,0.00811
3864.57378,0.00944
3862.64535,0.00882
3860.71692,0.00765
3858.78849,0.00861
3856.86006,0.01256
3854.93163,0.01651
3853.00320,0.01358
3851.07477,0.00602
3849.14634,0.00424
3847.21791,0.00689
3845.28948,0.00926
3843.36105,0.00946
3841.43262,0.00863
3839.50419,0.00834
3837.57576,0.00759
3835.64733,0.00656
3833.71890,0.00690
3831.79047,0.00725
3829.86204,0.00663
3827.93361,0.00678
3826.00518,0.00736
3824.07675,0.00878
3822.14832,0.01128
3820.21989,0.01039
3818.29146,0.00804
3816.36303,0.00755
3814.43460,0.00542
3812.50617,0.00413
3810.57774,0.00564
3808.64931,0.00786
3806.72088,0.00827
3804.79245,0.00743
3802.86402,0.00847
3800.93559,0.00734
3799.00716,0.00391
3797.07873,0.00277
3795.15030,0.00187
3793.22187,0.00122
3791.29344,0.00184
3789.36501,0.00231
3787.43658,0.00245
3785.50815,0.00236
3783.57972,0.00166
3781.65129,0.00179
3779.72286,0.00235
3777.79443,0.00114
3775.86600,0.00000
3773.93757,0.00052
3772.00914,0.00234
3770.08071,0.00391
3768.15228,0.00399
3766.22385,0.00419
3764.29542,0.00439
3762.36699,0.00544
3760.43856,0.00784
3758.51013,0.00911
3756.58170,0.00937
3754.65327,0.01100
3752.72484,0.01378
3750.79641,0.01547
3748.86798,0.01573
3746.93955,0.01797
3745.01112,0.02090
3743.08269,0.01744
3741.15426,0.01306
3739.22583,0.01290
3737.29740,0.01474
3735.36897,0.01544
3733.44054,0.01323
3731.51211,0.01005
3729.58368,0.00861
3727.65525,0.00973
3725.72682,0.01033
3723.79839,0.00887
3721.86996,0.00660
3719.94153,0.00459
3718.01310,0.00388
3716.08467,0.00466
3714.15624,0.00649
3712.22781,0.00705
3710.29938,0.00471
3708.37095,0.00168
3706.44252,0.00109
3704.51409,0.00248
3702.58566,0.00354
3700.65723,0.00257
3698.72880,0.00152
3696.80037,0.00187
3694.87194,0.00236
3692.94351,0.00318
3691.01508,0.00443
3689.08665,0.00431
3687.15822,0.00210
3685.22979,0.00138
3683.30136,0.00293
3681.37293,0.00452
3679.44450,0.00589
3677.51607,0.00835
3675.58764,0.00896
3673.65921,0.00455
3671.73078,0.00321
3669.80235,0.00387
3667.87392,0.00169
3665.94549,0.00068
3664.01706,0.00163
3662.08863,0.00247
3660.16020,0.00340
3658.23177,0.00499
3656.30334,0.00537
3654.37491,0.00369
3652.44648,0.00391
3650.51805,0.00516
3648.58962,0.00355
3646.66119,0.00019
3644.73276,0.00003
3642.80433,0.00229
3640.87590,0.00350
3638.94747,0.00334
3637.01904,0.00329
3635.09061,0.00383
3633.16218,0.00456
3631.23375,0.00606
3629.30532,0.00650
3627.37689,0.00283
3625.44846,0.00074
3623.52003,0.00269
3621.59160,0.00527
3619.66317,0.00588
3617.73474,0.00466
3615.80631,0.00471
3613.87788,0.00658
3611.94945,0.00758
3610.02102,0.00813
3608.09259,0.00804
3606.16416,0.00576
3604.23573,0.00403
3602.30730,0.00446
3600.37887,0.00511
3598.45044,0.00497
3596.52201,0.00491
3594.59358,0.00466
3592.66515,0.00375
3590.73672,0.00422
3588.80829,0.00616
3586.87986,0.00560
3584.95143,0.00245
3583.02300,0.00115
3581.09457,0.00163
3579.16614,0.00166
3577.23771,0.00134
3575.30928,0.00146
3573.38085,0.00164
3571.45242,0.00172
3569.52399,0.00240
3567.59556,0.00285
3565.66713,0.00159
3563.73870,0.00055
3561.81027,0.00124
3559.88184,0.00175
3557.95341,0.00124
3556.02498,0.00111
3554.09655,0.00190
3552.16812,0.00241
3550.23969,0.00244
3548.31126,0.00348
3546.38283,0.00450
3544.45440,0.00344
3542.52597,0.00173
3540.59754,0.00143
3538.66911,0.00201
3536.74068,0.00211
3534.81225,0.00131
3532.88382,0.00075
3530.95539,0.00142
3529.02696,0.00284
3527.09853,0.00378
3525.17010,0.00363
3523.24167,0.00281
3521.31324,0.00205
3519.38481,0.00174
3517.45638,0.00130
3515.52795,0.00052
3513.59952,0.00000
3511.67109,0.00023
3509.74266,0.00088
3507.81423,0.00121
3505.88580,0.00199
3503.95737,0.00336
3502.02894,0.00344
3500.10051,0.00201
3498.17208,0.00073
3496.24365,0.00023
3494.31522,0.00027
3492.38679,0.00061
3490.45836,0.00098
3488.52993,0.00130
3486.60150,0.00151
3484.67307,0.00165
3482.74464,0.00173
3480.81621,0.00144
3478.88778,0.00096
3476.95935,0.00099
3475.03092,0.00153
3473.10249,0.00173
3471.17406,0.00118
3469.24563,0.00062
3467.31720,0.00057
3465.38877,0.00055
3463.46034,0.00056
3461.53191,0.00064
3459.60348,0.00039
3457.67505,0.00001
3455.74662,0.00012
3453.81819,0.00079
3451.88976,0.00133
3449.96133,0.00148
3448.03290,0.00134
3446.10447,0.00053
3444.17604,0.00012
3442.24761,0.00091
3440.31918,0.00178
3438.39075,0.00220
3436.46232,0.00214
3434.53389,0.00182
3432.60546,0.00158
3430.67703,0.00143
3428.74860,0.00117
3426.82017,0.00084
3424.89174,0.00109
3422.96331,0.00225
3421.03488,0.00319
3419.10645,0.00288
3417.17802,0.00208
3415.24959,0.00188
3413.32116,0.00245
3411.39273,0.00305
3409.46430,0.00318
3407.53587,0.00317
3405.60744,0.00309
3403.67901,0.00265
3401.75058,0.00218
3399.82215,0.00380
3397.89372,0.00433
3395.96529,0.00439
3394.03686,0.00494
3392.10843,0.00529
3390.18000,0.00441
3388.25157,0.00352
3386.32314,0.00353
3384.39471,0.00354
3382.46628,0.00325
3380.53785,0.00322
3378.60942,0.00320
3376.68099,0.00297
3374.75256,0.00281
3372.82413,0.00286
3370.89570,0.00357
3368.96727,0.00502
3367.03884,0.00617
3365.11041,0.00620
3363.18198,0.00580
3361.25355,0.00557
3359.32512,0.00526
3357.39669,0.00516
3355.46826,0.00524
3353.53983,0.00490
3351.61140,0.00425
3349.68297,0.00381
3347.75454,0.00373
3345.82611,0.00402
3343.89768,0.00470
3341.96925,0.00540
3340.04082,0.00573
3338.11239,0.00583
3336.18396,0.00593
3334.25553,0.00582
3332.32710,0.00564
3330.39867,0.00606
3328.47024,0.00712
3326.54181,0.00796
3324.61338,0.00794
3322.68495,0.00749
3320.75652,0.00729
3318.82809,0.00737
3316.89966,0.00748
3314.97122,0.00755
3313.04279,0.00776
3311.11436,0.00840
3309.18593,0.00895
3307.25750,0.00850
3305.32907,0.00753
3303.40064,0.00717
3301.47221,0.00751
3299.54378,0.00795
3297.61535,0.00818
3295.68692,0.00852
3293.75849,0.00936
3291.83006,0.01008
3289.90163,0.00982
3287.97320,0.00902
3286.04477,0.00874
3284.11634,0.00907
3282.18791,0.00939
3280.25948,0.00936
3278.33105,0.00928
3276.40262,0.00963
3274.47419,0.01010
3272.54576,0.00987
3270.61733,0.00904
3268.68890,0.00844
3266.76047,0.00830
3264.83204,0.00827
3262.90361,0.00823
3260.97518,0.00838
3259.04675,0.00863
3257.11832,0.00894
3255.18989,0.00919
3253.26146,0.00890
3251.33303,0.00828
3249.40460,0.00807
3247.47617,0.00844
3245.54774,0.00898
3243.61931,0.00912
3241.69088,0.00871
3239.76245,0.00808
3237.83402,0.00784
3235.90559,0.00815
3233.97716,0.00861
3232.04873,0.00890
3230.12030,0.00874
3228.19187,0.00806
3226.26344,0.00727
3224.33501,0.00716
3222.40658,0.00781
3220.47815,0.00818
3218.54972,0.00763
3216.62129,0.00688
3214.69286,0.00654
3212.76443,0.00649
3210.83600,0.00674
3208.90757,0.00655
3206.97914,0.00564
3205.05071,0.00512
3203.12228,0.00541
3201.19385,0.00607
3199.26542,0.00662
3197.33699,0.00647
3195.40856,0.00540
3193.48013,0.00431
3191.55170,0.00394
3189.62327,0.00423
3187.69484,0.00469
3185.76641,0.00475
3183.83798,0.00445
3181.90955,0.00442
3179.98112,0.00492
3178.05269,0.00546
3176.12426,0.00560
3174.19583,0.00539
3172.26740,0.00484
3170.33897,0.00419
3168.41054,0.00393
3166.48211,0.00403
3164.55368,0.00408
3162.62525,0.00389
3160.69682,0.00363
3158.76839,0.00351
3156.83996,0.00338
3154.91153,0.00299
3152.98310,0.00257
3151.05467,0.00248
3149.12624,0.00259
3147.19781,0.00265
3145.26938,0.00262
3143.34095,0.00238
3141.41252,0.00189
3139.48409,0.00140
3137.55566,0.00145
3135.62723,0.00229
3133.69880,0.00311
3131.77037,0.00295
3129.84194,0.00246
3127.91351,0.00249
3125.98508,0.00277
3124.05665,0.00289
3122.12822,0.00259
3120.19979,0.00219
3118.27136,0.00230
3116.34293,0.00257
3114.41450,0.00240
3112.48607,0.00211
3110.55764,0.00193
3108.62921,0.00155
3106.70078,0.00104
3104.77235,0.00091
3102.84392,0.00141
3100.91549,0.00187
3098.98706,0.00165
3097.05863,0.00131
3095.13020,0.00106
3093.20177,0.00078
3091.27334,0.00070
3089.34491,0.00064
3087.41648,0.00034
3085.48805,0.00005
3083.55962,0.00043
3081.63119,0.00128
3079.70276,0.00161
3077.77433,0.00110
3075.84590,0.00035
3073.91747,0.00000
3071.98904,0.00008
3070.06061,0.00039
3068.13218,0.00089
3066.20375,0.00140
3064.27532,0.00147
3062.34689,0.00115
3060.41846,0.00098
3058.49003,0.00124
3056.56160,0.00152
3054.63317,0.00131
3052.70474,0.00099
3050.77631,0.00100
3048.84788,0.00100
3046.91945,0.00081
3044.99102,0.00062
3043.06259,0.00034
3041.13416,-0.00002
3039.20573,0.00000
3037.27730,0.00045
3035.34887,0.00103
3033.42044,0.00156
3031.49201,0.00177
3029.56358,0.00136
3027.63515,0.00083
3025.70672,0.00055
3023.77829,0.00033
3021.84986,0.00017
3019.92143,0.00021
3017.99300,0.00060
3016.06457,0.00137
3014.13614,0.00209
3012.20771,0.00222
3010.27928,0.00162
3008.35085,0.00096
3006.42242,0.00081
3004.49399,0.00080
3002.56556,0.00058
3000.63713,0.00028
2998.70870,0.00000
2996.78027,0.00053
2994.85184,0.00111
2992.92341,0.00108
2990.99498,0.00069
2989.06655,0.00071
2987.13812,0.00102
2985.20969,0.00110
2983.28126,0.00097
2981.35283,0.00096
2979.42440,0.00126
2977.49597,0.00189
2975.56754,0.00241
2973.63911,0.00233
2971.71068,0.00194
2969.78225,0.00180
2967.85382,0.00188
2965.92539,0.00200
2963.99696,0.00211
2962.06853,0.00212
2960.14010,0.00201
2958.21167,0.00200
2956.28324,0.00216
2954.35481,0.00231
2952.42638,0.00231
2950.49795,0.00209
2948.56952,0.00188
2946.64109,0.00202
2944.71266,0.00242
2942.78423,0.00275
2940.85580,0.00294
2938.92737,0.00289
2936.99894,0.00265
2935.07051,0.00249
2933.14208,0.00253
2931.21365,0.00257
2929.28522,0.00249
2927.35679,0.00239
2925.42836,0.00240
2923.49993,0.00246
2921.57150,0.00236
2919.64307,0.00199
2917.71464,0.00154
2915.78621,0.00133
2913.85778,0.00139
2911.92935,0.00142
2910.00092,0.00133
2908.07249,0.00123
2906.14406,0.00118
2904.21563,0.00117
2902.28720,0.00117
2900.35877,0.00116
2898.43034,0.00115
2896.50191,0.00124
2894.57348,0.00136
2892.64505,0.00130
2890.71662,0.00107
2888.78819,0.00085
2886.85976,0.00089
2884.93133,0.00118
2883.00290,0.00143
2881.07447,0.00149
2879.14604,0.00136
2877.21761,0.00113
2875.28918,0.00100
2873.36075,0.00110
2871.43232,0.00132
2869.50389,0.00131
2867.57546,0.00109
2865.64703,0.00092
2863.71860,0.00081
2861.79017,0.00070
2859.86174,0.00053
2857.93331,0.00038
2856.00488,0.00057
2854.07645,0.00109
2852.14802,0.00146
2850.21959,0.00145
2848.29116,0.00126
2846.36273,0.00101
2844.43430,0.00070
2842.50587,0.00052
2840.57744,0.00063
2838.64901,0.00083
2836.72058,0.00083
2834.79215,0.00062
2832.86372,0.00032
2830.93529,-0.00000
2829.00686,-0.00010
2827.07843,0.00009
2825.15000,0.00030
2823.22157,0.00044
2821.29314,0.00051
2819.36471,0.00032
2817.43628,-0.00001
2815.50785,0.00000
2813.57942,0.00043
2811.65099,0.00085
2809.72256,0.00096
2807.79413,0.00078
2805.86570,0.00041
2803.93727,0.00021
2802.00884,0.00035
2800.08041,0.00052
2798.15198,0.00060
2796.22355,0.00065
2794.29512,0.00067
2792.36669,0.00061
2790.43826,0.00060
2788.50983,0.00074
2786.58140,0.00075
2784.65297,0.00046
2782.72454,0.00006
2780.79611,0.00000
2778.86768,0.00028
2776.93925,0.00052
2775.01082,0.00057
2773.08239,0.00056
2771.15396,0.00065
2769.22553,0.00076
2767.29710,0.00067
2765.36867,0.00043
2763.44024,0.00032
2761.51181,0.00038
2759.58338,0.00047
2757.65495,0.00063
2755.72652,0.00092
2753.79809,0.00101
2751.86966,0.00082
2749.94123,0.00063
2748.01280,0.00066
2746.08437,0.00084
2744.15594,0.00091
2742.22751,0.00083
2740.29908,0.00083
2738.37065,0.00100
2736.44222,0.00111
2734.51379,0.00095
2732.58536,0.00066
2730.65693,0.00053
2728.72850,0.00045
2726.80007,0.00034
2724.87164,0.00043
2722.94321,0.00063
2721.01478,0.00059
2719.08635,0.00050
2717.15792,0.00068
2715.22949,0.00074
2713.30105,0.00050
2711.37262,0.00045
2709.44419,0.00074
2707.51576,0.00086
2705.58733,0.00079
2703.65890,0.00068
2701.73047,0.00037
2699.80204,-0.00002
2697.87361,-0.00010
2695.94518,0.00008
2694.01675,0.00042
2692.08832,0.00072
2690.15989,0.00068
2688.23146,0.00035
2686.30303,0.00009
2684.37460,0.00005
2682.44617,0.00016
2680.51774,0.00037
2678.58931,0.00044
2676.66088,0.00021
2674.73245,0.00001
2672.80402,0.00003
2670.87559,0.00013
2668.94716,0.00019
2667.01873,0.00012
2665.09030,0.00011
2663.16187,0.00024
2661.23344,0.00035
2659.30501,0.00043
2657.37658,0.00060
2655.44815,0.00077
2653.51972,0.00086
2651.59129,0.00083
2649.66286,0.00061
2647.73443,0.00032
2645.80600,0.00031
2643.87757,0.00052
2641.94914,0.00056
2640.02071,0.00064
2638.09228,0.00092
2636.16385,0.00101
2634.23542,0.00093
2632.30699,0.00094
2630.37856,0.00091
2628.45013,0.00072
2626.52170,0.00049
2624.59327,0.00044
2622.66484,0.00067
2620.73641,0.00096
2618.80798,0.00108
2616.87955,0.00096
2614.95112,0.00073
2613.02269,0.00063
2611.09426,0.00081
2609.16583,0.00107
2607.23740,0.00088
2605.30897,0.00026
2603.38054,0.00000
2601.45211,0.00041
2599.52368,0.00092
2597.59525,0.00116
2595.66682,0.00129
2593.73839,0.00135
2591.80996,0.00123
2589.88153,0.00097
2587.95310,0.00084
2586.02467,0.00083
2584.09624,0.00077
2582.16781,0.00074
2580.23938,0.00076
2578.31095,0.00072
2576.38252,0.00071
2574.45409,0.00091
2572.52566,0.00122
2570.59723,0.00138
2568.66880,0.00120
2566.74037,0.00092
2564.81194,0.00082
2562.88351,0.00076
2560.95508,0.00070
2559.02665,0.00082
2557.09822,0.00100
2555.16979,0.00097
2553.24136,0.00082
2551.31293,0.00073
2549.38450,0.00068
2547.45607,0.00063
2545.52764,0.00067
2543.59921,0.00071
2541.67078,0.00068
2539.74235,0.00071
2537.81392,0.00065
2535.88549,0.00041
2533.95706,0.00033
2532.02863,0.00052
2530.10020,0.00073
2528.17177,0.00088
2526.24334,0.00092
2524.31491,0.00079
2522.38648,0.00047
2520.45805,0.00019
2518.52962,0.00010
2516.60119,0.00008
2514.67276,0.00000
2512.74433,0.00010
2510.81590,0.00038
2508.88747,0.00050
2506.95904,0.00050
2505.03061,0.00058
2503.10218,0.00049
2501.17375,0.00027
2499.24532,0.00023
2497.31689,0.00016
2495.38846,0.00003
2493.46003,0.00011
2491.53160,0.00033
2489.60317,0.00040
2487.67474,0.00036
2485.74631,0.00041
2483.81788,0.00049
2481.88945,0.00051
2479.96102,0.00055
2478.03259,0.00050
2476.10416,0.00026
2474.17573,0.00008
2472.24730,0.00021
2470.31887,0.00052
2468.39044,0.00060
2466.46201,0.00043
2464.53358,0.00028
2462.60515,0.00026
2460.67672,0.00040
2458.74829,0.00059
2456.81986,0.00050
2454.89143,0.00018
2452.96300,0.00004
2451.03457,0.00012
2449.10614,0.00016
2447.17771,0.00013
2445.24928,0.00014
2443.32085,0.00011
2441.39242,0.00004
2439.46399,0.00011
2437.53556,0.00020
2435.60713,0.00015
2433.67870,0.00010
2431.75027,0.00015
2429.82184,0.00010
2427.89341,-0.00001
2425.96498,0.00006
2424.03655,0.00005
2422.10812,0.00004
2420.17969,0.00004
2418.25126,0.00003
2416.32283,0.00002
2414.39440,0.00002
2412.46597,0.00001
2410.53754,0.00001
2408.60911,0.00001
2406.68068,0.00000
2404.75225,0.00000
2402.82382,0.00000
2400.89539,0.00000
2398.96696,-0.00002
2397.03853,-0.00003
2395.11010,-0.00005
2393.18167,-0.00006
2391.25324,-0.00008
2389.32481,-0.00009
2387.39638,-0.00010
2385.46795,-0.00012
2383.53952,-0.00013
2381.61109,-0.00014
2379.68266,-0.00015
2377.75423,-0.00016
2375.82580,-0.00017
2373.89737,-0.00018
2371.96894,-0.00018
2370.04051,-0.00019
2368.11208,-0.00020
2366.18365,-0.00020
2364.25522,-0.00021
2362.32679,-0.00021
2360.39836,-0.00022
2358.46993,-0.00022
2356.54150,-0.00022
2354.61307,-0.00023
2352.68464,-0.00023
2350.75621,-0.00023
2348.82778,-0.00023
2346.89935,-0.00023
2344.97092,-0.00023
2343.04249,-0.00022
2341.11406,-0.00022
2339.18563,-0.00022
2337.25720,-0.00021
2335.32877,-0.00021
2333.40034,-0.00020
2331.47191,-0.00020
2329.54348,-0.00019
2327.61505,-0.00019
2325.68662,-0.00018
2323.75819,-0.00017
2321.82976,-0.00016
2319.90133,-0.00015
2317.97290,-0.00014
2316.04447,-0.00013
2314.11604,-0.00012
2312.18761,-0.00011
2310.25918,-0.00009
2308.33075,-0.00008
2306.40232,-0.00006
2304.47389,-0.00005
2302.54546,-0.00003
2300.61703,-0.00002
2298.68860,-0.00000
2296.76017,0.00002
2294.83174,0.00003
2292.90331,0.00005
2290.97488,0.00007
2289.04645,0.00009
2287.11802,0.00011
2285.18959,0.00013
2283.26116,0.00016
2281.33273,0.00018
2279.40430,0.00020
2277.47587,0.00023
2275.54744,0.00025
2273.61901,0.00028
2271.69058,0.00030
2269.76215,0.00033
2267.83372,0.00036
2265.90529,0.00038
2263.97686,0.00041
2262.04843,0.00044
2260.12000,0.00047
2258.19157,0.00050
2256.26314,0.00053
2254.33471,0.00056
2252.40628,0.00060
2250.47785,0.00063
2248.54942,0.00066
2246.62099,0.00070
2244.69256,0.00073
2242.76413,0.00077
2240.83570,0.00091
2238.90727,0.00091
2236.97884,0.00066
2235.05041,0.00030
2233.12198,0.00003
2231.19355,0.00001
2229.26512,0.00019
2227.33669,0.00044
2225.40826,0.00055
2223.47983,0.00032
2221.55140,0.00000
2219.62297,0.00000
2217.69454,0.00015
2215.76611,0.00015
2213.83768,0.00016
2211.90925,0.00034
2209.98082,0.00050
2208.05239,0.00059
2206.12396,0.00064
2204.19553,0.00053
2202.26710,0.00030
2200.33867,0.00024
2198.41024,0.00030
2196.48181,0.00021
2194.55338,0.00008
2192.62495,0.00022
2190.69652,0.00046
2188.76809,0.00049
2186.83966,0.00040
2184.91123,0.00035
2182.98280,0.00029
2181.05437,0.00022
2179.12594,0.00022
2177.19751,0.00026
2175.26908,0.00031
2173.34065,0.00039
2171.41222,0.00036
2169.48379,0.00019
2167.55536,0.00002
2165.62693,0.00000
2163.69850,0.00016
2161.77007,0.00032
2159.84164,0.00027
2157.91321,0.00014
2155.98478,0.00010
2154.05635,0.00011
2152.12792,0.00015
2150.19949,0.00028
2148.27106,0.00049
2146.34263,0.00062
2144.41420,0.00057
2142.48577,0.00052
2140.55734,0.00069
2138.62891,0.00104
2136.70048,0.00130
2134.77205,0.00122
2132.84362,0.00086
2130.91519,0.00053
2128.98676,0.00039
2127.05833,0.00034
2125.12990,0.00017
2123.20147,0.00000
2121.27304,0.00003
2119.34461,0.00023
2117.41618,0.00042
2115.48775,0.00054
2113.55932,0.00048
2111.63089,0.00030
2109.70245,0.00021
2107.77402,0.00033
2105.84559,0.00053
2103.91716,0.00049
2101.98873,0.00030
2100.06030,0.00023
2098.13187,0.00025
2096.20344,0.00017
2094.27501,0.00007
2092.34658,0.00008
2090.41815,0.00014
2088.48972,0.00005
2086.56129,-0.00002
2084.63286,0.00011
2082.70443,0.00031
2080.77600,0.00046
2078.84757,0.00046
2076.91914,0.00034
2074.99071,0.00028
2073.06228,0.00034
2071.13385,0.00042
2069.20542,0.00048
2067.27699,0.00065
2065.34856,0.00086
2063.42013,0.00074
2061.49170,0.00058
2059.56327,0.00055
2057.63484,0.00042
2055.70641,0.00021
2053.77798,0.00001
2051.84955,0.00000
2049.92112,0.00026
2047.99269,0.00067
2046.06426,0.00094
2044.13583,0.00094
2042.20740,0.00085
2040.27897,0.00073
2038.35054,0.00058
2036.42211,0.00047
2034.49368,0.00046
2032.56525,0.00052
2030.63682,0.00061
2028.70839,0.00082
2026.77996,0.00111
2024.85153,0.00122
2022.92310,0.00095
2020.99467,0.00040
2019.06624,0.00007
2017.13781,0.00001
2015.20938,0.00000
2013.28095,0.00024
2011.35252,0.00063
2009.42409,0.00088
2007.49566,0.00093
2005.56723,0.00073
2003.63880,0.00049
2001.71037,0.00037
1999.78194,0.00038
1997.85351,0.00038
1995.92508,0.00030
1993.99665,0.00051
1992.06822,0.00070
1990.13979,0.00037
1988.21136,0.00037
1986.28293,0.00062
1984.35450,0.00050
1982.42607,0.00027
1980.49764,0.00012
1978.56921,0.00001
1976.64078,0.00005
1974.71235,0.00029
1972.78392,0.00046
1970.85549,0.00038
1968.92706,0.00043
1966.99863,0.00058
1965.07020,0.00061
1963.14177,0.00073
1961.21334,0.00080
1959.28491,0.00073
1957.35648,0.00067
1955.42805,0.00044
1953.49962,0.00015
1951.57119,0.00019
1949.64276,0.00037
1947.71433,0.00030
1945.78590,0.00009
1943.85747,0.00040
1941.92904,0.00062
1940.00061,0.00036
1938.07218,0.00040
1936.14375,0.00049
1934.21532,0.00042
1932.28689,0.00038
1930.35846,0.00038
1928.43003,0.00027
1926.50160,0.00007
1924.57317,0.00021
1922.64474,0.00031
1920.71631,0.00011
1918.78788,0.00051
1916.85945,0.00057
1914.93102,0.00036
1913.00259,0.00065
1911.07416,0.00100
1909.14573,0.00106
1907.21730,0.00085
1905.28887,0.00077
1903.36044,0.00077
1901.43201,0.00068
1899.50358,0.00057
1897.57515,0.00068
1895.64672,0.00087
1893.71829,0.00060
1891.78986,0.00038
1889.86143,0.00057
1887.93300,0.00055
1886.00457,0.00068
1884.07614,0.00109
1882.14771,0.00133
1880.21928,0.00152
1878.29085,0.00167
1876.36242,0.00162
1874.43399,0.00128
1872.50556,0.00088
1870.57713,0.00087
1868.64870,0.00072
1866.72027,0.00009
1864.79184,0.00015
1862.86341,0.00102
1860.93498,0.00180
1859.00655,0.00225
1857.07812,0.00245
1855.14969,0.00242
1853.22126,0.00220
1851.29283,0.00188
1849.36440,0.00154
1847.43597,0.00136
1845.50754,0.00203
1843.57911,0.00240
1841.65068,0.00151
1839.72225,0.00136
1837.79382,0.00210
1835.86539,0.00252
1833.93696,0.00215
1832.00853,0.00149
1830.08010,0.00077
1828.15167,-0.00006
1826.22324,0.00025
1824.29481,0.00096
1822.36638,0.00093
1820.43795,0.00124
1818.50952,0.00184
1816.58109,0.00178
1814.65266,0.00095
1812.72423,0.00040
1810.79580,0.00029
1808.86737,0.00021
1806.93894,0.00025
1805.01051,0.00059
1803.08208,0.00130
1801.15365,0.00191
1799.22522,0.00164
1797.29679,0.00096
1795.36836,0.00071
1793.43993,0.00100
1791.51150,0.00122
1789.58307,0.00140
1787.65464,0.00269
1785.72621,0.00381
1783.79778,0.00326
1781.86935,0.00235
1779.94092,0.00201
1778.01249,0.00157
1776.08406,0.00078
1774.15563,0.00008
1772.22720,0.00000
1770.29877,0.00070
1768.37034,0.00219
1766.44191,0.00266
1764.51348,0.00242
1762.58505,0.00272
1760.65662,0.00241
1758.72819,0.00242
1756.79976,0.00298
1754.87133,0.00259
1752.94290,0.00267
1751.01447,0.00296
1749.08604,0.00183
1747.15761,0.00099
1745.22918,0.00162
1743.30075,0.00265
1741.37232,0.00326
1739.44389,0.00306
1737.51546,0.00235
1735.58703,0.00361
1733.65860,0.00460
1731.73017,0.00344
1729.80174,0.00337
1727.87331,0.00402
1725.94488,0.00463
1724.01645,0.00503
1722.08802,0.00416
1720.15959,0.00292
1718.23116,0.00225
1716.30273,0.00226
1714.37430,0.00363
1712.44587,0.00577
1710.51744,0.00724
1708.58901,0.00795
1706.66058,0.00902
1704.73215,0.01021
1702.80372,0.01192
1700.87529,0.01467
1698.94686,0.01498
1697.01843,0.01581
1695.09000,0.01767
1693.16157,0.01828
1691.23314,0.01949
1689.30471,0.01962
1687.37628,0.01844
1685.44785,0.01963
1683.51942,0.02185
1681.59099,0.02243
1679.66256,0.02385
1677.73413,0.02581
1675.80570,0.02748
1673.87727,0.02678
1671.94884,0.02588
1670.02041,0.02737
1668.09198,0.02913
1666.16355,0.03063
1664.23512,0.03317
1662.30669,0.03562
1660.37826,0.03711
1658.44983,0.03808
1656.52140,0.03893
1654.59297,0.04095
1652.66454,0.04046
1650.73611,0.03729
1648.80768,0.03759
1646.87925,0.03818
1644.95082,0.03649
1643.02239,0.03614
1641.09396,0.03603
1639.16553,0.03419
1637.23710,0.03239
1635.30867,0.03066
1633.38024,0.02815
1631.45181,0.02732
1629.52338,0.02690
1627.59495,0.02472
1625.66652,0.02237
1623.73809,0.02145
1621.80966,0.01994
1619.88123,0.01804
1617.95280,0.01707
1616.02437,0.01509
1614.09594,0.01296
1612.16751,0.01281
1610.23908,0.01257
1608.31065,0.01102
1606.38222,0.00938
1604.45379,0.00863
1602.52536,0.00839
1600.59693,0.00799
1598.66850,0.00744
1596.74007,0.00708
1594.81164,0.00695
1592.88321,0.00699
1590.95478,0.00730
1589.02635,0.00780
1587.09792,0.00834
1585.16949,0.00911
1583.24106,0.01010
1581.31263,0.01057
1579.38420,0.01056
1577.45577,0.01158
1575.52734,0.01241
1573.59891,0.01211
1571.67048,0.01368
1569.74205,0.01579
1567.81362,0.01615
1565.88519,0.01693
1563.95676,0.01741
1562.02833,0.01770
1560.09990,0.02103
1558.17147,0.02280
1556.24304,0.02234
1554.31461,0.02440
1552.38618,0.02681
1550.45775,0.02821
1548.52932,0.02815
1546.60089,0.02729
1544.67246,0.02595
1542.74403,0.02425
1540.81560,0.02426
1538.88717,0.02494
1536.95874,0.02548
1535.03031,0.02753
1533.10188,0.02777
1531.17345,0.02545
1529.24502,0.02475
1527.31659,0.02492
1525.38816,0.02378
1523.45973,0.02298
1521.53130,0.02310
1519.60287,0.02262
1517.67444,0.02304
1515.74601,0.02310
1513.81758,0.02197
1511.88915,0.02033
1509.96072,0.01836
1508.03229,0.01717
1506.10385,0.01479
1504.17542,0.01257
1502.24699,0.01365
1500.31856,0.01434
1498.39013,0.01262
1496.46170,0.01015
1494.53327,0.00788
1492.60484,0.00666
1490.67641,0.00598
1488.74798,0.00451
1486.81955,0.00344
1484.89112,0.00369
1482.96269,0.00457
1481.03426,0.00481
1479.10583,0.00408
1477.17740,0.00325
1475.24897,0.00238
1473.32054,0.00232
1471.39211,0.00270
1469.46368,0.00343
1467.53525,0.00531
1465.60682,0.00686
1463.67839,0.00609
1461.74996,0.00400
1459.82153,0.00295
1457.89310,0.00328
1455.96467,0.00334
1454.03624,0.00360
1452.10781,0.00483
1450.17938,0.00533
1448.25095,0.00481
1446.32252,0.00389
1444.39409,0.00345
1442.46566,0.00333
1440.53723,0.00285
1438.60880,0.00326
1436.68037,0.00392
1434.75194,0.00260
1432.82351,0.00183
1430.89508,0.00244
1428.96665,0.00240
1427.03822,0.00186
1425.10979,0.00189
1423.18136,0.00186
1421.25293,0.00271
1419.32450,0.00430
1417.39607,0.00349
1415.46764,0.00205
1413.53921,0.00196
1411.61078,0.00222
1409.68235,0.00205
1407.75392,0.00181
1405.82549,0.00192
1403.89706,0.00170
1401.96863,0.00163
1400.04020,0.00257
1398.11177,0.00322
1396.18334,0.00348
1394.25491,0.00380
1392.32648,0.00389
1390.39805,0.00436
1388.46962,0.00473
1386.54119,0.00378
1384.61276,0.00245
1382.68433,0.00232
1380.75590,0.00268
1378.82747,0.00247
1376.89904,0.00169
1374.97061,0.00120
1373.04218,0.00085
1371.11375,0.00069
1369.18532,0.00081
1367.25689,0.00031
1365.32846,0.00000
1363.40003,0.00056
1361.47160,0.00066
1359.54317,0.00028
1357.61474,0.00027
1355.68631,0.00037
1353.75788,0.00040
1351.82945,0.00044
1349.90102,0.00052
1347.97259,0.00057
1346.04416,0.00050
1344.11573,0.00028
1342.18730,0.00027
1340.25887,0.00087
1338.33044,0.00098
1336.40201,0.00032
1334.47358,0.00000
1332.54515,0.00026
1330.61672,0.00081
1328.68829,0.00117
1326.75986,0.00137
1324.83143,0.00158
1322.90300,0.00164
1320.97457,0.00143
1319.04614,0.00116
1317.11771,0.00099
1315.18928,0.00104
1313.26085,0.00118
1311.33242,0.00116
1309.40399,0.00120
1307.47556,0.00150
1305.54713,0.00191
1303.61870,0.00230
1301.69027,0.00252
1299.76184,0.00260
1297.83341,0.00279
1295.90498,0.00322
1293.97655,0.00378
1292.04812,0.00434
1290.11969,0.00475
1288.19126,0.00498
1286.26283,0.00511
1284.33440,0.00536
1282.40597,0.00580
1280.47754,0.00637
1278.54911,0.00692
1276.62068,0.00733
1274.69225,0.00772
1272.76382,0.00844
1270.83539,0.00949
1268.90696,0.01057
1266.97853,0.01145
1265.05010,0.01199
1263.12167,0.01264
1261.19324,0.01379
1259.26481,0.01523
1257.33638,0.01681
1255.40795,0.01854
1253.47952,0.02013
1251.55109,0.02154
1249.62266,0.02311
1247.69423,0.02496
1245.76580,0.02686
1243.83737,0.02840
1241.90894,0.02964
1239.98051,0.03106
1238.05208,0.03263
1236.12365,0.03395
1234.19522,0.03512
1232.26679,0.03627
1230.33836,0.03735
1228.40993,0.03844
1226.48150,0.03949
1224.55307,0.04037
1222.62464,0.04115
1220.69621,0.04202
1218.76778,0.04300
1216.83935,0.04377
1214.91092,0.04422
1212.98249,0.04478
1211.05406,0.04537
1209.12563,0.04576
1207.19720,0.04628
1205.26877,0.04711
1203.34034,0.04813
1201.41191,0.04917
1199.48348,0.05000
1197.55505,0.05057
1195.62662,0.05111
1193.69819,0.05187
1191.76976,0.05288
1189.84133,0.05423
1187.91290,0.05565
1185.98447,0.05648
1184.05604,0.05682
1182.12761,0.05758
1180.19918,0.05883
1178.27075,0.06009
1176.34232,0.06145
1174.41389,0.06280
1172.48546,0.06379
1170.55703,0.06465
1168.62860,0.06575
1166.70017,0.06705
1164.77174,0.06848
1162.84331,0.07003
1160.91488,0.07161
1158.98645,0.07323
1157.05802,0.07501
1155.12959,0.07667
1153.20116,0.07811
1151.27273,0.07953
1149.34430,0.08088
1147.41587,0.08216
1145.48744,0.08333
1143.55901,0.08434
1141.63058,0.08555
1139.70215,0.08723
1137.77372,0.08903
1135.84529,0.09055
1133.91686,0.09202
1131.98843,0.09398
1130.06000,0.09633
1128.13157,0.09843
1126.20314,0.10044
1124.27471,0.10294
1122.34628,0.10565
1120.41785,0.10826
1118.48942,0.11130
1116.56099,0.11526
1114.63256,0.11961
1112.70413,0.12348
1110.77570,0.12674
1108.84727,0.13005
1106.91884,0.13391
1104.99041,0.13812
1103.06198,0.14239
1101.13355,0.14647
1099.20512,0.15045
1097.27669,0.15446
1095.34826,0.15819
1093.41983,0.16140
1091.49140,0.16402
1089.56297,0.16619
1087.63454,0.16813
1085.70611,0.16982
1083.77768,0.17126
1081.84925,0.17237
1079.92082,0.17295
1077.99239,0.17316
1076.06396,0.17359
1074.13553,0.17419
1072.20710,0.17426
1070.27867,0.17370
1068.35024,0.17300
1066.42181,0.17234
1064.49338,0.17131
1062.56495,0.16970
1060.63652,0.16786
1058.70809,0.16584
1056.77966,0.16312
1054.85123,0.15949
1052.92280,0.15537
1050.99437,0.15091
1049.06594,0.14620
1047.13751,0.14171
1045.20908,0.13731
1043.28065,0.13230
1041.35222,0.12627
1039.42379,0.11941
1037.49536,0.11231
1035.56693,0.10546
1033.63850,0.09911
1031.71007,0.09326
1029.78164,0.08769
1027.85321,0.08223
1025.92478,0.07639
1023.99635,0.07004
1022.06792,0.06396
1020.13949,0.05869
1018.21106,0.05434
1016.28263,0.05076
1014.35420,0.04741
1012.42577,0.04369
1010.49734,0.03962
1008.56891,0.03597
1006.64048,0.03315
1004.71205,0.03082
1002.78362,0.02859
1000.85519,0.02621
998.92676,0.02403
996.99833,0.02261
995.06990,0.02158
993.14147,0.02061
991.21304,0.02002
989.28461,0.01972
987.35618,0.01935
985.42775,0.01903
983.49932,0.01893
981.57089,0.01887
979.64246,0.01873
977.71403,0.01872
975.78560,0.01880
973.85717,0.01882
971.92874,0.01882
970.00031,0.01852
968.07188,0.01790
966.14345,0.01724
964.21502,0.01653
962.28659,0.01591
960.35816,0.01550
958.42973,0.01510
956.50130,0.01464
954.57287,0.01397
952.64444,0.01289
950.71601,0.01183
948.78758,0.01131
946.85915,0.01103
944.93072,0.01068
943.00229,0.01031
941.07386,0.00999
939.14543,0.00995
937.21700,0.01004
935.28857,0.00982
933.36014,0.00936
931.43171,0.00871
929.50328,0.00778
927.57485,0.00692
925.64642,0.00634
923.71799,0.00587
921.78956,0.00560
919.86113,0.00539
917.93270,0.00492
916.00427,0.00434
914.07584,0.00384
912.14741,0.00349
910.21898,0.00329
908.29055,0.00310
906.36212,0.00277
904.43368,0.00242
902.50525,0.00212
900.57682,0.00166
898.64839,0.00119
896.71996,0.00102
894.79153,0.00105
892.86310,0.00120
890.93467,0.00130
889.00624,0.00089
887.07781,0.00039
885.14938,0.00043
883.22095,0.00071
881.29252,0.00062
879.36409,0.00057
877.43566,0.00071
875.50723,0.00075
873.57880,0.00076
871.65037,0.00063
869.72194,0.00035
867.79351,0.00009
865.86508,0.00000
863.93665,0.00020
862.00822,0.00064
860.07979,0.00091
858.15136,0.00076
856.22293,0.00053
854.29450,0.00093
852.36607,0.00185
850.43764,0.00250
848.50921,0.00256
846.58078,0.00234
844.65235,0.00237
842.72392,0.00319
840.79549,0.00453
838.86706,0.00556
836.93863,0.00660
835.01020,0.00820
833.08177,0.00960
831.15334,0.01012
829.22491,0.01020
827.29648,0.01082
825.36805,0.01215
823.43962,0.01330
821.51119,0.01400
819.58276,0.01463
817.65433,0.01510
815.72590,0.01541
813.79747,0.01614
811.86904,0.01742
809.94061,0.01884
808.01218,0.02020
806.08375,0.02112
804.15532,0.02137
802.22689,0.02156
800.29846,0.02203
798.37003,0.02234
796.44160,0.02236
794.51317,0.02228
792.58474,0.02184
790.65631,0.02085
788.72788,0.01964
786.79945,0.01841
784.87102,0.01714
782.94259,0.01622
781.01416,0.01549
779.08573,0.01420
777.15730,0.01227
775.22887,0.01008
773.30044,0.00838
771.37201,0.00756
769.44358,0.00684
767.51515,0.00591
765.58672,0.00524
763.65829,0.00485
761.72986,0.00470
759.80143,0.00487
757.87300,0.00462
755.94457,0.00352
754.01614,0.00264
752.08771,0.00296
750.15928,0.00373
748.23085,0.00353
746.30242,0.00235
744.37399,0.00172
742.44556,0.00200
740.51713,0.00213
738.58870,0.00189
736.66027,0.00159
734.73184,0.00131
732.80341,0.00144
730.87498,0.00188
728.94655,0.00184
727.01812,0.00123
725.08969,0.00112
723.16126,0.00361
721.23283,0.00498
719.30440,0.00486
717.37597,0.00390
715.44754,0.00320
713.51911,0.00341
711.59068,0.00394
709.66225,0.00429
707.73382,0.00438
705.80539,0.00462
703.87696,0.00565
701.94853,0.00733
700.02010,0.00891
698.09167,0.00996
696.16324,0.01032
694.23481,0.00988
692.30638,0.00872
690.37795,0.00704
688.44952,0.00531
686.52109,0.00443
684.59266,0.00441
682.66423,0.00378
680.73580,0.00231
678.80737,0.00219
676.87894,0.00400
674.95051,0.00531
673.02208,0.00568
671.09365,0.00726
669.16522,0.00875
667.23679,0.00761
665.30836,0.00734
663.37993,0.00983
661.45150,0.01326
659.52307,0.01473
657.59464,0.01302
655.66621,0.00967
653.73778,0.00669
651.80935,0.00509
649.88092,0.00509
647.95249,0.00648
646.02406,0.00744
644.09563,0.00718
642.16720,0.00606
640.23877,0.00502
638.31034,0.00505
636.38191,0.00562
634.45348,0.00547
632.52505,0.00502
630.59662,0.00518
628.66819,0.00479
626.73976,0.00210
624.81133,0.00000
622.88290,0.00162
620.95447,0.00603
619.02604,0.00956
617.09761,0.01134
615.16918,0.01067
613.24075,0.00849
611.31232,0.00576
609.38389,0.00254
607.45546,0.00000
605.52703,0.00079
603.59860,0.00075
601.67017,-0.00000
599.74174,0.00000
