4001.49232,0.00109
3999.56389,0.00373
3997.63546,0.00397
3995.70703,0.00330
3993.77860,0.00279
3991.85017,0.00225
3989.92174,0.00144
3987.99331,0.00040
3986.06488,-0.00027
3984.13645,0.00012
3982.20802,0.00109
3980.27959,0.00183
3978.35116,0.00201
3976.42273,0.00182
3974.49430,0.00141
3972.56587,0.00104
3970.63744,0.00082
3968.70901,0.00068
3966.78058,0.00060
3964.85215,0.00084
3962.92372,0.00140
3960.99529,0.00143
3959.06686,0.00068
3957.13843,0.00006
3955.21000,-0.00001
3953.28157,0.00000
3951.35314,0.00010
3949.42471,0.00064
3947.49628,0.00106
3945.56785,0.00112
3943.63942,0.00141
3941.71099,0.00153
3939.78256,0.00106
3937.85413,0.00080
3935.92570,0.00113
3933.99727,0.00178
3932.06884,0.00235
3930.14041,0.00230
3928.21198,0.00147
3926.28355,0.00055
3924.35512,0.00056
3922.42669,0.00153
3920.49826,0.00258
3918.56982,0.00331
3916.64139,0.00320
3914.71296,0.00211
3912.78453,0.00123
3910.85610,0.00105
3908.92767,0.00092
3906.99924,0.00069
3905.07081,0.00198
3903.14238,0.00541
3901.21395,0.00716
3899.28552,0.00602
3897.35709,0.00473
3895.42866,0.00429
3893.50023,0.00408
3891.57180,0.00420
3889.64337,0.00490
3887.71494,0.00604
3885.78651,0.00682
3883.85808,0.00694
3881.92965,0.00722
3880.00122,0.00706
3878.07279,0.00602
3876.14436,0.00580
3874.21593,0.00708
3872.28750,0.00898
3870.35907,0.01001
3868.43064,0.00962
3866.50221,0.00885
3864.57378,0.00873
3862.64535,0.00956
3860.71692,0.01041
3858.78849,0.01107
3856.86006,0.01181
3854.93163,0.01164
3853.00320,0.01002
3851.07477,0.00842
3849.14634,0.00800
3847.21791,0.00808
3845.28948,0.00771
3843.36105,0.00713
3841.43262,0.00681
3839.50419,0.00688
3837.57576,0.00742
3835.64733,0.00785
3833.71890,0.00833
3831.79047,0.00862
3829.86204,0.00806
3827.93361,0.00702
3826.00518,0.00652
3824.07675,0.00679
3822.14832,0.00729
3820.21989,0.00837
3818.29146,0.00897
3816.36303,0.00829
3814.43460,0.00706
3812.50617,0.00636
3810.57774,0.00588
3808.64931,0.00533
3806.72088,0.00586
3804.79245,0.00710
3802.86402,0.00721
3800.93559,0.00652
3799.00716,0.00619
3797.07873,0.00573
3795.15030,0.00472
3793.22187,0.00364
3791.29344,0.00301
3789.36501,0.00258
3787.43658,0.00200
3785.50815,0.00132
3783.57972,0.00099
3781.65129,0.00095
3779.72286,0.00084
3777.79443,0.00063
3775.86600,0.00029
3773.93757,0.00000
3772.00914,0.00036
3770.08071,0.00188
3768.15228,0.00363
3766.22385,0.00437
3764.29542,0.00461
3762.36699,0.00532
3760.43856,0.00680
3758.51013,0.00899
3756.58170,0.01071
3754.65327,0.01062
3752.72484,0.00973
3750.79641,0.01239
3748.86798,0.01895
3746.93955,0.02336
3745.01112,0.02419
3743.08269,0.02093
3741.15426,0.01676
3739.22583,0.01373
3737.29740,0.01146
3735.36897,0.01128
3733.44054,0.01270
3731.51211,0.01313
3729.58368,0.01259
3727.65525,0.01206
3725.72682,0.01149
3723.79839,0.01020
3721.86996,0.00789
3719.94153,0.00593
3718.01310,0.00579
3716.08467,0.00665
3714.15624,0.00635
3712.22781,0.00473
3710.29938,0.00440
3708.37095,0.00444
3706.44252,0.00385
3704.51409,0.00307
3702.58566,0.00255
3700.65723,0.00242
3698.72880,0.00221
3696.80037,0.00172
3694.87194,0.00115
3692.94351,0.00039
3691.01508,0.00000
3689.08665,0.00168
3687.15822,0.00370
3685.22979,0.00428
3683.30136,0.00426
3681.37293,0.00414
3679.44450,0.00455
3677.51607,0.00593
3675.58764,0.00696
3673.65921,0.00590
3671.73078,0.00424
3669.80235,0.00340
3667.87392,0.00358
3665.94549,0.00348
3664.01706,0.00289
3662.08863,0.00241
3660.16020,0.00261
3658.23177,0.00319
3656.30334,0.00373
3654.37491,0.00374
3652.44648,0.00233
3650.51805,0.00000
3648.58962,0.00022
3646.66119,0.00185
3644.73276,0.00319
3642.80433,0.00350
3640.87590,0.00259
3638.94747,0.00182
3637.01904,0.00237
3635.09061,0.00373
3633.16218,0.00469
3631.23375,0.00470
3629.30532,0.00378
3627.37689,0.00293
3625.44846,0.00288
3623.52003,0.00330
3621.59160,0.00299
3619.66317,0.00258
3617.73474,0.00365
3615.80631,0.00537
3613.87788,0.00677
3611.94945,0.00755
3610.02102,0.00753
3608.09259,0.00675
3606.16416,0.00518
3604.23573,0.00350
3602.30730,0.00264
3600.37887,0.00282
3598.45044,0.00366
3596.52201,0.00460
3594.59358,0.00526
3592.66515,0.00520
3590.73672,0.00491
3588.80829,0.00503
3586.87986,0.00494
3584.95143,0.00361
3583.02300,0.00204
3581.09457,0.00121
3579.16614,0.00085
3577.23771,0.00084
3575.30928,0.00113
3573.38085,0.00149
3571.45242,0.00145
3569.52399,0.00074
3567.59556,0.00013
3565.66713,0.00087
3563.73870,0.00187
3561.81027,0.00213
3559.88184,0.00157
3557.95341,0.00071
3556.02498,0.00036
3554.09655,0.00066
3552.16812,0.00120
3550.23969,0.00188
3548.31126,0.00307
3546.38283,0.00406
3544.45440,0.00370
3542.52597,0.00249
3540.59754,0.00160
3538.66911,0.00097
3536.74068,0.00041
3534.81225,0.00000
3532.88382,-0.00008
3530.95539,0.00047
3529.02696,0.00173
3527.09853,0.00325
3525.17010,0.00397
3523.24167,0.00361
3521.31324,0.00290
3519.38481,0.00210
3517.45638,0.00118
3515.52795,0.00042
3513.59952,0.00005
3511.67109,0.00025
3509.74266,0.00088
3507.81423,0.00136
3505.88580,0.00166
3503.95737,0.00256
3502.02894,0.00364
3500.10051,0.00318
3498.17208,0.00139
3496.24365,0.00006
3494.31522,0.00011
3492.38679,0.00090
3490.45836,0.00153
3488.52993,0.00196
3486.60150,0.00236
3484.67307,0.00242
3482.74464,0.00212
3480.81621,0.00187
3478.88778,0.00159
3476.95935,0.00151
3475.03092,0.00216
3473.10249,0.00274
3471.17406,0.00242
3469.24563,0.00216
3467.31720,0.00259
3465.38877,0.00258
3463.46034,0.00177
3461.53191,0.00117
3459.60348,0.00101
3457.67505,0.00087
3455.74662,0.00112
3453.81819,0.00200
3451.88976,0.00296
3449.96133,0.00356
3448.03290,0.00369
3446.10447,0.00349
3444.17604,0.00335
3442.24761,0.00365
3440.31918,0.00431
3438.39075,0.00464
3436.46232,0.00435
3434.53389,0.00391
3432.60546,0.00365
3430.67703,0.00368
3428.74860,0.00396
3426.82017,0.00419
3424.89174,0.00457
3422.96331,0.00548
3421.03488,0.00650
3419.10645,0.00659
3417.17802,0.00568
3415.24959,0.00516
3413.32116,0.00580
3411.39273,0.00648
3409.46430,0.00663
3407.53587,0.00691
3405.60744,0.00730
3403.67901,0.00708
3401.75058,0.00664
3399.82215,0.00831
3397.89372,0.00873
3395.96529,0.00882
3394.03686,0.00943
3392.10843,0.00993
3390.18000,0.00930
3388.25157,0.00855
3386.32314,0.00869
3384.39471,0.00868
3382.46628,0.00819
3380.53785,0.00795
3378.60942,0.00802
3376.68099,0.00814
3374.75256,0.00819
3372.82413,0.00839
3370.89570,0.00934
3368.96727,0.01075
3367.03884,0.01151
3365.11041,0.01140
3363.18198,0.01110
3361.25355,0.01117
3359.32512,0.01172
3357.39669,0.01235
3355.46826,0.01247
3353.53983,0.01202
3351.61140,0.01141
3349.68297,0.01087
3347.75454,0.01064
3345.82611,0.01080
3343.89768,0.01131
3341.96925,0.01220
3340.04082,0.01313
3338.11239,0.01390
3336.18396,0.01450
3334.25553,0.01457
3332.32710,0.01426
3330.39867,0.01447
3328.47024,0.01547
3326.54181,0.01638
3324.61338,0.01664
3322.68495,0.01658
3320.75652,0.01644
3318.82809,0.01650
3316.89966,0.01708
3314.97122,0.01774
3313.04279,0.01826
3311.11436,0.01899
3309.18593,0.01963
3307.25750,0.01930
3305.32907,0.01829
3303.40064,0.01803
3301.47221,0.01875
3299.54378,0.01936
3297.61535,0.01928
3295.68692,0.01922
3293.75849,0.01994
3291.83006,0.02082
3289.90163,0.02085
3287.97320,0.02037
3286.04477,0.02047
3284.11634,0.02096
3282.18791,0.02088
3280.25948,0.02060
3278.33105,0.02101
3276.40262,0.02163
3274.47419,0.02156
3272.54576,0.02096
3270.61733,0.02044
3268.68890,0.02043
3266.76047,0.02089
3264.83204,0.02115
3262.90361,0.02073
3260.97518,0.02000
3259.04675,0.01956
3257.11832,0.01957
3255.18989,0.01961
3253.26146,0.01923
3251.33303,0.01859
3249.40460,0.01824
3247.47617,0.01848
3245.54774,0.01877
3243.61931,0.01855
3241.69088,0.01789
3239.76245,0.01715
3237.83402,0.01678
3235.90559,0.01689
3233.97716,0.01707
3232.04873,0.01707
3230.12030,0.01697
3228.19187,0.01663
3226.26344,0.01600
3224.33501,0.01572
3222.40658,0.01592
3220.47815,0.01579
3218.54972,0.01510
3216.62129,0.01448
3214.69286,0.01435
3212.76443,0.01449
3210.83600,0.01453
3208.90757,0.01417
3206.97914,0.01350
3205.05071,0.01312
3203.12228,0.01342
3201.19385,0.01423
3199.26542,0.01477
3197.33699,0.01418
3195.40856,0.01255
3193.48013,0.01113
3191.55170,0.01076
3189.62327,0.01107
3187.69484,0.01144
3185.76641,0.01138
3183.83798,0.01086
3181.90955,0.01057
3179.98112,0.01092
3178.05269,0.01147
3176.12426,0.01161
3174.19583,0.01127
3172.26740,0.01068
3170.33897,0.00995
3168.41054,0.00936
3166.48211,0.00922
3164.55368,0.00937
3162.62525,0.00919
3160.69682,0.00860
3158.76839,0.00799
3156.83996,0.00742
3154.91153,0.00677
3152.98310,0.00632
3151.05467,0.00633
3149.12624,0.00635
3147.19781,0.00601
3145.26938,0.00567
3143.34095,0.00568
3141.41252,0.00562
3139.48409,0.00531
3137.55566,0.00532
3135.62723,0.00589
3133.69880,0.00626
3131.77037,0.00571
3129.84194,0.00485
3127.91351,0.00475
3125.98508,0.00527
3124.05665,0.00556
3122.12822,0.00525
3120.19979,0.00469
3118.27136,0.00453
3116.34293,0.00469
3114.41450,0.00458
3112.48607,0.00429
3110.55764,0.00419
3108.62921,0.00398
3106.70078,0.00335
3104.77235,0.00290
3102.84392,0.00321
3100.91549,0.00361
3098.98706,0.00331
3097.05863,0.00273
3095.13020,0.00232
3093.20177,0.00201
3091.27334,0.00186
3089.34491,0.00180
3087.41648,0.00164
3085.48805,0.00165
3083.55962,0.00227
3081.63119,0.00306
3079.70276,0.00307
3077.77433,0.00223
3075.84590,0.00146
3073.91747,0.00127
3071.98904,0.00136
3070.06061,0.00162
3068.13218,0.00229
3066.20375,0.00307
3064.27532,0.00322
3062.34689,0.00273
3060.41846,0.00227
3058.49003,0.00220
3056.56160,0.00223
3054.63317,0.00202
3052.70474,0.00171
3050.77631,0.00172
3048.84788,0.00182
3046.91945,0.00160
3044.99102,0.00118
3043.06259,0.00065
3041.13416,0.00011
3039.20573,0.00000
3037.27730,0.00048
3035.34887,0.00122
3033.42044,0.00185
3031.49201,0.00203
3029.56358,0.00158
3027.63515,0.00088
3025.70672,0.00038
3023.77829,0.00021
3021.84986,0.00029
3019.92143,0.00026
3017.99300,0.00012
3016.06457,0.00042
3014.13614,0.00128
3012.20771,0.00194
3010.27928,0.00182
3008.35085,0.00129
3006.42242,0.00092
3004.49399,0.00074
3002.56556,0.00062
3000.63713,0.00046
2998.70870,0.00011
2996.78027,0.00043
2994.85184,0.00081
2992.92341,0.00079
2990.99498,0.00064
2989.06655,0.00111
2987.13812,0.00200
2985.20969,0.00241
2983.28126,0.00221
2981.35283,0.00211
2979.42440,0.00248
2977.49597,0.00318
2975.56754,0.00372
2973.63911,0.00382
2971.71068,0.00368
2969.78225,0.00364
2967.85382,0.00392
2965.92539,0.00437
2963.99696,0.00446
2962.06853,0.00406
2960.14010,0.00372
2958.21167,0.00387
2956.28324,0.00421
2954.35481,0.00439
2952.42638,0.00428
2950.49795,0.00403
2948.56952,0.00409
2946.64109,0.00438
2944.71266,0.00454
2942.78423,0.00469
2940.85580,0.00492
2938.92737,0.00480
2936.99894,0.00440
2935.07051,0.00442
2933.14208,0.00484
2931.21365,0.00486
2929.28522,0.00448
2927.35679,0.00432
2925.42836,0.00437
2923.49993,0.00433
2921.57150,0.00419
2919.64307,0.00371
2917.71464,0.00299
2915.78621,0.00264
2913.85778,0.00269
2911.92935,0.00274
2910.00092,0.00261
2908.07249,0.00236
2906.14406,0.00226
2904.21563,0.00225
2902.28720,0.00204
2900.35877,0.00168
2898.43034,0.00160
2896.50191,0.00196
2894.57348,0.00232
2892.64505,0.00224
2890.71662,0.00188
2888.78819,0.00166
2886.85976,0.00174
2884.93133,0.00191
2883.00290,0.00192
2881.07447,0.00195
2879.14604,0.00218
2877.21761,0.00244
2875.28918,0.00255
2873.36075,0.00253
2871.43232,0.00240
2869.50389,0.00219
2867.57546,0.00217
2865.64703,0.00231
2863.71860,0.00227
2861.79017,0.00207
2859.86174,0.00168
2857.93331,0.00119
2856.00488,0.00104
2854.07645,0.00133
2852.14802,0.00158
2850.21959,0.00162
2848.29116,0.00158
2846.36273,0.00145
2844.43430,0.00117
2842.50587,0.00087
2840.57744,0.00076
2838.64901,0.00095
2836.72058,0.00118
2834.79215,0.00104
2832.86372,0.00056
2830.93529,0.00009
2829.00686,0.00000
2827.07843,0.00037
2825.15000,0.00078
2823.22157,0.00075
2821.29314,0.00043
2819.36471,0.00025
2817.43628,0.00037
2815.50785,0.00068
2813.57942,0.00103
2811.65099,0.00126
2809.72256,0.00126
2807.79413,0.00111
2805.86570,0.00082
2803.93727,0.00046
2802.00884,0.00020
2800.08041,0.00020
2798.15198,0.00037
2796.22355,0.00047
2794.29512,0.00050
2792.36669,0.00049
2790.43826,0.00044
2788.50983,0.00054
2786.58140,0.00072
2784.65297,0.00069
2782.72454,0.00039
2780.79611,0.00009
2778.86768,0.00000
2776.93925,0.00006
2775.01082,0.00016
2773.08239,0.00030
2771.15396,0.00054
2769.22553,0.00071
2767.29710,0.00077
2765.36867,0.00074
2763.44024,0.00065
2761.51181,0.00062
2759.58338,0.00065
2757.65495,0.00076
2755.72652,0.00091
2753.79809,0.00091
2751.86966,0.00069
2749.94123,0.00049
2748.01280,0.00057
2746.08437,0.00092
2744.15594,0.00119
2742.22751,0.00120
2740.29908,0.00114
2738.37065,0.00108
2736.44222,0.00102
2734.51379,0.00103
2732.58536,0.00103
2730.65693,0.00092
2728.72850,0.00063
2726.80007,0.00035
2724.87164,0.00031
2722.94321,0.00044
2721.01478,0.00070
2719.08635,0.00111
2717.15792,0.00145
2715.22949,0.00132
2713.30105,0.00078
2711.37262,0.00053
2709.44419,0.00071
2707.51576,0.00077
2705.58733,0.00058
2703.65890,0.00043
2701.73047,0.00032
2699.80204,0.00013
2697.87361,0.00000
2695.94518,0.00019
2694.01675,0.00071
2692.08832,0.00108
2690.15989,0.00098
2688.23146,0.00065
2686.30303,0.00043
2684.37460,0.00038
2682.44617,0.00048
2680.51774,0.00060
2678.58931,0.00053
2676.66088,0.00027
2674.73245,0.00014
2672.80402,0.00024
2670.87559,0.00046
2668.94716,0.00063
2667.01873,0.00065
2665.09030,0.00066
2663.16187,0.00080
2661.23344,0.00089
2659.30501,0.00087
2657.37658,0.00087
2655.44815,0.00087
2653.51972,0.00089
2651.59129,0.00106
2649.66286,0.00119
2647.73443,0.00106
2645.80600,0.00085
2643.87757,0.00074
2641.94914,0.00068
2640.02071,0.00063
2638.09228,0.00075
2636.16385,0.00097
2634.23542,0.00116
2632.30699,0.00123
2630.37856,0.00111
2628.45013,0.00078
2626.52170,0.00049
2624.59327,0.00056
2622.66484,0.00092
2620.73641,0.00118
2618.80798,0.00110
2616.87955,0.00082
2614.95112,0.00070
2613.02269,0.00092
2611.09426,0.00118
2609.16583,0.00113
2607.23740,0.00075
2605.30897,0.00024
2603.38054,0.00000
2601.45211,0.00020
2599.52368,0.00062
2597.59525,0.00095
2595.66682,0.00121
2593.73839,0.00137
2591.80996,0.00119
2589.88153,0.00075
2587.95310,0.00052
2586.02467,0.00064
2584.09624,0.00080
2582.16781,0.00083
2580.23938,0.00075
2578.31095,0.00059
2576.38252,0.00057
2574.45409,0.00092
2572.52566,0.00131
2570.59723,0.00135
2568.66880,0.00115
2566.74037,0.00092
2564.81194,0.00071
2562.88351,0.00055
2560.95508,0.00051
2559.02665,0.00061
2557.09822,0.00068
2555.16979,0.00064
2553.24136,0.00068
2551.31293,0.00064
2549.38450,0.00040
2547.45607,0.00034
2545.52764,0.00053
2543.59921,0.00067
2541.67078,0.00072
2539.74235,0.00081
2537.81392,0.00075
2535.88549,0.00052
2533.95706,0.00045
2532.02863,0.00054
2530.10020,0.00065
2528.17177,0.00084
2526.24334,0.00107
2524.31491,0.00097
2522.38648,0.00046
2520.45805,0.00006
2518.52962,0.00015
2516.60119,0.00031
2514.67276,0.00021
2512.74433,0.00017
2510.81590,0.00033
2508.88747,0.00042
2506.95904,0.00043
2505.03061,0.00048
2503.10218,0.00038
2501.17375,0.00030
2499.24532,0.00038
2497.31689,0.00029
2495.38846,0.00004
2493.46003,0.00000
2491.53160,0.00011
2489.60317,0.00020
2487.67474,0.00024
2485.74631,0.00030
2483.81788,0.00049
2481.88945,0.00068
2479.96102,0.00063
2478.03259,0.00039
2476.10416,0.00018
2474.17573,0.00014
2472.24730,0.00032
2470.31887,0.00059
2468.39044,0.00063
2466.46201,0.00039
2464.53358,0.00020
2462.60515,0.00021
2460.67672,0.00043
2458.74829,0.00069
2456.81986,0.00068
2454.89143,0.00043
2452.96300,0.00025
2451.03457,0.00027
2449.10614,0.00041
2447.17771,0.00053
2445.24928,0.00050
2443.32085,0.00040
2441.39242,0.00045
2439.46399,0.00069
2437.53556,0.00071
2435.60713,0.00037
2433.67870,0.00004
2431.75027,-0.00000
2429.82184,0.00002
2427.89341,0.00000
2425.96498,0.00009
2424.03655,0.00008
2422.10812,0.00008
2420.17969,0.00007
2418.25126,0.00006
2416.32283,0.00006
2414.39440,0.00005
2412.46597,0.00005
2410.53754,0.00004
2408.60911,0.00004
2406.68068,0.00003
2404.75225,0.00003
2402.82382,0.00003
2400.89539,0.00002
2398.96696,0.00002
2397.03853,0.00002
2395.11010,0.00002
2393.18167,0.00002
2391.25324,0.00001
2389.32481,0.00001
2387.39638,0.00001
2385.46795,0.00001
2383.53952,0.00002
2381.61109,0.00002
2379.68266,0.00002
2377.75423,0.00002
2375.82580,0.00002
2373.89737,0.00003
2371.96894,0.00003
2370.04051,0.00003
2368.11208,0.00004
2366.18365,0.00004
2364.25522,0.00005
2362.32679,0.00005
2360.39836,0.00006
2358.46993,0.00006
2356.54150,0.00007
2354.61307,0.00008
2352.68464,0.00008
2350.75621,0.00009
2348.82778,0.00010
2346.89935,0.00011
2344.97092,0.00012
2343.04249,0.00012
2341.11406,0.00013
2339.18563,0.00014
2337.25720,0.00016
2335.32877,0.00017
2333.40034,0.00018
2331.47191,0.00019
2329.54348,0.00020
2327.61505,0.00021
2325.68662,0.00023
2323.75819,0.00024
2321.82976,0.00025
2319.90133,0.00027
2317.97290,0.00028
2316.04447,0.00030
2314.11604,0.00031
2312.18761,0.00033
2310.25918,0.00034
2308.33075,0.00036
2306.40232,0.00038
2304.47389,0.00039
2302.54546,0.00041
2300.61703,0.00043
2298.68860,0.00045
2296.76017,0.00047
2294.83174,0.00049
2292.90331,0.00051
2290.97488,0.00053
2289.04645,0.00055
2287.11802,0.00057
2285.18959,0.00059
2283.26116,0.00061
2281.33273,0.00063
2279.40430,0.00066
2277.47587,0.00068
2275.54744,0.00070
2273.61901,0.00073
2271.69058,0.00075
2269.76215,0.00078
2267.83372,0.00080
2265.90529,0.00083
2263.97686,0.00085
2262.04843,0.00088
2260.12000,0.00090
2258.19157,0.00093
2256.26314,0.00096
2254.33471,0.00099
2252.40628,0.00102
2250.47785,0.00104
2248.54942,0.00107
2246.62099,0.00110
2244.69256,0.00113
2242.76413,0.00116
2240.83570,0.00122
2238.90727,0.00110
2236.97884,0.00087
2235.05041,0.00059
2233.12198,0.00037
2231.19355,0.00041
2229.26512,0.00065
2227.33669,0.00084
2225.40826,0.00077
2223.47983,0.00039
2221.55140,0.00000
2219.62297,-0.00000
2217.69454,0.00027
2215.76611,0.00044
2213.83768,0.00047
2211.90925,0.00051
2209.98082,0.00056
2208.05239,0.00058
2206.12396,0.00052
2204.19553,0.00037
2202.26710,0.00020
2200.33867,0.00018
2198.41024,0.00032
2196.48181,0.00041
2194.55338,0.00036
2192.62495,0.00039
2190.69652,0.00049
2188.76809,0.00039
2186.83966,0.00024
2184.91123,0.00029
2182.98280,0.00050
2181.05437,0.00068
2179.12594,0.00074
2177.19751,0.00062
2175.26908,0.00053
2173.34065,0.00058
2171.41222,0.00051
2169.48379,0.00030
2167.55536,0.00011
2165.62693,0.00000
2163.69850,0.00015
2161.77007,0.00045
2159.84164,0.00050
2157.91321,0.00034
2155.98478,0.00020
2154.05635,0.00013
2152.12792,0.00017
2150.19949,0.00033
2148.27106,0.00054
2146.34263,0.00060
2144.41420,0.00046
2142.48577,0.00036
2140.55734,0.00051
2138.62891,0.00088
2136.70048,0.00115
2134.77205,0.00102
2132.84362,0.00068
2130.91519,0.00041
2128.98676,0.00031
2127.05833,0.00034
2125.12990,0.00031
2123.20147,0.00020
2121.27304,0.00020
2119.34461,0.00043
2117.41618,0.00076
2115.48775,0.00093
2113.55932,0.00084
2111.63089,0.00067
2109.70245,0.00052
2107.77402,0.00052
2105.84559,0.00075
2103.91716,0.00089
2101.98873,0.00080
2100.06030,0.00069
2098.13187,0.00063
2096.20344,0.00049
2094.27501,0.00046
2092.34658,0.00060
2090.41815,0.00069
2088.48972,0.00059
2086.56129,0.00052
2084.63286,0.00068
2082.70443,0.00081
2080.77600,0.00078
2078.84757,0.00072
2076.91914,0.00071
2074.99071,0.00076
2073.06228,0.00081
2071.13385,0.00088
2069.20542,0.00094
2067.27699,0.00101
2065.34856,0.00120
2063.42013,0.00131
2061.49170,0.00115
2059.56327,0.00083
2057.63484,0.00059
2055.70641,0.00043
2053.77798,0.00019
2051.84955,0.00000
2049.92112,0.00019
2047.99269,0.00075
2046.06426,0.00126
2044.13583,0.00139
2042.20740,0.00119
2040.27897,0.00103
2038.35054,0.00099
2036.42211,0.00098
2034.49368,0.00109
2032.56525,0.00112
2030.63682,0.00100
2028.70839,0.00103
2026.77996,0.00122
2024.85153,0.00133
2022.92310,0.00119
2020.99467,0.00076
2019.06624,0.00032
2017.13781,0.00018
2015.20938,0.00036
2013.28095,0.00072
2011.35252,0.00110
2009.42409,0.00138
2007.49566,0.00132
2005.56723,0.00090
2003.63880,0.00050
2001.71037,0.00042
1999.78194,0.00053
1997.85351,0.00067
1995.92508,0.00072
1993.99665,0.00068
1992.06822,0.00077
1990.13979,0.00093
1988.21136,0.00110
1986.28293,0.00117
1984.35450,0.00092
1982.42607,0.00062
1980.49764,0.00043
1978.56921,0.00021
1976.64078,0.00009
1974.71235,0.00023
1972.78392,0.00051
1970.85549,0.00074
1968.92706,0.00077
1966.99863,0.00079
1965.07020,0.00106
1963.14177,0.00121
1961.21334,0.00114
1959.28491,0.00108
1957.35648,0.00095
1955.42805,0.00070
1953.49962,0.00067
1951.57119,0.00084
1949.64276,0.00086
1947.71433,0.00066
1945.78590,0.00052
1943.85747,0.00066
1941.92904,0.00088
1940.00061,0.00100
1938.07218,0.00093
1936.14375,0.00070
1934.21532,0.00054
1932.28689,0.00059
1930.35846,0.00081
1928.43003,0.00096
1926.50160,0.00086
1924.57317,0.00061
1922.64474,0.00064
1920.71631,0.00082
1918.78788,0.00096
1916.85945,0.00126
1914.93102,0.00164
1913.00259,0.00161
1911.07416,0.00123
1909.14573,0.00111
1907.21730,0.00127
1905.28887,0.00128
1903.36044,0.00112
1901.43201,0.00104
1899.50358,0.00109
1897.57515,0.00119
1895.64672,0.00127
1893.71829,0.00112
1891.78986,0.00062
1889.86143,0.00035
1887.93300,0.00086
1886.00457,0.00150
1884.07614,0.00172
1882.14771,0.00174
1880.21928,0.00174
1878.29085,0.00171
1876.36242,0.00164
1874.43399,0.00162
1872.50556,0.00138
1870.57713,0.00060
1868.64870,0.00000
1866.72027,0.00038
1864.79184,0.00125
1862.86341,0.00170
1860.93498,0.00183
1859.00655,0.00199
1857.07812,0.00217
1855.14969,0.00224
1853.22126,0.00227
1851.29283,0.00224
1849.36440,0.00210
1847.43597,0.00194
1845.50754,0.00214
1843.57911,0.00263
1841.65068,0.00285
1839.72225,0.00268
1837.79382,0.00259
1835.86539,0.00293
1833.93696,0.00281
1832.00853,0.00146
1830.08010,0.00015
1828.15167,0.00039
1826.22324,0.00121
1824.29481,0.00169
1822.36638,0.00191
1820.43795,0.00212
1818.50952,0.00241
1816.58109,0.00235
1814.65266,0.00156
1812.72423,0.00054
1810.79580,0.00025
1808.86737,0.00085
1806.93894,0.00146
1805.01051,0.00175
1803.08208,0.00194
1801.15365,0.00217
1799.22522,0.00246
1797.29679,0.00268
1795.36836,0.00236
1793.43993,0.00145
1791.51150,0.00141
1789.58307,0.00287
1787.65464,0.00430
1785.72621,0.00464
1783.79778,0.00390
1781.86935,0.00285
1779.94092,0.00260
1778.01249,0.00297
1776.08406,0.00234
1774.15563,0.00051
1772.22720,0.00000
1770.29877,0.00236
1768.37034,0.00469
1766.44191,0.00502
1764.51348,0.00399
1762.58505,0.00309
1760.65662,0.00331
1758.72819,0.00407
1756.79976,0.00456
1754.87133,0.00474
1752.94290,0.00463
1751.01447,0.00393
1749.08604,0.00297
1747.15761,0.00310
1745.22918,0.00403
1743.30075,0.00455
1741.37232,0.00454
1739.44389,0.00465
1737.51546,0.00480
1735.58703,0.00434
1733.65860,0.00390
1731.73017,0.00457
1729.80174,0.00538
1727.87331,0.00576
1725.94488,0.00585
1724.01645,0.00609
1722.08802,0.00588
1720.15959,0.00386
1718.23116,0.00130
1716.30273,0.00244
1714.37430,0.00632
1712.44587,0.00936
1710.51744,0.01037
1708.58901,0.01024
1706.66058,0.01118
1704.73215,0.01455
1702.80372,0.01824
1700.87529,0.02054
1698.94686,0.02196
1697.01843,0.02408
1695.09000,0.02736
1693.16157,0.03016
1691.23314,0.03180
1689.30471,0.03241
1687.37628,0.03219
1685.44785,0.03232
1683.51942,0.03564
1681.59099,0.04052
1679.66256,0.04390
1677.73413,0.04536
1675.80570,0.04620
1673.87727,0.04692
1671.94884,0.04729
1670.02041,0.04901
1668.09198,0.05345
1666.16355,0.05730
1664.23512,0.05948
1662.30669,0.06262
1660.37826,0.06777
1658.44983,0.07183
1656.52140,0.07285
1654.59297,0.07271
1652.66454,0.07469
1650.73611,0.07786
1648.80768,0.07778
1646.87925,0.07452
1644.95082,0.07363
1643.02239,0.07483
1641.09396,0.07437
1639.16553,0.07090
1637.23710,0.06575
1635.30867,0.06196
1633.38024,0.06087
1631.45181,0.06008
1629.52338,0.05750
1627.59495,0.05369
1625.66652,0.05003
1623.73809,0.04673
1621.80966,0.04430
1619.88123,0.04166
1617.95280,0.03732
1616.02437,0.03337
1614.09594,0.03220
1612.16751,0.03154
1610.23908,0.02923
1608.31065,0.02618
1606.38222,0.02394
1604.45379,0.02233
1602.52536,0.02098
1600.59693,0.02005
1598.66850,0.01929
1596.74007,0.01856
1594.81164,0.01812
1592.88321,0.01812
1590.95478,0.01831
1589.02635,0.01866
1587.09792,0.01922
1585.16949,0.02002
1583.24106,0.02122
1581.31263,0.02224
1579.38420,0.02204
1577.45577,0.02144
1575.52734,0.02301
1573.59891,0.02605
1571.67048,0.02776
1569.74205,0.02842
1567.81362,0.03011
1565.88519,0.03262
1563.95676,0.03434
1562.02833,0.03420
1560.09990,0.03445
1558.17147,0.03861
1556.24304,0.04452
1554.31461,0.04868
1552.38618,0.05106
1550.45775,0.05262
1548.52932,0.05403
1546.60089,0.05426
1544.67246,0.05206
1542.74403,0.04839
1540.81560,0.04640
1538.88717,0.05048
1536.95874,0.05543
1535.03031,0.05659
1533.10188,0.05475
1531.17345,0.05350
1529.24502,0.05284
1527.31659,0.05155
1525.38816,0.05007
1523.45973,0.04886
1521.53130,0.04869
1519.60287,0.04939
1517.67444,0.04859
1515.74601,0.04710
1513.81758,0.04627
1511.88915,0.04462
1509.96072,0.04032
1508.03229,0.03371
1506.10385,0.02931
1504.17542,0.03034
1502.24699,0.03225
1500.31856,0.03040
1498.39013,0.02551
1496.46170,0.02196
1494.53327,0.02092
1492.60484,0.01931
1490.67641,0.01569
1488.74798,0.01270
1486.81955,0.01201
1484.89112,0.01223
1482.96269,0.01198
1481.03426,0.01141
1479.10583,0.01094
1477.17740,0.01009
1475.24897,0.00848
1473.32054,0.00760
1471.39211,0.00926
1469.46368,0.01175
1467.53525,0.01275
1465.60682,0.01261
1463.67839,0.01300
1461.74996,0.01273
1459.82153,0.01016
1457.89310,0.00790
1455.96467,0.00988
1454.03624,0.01272
1452.10781,0.01368
1450.17938,0.01254
1448.25095,0.01078
1446.32252,0.01000
1444.39409,0.01007
1442.46566,0.01003
1440.53723,0.00947
1438.60880,0.00874
1436.68037,0.00840
1434.75194,0.00840
1432.82351,0.00807
1430.89508,0.00726
1428.96665,0.00667
1427.03822,0.00649
1425.10979,0.00634
1423.18136,0.00650
1421.25293,0.00719
1419.32450,0.00799
1417.39607,0.00822
1415.46764,0.00774
1413.53921,0.00687
1411.61078,0.00603
1409.68235,0.00564
1407.75392,0.00546
1405.82549,0.00551
1403.89706,0.00603
1401.96863,0.00655
1400.04020,0.00690
1398.11177,0.00745
1396.18334,0.00803
1394.25491,0.00874
1392.32648,0.00976
1390.39805,0.01020
1388.46962,0.00941
1386.54119,0.00801
1384.61276,0.00700
1382.68433,0.00657
1380.75590,0.00645
1378.82747,0.00619
1376.89904,0.00516
1374.97061,0.00389
1373.04218,0.00353
1371.11375,0.00358
1369.18532,0.00311
1367.25689,0.00233
1365.32846,0.00172
1363.40003,0.00145
1361.47160,0.00149
1359.54317,0.00140
1357.61474,0.00088
1355.68631,0.00023
1353.75788,0.00000
1351.82945,0.00001
1349.90102,-0.00002
1347.97259,0.00006
1346.04416,0.00030
1344.11573,0.00044
1342.18730,0.00049
1340.25887,0.00086
1338.33044,0.00134
1336.40201,0.00106
1334.47358,0.00031
1332.54515,0.00000
1330.61672,0.00031
1328.68829,0.00072
1326.75986,0.00102
1324.83143,0.00132
1322.90300,0.00141
1320.97457,0.00110
1319.04614,0.00094
1317.11771,0.00126
1315.18928,0.00163
1313.26085,0.00174
1311.33242,0.00170
1309.40399,0.00163
1307.47556,0.00172
1305.54713,0.00199
1303.61870,0.00222
1301.69027,0.00237
1299.76184,0.00253
1297.83341,0.00274
1295.90498,0.00294
1293.97655,0.00309
1292.04812,0.00325
1290.11969,0.00340
1288.19126,0.00343
1286.26283,0.00341
1284.33440,0.00350
1282.40597,0.00380
1280.47754,0.00414
1278.54911,0.00434
1276.62068,0.00444
1274.69225,0.00458
1272.76382,0.00500
1270.83539,0.00583
1268.90696,0.00681
1266.97853,0.00737
1265.05010,0.00731
1263.12167,0.00735
1261.19324,0.00798
1259.26481,0.00905
1257.33638,0.01018
1255.40795,0.01122
1253.47952,0.01223
1251.55109,0.01337
1249.62266,0.01463
1247.69423,0.01585
1245.76580,0.01697
1243.83737,0.01789
1241.90894,0.01861
1239.98051,0.01955
1238.05208,0.02065
1236.12365,0.02125
1234.19522,0.02152
1232.26679,0.02208
1230.33836,0.02287
1228.40993,0.02349
1226.48150,0.02380
1224.55307,0.02392
1222.62464,0.02412
1220.69621,0.02462
1218.76778,0.02532
1216.83935,0.02572
1214.91092,0.02577
1212.98249,0.02592
1211.05406,0.02617
1209.12563,0.02633
1207.19720,0.02656
1205.26877,0.02702
1203.34034,0.02760
1201.41191,0.02810
1199.48348,0.02840
1197.55505,0.02855
1195.62662,0.02872
1193.69819,0.02908
1191.76976,0.02978
1189.84133,0.03071
1187.91290,0.03156
1185.98447,0.03201
1184.05604,0.03217
1182.12761,0.03243
1180.19918,0.03290
1178.27075,0.03366
1176.34232,0.03493
1174.41389,0.03616
1172.48546,0.03653
1170.55703,0.03660
1168.62860,0.03734
1166.70017,0.03860
1164.77174,0.03979
1162.84331,0.04067
1160.91488,0.04132
1158.98645,0.04206
1157.05802,0.04317
1155.12959,0.04422
1153.20116,0.04483
1151.27273,0.04525
1149.34430,0.04573
1147.41587,0.04644
1145.48744,0.04736
1143.55901,0.04809
1141.63058,0.04865
1139.70215,0.04947
1137.77372,0.05071
1135.84529,0.05209
1133.91686,0.05336
1131.98843,0.05466
1130.06000,0.05612
1128.13157,0.05748
1126.20314,0.05873
1124.27471,0.06031
1122.34628,0.06219
1120.41785,0.06370
1118.48942,0.06483
1116.56099,0.06646
1114.63256,0.06870
1112.70413,0.07093
1110.77570,0.07310
1108.84727,0.07561
1106.91884,0.07854
1104.99041,0.08148
1103.06198,0.08407
1101.13355,0.08624
1099.20512,0.08805
1097.27669,0.08952
1095.34826,0.09073
1093.41983,0.09173
1091.49140,0.09255
1089.56297,0.09379
1087.63454,0.09564
1085.70611,0.09728
1083.77768,0.09835
1081.84925,0.09890
1079.92082,0.09895
1077.99239,0.09897
1076.06396,0.09947
1074.13553,0.10029
1072.20710,0.10101
1070.27867,0.10134
1068.35024,0.10136
1066.42181,0.10133
1064.49338,0.10126
1062.56495,0.10096
1060.63652,0.10027
1058.70809,0.09931
1056.77966,0.09797
1054.85123,0.09581
1052.92280,0.09333
1050.99437,0.09132
1049.06594,0.08958
1047.13751,0.08785
1045.20908,0.08583
1043.28065,0.08301
1041.35222,0.07949
1039.42379,0.07597
1037.49536,0.07274
1035.56693,0.06918
1033.63850,0.06518
1031.71007,0.06144
1029.78164,0.05829
1027.85321,0.05525
1025.92478,0.05148
1023.99635,0.04709
1022.06792,0.04288
1020.13949,0.03915
1018.21106,0.03609
1016.28263,0.03378
1014.35420,0.03156
1012.42577,0.02870
1010.49734,0.02542
1008.56891,0.02262
1006.64048,0.02059
1004.71205,0.01885
1002.78362,0.01692
1000.85519,0.01480
998.92676,0.01316
996.99833,0.01234
995.06990,0.01173
993.14147,0.01098
991.21304,0.01046
989.28461,0.01034
987.35618,0.01031
985.42775,0.01010
983.49932,0.01011
981.57089,0.01062
979.64246,0.01102
977.71403,0.01095
975.78560,0.01074
973.85717,0.01070
971.92874,0.01065
970.00031,0.01034
968.07188,0.01006
966.14345,0.00992
964.21502,0.00975
962.28659,0.00963
960.35816,0.00952
958.42973,0.00902
956.50130,0.00831
954.57287,0.00781
952.64444,0.00734
950.71601,0.00691
948.78758,0.00677
946.85915,0.00681
944.93072,0.00676
943.00229,0.00641
941.07386,0.00599
939.14543,0.00609
937.21700,0.00662
935.28857,0.00706
933.36014,0.00705
931.43171,0.00633
929.50328,0.00524
927.57485,0.00456
925.64642,0.00436
923.71799,0.00420
921.78956,0.00410
919.86113,0.00423
917.93270,0.00432
916.00427,0.00398
914.07584,0.00323
912.14741,0.00260
910.21898,0.00259
908.29055,0.00290
906.36212,0.00277
904.43368,0.00226
902.50525,0.00181
900.57682,0.00130
898.64839,0.00077
896.71996,0.00058
894.79153,0.00059
892.86310,0.00052
890.93467,0.00048
889.00624,0.00045
887.07781,0.00035
885.14938,0.00039
883.22095,0.00050
881.29252,0.00030
879.36409,0.00004
877.43566,0.00028
875.50723,0.00084
873.57880,0.00100
871.65037,0.00057
869.72194,0.00018
867.79351,0.00000
865.86508,0.00011
863.93665,0.00026
862.00822,0.00049
860.07979,0.00063
858.15136,0.00036
856.22293,0.00009
854.29450,0.00046
852.36607,0.00109
850.43764,0.00128
848.50921,0.00125
846.58078,0.00142
844.65235,0.00200
842.72392,0.00314
840.79549,0.00436
838.86706,0.00497
836.93863,0.00557
835.01020,0.00689
833.08177,0.00818
831.15334,0.00851
829.22491,0.00832
827.29648,0.00859
825.36805,0.00933
823.43962,0.01002
821.51119,0.01077
819.58276,0.01160
817.65433,0.01203
815.72590,0.01199
813.79747,0.01188
811.86904,0.01215
809.94061,0.01313
808.01218,0.01442
806.08375,0.01505
804.15532,0.01498
802.22689,0.01495
800.29846,0.01493
798.37003,0.01458
796.44160,0.01434
794.51317,0.01476
792.58474,0.01522
790.65631,0.01476
788.72788,0.01379
786.79945,0.01304
784.87102,0.01240
782.94259,0.01153
781.01416,0.01050
779.08573,0.00973
777.15730,0.00870
775.22887,0.00662
773.30044,0.00487
771.37201,0.00477
769.44358,0.00510
767.51515,0.00488
765.58672,0.00460
763.65829,0.00464
761.72986,0.00508
759.80143,0.00551
757.87300,0.00531
755.94457,0.00463
754.01614,0.00442
752.08771,0.00515
750.15928,0.00593
748.23085,0.00580
746.30242,0.00519
744.37399,0.00538
742.44556,0.00616
740.51713,0.00618
738.58870,0.00531
736.66027,0.00424
734.73184,0.00383
732.80341,0.00440
730.87498,0.00464
728.94655,0.00350
727.01812,0.00190
725.08969,0.00154
723.16126,0.00468
721.23283,0.00672
719.30440,0.00688
717.37597,0.00589
715.44754,0.00516
713.51911,0.00522
711.59068,0.00583
709.66225,0.00671
707.73382,0.00707
705.80539,0.00676
703.87696,0.00716
701.94853,0.00884
700.02010,0.01042
698.09167,0.01064
696.16324,0.00979
694.23481,0.00897
692.30638,0.00867
690.37795,0.00821
688.44952,0.00704
686.52109,0.00602
684.59266,0.00591
682.66423,0.00548
680.73580,0.00392
678.80737,0.00303
676.87894,0.00403
674.95051,0.00508
673.02208,0.00578
671.09365,0.00851
669.16522,0.01125
667.23679,0.00943
665.30836,0.00733
663.37993,0.00847
661.45150,0.01172
659.52307,0.01451
657.59464,0.01471
655.66621,0.01228
653.73778,0.00940
651.80935,0.00785
649.88092,0.00750
647.95249,0.00834
646.02406,0.00952
644.09563,0.00979
642.16720,0.00903
640.23877,0.00878
638.31034,0.00916
636.38191,0.00832
634.45348,0.00585
632.52505,0.00318
630.59662,0.00137
628.66819,0.00063
626.73976,0.00063
624.81133,0.00183
622.88290,0.00305
620.95447,0.00474
619.02604,0.00738
617.09761,0.00909
615.16918,0.00744
613.24075,0.00583
611.31232,0.00536
609.38389,0.00393
607.45546,0.00219
605.52703,0.00151
603.59860,0.00141
601.67017,0.00000
599.74174,0.00000
