4001.49232,0.00239
3999.56389,0.00507
3997.63546,0.00532
3995.70703,0.00439
3993.77860,0.00360
3991.85017,0.00296
3989.92174,0.00217
3987.99331,0.00124
3986.06488,0.00070
3984.13645,0.00106
3982.20802,0.00195
3980.27959,0.00286
3978.35116,0.00339
3976.42273,0.00325
3974.49430,0.00258
3972.56587,0.00212
3970.63744,0.00210
3968.70901,0.00206
3966.78058,0.00178
3964.85215,0.00175
3962.92372,0.00215
3960.99529,0.00214
3959.06686,0.00127
3957.13843,0.00034
3955.21000,0.00000
3953.28157,0.00011
3951.35314,0.00054
3949.42471,0.00131
3947.49628,0.00177
3945.56785,0.00164
3943.63942,0.00170
3941.71099,0.00184
3939.78256,0.00134
3937.85413,0.00071
3935.92570,0.00062
3933.99727,0.00104
3932.06884,0.00143
3930.14041,0.00147
3928.21198,0.00113
3926.28355,0.00062
3924.35512,0.00050
3922.42669,0.00097
3920.49826,0.00160
3918.56982,0.00222
3916.64139,0.00234
3914.71296,0.00168
3912.78453,0.00105
3910.85610,0.00102
3908.92767,0.00146
3906.99924,0.00232
3905.07081,0.00427
3903.14238,0.00689
3901.21395,0.00697
3899.28552,0.00476
3897.35709,0.00348
3895.42866,0.00380
3893.50023,0.00459
3891.57180,0.00537
3889.64337,0.00612
3887.71494,0.00686
3885.78651,0.00700
3883.85808,0.00680
3881.92965,0.00721
3880.00122,0.00703
3878.07279,0.00598
3876.14436,0.00613
3874.21593,0.00784
3872.28750,0.00992
3870.35907,0.01067
3868.43064,0.00968
3866.50221,0.00840
3864.57378,0.00759
3862.64535,0.00783
3860.71692,0.00894
3858.78849,0.01050
3856.86006,0.01207
3854.93163,0.01161
3853.00320,0.00815
3851.07477,0.00556
3849.14634,0.00625
3847.21791,0.00793
3845.28948,0.00850
3843.36105,0.00793
3841.43262,0.00691
3839.50419,0.00613
3837.57576,0.00621
3835.64733,0.00663
3833.71890,0.00721
3831.79047,0.00749
3829.86204,0.00711
3827.93361,0.00664
3826.00518,0.00684
3824.07675,0.00776
3822.14832,0.00842
3820.21989,0.00851
3818.29146,0.00792
3816.36303,0.00666
3814.43460,0.00529
3812.50617,0.00516
3810.57774,0.00573
3808.64931,0.00572
3806.72088,0.00569
3804.79245,0.00609
3802.86402,0.00573
3800.93559,0.00431
3799.00716,0.00332
3797.07873,0.00283
3795.15030,0.00208
3793.22187,0.00143
3791.29344,0.00143
3789.36501,0.00161
3787.43658,0.00144
3785.50815,0.00092
3783.57972,0.00062
3781.65129,0.00064
3779.72286,0.00051
3777.79443,0.00019
3775.86600,0.00000
3773.93757,0.00004
3772.00914,0.00044
3770.08071,0.00151
3768.15228,0.00286
3766.22385,0.00373
3764.29542,0.00445
3762.36699,0.00553
3760.43856,0.00672
3758.51013,0.00835
3756.58170,0.01056
3754.65327,0.01200
3752.72484,0.01186
3750.79641,0.01308
3748.86798,0.01741
3746.93955,0.02102
3745.01112,0.02203
3743.08269,0.01917
3741.15426,0.01569
3739.22583,0.01392
3737.29740,0.01312
3735.36897,0.01302
3733.44054,0.01252
3731.51211,0.01108
3729.58368,0.01006
3727.65525,0.00997
3725.72682,0.00991
3723.79839,0.00891
3721.86996,0.00688
3719.94153,0.00509
3718.01310,0.00471
3716.08467,0.00528
3714.15624,0.00513
3712.22781,0.00360
3710.29938,0.00242
3708.37095,0.00169
3706.44252,0.00145
3704.51409,0.00151
3702.58566,0.00151
3700.65723,0.00147
3698.72880,0.00135
3696.80037,0.00124
3694.87194,0.00126
3692.94351,0.00101
3691.01508,0.00029
3689.08665,0.00050
3687.15822,0.00143
3685.22979,0.00219
3683.30136,0.00288
3681.37293,0.00334
3679.44450,0.00393
3677.51607,0.00515
3675.58764,0.00599
3673.65921,0.00493
3671.73078,0.00294
3669.80235,0.00087
3667.87392,0.00000
3665.94549,0.00015
3664.01706,0.00052
3662.08863,0.00090
3660.16020,0.00161
3658.23177,0.00239
3656.30334,0.00290
3654.37491,0.00304
3652.44648,0.00254
3650.51805,0.00143
3648.58962,0.00126
3646.66119,0.00090
3644.73276,0.00140
3642.80433,0.00226
3640.87590,0.00214
3638.94747,0.00168
3637.01904,0.00200
3635.09061,0.00287
3633.16218,0.00361
3631.23375,0.00365
3629.30532,0.00234
3627.37689,0.00099
3625.44846,0.00144
3623.52003,0.00294
3621.59160,0.00320
3619.66317,0.00253
3617.73474,0.00339
3615.80631,0.00557
3613.87788,0.00731
3611.94945,0.00807
3610.02102,0.00831
3608.09259,0.00789
3606.16416,0.00631
3604.23573,0.00447
3602.30730,0.00340
3600.37887,0.00312
3598.45044,0.00332
3596.52201,0.00358
3594.59358,0.00384
3592.66515,0.00413
3590.73672,0.00467
3588.80829,0.00482
3586.87986,0.00360
3584.95143,0.00190
3583.02300,0.00144
3581.09457,0.00181
3579.16614,0.00169
3577.23771,0.00120
3575.30928,0.00119
3573.38085,0.00169
3571.45242,0.00193
3569.52399,0.00132
3567.59556,0.00039
3565.66713,0.00059
3563.73870,0.00174
3561.81027,0.00286
3559.88184,0.00285
3557.95341,0.00184
3556.02498,0.00119
3554.09655,0.00130
3552.16812,0.00153
3550.23969,0.00197
3548.31126,0.00325
3546.38283,0.00433
3544.45440,0.00387
3542.52597,0.00269
3540.59754,0.00195
3538.66911,0.00143
3536.74068,0.00096
3534.81225,0.00067
3532.88382,0.00065
3530.95539,0.00126
3529.02696,0.00279
3527.09853,0.00449
3525.17010,0.00486
3523.24167,0.00383
3521.31324,0.00281
3519.38481,0.00231
3517.45638,0.00182
3515.52795,0.00105
3513.59952,0.00015
3511.67109,-0.00025
3509.74266,0.00012
3507.81423,0.00099
3505.88580,0.00202
3503.95737,0.00321
3502.02894,0.00389
3500.10051,0.00306
3498.17208,0.00125
3496.24365,0.00000
3494.31522,0.00006
3492.38679,0.00079
3490.45836,0.00133
3488.52993,0.00175
3486.60150,0.00229
3484.67307,0.00254
3482.74464,0.00228
3480.81621,0.00197
3478.88778,0.00170
3476.95935,0.00152
3475.03092,0.00189
3473.10249,0.00216
3471.17406,0.00152
3469.24563,0.00087
3467.31720,0.00113
3465.38877,0.00167
3463.46034,0.00190
3461.53191,0.00182
3459.60348,0.00113
3457.67505,0.00017
3455.74662,0.00004
3453.81819,0.00092
3451.88976,0.00192
3449.96133,0.00235
3448.03290,0.00215
3446.10447,0.00180
3444.17604,0.00179
3442.24761,0.00234
3440.31918,0.00326
3438.39075,0.00373
3436.46232,0.00327
3434.53389,0.00254
3432.60546,0.00208
3430.67703,0.00160
3428.74860,0.00113
3426.82017,0.00133
3424.89174,0.00240
3422.96331,0.00355
3421.03488,0.00396
3419.10645,0.00365
3417.17802,0.00303
3415.24959,0.00255
3413.32116,0.00283
3411.39273,0.00344
3409.46430,0.00376
3407.53587,0.00394
3405.60744,0.00397
3403.67901,0.00357
3401.75058,0.00321
3399.82215,0.00490
3397.89372,0.00537
3395.96529,0.00576
3394.03686,0.00655
3392.10843,0.00686
3390.18000,0.00607
3388.25157,0.00546
3386.32314,0.00574
3384.39471,0.00540
3382.46628,0.00415
3380.53785,0.00337
3378.60942,0.00343
3376.68099,0.00381
3374.75256,0.00420
3372.82413,0.00473
3370.89570,0.00583
3368.96727,0.00722
3367.03884,0.00810
3365.11041,0.00810
3363.18198,0.00746
3361.25355,0.00657
3359.32512,0.00592
3357.39669,0.00593
3355.46826,0.00626
3353.53983,0.00618
3351.61140,0.00565
3349.68297,0.00513
3347.75454,0.00493
3345.82611,0.00515
3343.89768,0.00580
3341.96925,0.00656
3340.04082,0.00705
3338.11239,0.00729
3336.18396,0.00765
3334.25553,0.00786
3332.32710,0.00767
3330.39867,0.00771
3328.47024,0.00837
3326.54181,0.00900
3324.61338,0.00911
3322.68495,0.00892
3320.75652,0.00860
3318.82809,0.00834
3316.89966,0.00843
3314.97122,0.00883
3313.04279,0.00951
3311.11436,0.01043
3309.18593,0.01086
3307.25750,0.01021
3305.32907,0.00914
3303.40064,0.00871
3301.47221,0.00920
3299.54378,0.01002
3297.61535,0.01035
3295.68692,0.01047
3293.75849,0.01123
3291.83006,0.01194
3289.90163,0.01158
3287.97320,0.01085
3286.04477,0.01074
3284.11634,0.01091
3282.18791,0.01072
3280.25948,0.01055
3278.33105,0.01110
3276.40262,0.01210
3274.47419,0.01247
3272.54576,0.01181
3270.61733,0.01079
3268.68890,0.01024
3266.76047,0.01027
3264.83204,0.01049
3262.90361,0.01069
3260.97518,0.01075
3259.04675,0.01067
3257.11832,0.01087
3255.18989,0.01128
3253.26146,0.01122
3251.33303,0.01063
3249.40460,0.01017
3247.47617,0.01038
3245.54774,0.01102
3243.61931,0.01142
3241.69088,0.01104
3239.76245,0.01020
3237.83402,0.00986
3235.90559,0.01019
3233.97716,0.01058
3232.04873,0.01071
3230.12030,0.01056
3228.19187,0.01019
3226.26344,0.00975
3224.33501,0.00976
3222.40658,0.01020
3220.47815,0.01021
3218.54972,0.00954
3216.62129,0.00871
3214.69286,0.00802
3212.76443,0.00783
3210.83600,0.00820
3208.90757,0.00843
3206.97914,0.00804
3205.05071,0.00752
3203.12228,0.00754
3201.19385,0.00812
3199.26542,0.00868
3197.33699,0.00852
3195.40856,0.00751
3193.48013,0.00640
3191.55170,0.00609
3189.62327,0.00648
3187.69484,0.00681
3185.76641,0.00644
3183.83798,0.00568
3181.90955,0.00544
3179.98112,0.00597
3178.05269,0.00669
3176.12426,0.00706
3174.19583,0.00696
3172.26740,0.00651
3170.33897,0.00598
3168.41054,0.00565
3166.48211,0.00560
3164.55368,0.00570
3162.62525,0.00565
3160.69682,0.00535
3158.76839,0.00498
3156.83996,0.00457
3154.91153,0.00404
3152.98310,0.00375
3151.05467,0.00401
3149.12624,0.00440
3147.19781,0.00453
3145.26938,0.00442
3143.34095,0.00404
3141.41252,0.00348
3139.48409,0.00288
3137.55566,0.00266
3135.62723,0.00318
3133.69880,0.00393
3131.77037,0.00403
3129.84194,0.00360
3127.91351,0.00353
3125.98508,0.00394
3124.05665,0.00426
3122.12822,0.00403
3120.19979,0.00359
3118.27136,0.00353
3116.34293,0.00358
3114.41450,0.00325
3112.48607,0.00287
3110.55764,0.00284
3108.62921,0.00274
3106.70078,0.00212
3104.77235,0.00176
3102.84392,0.00229
3100.91549,0.00280
3098.98706,0.00251
3097.05863,0.00202
3095.13020,0.00167
3093.20177,0.00129
3091.27334,0.00099
3089.34491,0.00074
3087.41648,0.00042
3085.48805,0.00025
3083.55962,0.00071
3081.63119,0.00166
3079.70276,0.00208
3077.77433,0.00144
3075.84590,0.00049
3073.91747,0.00011
3071.98904,0.00041
3070.06061,0.00106
3068.13218,0.00179
3066.20375,0.00229
3064.27532,0.00217
3062.34689,0.00161
3060.41846,0.00123
3058.49003,0.00128
3056.56160,0.00133
3054.63317,0.00108
3052.70474,0.00092
3050.77631,0.00113
3048.84788,0.00122
3046.91945,0.00091
3044.99102,0.00051
3043.06259,0.00019
3041.13416,0.00000
3039.20573,0.00015
3037.27730,0.00069
3035.34887,0.00127
3033.42044,0.00172
3031.49201,0.00187
3029.56358,0.00158
3027.63515,0.00124
3025.70672,0.00108
3023.77829,0.00097
3021.84986,0.00099
3019.92143,0.00110
3017.99300,0.00115
3016.06457,0.00136
3014.13614,0.00188
3012.20771,0.00229
3010.27928,0.00210
3008.35085,0.00166
3006.42242,0.00147
3004.49399,0.00135
3002.56556,0.00105
3000.63713,0.00067
2998.70870,0.00037
2996.78027,0.00097
2994.85184,0.00145
2992.92341,0.00123
2990.99498,0.00074
2989.06655,0.00082
2987.13812,0.00145
2985.20969,0.00171
2983.28126,0.00135
2981.35283,0.00119
2979.42440,0.00171
2977.49597,0.00245
2975.56754,0.00265
2973.63911,0.00209
2971.71068,0.00147
2969.78225,0.00147
2967.85382,0.00192
2965.92539,0.00224
2963.99696,0.00218
2962.06853,0.00190
2960.14010,0.00168
2958.21167,0.00173
2956.28324,0.00197
2954.35481,0.00222
2952.42638,0.00241
2950.49795,0.00245
2948.56952,0.00234
2946.64109,0.00233
2944.71266,0.00261
2942.78423,0.00303
2940.85580,0.00331
2938.92737,0.00318
2936.99894,0.00276
2935.07051,0.00249
2933.14208,0.00253
2931.21365,0.00264
2929.28522,0.00261
2927.35679,0.00253
2925.42836,0.00257
2923.49993,0.00273
2921.57150,0.00273
2919.64307,0.00225
2917.71464,0.00158
2915.78621,0.00125
2913.85778,0.00127
2911.92935,0.00132
2910.00092,0.00115
2908.07249,0.00082
2906.14406,0.00064
2904.21563,0.00087
2902.28720,0.00126
2900.35877,0.00136
2898.43034,0.00123
2896.50191,0.00119
2894.57348,0.00125
2892.64505,0.00130
2890.71662,0.00125
2888.78819,0.00109
2886.85976,0.00105
2884.93133,0.00126
2883.00290,0.00149
2881.07447,0.00158
2879.14604,0.00148
2877.21761,0.00118
2875.28918,0.00086
2873.36075,0.00089
2871.43232,0.00120
2869.50389,0.00128
2867.57546,0.00108
2865.64703,0.00089
2863.71860,0.00090
2861.79017,0.00106
2859.86174,0.00105
2857.93331,0.00082
2856.00488,0.00083
2854.07645,0.00130
2852.14802,0.00170
2850.21959,0.00151
2848.29116,0.00112
2846.36273,0.00103
2844.43430,0.00103
2842.50587,0.00086
2840.57744,0.00079
2838.64901,0.00099
2836.72058,0.00109
2834.79215,0.00090
2832.86372,0.00058
2830.93529,0.00022
2829.00686,0.00000
2827.07843,0.00014
2825.15000,0.00042
2823.22157,0.00052
2821.29314,0.00061
2819.36471,0.00072
2817.43628,0.00063
2815.50785,0.00056
2813.57942,0.00073
2811.65099,0.00086
2809.72256,0.00073
2807.79413,0.00041
2805.86570,0.00014
2803.93727,0.00020
2802.00884,0.00045
2800.08041,0.00049
2798.15198,0.00036
2796.22355,0.00022
2794.29512,0.00022
2792.36669,0.00029
2790.43826,0.00030
2788.50983,0.00037
2786.58140,0.00051
2784.65297,0.00040
2782.72454,0.00015
2780.79611,0.00010
2778.86768,0.00013
2776.93925,0.00003
2775.01082,0.00002
2773.08239,0.00012
2771.15396,0.00019
2769.22553,0.00025
2767.29710,0.00034
2765.36867,0.00035
2763.44024,0.00020
2761.51181,0.00009
2759.58338,0.00015
2757.65495,0.00035
2755.72652,0.00057
2753.79809,0.00058
2751.86966,0.00044
2749.94123,0.00045
2748.01280,0.00066
2746.08437,0.00090
2744.15594,0.00093
2742.22751,0.00072
2740.29908,0.00052
2738.37065,0.00040
2736.44222,0.00026
2734.51379,0.00011
2732.58536,0.00008
2730.65693,0.00014
2728.72850,0.00014
2726.80007,0.00013
2724.87164,0.00025
2722.94321,0.00038
2721.01478,0.00042
2719.08635,0.00052
2717.15792,0.00071
2715.22949,0.00070
2713.30105,0.00036
2711.37262,0.00018
2709.44419,0.00044
2707.51576,0.00070
2705.58733,0.00068
2703.65890,0.00056
2701.73047,0.00037
2699.80204,0.00013
2697.87361,-0.00004
2695.94518,0.00002
2694.01675,0.00038
2692.08832,0.00079
2690.15989,0.00087
2688.23146,0.00062
2686.30303,0.00039
2684.37460,0.00026
2682.44617,0.00014
2680.51774,0.00020
2678.58931,0.00032
2676.66088,0.00017
2674.73245,0.00000
2672.80402,0.00010
2670.87559,0.00037
2668.94716,0.00055
2667.01873,0.00044
2665.09030,0.00030
2663.16187,0.00039
2661.23344,0.00043
2659.30501,0.00041
2657.37658,0.00068
2655.44815,0.00104
2653.51972,0.00112
2651.59129,0.00106
2649.66286,0.00095
2647.73443,0.00068
2645.80600,0.00046
2643.87757,0.00048
2641.94914,0.00049
2640.02071,0.00054
2638.09228,0.00080
2636.16385,0.00097
2634.23542,0.00091
2632.30699,0.00090
2630.37856,0.00089
2628.45013,0.00061
2626.52170,0.00017
2624.59327,0.00012
2622.66484,0.00056
2620.73641,0.00097
2618.80798,0.00105
2616.87955,0.00084
2614.95112,0.00053
2613.02269,0.00040
2611.09426,0.00061
2609.16583,0.00093
2607.23740,0.00087
2605.30897,0.00033
2603.38054,0.00000
2601.45211,0.00036
2599.52368,0.00098
2597.59525,0.00124
2595.66682,0.00120
2593.73839,0.00122
2591.80996,0.00118
2589.88153,0.00085
2587.95310,0.00049
2586.02467,0.00034
2584.09624,0.00031
2582.16781,0.00038
2580.23938,0.00055
2578.31095,0.00069
2576.38252,0.00088
2574.45409,0.00121
2572.52566,0.00132
2570.59723,0.00102
2568.66880,0.00070
2566.74037,0.00065
2564.81194,0.00075
2562.88351,0.00081
2560.95508,0.00077
2559.02665,0.00066
2557.09822,0.00050
2555.16979,0.00044
2553.24136,0.00054
2551.31293,0.00059
2549.38450,0.00053
2547.45607,0.00062
2545.52764,0.00084
2543.59921,0.00087
2541.67078,0.00084
2539.74235,0.00097
2537.81392,0.00099
2535.88549,0.00079
2533.95706,0.00064
2532.02863,0.00058
2530.10020,0.00061
2528.17177,0.00082
2526.24334,0.00103
2524.31491,0.00087
2522.38648,0.00038
2520.45805,-0.00004
2518.52962,-0.00007
2516.60119,0.00018
2514.67276,0.00038
2512.74433,0.00041
2510.81590,0.00041
2508.88747,0.00038
2506.95904,0.00034
2505.03061,0.00045
2503.10218,0.00054
2501.17375,0.00061
2499.24532,0.00071
2497.31689,0.00050
2495.38846,0.00010
2493.46003,0.00000
2491.53160,0.00023
2489.60317,0.00051
2487.67474,0.00056
2485.74631,0.00047
2483.81788,0.00041
2481.88945,0.00037
2479.96102,0.00038
2478.03259,0.00040
2476.10416,0.00036
2474.17573,0.00028
2472.24730,0.00041
2470.31887,0.00070
2468.39044,0.00081
2466.46201,0.00067
2464.53358,0.00052
2462.60515,0.00048
2460.67672,0.00058
2458.74829,0.00068
2456.81986,0.00051
2454.89143,0.00020
2452.96300,0.00013
2451.03457,0.00026
2449.10614,0.00035
2447.17771,0.00044
2445.24928,0.00056
2443.32085,0.00052
2441.39242,0.00028
2439.46399,0.00016
2437.53556,0.00024
2435.60713,0.00033
2433.67870,0.00039
2431.75027,0.00040
2429.82184,0.00020
2427.89341,-0.00004
2425.96498,-0.00001
2424.03655,-0.00001
2422.10812,-0.00001
2420.17969,-0.00001
2418.25126,-0.00001
2416.32283,-0.00001
2414.39440,-0.00001
2412.46597,-0.00001
2410.53754,-0.00000
2408.60911,0.00000
2406.68068,0.00000
2404.75225,0.00000
2402.82382,0.00000
2400.89539,0.00000
2398.96696,-0.00001
2397.03853,-0.00002
2395.11010,-0.00003
2393.18167,-0.00004
2391.25324,-0.00005
2389.32481,-0.00006
2387.39638,-0.00007
2385.46795,-0.00008
2383.53952,-0.00009
2381.61109,-0.00009
2379.68266,-0.00010
2377.75423,-0.00011
2375.82580,-0.00011
2373.89737,-0.00012
2371.96894,-0.00012
2370.04051,-0.00012
2368.11208,-0.00013
2366.18365,-0.00013
2364.25522,-0.00013
2362.32679,-0.00013
2360.39836,-0.00013
2358.46993,-0.00013
2356.54150,-0.00013
2354.61307,-0.00013
2352.68464,-0.00012
2350.75621,-0.00012
2348.82778,-0.00012
2346.89935,-0.00011
2344.97092,-0.00011
2343.04249,-0.00010
2341.11406,-0.00010
2339.18563,-0.00009
2337.25720,-0.00008
2335.32877,-0.00008
2333.40034,-0.00007
2331.47191,-0.00006
2329.54348,-0.00005
2327.61505,-0.00004
2325.68662,-0.00003
2323.75819,-0.00002
2321.82976,-0.00000
2319.90133,0.00001
2317.97290,0.00002
2316.04447,0.00004
2314.11604,0.00005
2312.18761,0.00007
2310.25918,0.00008
2308.33075,0.00010
2306.40232,0.00011
2304.47389,0.00013
2302.54546,0.00015
2300.61703,0.00017
2298.68860,0.00019
2296.76017,0.00021
2294.83174,0.00023
2292.90331,0.00025
2290.97488,0.00027
2289.04645,0.00029
2287.11802,0.00032
2285.18959,0.00034
2283.26116,0.00037
2281.33273,0.00039
2279.40430,0.00042
2277.47587,0.00044
2275.54744,0.00047
2273.61901,0.00050
2271.69058,0.00052
2269.76215,0.00055
2267.83372,0.00058
2265.90529,0.00061
2263.97686,0.00064
2262.04843,0.00067
2260.12000,0.00070
2258.19157,0.00074
2256.26314,0.00077
2254.33471,0.00080
2252.40628,0.00084
2250.47785,0.00087
2248.54942,0.00091
2246.62099,0.00094
2244.69256,0.00098
2242.76413,0.00102
2240.83570,0.00103
2238.90727,0.00092
2236.97884,0.00073
2235.05041,0.00059
2233.12198,0.00042
2231.19355,0.00026
2229.26512,0.00026
2227.33669,0.00042
2225.40826,0.00049
2223.47983,0.00029
2221.55140,0.00003
2219.62297,0.00002
2217.69454,0.00010
2215.76611,0.00009
2213.83768,0.00015
2211.90925,0.00036
2209.98082,0.00039
2208.05239,0.00021
2206.12396,0.00009
2204.19553,0.00001
2202.26710,0.00000
2200.33867,0.00023
2198.41024,0.00048
2196.48181,0.00042
2194.55338,0.00029
2192.62495,0.00031
2190.69652,0.00033
2188.76809,0.00030
2186.83966,0.00039
2184.91123,0.00052
2182.98280,0.00048
2181.05437,0.00034
2179.12594,0.00026
2177.19751,0.00031
2175.26908,0.00043
2173.34065,0.00044
2171.41222,0.00025
2169.48379,0.00007
2167.55536,0.00000
2165.62693,0.00000
2163.69850,0.00022
2161.77007,0.00048
2159.84164,0.00041
2157.91321,0.00013
2155.98478,-0.00000
2154.05635,0.00004
2152.12792,0.00020
2150.19949,0.00044
2148.27106,0.00062
2146.34263,0.00052
2144.41420,0.00023
2142.48577,0.00011
2140.55734,0.00035
2138.62891,0.00078
2136.70048,0.00108
2134.77205,0.00106
2132.84362,0.00081
2130.91519,0.00054
2128.98676,0.00034
2127.05833,0.00019
2125.12990,0.00007
2123.20147,0.00000
2121.27304,0.00005
2119.34461,0.00031
2117.41618,0.00062
2115.48775,0.00076
2113.55932,0.00069
2111.63089,0.00059
2109.70245,0.00058
2107.77402,0.00068
2105.84559,0.00088
2103.91716,0.00090
2101.98873,0.00067
2100.06030,0.00039
2098.13187,0.00027
2096.20344,0.00023
2094.27501,0.00032
2092.34658,0.00045
2090.41815,0.00047
2088.48972,0.00036
2086.56129,0.00024
2084.63286,0.00029
2082.70443,0.00047
2080.77600,0.00059
2078.84757,0.00058
2076.91914,0.00059
2074.99071,0.00066
2073.06228,0.00071
2071.13385,0.00075
2069.20542,0.00082
2067.27699,0.00088
2065.34856,0.00102
2063.42013,0.00112
2061.49170,0.00105
2059.56327,0.00085
2057.63484,0.00067
2055.70641,0.00050
2053.77798,0.00021
2051.84955,0.00000
2049.92112,0.00020
2047.99269,0.00076
2046.06426,0.00128
2044.13583,0.00143
2042.20740,0.00118
2040.27897,0.00088
2038.35054,0.00072
2036.42211,0.00071
2034.49368,0.00079
2032.56525,0.00074
2030.63682,0.00067
2028.70839,0.00089
2026.77996,0.00113
2024.85153,0.00106
2022.92310,0.00080
2020.99467,0.00046
2019.06624,0.00013
2017.13781,0.00000
2015.20938,0.00014
2013.28095,0.00041
2011.35252,0.00076
2009.42409,0.00116
2007.49566,0.00123
2005.56723,0.00098
2003.63880,0.00076
2001.71037,0.00056
1999.78194,0.00036
1997.85351,0.00036
1995.92508,0.00056
1993.99665,0.00069
1992.06822,0.00067
1990.13979,0.00062
1988.21136,0.00079
1986.28293,0.00099
1984.35450,0.00068
1982.42607,0.00019
1980.49764,-0.00004
1978.56921,-0.00013
1976.64078,-0.00012
1974.71235,0.00009
1972.78392,0.00033
1970.85549,0.00040
1968.92706,0.00026
1966.99863,0.00024
1965.07020,0.00056
1963.14177,0.00071
1961.21334,0.00062
1959.28491,0.00067
1957.35648,0.00060
1955.42805,0.00019
1953.49962,0.00000
1951.57119,0.00019
1949.64276,0.00036
1947.71433,0.00026
1945.78590,0.00007
1943.85747,0.00019
1941.92904,0.00059
1940.00061,0.00092
1938.07218,0.00087
1936.14375,0.00045
1934.21532,0.00003
1932.28689,-0.00007
1930.35846,0.00015
1928.43003,0.00041
1926.50160,0.00048
1924.57317,0.00033
1922.64474,0.00027
1920.71631,0.00036
1918.78788,0.00042
1916.85945,0.00059
1914.93102,0.00092
1913.00259,0.00106
1911.07416,0.00092
1909.14573,0.00094
1907.21730,0.00112
1905.28887,0.00115
1903.36044,0.00103
1901.43201,0.00089
1899.50358,0.00073
1897.57515,0.00063
1895.64672,0.00069
1893.71829,0.00074
1891.78986,0.00047
1889.86143,0.00016
1887.93300,0.00041
1886.00457,0.00095
1884.07614,0.00125
1882.14771,0.00129
1880.21928,0.00123
1878.29085,0.00124
1876.36242,0.00128
1874.43399,0.00128
1872.50556,0.00112
1870.57713,0.00057
1868.64870,0.00007
1866.72027,0.00027
1864.79184,0.00088
1862.86341,0.00121
1860.93498,0.00137
1859.00655,0.00161
1857.07812,0.00181
1855.14969,0.00187
1853.22126,0.00182
1851.29283,0.00170
1849.36440,0.00150
1847.43597,0.00141
1845.50754,0.00170
1843.57911,0.00220
1841.65068,0.00241
1839.72225,0.00226
1837.79382,0.00215
1835.86539,0.00249
1833.93696,0.00253
1832.00853,0.00141
1830.08010,0.00012
1828.15167,0.00020
1826.22324,0.00091
1824.29481,0.00132
1822.36638,0.00149
1820.43795,0.00168
1818.50952,0.00191
1816.58109,0.00187
1814.65266,0.00126
1812.72423,0.00045
1810.79580,0.00022
1808.86737,0.00075
1806.93894,0.00137
1805.01051,0.00173
1803.08208,0.00187
1801.15365,0.00194
1799.22522,0.00220
1797.29679,0.00256
1795.36836,0.00235
1793.43993,0.00134
1791.51150,0.00111
1789.58307,0.00261
1787.65464,0.00425
1785.72621,0.00467
1783.79778,0.00382
1781.86935,0.00275
1779.94092,0.00261
1778.01249,0.00304
1776.08406,0.00244
1774.15563,0.00063
1772.22720,0.00000
1770.29877,0.00208
1768.37034,0.00424
1766.44191,0.00468
1764.51348,0.00400
1762.58505,0.00349
1760.65662,0.00388
1758.72819,0.00457
1756.79976,0.00491
1754.87133,0.00499
1752.94290,0.00486
1751.01447,0.00423
1749.08604,0.00335
1747.15761,0.00346
1745.22918,0.00435
1743.30075,0.00494
1741.37232,0.00495
1739.44389,0.00493
1737.51546,0.00500
1735.58703,0.00476
1733.65860,0.00462
1731.73017,0.00531
1729.80174,0.00598
1727.87331,0.00637
1725.94488,0.00653
1724.01645,0.00669
1722.08802,0.00640
1720.15959,0.00439
1718.23116,0.00157
1716.30273,0.00212
1714.37430,0.00575
1712.44587,0.00885
1710.51744,0.00982
1708.58901,0.00932
1706.66058,0.00953
1704.73215,0.01214
1702.80372,0.01533
1700.87529,0.01691
1698.94686,0.01691
1697.01843,0.01729
1695.09000,0.01903
1693.16157,0.02084
1691.23314,0.02172
1689.30471,0.02133
1687.37628,0.01982
1685.44785,0.01832
1683.51942,0.01971
1681.59099,0.02310
1679.66256,0.02557
1677.73413,0.02625
1675.80570,0.02610
1673.87727,0.02553
1671.94884,0.02431
1670.02041,0.02396
1668.09198,0.02638
1666.16355,0.02900
1664.23512,0.02992
1662.30669,0.03099
1660.37826,0.03380
1658.44983,0.03598
1656.52140,0.03533
1654.59297,0.03311
1652.66454,0.03288
1650.73611,0.03523
1648.80768,0.03549
1646.87925,0.03264
1644.95082,0.03179
1643.02239,0.03305
1641.09396,0.03292
1639.16553,0.02993
1637.23710,0.02563
1635.30867,0.02353
1633.38024,0.02431
1631.45181,0.02491
1629.52338,0.02356
1627.59495,0.02124
1625.66652,0.01933
1623.73809,0.01811
1621.80966,0.01793
1619.88123,0.01715
1617.95280,0.01445
1616.02437,0.01214
1614.09594,0.01227
1612.16751,0.01265
1610.23908,0.01150
1608.31065,0.00966
1606.38222,0.00834
1604.45379,0.00744
1602.52536,0.00680
1600.59693,0.00646
1598.66850,0.00610
1596.74007,0.00570
1594.81164,0.00557
1592.88321,0.00580
1590.95478,0.00612
1589.02635,0.00645
1587.09792,0.00680
1585.16949,0.00738
1583.24106,0.00846
1581.31263,0.00945
1579.38420,0.00928
1577.45577,0.00857
1575.52734,0.00958
1573.59891,0.01188
1571.67048,0.01297
1569.74205,0.01301
1567.81362,0.01411
1565.88519,0.01623
1563.95676,0.01776
1562.02833,0.01757
1560.09990,0.01712
1558.17147,0.01873
1556.24304,0.02177
1554.31461,0.02441
1552.38618,0.02604
1550.45775,0.02673
1548.52932,0.02701
1546.60089,0.02621
1544.67246,0.02336
1542.74403,0.01947
1540.81560,0.01733
1538.88717,0.02096
1536.95874,0.02570
1535.03031,0.02688
1533.10188,0.02501
1531.17345,0.02376
1529.24502,0.02336
1527.31659,0.02264
1525.38816,0.02187
1523.45973,0.02106
1521.53130,0.02094
1519.60287,0.02199
1517.67444,0.02227
1515.74601,0.02209
1513.81758,0.02219
1511.88915,0.02117
1509.96072,0.01783
1508.03229,0.01319
1506.10385,0.01099
1504.17542,0.01282
1502.24699,0.01504
1500.31856,0.01410
1498.39013,0.01085
1496.46170,0.00898
1494.53327,0.00895
1492.60484,0.00790
1490.67641,0.00509
1488.74798,0.00338
1486.81955,0.00381
1484.89112,0.00470
1482.96269,0.00492
1481.03426,0.00482
1479.10583,0.00471
1477.17740,0.00402
1475.24897,0.00233
1473.32054,0.00117
1471.39211,0.00249
1469.46368,0.00491
1467.53525,0.00601
1465.60682,0.00581
1463.67839,0.00596
1461.74996,0.00560
1459.82153,0.00311
1457.89310,0.00068
1455.96467,0.00209
1454.03624,0.00467
1452.10781,0.00573
1450.17938,0.00474
1448.25095,0.00305
1446.32252,0.00230
1444.39409,0.00245
1442.46566,0.00259
1440.53723,0.00230
1438.60880,0.00199
1436.68037,0.00218
1434.75194,0.00266
1432.82351,0.00273
1430.89508,0.00230
1428.96665,0.00206
1427.03822,0.00218
1425.10979,0.00220
1423.18136,0.00231
1421.25293,0.00266
1419.32450,0.00284
1417.39607,0.00257
1415.46764,0.00213
1413.53921,0.00158
1411.61078,0.00096
1409.68235,0.00057
1407.75392,0.00024
1405.82549,0.00000
1403.89706,0.00019
1401.96863,0.00054
1400.04020,0.00083
1398.11177,0.00123
1396.18334,0.00153
1394.25491,0.00199
1392.32648,0.00298
1390.39805,0.00363
1388.46962,0.00319
1386.54119,0.00216
1384.61276,0.00150
1382.68433,0.00141
1380.75590,0.00167
1378.82747,0.00183
1376.89904,0.00123
1374.97061,0.00046
1373.04218,0.00067
1371.11375,0.00123
1369.18532,0.00115
1367.25689,0.00062
1365.32846,0.00022
1363.40003,0.00027
1361.47160,0.00068
1359.54317,0.00091
1357.61474,0.00061
1355.68631,0.00010
1353.75788,0.00000
1351.82945,0.00004
1349.90102,-0.00002
1347.97259,0.00002
1346.04416,0.00021
1344.11573,0.00029
1342.18730,0.00027
1340.25887,0.00056
1338.33044,0.00098
1336.40201,0.00074
1334.47358,0.00014
1332.54515,0.00000
1330.61672,0.00038
1328.68829,0.00075
1326.75986,0.00093
1324.83143,0.00116
1322.90300,0.00123
1320.97457,0.00093
1319.04614,0.00078
1317.11771,0.00109
1315.18928,0.00142
1313.26085,0.00150
1311.33242,0.00146
1309.40399,0.00136
1307.47556,0.00146
1305.54713,0.00188
1303.61870,0.00229
1301.69027,0.00254
1299.76184,0.00283
1297.83341,0.00337
1295.90498,0.00398
1293.97655,0.00449
1292.04812,0.00499
1290.11969,0.00548
1288.19126,0.00586
1286.26283,0.00624
1284.33440,0.00667
1282.40597,0.00708
1280.47754,0.00752
1278.54911,0.00804
1276.62068,0.00867
1274.69225,0.00946
1272.76382,0.01046
1270.83539,0.01162
1268.90696,0.01282
1266.97853,0.01383
1265.05010,0.01449
1263.12167,0.01514
1261.19324,0.01611
1259.26481,0.01749
1257.33638,0.01912
1255.40795,0.02080
1253.47952,0.02244
1251.55109,0.02410
1249.62266,0.02585
1247.69423,0.02768
1245.76580,0.02955
1243.83737,0.03114
1241.90894,0.03236
1239.98051,0.03375
1238.05208,0.03542
1236.12365,0.03692
1234.19522,0.03821
1232.26679,0.03947
1230.33836,0.04065
1228.40993,0.04174
1226.48150,0.04278
1224.55307,0.04378
1222.62464,0.04470
1220.69621,0.04557
1218.76778,0.04656
1216.83935,0.04747
1214.91092,0.04817
1212.98249,0.04893
1211.05406,0.04974
1209.12563,0.05033
1207.19720,0.05082
1205.26877,0.05141
1203.34034,0.05223
1201.41191,0.05323
1199.48348,0.05392
1197.55505,0.05410
1195.62662,0.05441
1193.69819,0.05531
1191.76976,0.05647
1189.84133,0.05763
1187.91290,0.05876
1185.98447,0.05946
1184.05604,0.05974
1182.12761,0.06028
1180.19918,0.06119
1178.27075,0.06207
1176.34232,0.06311
1174.41389,0.06424
1172.48546,0.06487
1170.55703,0.06534
1168.62860,0.06635
1166.70017,0.06775
1164.77174,0.06905
1162.84331,0.07023
1160.91488,0.07142
1158.98645,0.07259
1157.05802,0.07387
1155.12959,0.07541
1153.20116,0.07712
1151.27273,0.07859
1149.34430,0.07963
1147.41587,0.08081
1145.48744,0.08244
1143.55901,0.08399
1141.63058,0.08523
1139.70215,0.08650
1137.77372,0.08788
1135.84529,0.08927
1133.91686,0.09085
1131.98843,0.09272
1130.06000,0.09465
1128.13157,0.09634
1126.20314,0.09805
1124.27471,0.10042
1122.34628,0.10316
1120.41785,0.10554
1118.48942,0.10776
1116.56099,0.11058
1114.63256,0.11394
1112.70413,0.11737
1110.77570,0.12087
1108.84727,0.12462
1106.91884,0.12862
1104.99041,0.13279
1103.06198,0.13702
1101.13355,0.14089
1099.20512,0.14424
1097.27669,0.14772
1095.34826,0.15170
1093.41983,0.15555
1091.49140,0.15866
1089.56297,0.16122
1087.63454,0.16349
1085.70611,0.16542
1083.77768,0.16711
1081.84925,0.16833
1079.92082,0.16881
1077.99239,0.16890
1076.06396,0.16911
1074.13553,0.16976
1072.20710,0.17067
1070.27867,0.17137
1068.35024,0.17189
1066.42181,0.17196
1064.49338,0.17111
1062.56495,0.16975
1060.63652,0.16838
1058.70809,0.16667
1056.77966,0.16420
1054.85123,0.16108
1052.92280,0.15755
1050.99437,0.15350
1049.06594,0.14920
1047.13751,0.14500
1045.20908,0.14054
1043.28065,0.13554
1041.35222,0.12982
1039.42379,0.12340
1037.49536,0.11670
1035.56693,0.11000
1033.63850,0.10363
1031.71007,0.09739
1029.78164,0.09097
1027.85321,0.08463
1025.92478,0.07820
1023.99635,0.07153
1022.06792,0.06514
1020.13949,0.05935
1018.21106,0.05427
1016.28263,0.04988
1014.35420,0.04572
1012.42577,0.04127
1010.49734,0.03664
1008.56891,0.03243
1006.64048,0.02896
1004.71205,0.02605
1002.78362,0.02342
1000.85519,0.02071
998.92676,0.01819
996.99833,0.01638
995.06990,0.01523
993.14147,0.01464
991.21304,0.01453
989.28461,0.01459
987.35618,0.01454
985.42775,0.01454
983.49932,0.01481
981.57089,0.01524
979.64246,0.01567
977.71403,0.01603
975.78560,0.01612
973.85717,0.01604
971.92874,0.01606
970.00031,0.01602
968.07188,0.01577
966.14345,0.01548
964.21502,0.01520
962.28659,0.01490
960.35816,0.01456
958.42973,0.01409
956.50130,0.01372
954.57287,0.01340
952.64444,0.01262
950.71601,0.01152
948.78758,0.01081
946.85915,0.01054
944.93072,0.01035
943.00229,0.00998
941.07386,0.00931
939.14543,0.00892
937.21700,0.00920
935.28857,0.00949
933.36014,0.00926
931.43171,0.00840
929.50328,0.00715
927.57485,0.00612
925.64642,0.00549
923.71799,0.00514
921.78956,0.00530
919.86113,0.00563
917.93270,0.00543
916.00427,0.00484
914.07584,0.00420
912.14741,0.00374
910.21898,0.00369
908.29055,0.00380
906.36212,0.00364
904.43368,0.00317
902.50525,0.00256
900.57682,0.00185
898.64839,0.00121
896.71996,0.00090
894.79153,0.00086
892.86310,0.00098
890.93467,0.00114
889.00624,0.00095
887.07781,0.00042
885.14938,0.00023
883.22095,0.00021
881.29252,0.00009
879.36409,0.00010
877.43566,0.00054
875.50723,0.00099
873.57880,0.00087
871.65037,0.00036
869.72194,0.00000
867.79351,-0.00004
865.86508,0.00012
863.93665,0.00034
862.00822,0.00064
860.07979,0.00093
858.15136,0.00086
856.22293,0.00081
854.29450,0.00161
852.36607,0.00285
850.43764,0.00351
848.50921,0.00368
846.58078,0.00396
844.65235,0.00447
842.72392,0.00529
840.79549,0.00641
838.86706,0.00749
836.93863,0.00893
835.01020,0.01086
833.08177,0.01234
831.15334,0.01290
829.22491,0.01309
827.29648,0.01385
825.36805,0.01537
823.43962,0.01661
821.51119,0.01710
819.58276,0.01757
817.65433,0.01836
815.72590,0.01943
813.79747,0.02082
811.86904,0.02215
809.94061,0.02328
808.01218,0.02453
806.08375,0.02553
804.15532,0.02585
802.22689,0.02617
800.29846,0.02681
798.37003,0.02713
796.44160,0.02696
794.51317,0.02664
792.58474,0.02592
790.65631,0.02472
788.72788,0.02360
786.79945,0.02256
784.87102,0.02128
782.94259,0.02001
781.01416,0.01884
779.08573,0.01749
777.15730,0.01547
775.22887,0.01277
773.30044,0.01065
771.37201,0.00974
769.44358,0.00903
767.51515,0.00819
765.58672,0.00783
763.65829,0.00788
761.72986,0.00798
759.80143,0.00775
757.87300,0.00682
755.94457,0.00564
754.01614,0.00528
752.08771,0.00594
750.15928,0.00658
748.23085,0.00614
746.30242,0.00523
744.37399,0.00518
742.44556,0.00574
740.51713,0.00573
738.58870,0.00537
736.66027,0.00533
734.73184,0.00539
732.80341,0.00538
730.87498,0.00519
728.94655,0.00437
727.01812,0.00319
725.08969,0.00277
723.16126,0.00520
721.23283,0.00628
719.30440,0.00561
717.37597,0.00438
715.44754,0.00396
713.51911,0.00438
711.59068,0.00489
709.66225,0.00521
707.73382,0.00535
705.80539,0.00575
703.87696,0.00691
701.94853,0.00826
700.02010,0.00898
698.09167,0.00921
696.16324,0.00895
694.23481,0.00797
692.30638,0.00695
690.37795,0.00608
688.44952,0.00462
686.52109,0.00326
684.59266,0.00301
682.66423,0.00281
680.73580,0.00177
678.80737,0.00108
676.87894,0.00163
674.95051,0.00271
673.02208,0.00457
671.09365,0.00877
669.16522,0.01236
667.23679,0.01044
665.30836,0.00816
663.37993,0.00974
661.45150,0.01304
659.52307,0.01480
657.59464,0.01392
655.66621,0.01124
653.73778,0.00823
651.80935,0.00624
649.88092,0.00589
647.95249,0.00733
646.02406,0.00808
644.09563,0.00696
642.16720,0.00536
640.23877,0.00444
638.31034,0.00409
636.38191,0.00402
634.45348,0.00409
632.52505,0.00426
630.59662,0.00442
628.66819,0.00396
626.73976,0.00200
624.81133,0.00094
622.88290,0.00215
620.95447,0.00466
619.02604,0.00759
617.09761,0.00957
615.16918,0.00817
613.24075,0.00670
611.31232,0.00618
609.38389,0.00467
607.45546,0.00334
605.52703,0.00291
603.59860,0.00152
601.67017,0.00000
599.74174,0.00000
