4001.49232,0.00115
3999.56389,0.00376
3997.63546,0.00400
3995.70703,0.00321
3993.77860,0.00251
3991.85017,0.00202
3989.92174,0.00151
3987.99331,0.00051
3986.06488,-0.00059
3984.13645,-0.00060
3982.20802,0.00039
3980.27959,0.00136
3978.35116,0.00163
3976.42273,0.00134
3974.49430,0.00096
3972.56587,0.00082
3970.63744,0.00076
3968.70901,0.00046
3966.78058,-0.00005
3964.85215,-0.00009
3962.92372,0.00076
3960.99529,0.00143
3959.06686,0.00102
3957.13843,0.00028
3955.21000,-0.00002
3953.28157,0.00000
3951.35314,0.00054
3949.42471,0.00172
3947.49628,0.00220
3945.56785,0.00147
3943.63942,0.00114
3941.71099,0.00144
3939.78256,0.00123
3937.85413,0.00072
3935.92570,0.00044
3933.99727,0.00045
3932.06884,0.00068
3930.14041,0.00068
3928.21198,0.00003
3926.28355,-0.00041
3924.35512,0.00042
3922.42669,0.00164
3920.49826,0.00186
3918.56982,0.00188
3916.64139,0.00235
3914.71296,0.00229
3912.78453,0.00161
3910.85610,0.00097
3908.92767,0.00038
3906.99924,0.00000
3905.07081,0.00153
3903.14238,0.00526
3901.21395,0.00713
3899.28552,0.00636
3897.35709,0.00534
3895.42866,0.00463
3893.50023,0.00442
3891.57180,0.00546
3889.64337,0.00671
3887.71494,0.00702
3885.78651,0.00681
3883.85808,0.00690
3881.92965,0.00754
3880.00122,0.00772
3878.07279,0.00670
3876.14436,0.00601
3874.21593,0.00689
3872.28750,0.00888
3870.35907,0.01034
3868.43064,0.01011
3866.50221,0.00870
3864.57378,0.00814
3862.64535,0.00968
3860.71692,0.01109
3858.78849,0.01106
3856.86006,0.01022
3854.93163,0.00919
3853.00320,0.00907
3851.07477,0.00940
3849.14634,0.00914
3847.21791,0.00840
3845.28948,0.00754
3843.36105,0.00686
3841.43262,0.00612
3839.50419,0.00596
3837.57576,0.00767
3835.64733,0.00948
3833.71890,0.00997
3831.79047,0.00934
3829.86204,0.00816
3827.93361,0.00723
3826.00518,0.00693
3824.07675,0.00707
3822.14832,0.00803
3820.21989,0.01045
3818.29146,0.01146
3816.36303,0.01025
3814.43460,0.00853
3812.50617,0.00735
3810.57774,0.00645
3808.64931,0.00569
3806.72088,0.00597
3804.79245,0.00635
3802.86402,0.00565
3800.93559,0.00557
3799.00716,0.00647
3797.07873,0.00644
3795.15030,0.00522
3793.22187,0.00392
3791.29344,0.00319
3789.36501,0.00264
3787.43658,0.00208
3785.50815,0.00209
3783.57972,0.00284
3781.65129,0.00315
3779.72286,0.00263
3777.79443,0.00191
3775.86600,0.00110
3773.93757,0.00023
3772.00914,0.00000
3770.08071,0.00145
3768.15228,0.00384
3766.22385,0.00530
3764.29542,0.00579
3762.36699,0.00620
3760.43856,0.00734
3758.51013,0.00979
3756.58170,0.01199
3754.65327,0.01196
3752.72484,0.01081
3750.79641,0.01328
3748.86798,0.01928
3746.93955,0.02295
3745.01112,0.02411
3743.08269,0.02241
3741.15426,0.01889
3739.22583,0.01531
3737.29740,0.01301
3735.36897,0.01363
3733.44054,0.01524
3731.51211,0.01474
3729.58368,0.01285
3727.65525,0.01125
3725.72682,0.01054
3723.79839,0.01008
3721.86996,0.00892
3719.94153,0.00762
3718.01310,0.00721
3716.08467,0.00716
3714.15624,0.00618
3712.22781,0.00522
3710.29938,0.00641
3708.37095,0.00689
3706.44252,0.00584
3704.51409,0.00447
3702.58566,0.00380
3700.65723,0.00431
3698.72880,0.00502
3696.80037,0.00487
3694.87194,0.00352
3692.94351,0.00117
3691.01508,0.00000
3689.08665,0.00285
3687.15822,0.00638
3685.22979,0.00702
3683.30136,0.00598
3681.37293,0.00461
3679.44450,0.00388
3677.51607,0.00495
3675.58764,0.00752
3673.65921,0.00817
3671.73078,0.00646
3669.80235,0.00516
3667.87392,0.00526
3665.94549,0.00491
3664.01706,0.00385
3662.08863,0.00294
3660.16020,0.00280
3658.23177,0.00336
3656.30334,0.00447
3654.37491,0.00471
3652.44648,0.00248
3650.51805,0.00000
3648.58962,0.00209
3646.66119,0.00496
3644.73276,0.00590
3642.80433,0.00548
3640.87590,0.00415
3638.94747,0.00285
3637.01904,0.00227
3635.09061,0.00234
3633.16218,0.00284
3631.23375,0.00354
3629.30532,0.00447
3627.37689,0.00549
3625.44846,0.00573
3623.52003,0.00525
3621.59160,0.00386
3619.66317,0.00305
3617.73474,0.00471
3615.80631,0.00731
3613.87788,0.00922
3611.94945,0.00975
3610.02102,0.00904
3608.09259,0.00809
3606.16416,0.00685
3604.23573,0.00523
3602.30730,0.00422
3600.37887,0.00462
3598.45044,0.00578
3596.52201,0.00654
3594.59358,0.00679
3592.66515,0.00612
3590.73672,0.00482
3588.80829,0.00423
3586.87986,0.00481
3584.95143,0.00484
3583.02300,0.00414
3581.09457,0.00370
3579.16614,0.00341
3577.23771,0.00314
3575.30928,0.00330
3573.38085,0.00363
3571.45242,0.00306
3569.52399,0.00179
3567.59556,0.00203
3565.66713,0.00458
3563.73870,0.00626
3561.81027,0.00615
3559.88184,0.00498
3557.95341,0.00340
3556.02498,0.00250
3554.09655,0.00302
3552.16812,0.00443
3550.23969,0.00532
3548.31126,0.00542
3546.38283,0.00522
3544.45440,0.00480
3542.52597,0.00432
3540.59754,0.00422
3538.66911,0.00428
3536.74068,0.00425
3534.81225,0.00388
3532.88382,0.00329
3530.95539,0.00335
3529.02696,0.00469
3527.09853,0.00661
3525.17010,0.00749
3523.24167,0.00694
3521.31324,0.00597
3519.38481,0.00520
3517.45638,0.00460
3515.52795,0.00394
3513.59952,0.00316
3511.67109,0.00309
3509.74266,0.00412
3507.81423,0.00517
3505.88580,0.00557
3503.95737,0.00623
3502.02894,0.00705
3500.10051,0.00673
3498.17208,0.00572
3496.24365,0.00542
3494.31522,0.00593
3492.38679,0.00636
3490.45836,0.00639
3488.52993,0.00649
3486.60150,0.00675
3484.67307,0.00675
3482.74464,0.00670
3480.81621,0.00703
3478.88778,0.00720
3476.95935,0.00716
3475.03092,0.00777
3473.10249,0.00845
3471.17406,0.00810
3469.24563,0.00742
3467.31720,0.00741
3465.38877,0.00769
3463.46034,0.00785
3461.53191,0.00808
3459.60348,0.00801
3457.67505,0.00753
3455.74662,0.00769
3453.81819,0.00880
3451.88976,0.00971
3449.96133,0.00970
3448.03290,0.00939
3446.10447,0.00947
3444.17604,0.00998
3442.24761,0.01069
3440.31918,0.01126
3438.39075,0.01142
3436.46232,0.01125
3434.53389,0.01104
3432.60546,0.01087
3430.67703,0.01051
3428.74860,0.01018
3426.82017,0.01052
3424.89174,0.01165
3422.96331,0.01307
3421.03488,0.01415
3419.10645,0.01429
3417.17802,0.01356
3415.24959,0.01303
3413.32116,0.01344
3411.39273,0.01405
3409.46430,0.01450
3407.53587,0.01536
3405.60744,0.01618
3403.67901,0.01595
3401.75058,0.01523
3399.82215,0.01682
3397.89372,0.01768
3395.96529,0.01842
3394.03686,0.01909
3392.10843,0.01950
3390.18000,0.01934
3388.25157,0.01931
3386.32314,0.02006
3384.39471,0.02048
3382.46628,0.01998
3380.53785,0.01939
3378.60942,0.01941
3376.68099,0.02006
3374.75256,0.02080
3372.82413,0.02129
3370.89570,0.02211
3368.96727,0.02347
3367.03884,0.02470
3365.11041,0.02534
3363.18198,0.02557
3361.25355,0.02581
3359.32512,0.02637
3357.39669,0.02730
3355.46826,0.02795
3353.53983,0.02778
3351.61140,0.02749
3349.68297,0.02766
3347.75454,0.02792
3345.82611,0.02835
3343.89768,0.02945
3341.96925,0.03090
3340.04082,0.03172
3338.11239,0.03173
3336.18396,0.03186
3334.25553,0.03246
3332.32710,0.03318
3330.39867,0.03432
3328.47024,0.03601
3326.54181,0.03734
3324.61338,0.03771
3322.68495,0.03772
3320.75652,0.03800
3318.82809,0.03862
3316.89966,0.03935
3314.97122,0.04001
3313.04279,0.04082
3311.11436,0.04198
3309.18593,0.04298
3307.25750,0.04301
3305.32907,0.04224
3303.40064,0.04195
3301.47221,0.04268
3299.54378,0.04351
3297.61535,0.04379
3295.68692,0.04414
3293.75849,0.04524
3291.83006,0.04629
3289.90163,0.04617
3287.97320,0.04540
3286.04477,0.04514
3284.11634,0.04559
3282.18791,0.04621
3280.25948,0.04647
3278.33105,0.04626
3276.40262,0.04585
3274.47419,0.04514
3272.54576,0.04370
3270.61733,0.04211
3268.68890,0.04151
3266.76047,0.04172
3264.83204,0.04163
3262.90361,0.04098
3260.97518,0.04013
3259.04675,0.03928
3257.11832,0.03883
3255.18989,0.03860
3253.26146,0.03779
3251.33303,0.03653
3249.40460,0.03566
3247.47617,0.03569
3245.54774,0.03608
3243.61931,0.03575
3241.69088,0.03446
3239.76245,0.03300
3237.83402,0.03224
3235.90559,0.03232
3233.97716,0.03252
3232.04873,0.03213
3230.12030,0.03114
3228.19187,0.02997
3226.26344,0.02908
3224.33501,0.02875
3222.40658,0.02877
3220.47815,0.02854
3218.54972,0.02791
3216.62129,0.02718
3214.69286,0.02656
3212.76443,0.02607
3210.83600,0.02555
3208.90757,0.02486
3206.97914,0.02415
3205.05071,0.02378
3203.12228,0.02383
3201.19385,0.02413
3199.26542,0.02450
3197.33699,0.02439
3195.40856,0.02323
3193.48013,0.02169
3191.55170,0.02076
3189.62327,0.02050
3187.69484,0.02048
3185.76641,0.02015
3183.83798,0.01939
3181.90955,0.01909
3179.98112,0.01976
3178.05269,0.02040
3176.12426,0.02007
3174.19583,0.01910
3172.26740,0.01802
3170.33897,0.01714
3168.41054,0.01672
3166.48211,0.01656
3164.55368,0.01618
3162.62525,0.01550
3160.69682,0.01484
3158.76839,0.01431
3156.83996,0.01366
3154.91153,0.01277
3152.98310,0.01209
3151.05467,0.01211
3149.12624,0.01231
3147.19781,0.01189
3145.26938,0.01104
3143.34095,0.01024
3141.41252,0.00968
3139.48409,0.00940
3137.55566,0.00933
3135.62723,0.00941
3133.69880,0.00950
3131.77037,0.00912
3129.84194,0.00848
3127.91351,0.00824
3125.98508,0.00830
3124.05665,0.00826
3122.12822,0.00797
3120.19979,0.00757
3118.27136,0.00747
3116.34293,0.00748
3114.41450,0.00723
3112.48607,0.00704
3110.55764,0.00715
3108.62921,0.00713
3106.70078,0.00684
3104.77235,0.00674
3102.84392,0.00705
3100.91549,0.00721
3098.98706,0.00674
3097.05863,0.00603
3095.13020,0.00552
3093.20177,0.00528
3091.27334,0.00528
3089.34491,0.00506
3087.41648,0.00437
3085.48805,0.00395
3083.55962,0.00457
3081.63119,0.00572
3079.70276,0.00602
3077.77433,0.00516
3075.84590,0.00438
3073.91747,0.00451
3071.98904,0.00508
3070.06061,0.00560
3068.13218,0.00605
3066.20375,0.00638
3064.27532,0.00630
3062.34689,0.00587
3060.41846,0.00550
3058.49003,0.00545
3056.56160,0.00552
3054.63317,0.00537
3052.70474,0.00520
3050.77631,0.00526
3048.84788,0.00516
3046.91945,0.00464
3044.99102,0.00397
3043.06259,0.00325
3041.13416,0.00263
3039.20573,0.00257
3037.27730,0.00309
3035.34887,0.00379
3033.42044,0.00450
3031.49201,0.00492
3029.56358,0.00460
3027.63515,0.00386
3025.70672,0.00334
3023.77829,0.00308
3021.84986,0.00282
3019.92143,0.00240
3017.99300,0.00198
3016.06457,0.00207
3014.13614,0.00264
3012.20771,0.00301
3010.27928,0.00287
3008.35085,0.00250
3006.42242,0.00225
3004.49399,0.00213
3002.56556,0.00198
3000.63713,0.00173
2998.70870,0.00145
2996.78027,0.00214
2994.85184,0.00288
2992.92341,0.00297
2990.99498,0.00285
2989.06655,0.00342
2987.13812,0.00449
2985.20969,0.00525
2983.28126,0.00563
2981.35283,0.00616
2979.42440,0.00721
2977.49597,0.00848
2975.56754,0.00926
2973.63911,0.00938
2971.71068,0.00959
2969.78225,0.01035
2967.85382,0.01137
2965.92539,0.01229
2963.99696,0.01284
2962.06853,0.01315
2960.14010,0.01345
2958.21167,0.01369
2956.28324,0.01376
2954.35481,0.01350
2952.42638,0.01280
2950.49795,0.01198
2948.56952,0.01148
2946.64109,0.01151
2944.71266,0.01182
2942.78423,0.01213
2940.85580,0.01246
2938.92737,0.01283
2936.99894,0.01292
2935.07051,0.01280
2933.14208,0.01282
2931.21365,0.01285
2929.28522,0.01290
2927.35679,0.01289
2925.42836,0.01239
2923.49993,0.01162
2921.57150,0.01097
2919.64307,0.01028
2917.71464,0.00949
2915.78621,0.00876
2913.85778,0.00830
2911.92935,0.00807
2910.00092,0.00768
2908.07249,0.00696
2906.14406,0.00621
2904.21563,0.00582
2902.28720,0.00576
2900.35877,0.00573
2898.43034,0.00565
2896.50191,0.00549
2894.57348,0.00528
2892.64505,0.00517
2890.71662,0.00500
2888.78819,0.00472
2886.85976,0.00478
2884.93133,0.00522
2883.00290,0.00556
2881.07447,0.00576
2879.14604,0.00619
2877.21761,0.00669
2875.28918,0.00681
2873.36075,0.00660
2871.43232,0.00647
2869.50389,0.00637
2867.57546,0.00608
2865.64703,0.00570
2863.71860,0.00532
2861.79017,0.00482
2859.86174,0.00408
2857.93331,0.00340
2856.00488,0.00323
2854.07645,0.00341
2852.14802,0.00340
2850.21959,0.00284
2848.29116,0.00198
2846.36273,0.00143
2844.43430,0.00131
2842.50587,0.00134
2840.57744,0.00139
2838.64901,0.00145
2836.72058,0.00145
2834.79215,0.00121
2832.86372,0.00072
2830.93529,0.00030
2829.00686,0.00028
2827.07843,0.00059
2825.15000,0.00095
2823.22157,0.00108
2821.29314,0.00101
2819.36471,0.00090
2817.43628,0.00069
2815.50785,0.00064
2813.57942,0.00097
2811.65099,0.00125
2809.72256,0.00118
2807.79413,0.00092
2805.86570,0.00056
2803.93727,0.00033
2802.00884,0.00018
2800.08041,0.00008
2798.15198,0.00023
2796.22355,0.00046
2794.29512,0.00059
2792.36669,0.00060
2790.43826,0.00055
2788.50983,0.00056
2786.58140,0.00063
2784.65297,0.00051
2782.72454,0.00019
2780.79611,0.00000
2778.86768,0.00014
2776.93925,0.00040
2775.01082,0.00053
2773.08239,0.00061
2771.15396,0.00064
2769.22553,0.00056
2767.29710,0.00047
2765.36867,0.00051
2763.44024,0.00066
2761.51181,0.00079
2759.58338,0.00080
2757.65495,0.00081
2755.72652,0.00089
2753.79809,0.00094
2751.86966,0.00089
2749.94123,0.00071
2748.01280,0.00053
2746.08437,0.00061
2744.15594,0.00080
2742.22751,0.00086
2740.29908,0.00089
2738.37065,0.00089
2736.44222,0.00069
2734.51379,0.00043
2732.58536,0.00030
2730.65693,0.00026
2728.72850,0.00016
2726.80007,0.00000
2724.87164,0.00002
2722.94321,0.00034
2721.01478,0.00056
2719.08635,0.00052
2717.15792,0.00052
2715.22949,0.00049
2713.30105,0.00025
2711.37262,0.00012
2709.44419,0.00020
2707.51576,0.00023
2705.58733,0.00032
2703.65890,0.00055
2701.73047,0.00056
2699.80204,0.00034
2697.87361,0.00022
2695.94518,0.00031
2694.01675,0.00056
2692.08832,0.00077
2690.15989,0.00079
2688.23146,0.00060
2686.30303,0.00038
2684.37460,0.00015
2682.44617,0.00000
2680.51774,0.00018
2678.58931,0.00042
2676.66088,0.00036
2674.73245,0.00025
2672.80402,0.00020
2670.87559,0.00018
2668.94716,0.00023
2667.01873,0.00023
2665.09030,0.00021
2663.16187,0.00033
2661.23344,0.00043
2659.30501,0.00038
2657.37658,0.00035
2655.44815,0.00039
2653.51972,0.00041
2651.59129,0.00047
2649.66286,0.00052
2647.73443,0.00039
2645.80600,0.00033
2643.87757,0.00045
2641.94914,0.00043
2640.02071,0.00037
2638.09228,0.00059
2636.16385,0.00080
2634.23542,0.00085
2632.30699,0.00082
2630.37856,0.00066
2628.45013,0.00039
2626.52170,0.00011
2624.59327,0.00003
2622.66484,0.00025
2620.73641,0.00056
2618.80798,0.00065
2616.87955,0.00048
2614.95112,0.00028
2613.02269,0.00024
2611.09426,0.00047
2609.16583,0.00080
2607.23740,0.00077
2605.30897,0.00031
2603.38054,0.00000
2601.45211,0.00025
2599.52368,0.00066
2597.59525,0.00070
2595.66682,0.00063
2593.73839,0.00071
2591.80996,0.00064
2589.88153,0.00030
2587.95310,0.00005
2586.02467,-0.00002
2584.09624,-0.00006
2582.16781,0.00007
2580.23938,0.00030
2578.31095,0.00020
2576.38252,-0.00004
2574.45409,0.00013
2572.52566,0.00055
2570.59723,0.00076
2568.66880,0.00068
2566.74037,0.00046
2564.81194,0.00032
2562.88351,0.00022
2560.95508,0.00021
2559.02665,0.00045
2557.09822,0.00070
2555.16979,0.00072
2553.24136,0.00061
2551.31293,0.00041
2549.38450,0.00016
2547.45607,0.00005
2545.52764,0.00008
2543.59921,0.00009
2541.67078,0.00017
2539.74235,0.00043
2537.81392,0.00061
2535.88549,0.00058
2533.95706,0.00064
2532.02863,0.00080
2530.10020,0.00071
2528.17177,0.00050
2526.24334,0.00049
2524.31491,0.00058
2522.38648,0.00041
2520.45805,0.00011
2518.52962,0.00003
2516.60119,0.00006
2514.67276,0.00000
2512.74433,0.00000
2510.81590,0.00009
2508.88747,0.00016
2506.95904,0.00015
2505.03061,0.00014
2503.10218,0.00010
2501.17375,0.00021
2499.24532,0.00046
2497.31689,0.00038
2495.38846,0.00009
2493.46003,0.00010
2491.53160,0.00024
2489.60317,0.00021
2487.67474,0.00013
2485.74631,0.00020
2483.81788,0.00036
2481.88945,0.00046
2479.96102,0.00044
2478.03259,0.00035
2476.10416,0.00032
2474.17573,0.00043
2472.24730,0.00063
2470.31887,0.00084
2468.39044,0.00084
2466.46201,0.00063
2464.53358,0.00045
2462.60515,0.00049
2460.67672,0.00076
2458.74829,0.00100
2456.81986,0.00077
2454.89143,0.00023
2452.96300,0.00001
2451.03457,0.00010
2449.10614,0.00020
2447.17771,0.00031
2445.24928,0.00040
2443.32085,0.00036
2441.39242,0.00035
2439.46399,0.00047
2437.53556,0.00051
2435.60713,0.00034
2433.67870,0.00019
2431.75027,0.00014
2429.82184,0.00003
2427.89341,-0.00005
2425.96498,0.00004
2424.03655,0.00003
2422.10812,0.00002
2420.17969,0.00002
2418.25126,0.00001
2416.32283,0.00001
2414.39440,0.00000
2412.46597,0.00000
2410.53754,0.00000
2408.60911,-0.00000
2406.68068,-0.00000
2404.75225,-0.00000
2402.82382,-0.00000
2400.89539,0.00000
2398.96696,-0.00001
2397.03853,-0.00003
2395.11010,-0.00004
2393.18167,-0.00005
2391.25324,-0.00006
2389.32481,-0.00007
2387.39638,-0.00008
2385.46795,-0.00008
2383.53952,-0.00009
2381.61109,-0.00010
2379.68266,-0.00010
2377.75423,-0.00011
2375.82580,-0.00011
2373.89737,-0.00012
2371.96894,-0.00012
2370.04051,-0.00012
2368.11208,-0.00013
2366.18365,-0.00013
2364.25522,-0.00013
2362.32679,-0.00013
2360.39836,-0.00013
2358.46993,-0.00012
2356.54150,-0.00012
2354.61307,-0.00012
2352.68464,-0.00012
2350.75621,-0.00011
2348.82778,-0.00011
2346.89935,-0.00010
2344.97092,-0.00009
2343.04249,-0.00009
2341.11406,-0.00008
2339.18563,-0.00007
2337.25720,-0.00006
2335.32877,-0.00005
2333.40034,-0.00004
2331.47191,-0.00003
2329.54348,-0.00002
2327.61505,-0.00000
2325.68662,0.00001
2323.75819,0.00002
2321.82976,0.00004
2319.90133,0.00005
2317.97290,0.00007
2316.04447,0.00009
2314.11604,0.00010
2312.18761,0.00012
2310.25918,0.00014
2308.33075,0.00016
2306.40232,0.00018
2304.47389,0.00020
2302.54546,0.00022
2300.61703,0.00025
2298.68860,0.00027
2296.76017,0.00029
2294.83174,0.00032
2292.90331,0.00034
2290.97488,0.00037
2289.04645,0.00040
2287.11802,0.00042
2285.18959,0.00045
2283.26116,0.00048
2281.33273,0.00051
2279.40430,0.00054
2277.47587,0.00057
2275.54744,0.00060
2273.61901,0.00063
2271.69058,0.00067
2269.76215,0.00070
2267.83372,0.00073
2265.90529,0.00077
2263.97686,0.00080
2262.04843,0.00084
2260.12000,0.00088
2258.19157,0.00092
2256.26314,0.00095
2254.33471,0.00099
2252.40628,0.00103
2250.47785,0.00107
2248.54942,0.00111
2246.62099,0.00116
2244.69256,0.00120
2242.76413,0.00124
2240.83570,0.00100
2238.90727,0.00070
2236.97884,0.00045
2235.05041,0.00045
2233.12198,0.00050
2231.19355,0.00042
2229.26512,0.00036
2227.33669,0.00047
2225.40826,0.00057
2223.47983,0.00037
2221.55140,0.00003
2219.62297,0.00000
2217.69454,0.00013
2215.76611,0.00026
2213.83768,0.00052
2211.90925,0.00080
2209.98082,0.00074
2208.05239,0.00051
2206.12396,0.00038
2204.19553,0.00027
2202.26710,0.00009
2200.33867,-0.00002
2198.41024,0.00011
2196.48181,0.00028
2194.55338,0.00031
2192.62495,0.00040
2190.69652,0.00057
2188.76809,0.00063
2186.83966,0.00053
2184.91123,0.00043
2182.98280,0.00042
2181.05437,0.00047
2179.12594,0.00057
2177.19751,0.00067
2175.26908,0.00066
2173.34065,0.00047
2171.41222,0.00024
2169.48379,0.00023
2167.55536,0.00033
2165.62693,0.00037
2163.69850,0.00055
2161.77007,0.00073
2159.84164,0.00052
2157.91321,0.00018
2155.98478,0.00005
2154.05635,0.00000
2152.12792,0.00005
2150.19949,0.00032
2148.27106,0.00064
2146.34263,0.00073
2144.41420,0.00058
2142.48577,0.00045
2140.55734,0.00051
2138.62891,0.00054
2136.70048,0.00049
2134.77205,0.00050
2132.84362,0.00060
2130.91519,0.00067
2128.98676,0.00062
2127.05833,0.00043
2125.12990,0.00018
2123.20147,0.00005
2121.27304,0.00006
2119.34461,0.00008
2117.41618,0.00032
2115.48775,0.00081
2113.55932,0.00104
2111.63089,0.00085
2109.70245,0.00064
2107.77402,0.00066
2105.84559,0.00078
2103.91716,0.00075
2101.98873,0.00056
2100.06030,0.00040
2098.13187,0.00036
2096.20344,0.00025
2094.27501,0.00008
2092.34658,0.00000
2090.41815,0.00006
2088.48972,0.00013
2086.56129,0.00020
2084.63286,0.00035
2082.70443,0.00044
2080.77600,0.00042
2078.84757,0.00035
2076.91914,0.00032
2074.99071,0.00033
2073.06228,0.00027
2071.13385,0.00020
2069.20542,0.00022
2067.27699,0.00023
2065.34856,0.00037
2063.42013,0.00059
2061.49170,0.00072
2059.56327,0.00069
2057.63484,0.00053
2055.70641,0.00027
2053.77798,0.00000
2051.84955,-0.00001
2049.92112,0.00031
2047.99269,0.00067
2046.06426,0.00086
2044.13583,0.00082
2042.20740,0.00059
2040.27897,0.00055
2038.35054,0.00073
2036.42211,0.00077
2034.49368,0.00071
2032.56525,0.00063
2030.63682,0.00053
2028.70839,0.00061
2026.77996,0.00094
2024.85153,0.00125
2022.92310,0.00121
2020.99467,0.00076
2019.06624,0.00023
2017.13781,0.00000
2015.20938,0.00024
2013.28095,0.00068
2011.35252,0.00088
2009.42409,0.00094
2007.49566,0.00099
2005.56723,0.00105
2003.63880,0.00109
2001.71037,0.00102
1999.78194,0.00086
1997.85351,0.00082
1995.92508,0.00085
1993.99665,0.00079
1992.06822,0.00069
1990.13979,0.00062
1988.21136,0.00079
1986.28293,0.00106
1984.35450,0.00090
1982.42607,0.00057
1980.49764,0.00036
1978.56921,0.00007
1976.64078,-0.00016
1974.71235,0.00002
1972.78392,0.00040
1970.85549,0.00051
1968.92706,0.00034
1966.99863,0.00035
1965.07020,0.00068
1963.14177,0.00077
1961.21334,0.00060
1959.28491,0.00055
1957.35648,0.00051
1955.42805,0.00034
1953.49962,0.00033
1951.57119,0.00046
1949.64276,0.00042
1947.71433,0.00022
1945.78590,0.00000
1943.85747,0.00003
1941.92904,0.00042
1940.00061,0.00083
1938.07218,0.00080
1936.14375,0.00046
1934.21532,0.00023
1932.28689,0.00028
1930.35846,0.00052
1928.43003,0.00073
1926.50160,0.00057
1924.57317,0.00010
1922.64474,0.00004
1920.71631,0.00035
1918.78788,0.00063
1916.85945,0.00097
1914.93102,0.00135
1913.00259,0.00129
1911.07416,0.00093
1909.14573,0.00090
1907.21730,0.00110
1905.28887,0.00119
1903.36044,0.00112
1901.43201,0.00093
1899.50358,0.00067
1897.57515,0.00060
1895.64672,0.00090
1893.71829,0.00115
1891.78986,0.00098
1889.86143,0.00088
1887.93300,0.00135
1886.00457,0.00182
1884.07614,0.00190
1882.14771,0.00181
1880.21928,0.00171
1878.29085,0.00167
1876.36242,0.00168
1874.43399,0.00162
1872.50556,0.00118
1870.57713,0.00031
1868.64870,0.00000
1866.72027,0.00068
1864.79184,0.00152
1862.86341,0.00184
1860.93498,0.00198
1859.00655,0.00226
1857.07812,0.00249
1855.14969,0.00250
1853.22126,0.00238
1851.29283,0.00221
1849.36440,0.00192
1847.43597,0.00164
1845.50754,0.00177
1843.57911,0.00243
1841.65068,0.00285
1839.72225,0.00273
1837.79382,0.00269
1835.86539,0.00324
1833.93696,0.00324
1832.00853,0.00176
1830.08010,0.00025
1828.15167,0.00037
1826.22324,0.00117
1824.29481,0.00185
1822.36638,0.00235
1820.43795,0.00262
1818.50952,0.00282
1816.58109,0.00273
1814.65266,0.00188
1812.72423,0.00076
1810.79580,0.00050
1808.86737,0.00123
1806.93894,0.00192
1805.01051,0.00207
1803.08208,0.00201
1801.15365,0.00213
1799.22522,0.00251
1797.29679,0.00279
1795.36836,0.00231
1793.43993,0.00136
1791.51150,0.00175
1789.58307,0.00365
1787.65464,0.00516
1785.72621,0.00543
1783.79778,0.00462
1781.86935,0.00351
1779.94092,0.00323
1778.01249,0.00353
1776.08406,0.00265
1774.15563,0.00049
1772.22720,0.00000
1770.29877,0.00260
1768.37034,0.00520
1766.44191,0.00565
1764.51348,0.00455
1762.58505,0.00350
1760.65662,0.00364
1758.72819,0.00435
1756.79976,0.00480
1754.87133,0.00482
1752.94290,0.00425
1751.01447,0.00338
1749.08604,0.00290
1747.15761,0.00336
1745.22918,0.00400
1743.30075,0.00401
1741.37232,0.00371
1739.44389,0.00388
1737.51546,0.00408
1735.58703,0.00352
1733.65860,0.00343
1731.73017,0.00471
1729.80174,0.00581
1727.87331,0.00627
1725.94488,0.00635
1724.01645,0.00652
1722.08802,0.00615
1720.15959,0.00378
1718.23116,0.00118
1716.30273,0.00322
1714.37430,0.00811
1712.44587,0.01173
1710.51744,0.01315
1708.58901,0.01351
1706.66058,0.01533
1704.73215,0.01993
1702.80372,0.02473
1700.87529,0.02874
1698.94686,0.03358
1697.01843,0.03977
1695.09000,0.04653
1693.16157,0.05178
1691.23314,0.05525
1689.30471,0.05776
1687.37628,0.05934
1685.44785,0.06250
1683.51942,0.07212
1681.59099,0.08305
1679.66256,0.08969
1677.73413,0.09350
1675.80570,0.09761
1673.87727,0.10216
1671.94884,0.10617
1670.02041,0.11304
1668.09198,0.12409
1666.16355,0.13327
1664.23512,0.14033
1662.30669,0.15022
1660.37826,0.16241
1658.44983,0.17105
1656.52140,0.17415
1654.59297,0.17627
1652.66454,0.18353
1650.73611,0.19096
1648.80768,0.19119
1646.87925,0.18611
1644.95082,0.18245
1643.02239,0.18047
1641.09396,0.17656
1639.16553,0.16917
1637.23710,0.15931
1635.30867,0.15046
1633.38024,0.14524
1631.45181,0.14074
1629.52338,0.13369
1627.59495,0.12475
1625.66652,0.11603
1623.73809,0.10790
1621.80966,0.10103
1619.88123,0.09467
1617.95280,0.08671
1616.02437,0.07880
1614.09594,0.07401
1612.16751,0.07028
1610.23908,0.06514
1608.31065,0.05953
1606.38222,0.05514
1604.45379,0.05197
1602.52536,0.04953
1600.59693,0.04762
1598.66850,0.04601
1596.74007,0.04480
1594.81164,0.04409
1592.88321,0.04375
1590.95478,0.04361
1589.02635,0.04379
1587.09792,0.04437
1585.16949,0.04537
1583.24106,0.04688
1581.31263,0.04810
1579.38420,0.04788
1577.45577,0.04751
1575.52734,0.04991
1573.59891,0.05351
1571.67048,0.05549
1569.74205,0.05725
1567.81362,0.06080
1565.88519,0.06496
1563.95676,0.06775
1562.02833,0.06808
1560.09990,0.07017
1558.17147,0.08021
1556.24304,0.09221
1554.31461,0.10064
1552.38618,0.10700
1550.45775,0.11281
1548.52932,0.11784
1546.60089,0.12033
1544.67246,0.12032
1542.74403,0.12078
1540.81560,0.12403
1538.88717,0.12997
1536.95874,0.13358
1535.03031,0.13276
1533.10188,0.12977
1531.17345,0.12788
1529.24502,0.12602
1527.31659,0.12249
1525.38816,0.11781
1523.45973,0.11306
1521.53130,0.11025
1519.60287,0.10990
1517.67444,0.10828
1515.74601,0.10483
1513.81758,0.10135
1511.88915,0.09696
1509.96072,0.08972
1508.03229,0.07905
1506.10385,0.06940
1504.17542,0.06674
1502.24699,0.06629
1500.31856,0.06216
1498.39013,0.05478
1496.46170,0.04839
1494.53327,0.04431
1492.60484,0.03952
1490.67641,0.03252
1488.74798,0.02659
1486.81955,0.02408
1484.89112,0.02321
1482.96269,0.02204
1481.03426,0.02067
1479.10583,0.01949
1477.17740,0.01802
1475.24897,0.01637
1473.32054,0.01676
1471.39211,0.02032
1469.46368,0.02377
1467.53525,0.02464
1465.60682,0.02423
1463.67839,0.02476
1461.74996,0.02460
1459.82153,0.02199
1457.89310,0.02049
1455.96467,0.02396
1454.03624,0.02749
1452.10781,0.02826
1450.17938,0.02671
1448.25095,0.02466
1446.32252,0.02367
1444.39409,0.02344
1442.46566,0.02296
1440.53723,0.02192
1438.60880,0.02070
1436.68037,0.01984
1434.75194,0.01901
1432.82351,0.01759
1430.89508,0.01586
1428.96665,0.01463
1427.03822,0.01385
1425.10979,0.01313
1423.18136,0.01297
1421.25293,0.01348
1419.32450,0.01423
1417.39607,0.01471
1415.46764,0.01459
1413.53921,0.01411
1411.61078,0.01373
1409.68235,0.01383
1407.75392,0.01405
1405.82549,0.01445
1403.89706,0.01540
1401.96863,0.01646
1400.04020,0.01737
1398.11177,0.01844
1396.18334,0.01954
1394.25491,0.02073
1392.32648,0.02184
1390.39805,0.02192
1388.46962,0.02076
1386.54119,0.01913
1384.61276,0.01754
1382.68433,0.01600
1380.75590,0.01455
1378.82747,0.01298
1376.89904,0.01074
1374.97061,0.00850
1373.04218,0.00739
1371.11375,0.00688
1369.18532,0.00598
1367.25689,0.00474
1365.32846,0.00348
1363.40003,0.00248
1361.47160,0.00203
1359.54317,0.00177
1357.61474,0.00120
1355.68631,0.00044
1353.75788,0.00005
1351.82945,0.00000
1349.90102,0.00003
1347.97259,0.00025
1346.04416,0.00061
1344.11573,0.00083
1342.18730,0.00084
1340.25887,0.00116
1338.33044,0.00184
1336.40201,0.00205
1334.47358,0.00179
1332.54515,0.00178
1330.61672,0.00231
1328.68829,0.00300
1326.75986,0.00361
1324.83143,0.00425
1322.90300,0.00473
1320.97457,0.00485
1319.04614,0.00510
1317.11771,0.00564
1315.18928,0.00614
1313.26085,0.00656
1311.33242,0.00699
1309.40399,0.00730
1307.47556,0.00771
1305.54713,0.00842
1303.61870,0.00906
1301.69027,0.00925
1299.76184,0.00908
1297.83341,0.00890
1295.90498,0.00884
1293.97655,0.00884
1292.04812,0.00893
1290.11969,0.00897
1288.19126,0.00879
1286.26283,0.00869
1284.33440,0.00885
1282.40597,0.00910
1280.47754,0.00930
1278.54911,0.00950
1276.62068,0.00968
1274.69225,0.00992
1272.76382,0.01050
1270.83539,0.01141
1268.90696,0.01234
1266.97853,0.01300
1265.05010,0.01339
1263.12167,0.01394
1261.19324,0.01477
1259.26481,0.01572
1257.33638,0.01682
1255.40795,0.01829
1253.47952,0.01990
1251.55109,0.02136
1249.62266,0.02282
1247.69423,0.02460
1245.76580,0.02657
1243.83737,0.02802
1241.90894,0.02880
1239.98051,0.02983
1238.05208,0.03129
1236.12365,0.03239
1234.19522,0.03302
1232.26679,0.03354
1230.33836,0.03396
1228.40993,0.03423
1226.48150,0.03440
1224.55307,0.03448
1222.62464,0.03449
1220.69621,0.03469
1218.76778,0.03518
1216.83935,0.03550
1214.91092,0.03549
1212.98249,0.03544
1211.05406,0.03540
1209.12563,0.03539
1207.19720,0.03579
1205.26877,0.03670
1203.34034,0.03765
1201.41191,0.03813
1199.48348,0.03829
1197.55505,0.03855
1195.62662,0.03902
1193.69819,0.03969
1191.76976,0.04065
1189.84133,0.04201
1187.91290,0.04359
1185.98447,0.04478
1184.05604,0.04555
1182.12761,0.04650
1180.19918,0.04781
1178.27075,0.04948
1176.34232,0.05177
1174.41389,0.05430
1172.48546,0.05622
1170.55703,0.05752
1168.62860,0.05882
1166.70017,0.06037
1164.77174,0.06186
1162.84331,0.06315
1160.91488,0.06450
1158.98645,0.06604
1157.05802,0.06754
1155.12959,0.06893
1153.20116,0.07028
1151.27273,0.07141
1149.34430,0.07223
1147.41587,0.07318
1145.48744,0.07437
1143.55901,0.07534
1141.63058,0.07600
1139.70215,0.07702
1137.77372,0.07871
1135.84529,0.08054
1133.91686,0.08228
1131.98843,0.08435
1130.06000,0.08686
1128.13157,0.08915
1126.20314,0.09116
1124.27471,0.09359
1122.34628,0.09641
1120.41785,0.09903
1118.48942,0.10182
1116.56099,0.10544
1114.63256,0.10944
1112.70413,0.11324
1110.77570,0.11713
1108.84727,0.12139
1106.91884,0.12585
1104.99041,0.13027
1103.06198,0.13460
1101.13355,0.13848
1099.20512,0.14166
1097.27669,0.14446
1095.34826,0.14720
1093.41983,0.14992
1091.49140,0.15220
1089.56297,0.15380
1087.63454,0.15520
1085.70611,0.15703
1083.77768,0.15917
1081.84925,0.16077
1079.92082,0.16129
1077.99239,0.16123
1076.06396,0.16127
1074.13553,0.16175
1072.20710,0.16256
1070.27867,0.16287
1068.35024,0.16241
1066.42181,0.16166
1064.49338,0.16078
1062.56495,0.16009
1060.63652,0.15975
1058.70809,0.15924
1056.77966,0.15811
1054.85123,0.15635
1052.92280,0.15427
1050.99437,0.15200
1049.06594,0.14971
1047.13751,0.14736
1045.20908,0.14453
1043.28065,0.14128
1041.35222,0.13781
1039.42379,0.13391
1037.49536,0.12937
1035.56693,0.12404
1033.63850,0.11840
1031.71007,0.11332
1029.78164,0.10870
1027.85321,0.10389
1025.92478,0.09841
1023.99635,0.09227
1022.06792,0.08597
1020.13949,0.07995
1018.21106,0.07476
1016.28263,0.07046
1014.35420,0.06638
1012.42577,0.06167
1010.49734,0.05612
1008.56891,0.05076
1006.64048,0.04636
1004.71205,0.04237
1002.78362,0.03828
1000.85519,0.03415
998.92676,0.03060
996.99833,0.02810
995.06990,0.02627
993.14147,0.02468
991.21304,0.02341
989.28461,0.02259
987.35618,0.02211
985.42775,0.02182
983.49932,0.02165
981.57089,0.02149
979.64246,0.02146
977.71403,0.02177
975.78560,0.02211
973.85717,0.02214
971.92874,0.02192
970.00031,0.02123
968.07188,0.02035
966.14345,0.01972
964.21502,0.01912
962.28659,0.01852
960.35816,0.01804
958.42973,0.01768
956.50130,0.01744
954.57287,0.01711
952.64444,0.01638
950.71601,0.01551
948.78758,0.01502
946.85915,0.01472
944.93072,0.01436
943.00229,0.01409
941.07386,0.01395
939.14543,0.01414
937.21700,0.01444
935.28857,0.01423
933.36014,0.01344
931.43171,0.01248
929.50328,0.01151
927.57485,0.01067
925.64642,0.00991
923.71799,0.00906
921.78956,0.00856
919.86113,0.00841
917.93270,0.00789
916.00427,0.00685
914.07584,0.00578
912.14741,0.00506
910.21898,0.00477
908.29055,0.00472
906.36212,0.00451
904.43368,0.00412
902.50525,0.00379
900.57682,0.00331
898.64839,0.00264
896.71996,0.00206
894.79153,0.00189
892.86310,0.00209
890.93467,0.00216
889.00624,0.00171
887.07781,0.00117
885.14938,0.00113
883.22095,0.00118
881.29252,0.00090
879.36409,0.00088
877.43566,0.00119
875.50723,0.00119
873.57880,0.00087
871.65037,0.00066
869.72194,0.00059
867.79351,0.00041
865.86508,0.00000
863.93665,0.00015
862.00822,0.00068
860.07979,0.00083
858.15136,0.00025
856.22293,-0.00018
854.29450,0.00067
852.36607,0.00226
850.43764,0.00348
848.50921,0.00428
846.58078,0.00469
844.65235,0.00514
842.72392,0.00664
840.79549,0.00879
838.86706,0.01033
836.93863,0.01162
835.01020,0.01338
833.08177,0.01515
831.15334,0.01618
829.22491,0.01653
827.29648,0.01714
825.36805,0.01818
823.43962,0.01884
821.51119,0.01924
819.58276,0.01977
817.65433,0.02027
815.72590,0.02090
813.79747,0.02165
811.86904,0.02245
809.94061,0.02358
808.01218,0.02459
806.08375,0.02482
804.15532,0.02460
802.22689,0.02459
800.29846,0.02520
798.37003,0.02615
796.44160,0.02633
794.51317,0.02551
792.58474,0.02453
790.65631,0.02379
788.72788,0.02299
786.79945,0.02164
784.87102,0.01965
782.94259,0.01781
781.01416,0.01667
779.08573,0.01573
777.15730,0.01422
775.22887,0.01224
773.30044,0.01089
771.37201,0.01062
769.44358,0.01030
767.51515,0.00941
765.58672,0.00837
763.65829,0.00749
761.72986,0.00730
759.80143,0.00764
757.87300,0.00766
755.94457,0.00724
754.01614,0.00711
752.08771,0.00783
750.15928,0.00864
748.23085,0.00840
746.30242,0.00767
744.37399,0.00778
742.44556,0.00830
740.51713,0.00804
738.58870,0.00716
736.66027,0.00626
734.73184,0.00558
732.80341,0.00532
730.87498,0.00522
728.94655,0.00461
727.01812,0.00369
725.08969,0.00378
723.16126,0.00658
721.23283,0.00708
719.30440,0.00568
717.37597,0.00387
715.44754,0.00276
713.51911,0.00312
711.59068,0.00463
709.66225,0.00614
707.73382,0.00709
705.80539,0.00807
703.87696,0.00992
701.94853,0.01215
700.02010,0.01363
698.09167,0.01426
696.16324,0.01423
694.23481,0.01341
692.30638,0.01213
690.37795,0.01055
688.44952,0.00865
686.52109,0.00738
684.59266,0.00728
682.66423,0.00734
680.73580,0.00657
678.80737,0.00559
676.87894,0.00599
674.95051,0.00891
673.02208,0.01370
671.09365,0.01699
669.16522,0.01632
667.23679,0.01551
665.30836,0.01862
663.37993,0.02203
661.45150,0.02324
659.52307,0.02209
657.59464,0.01931
655.66621,0.01622
653.73778,0.01342
651.80935,0.01131
649.88092,0.01031
647.95249,0.00920
646.02406,0.00696
644.09563,0.00498
642.16720,0.00486
640.23877,0.00704
638.31034,0.00937
636.38191,0.00940
634.45348,0.00716
632.52505,0.00466
630.59662,0.00314
628.66819,0.00206
626.73976,0.00050
624.81133,0.00024
622.88290,0.00282
620.95447,0.00672
619.02604,0.00996
617.09761,0.01097
615.16918,0.00884
613.24075,0.00668
611.31232,0.00561
609.38389,0.00381
607.45546,0.00176
605.52703,0.00176
603.59860,0.00099
601.67017,0.00000
599.74174,0.00000
