4001.49232,0.00264
3999.56389,0.00431
3997.63546,0.00425
3995.70703,0.00363
3993.77860,0.00321
3991.85017,0.00280
3989.92174,0.00223
3987.99331,0.00158
3986.06488,0.00122
3984.13645,0.00143
3982.20802,0.00180
3980.27959,0.00198
3978.35116,0.00199
3976.42273,0.00189
3974.49430,0.00164
3972.56587,0.00143
3970.63744,0.00131
3968.70901,0.00116
3966.78058,0.00104
3964.85215,0.00123
3962.92372,0.00168
3960.99529,0.00167
3959.06686,0.00092
3957.13843,0.00020
3955.21000,0.00000
3953.28157,0.00014
3951.35314,0.00040
3949.42471,0.00076
3947.49628,0.00097
3945.56785,0.00118
3943.63942,0.00162
3941.71099,0.00179
3939.78256,0.00141
3937.85413,0.00085
3935.92570,0.00048
3933.99727,0.00056
3932.06884,0.00085
3930.14041,0.00071
3928.21198,0.00030
3926.28355,0.00007
3924.35512,0.00003
3922.42669,0.00014
3920.49826,0.00049
3918.56982,0.00117
3916.64139,0.00176
3914.71296,0.00184
3912.78453,0.00162
3910.85610,0.00119
3908.92767,0.00049
3906.99924,0.00000
3905.07081,0.00073
3903.14238,0.00263
3901.21395,0.00373
3899.28552,0.00324
3897.35709,0.00241
3895.42866,0.00224
3893.50023,0.00274
3891.57180,0.00312
3889.64337,0.00323
3887.71494,0.00386
3885.78651,0.00431
3883.85808,0.00416
3881.92965,0.00468
3880.00122,0.00492
3878.07279,0.00410
3876.14436,0.00381
3874.21593,0.00449
3872.28750,0.00571
3870.35907,0.00662
3868.43064,0.00645
3866.50221,0.00613
3864.57378,0.00608
3862.64535,0.00605
3860.71692,0.00599
3858.78849,0.00604
3856.86006,0.00729
3854.93163,0.00982
3853.00320,0.01050
3851.07477,0.00834
3849.14634,0.00658
3847.21791,0.00588
3845.28948,0.00525
3843.36105,0.00431
3841.43262,0.00355
3839.50419,0.00364
3837.57576,0.00464
3835.64733,0.00585
3833.71890,0.00660
3831.79047,0.00640
3829.86204,0.00549
3827.93361,0.00461
3826.00518,0.00410
3824.07675,0.00486
3822.14832,0.00681
3820.21989,0.00779
3818.29146,0.00719
3816.36303,0.00618
3814.43460,0.00502
3812.50617,0.00423
3810.57774,0.00385
3808.64931,0.00371
3806.72088,0.00396
3804.79245,0.00475
3802.86402,0.00566
3800.93559,0.00535
3799.00716,0.00439
3797.07873,0.00366
3795.15030,0.00281
3793.22187,0.00210
3791.29344,0.00179
3789.36501,0.00150
3787.43658,0.00109
3785.50815,0.00066
3783.57972,0.00055
3781.65129,0.00101
3779.72286,0.00141
3777.79443,0.00112
3775.86600,0.00041
3773.93757,0.00000
3772.00914,0.00045
3770.08071,0.00172
3768.15228,0.00286
3766.22385,0.00345
3764.29542,0.00373
3762.36699,0.00438
3760.43856,0.00545
3758.51013,0.00612
3756.58170,0.00622
3754.65327,0.00651
3752.72484,0.00771
3750.79641,0.00986
3748.86798,0.01201
3746.93955,0.01391
3745.01112,0.01524
3743.08269,0.01361
3741.15426,0.01019
3739.22583,0.00772
3737.29740,0.00744
3735.36897,0.00931
3733.44054,0.01051
3731.51211,0.00937
3729.58368,0.00737
3727.65525,0.00603
3725.72682,0.00528
3723.79839,0.00457
3721.86996,0.00356
3719.94153,0.00248
3718.01310,0.00200
3716.08467,0.00213
3714.15624,0.00239
3712.22781,0.00243
3710.29938,0.00230
3708.37095,0.00184
3706.44252,0.00112
3704.51409,0.00069
3702.58566,0.00087
3700.65723,0.00125
3698.72880,0.00135
3696.80037,0.00099
3694.87194,0.00038
3692.94351,0.00000
3691.01508,0.00032
3689.08665,0.00154
3687.15822,0.00251
3685.22979,0.00244
3683.30136,0.00188
3681.37293,0.00116
3679.44450,0.00090
3677.51607,0.00192
3675.58764,0.00297
3673.65921,0.00247
3671.73078,0.00203
3669.80235,0.00198
3667.87392,0.00189
3665.94549,0.00154
3664.01706,0.00081
3662.08863,0.00004
3660.16020,-0.00003
3658.23177,0.00073
3656.30334,0.00126
3654.37491,0.00077
3652.44648,0.00015
3650.51805,0.00007
3648.58962,0.00046
3646.66119,0.00073
3644.73276,0.00105
3642.80433,0.00110
3640.87590,0.00079
3638.94747,0.00057
3637.01904,0.00061
3635.09061,0.00053
3633.16218,0.00021
3631.23375,0.00033
3629.30532,0.00075
3627.37689,0.00085
3625.44846,0.00113
3623.52003,0.00155
3621.59160,0.00162
3619.66317,0.00146
3617.73474,0.00160
3615.80631,0.00226
3613.87788,0.00303
3611.94945,0.00367
3610.02102,0.00455
3608.09259,0.00511
3606.16416,0.00436
3604.23573,0.00312
3602.30730,0.00251
3600.37887,0.00245
3598.45044,0.00269
3596.52201,0.00306
3594.59358,0.00310
3592.66515,0.00265
3590.73672,0.00257
3588.80829,0.00308
3586.87986,0.00305
3584.95143,0.00238
3583.02300,0.00203
3581.09457,0.00199
3579.16614,0.00175
3577.23771,0.00142
3575.30928,0.00116
3573.38085,0.00077
3571.45242,0.00018
3569.52399,0.00000
3567.59556,0.00052
3565.66713,0.00140
3563.73870,0.00216
3561.81027,0.00253
3559.88184,0.00223
3557.95341,0.00149
3556.02498,0.00100
3554.09655,0.00085
3552.16812,0.00071
3550.23969,0.00087
3548.31126,0.00179
3546.38283,0.00250
3544.45440,0.00208
3542.52597,0.00141
3540.59754,0.00134
3538.66911,0.00143
3536.74068,0.00128
3534.81225,0.00103
3532.88382,0.00096
3530.95539,0.00127
3529.02696,0.00188
3527.09853,0.00231
3525.17010,0.00221
3523.24167,0.00201
3521.31324,0.00214
3519.38481,0.00199
3517.45638,0.00114
3515.52795,0.00017
3513.59952,-0.00038
3511.67109,-0.00032
3509.74266,0.00023
3507.81423,0.00076
3505.88580,0.00117
3503.95737,0.00168
3502.02894,0.00190
3500.10051,0.00138
3498.17208,0.00051
3496.24365,0.00000
3494.31522,0.00014
3492.38679,0.00065
3490.45836,0.00106
3488.52993,0.00125
3486.60150,0.00135
3484.67307,0.00139
3482.74464,0.00134
3480.81621,0.00116
3478.88778,0.00093
3476.95935,0.00105
3475.03092,0.00182
3473.10249,0.00236
3471.17406,0.00205
3469.24563,0.00172
3467.31720,0.00183
3465.38877,0.00169
3463.46034,0.00109
3461.53191,0.00056
3459.60348,0.00020
3457.67505,0.00000
3455.74662,0.00032
3453.81819,0.00115
3451.88976,0.00184
3449.96133,0.00209
3448.03290,0.00185
3446.10447,0.00125
3444.17604,0.00091
3442.24761,0.00114
3440.31918,0.00185
3438.39075,0.00245
3436.46232,0.00238
3434.53389,0.00192
3432.60546,0.00145
3430.67703,0.00098
3428.74860,0.00062
3426.82017,0.00067
3424.89174,0.00133
3422.96331,0.00226
3421.03488,0.00274
3419.10645,0.00259
3417.17802,0.00211
3415.24959,0.00192
3413.32116,0.00237
3411.39273,0.00261
3409.46430,0.00236
3407.53587,0.00237
3405.60744,0.00264
3403.67901,0.00246
3401.75058,0.00214
3399.82215,0.00313
3397.89372,0.00324
3395.96529,0.00357
3394.03686,0.00427
3392.10843,0.00467
3390.18000,0.00423
3388.25157,0.00359
3386.32314,0.00348
3384.39471,0.00334
3382.46628,0.00287
3380.53785,0.00257
3378.60942,0.00256
3376.68099,0.00277
3374.75256,0.00312
3372.82413,0.00347
3370.89570,0.00405
3368.96727,0.00491
3367.03884,0.00553
3365.11041,0.00566
3363.18198,0.00545
3361.25355,0.00505
3359.32512,0.00484
3357.39669,0.00509
3355.46826,0.00539
3353.53983,0.00523
3351.61140,0.00477
3349.68297,0.00430
3347.75454,0.00404
3345.82611,0.00421
3343.89768,0.00488
3341.96925,0.00568
3340.04082,0.00608
3338.11239,0.00608
3336.18396,0.00617
3334.25553,0.00642
3332.32710,0.00668
3330.39867,0.00723
3328.47024,0.00807
3326.54181,0.00861
3324.61338,0.00860
3322.68495,0.00832
3320.75652,0.00807
3318.82809,0.00819
3316.89966,0.00858
3314.97122,0.00866
3313.04279,0.00862
3311.11436,0.00910
3309.18593,0.00971
3307.25750,0.00952
3305.32907,0.00881
3303.40064,0.00867
3301.47221,0.00921
3299.54378,0.00957
3297.61535,0.00942
3295.68692,0.00948
3293.75849,0.01023
3291.83006,0.01098
3289.90163,0.01093
3287.97320,0.01037
3286.04477,0.01004
3284.11634,0.01015
3282.18791,0.01036
3280.25948,0.01042
3278.33105,0.01032
3276.40262,0.01010
3274.47419,0.00978
3272.54576,0.00932
3270.61733,0.00888
3268.68890,0.00874
3266.76047,0.00878
3264.83204,0.00867
3262.90361,0.00837
3260.97518,0.00797
3259.04675,0.00772
3257.11832,0.00792
3255.18989,0.00820
3253.26146,0.00799
3251.33303,0.00745
3249.40460,0.00713
3247.47617,0.00740
3245.54774,0.00791
3243.61931,0.00782
3241.69088,0.00696
3239.76245,0.00604
3237.83402,0.00567
3235.90559,0.00587
3233.97716,0.00629
3232.04873,0.00653
3230.12030,0.00639
3228.19187,0.00595
3226.26344,0.00551
3224.33501,0.00546
3222.40658,0.00571
3220.47815,0.00569
3218.54972,0.00533
3216.62129,0.00497
3214.69286,0.00470
3212.76443,0.00466
3210.83600,0.00483
3208.90757,0.00468
3206.97914,0.00413
3205.05071,0.00384
3203.12228,0.00405
3201.19385,0.00439
3199.26542,0.00454
3197.33699,0.00418
3195.40856,0.00325
3193.48013,0.00230
3191.55170,0.00195
3189.62327,0.00215
3187.69484,0.00249
3185.76641,0.00255
3183.83798,0.00229
3181.90955,0.00220
3179.98112,0.00260
3178.05269,0.00324
3176.12426,0.00363
3174.19583,0.00347
3172.26740,0.00286
3170.33897,0.00230
3168.41054,0.00220
3166.48211,0.00237
3164.55368,0.00225
3162.62525,0.00180
3160.69682,0.00143
3158.76839,0.00129
3156.83996,0.00110
3154.91153,0.00073
3152.98310,0.00050
3151.05467,0.00068
3149.12624,0.00097
3147.19781,0.00105
3145.26938,0.00092
3143.34095,0.00068
3141.41252,0.00033
3139.48409,0.00002
3137.55566,0.00013
3135.62723,0.00071
3133.69880,0.00117
3131.77037,0.00114
3129.84194,0.00092
3127.91351,0.00088
3125.98508,0.00111
3124.05665,0.00136
3122.12822,0.00117
3120.19979,0.00071
3118.27136,0.00063
3116.34293,0.00091
3114.41450,0.00101
3112.48607,0.00098
3110.55764,0.00112
3108.62921,0.00126
3106.70078,0.00107
3104.77235,0.00088
3102.84392,0.00110
3100.91549,0.00135
3098.98706,0.00121
3097.05863,0.00098
3095.13020,0.00090
3093.20177,0.00081
3091.27334,0.00070
3089.34491,0.00049
3087.41648,0.00014
3085.48805,0.00000
3083.55962,0.00036
3081.63119,0.00108
3079.70276,0.00140
3077.77433,0.00100
3075.84590,0.00042
3073.91747,0.00028
3071.98904,0.00051
3070.06061,0.00089
3068.13218,0.00135
3066.20375,0.00172
3064.27532,0.00176
3062.34689,0.00153
3060.41846,0.00136
3058.49003,0.00137
3056.56160,0.00147
3054.63317,0.00143
3052.70474,0.00130
3050.77631,0.00129
3048.84788,0.00123
3046.91945,0.00103
3044.99102,0.00083
3043.06259,0.00048
3041.13416,0.00001
3039.20573,0.00000
3037.27730,0.00044
3035.34887,0.00084
3033.42044,0.00108
3031.49201,0.00127
3029.56358,0.00131
3027.63515,0.00113
3025.70672,0.00076
3023.77829,0.00047
3021.84986,0.00046
3019.92143,0.00054
3017.99300,0.00062
3016.06457,0.00087
3014.13614,0.00118
3012.20771,0.00117
3010.27928,0.00079
3008.35085,0.00045
3006.42242,0.00041
3004.49399,0.00050
3002.56556,0.00045
3000.63713,0.00009
2998.70870,0.00000
2996.78027,0.00046
2994.85184,0.00083
2992.92341,0.00062
2990.99498,0.00041
2989.06655,0.00082
2987.13812,0.00144
2985.20969,0.00168
2983.28126,0.00163
2981.35283,0.00170
2979.42440,0.00205
2977.49597,0.00257
2975.56754,0.00295
2973.63911,0.00292
2971.71068,0.00283
2969.78225,0.00309
2967.85382,0.00359
2965.92539,0.00401
2963.99696,0.00419
2962.06853,0.00415
2960.14010,0.00406
2958.21167,0.00409
2956.28324,0.00422
2954.35481,0.00426
2952.42638,0.00413
2950.49795,0.00386
2948.56952,0.00361
2946.64109,0.00366
2944.71266,0.00406
2942.78423,0.00451
2940.85580,0.00479
2938.92737,0.00493
2936.99894,0.00500
2935.07051,0.00515
2933.14208,0.00540
2931.21365,0.00556
2929.28522,0.00562
2927.35679,0.00572
2925.42836,0.00584
2923.49993,0.00584
2921.57150,0.00551
2919.64307,0.00471
2917.71464,0.00382
2915.78621,0.00326
2913.85778,0.00291
2911.92935,0.00253
2910.00092,0.00216
2908.07249,0.00192
2906.14406,0.00188
2904.21563,0.00200
2902.28720,0.00202
2900.35877,0.00181
2898.43034,0.00169
2896.50191,0.00179
2894.57348,0.00184
2892.64505,0.00167
2890.71662,0.00139
2888.78819,0.00121
2886.85976,0.00128
2884.93133,0.00143
2883.00290,0.00149
2881.07447,0.00162
2879.14604,0.00187
2877.21761,0.00197
2875.28918,0.00200
2873.36075,0.00210
2871.43232,0.00209
2869.50389,0.00181
2867.57546,0.00150
2865.64703,0.00146
2863.71860,0.00160
2861.79017,0.00171
2859.86174,0.00159
2857.93331,0.00149
2856.00488,0.00174
2854.07645,0.00218
2852.14802,0.00237
2850.21959,0.00215
2848.29116,0.00170
2846.36273,0.00130
2844.43430,0.00103
2842.50587,0.00080
2840.57744,0.00066
2838.64901,0.00060
2836.72058,0.00054
2834.79215,0.00043
2832.86372,0.00027
2830.93529,0.00003
2829.00686,-0.00003
2827.07843,0.00023
2825.15000,0.00047
2823.22157,0.00042
2821.29314,0.00027
2819.36471,0.00011
2817.43628,-0.00009
2815.50785,-0.00006
2813.57942,0.00030
2811.65099,0.00065
2809.72256,0.00073
2807.79413,0.00049
2805.86570,0.00005
2803.93727,-0.00017
2802.00884,-0.00003
2800.08041,0.00016
2798.15198,0.00030
2796.22355,0.00034
2794.29512,0.00028
2792.36669,0.00016
2790.43826,0.00008
2788.50983,0.00014
2786.58140,0.00022
2784.65297,0.00014
2782.72454,-0.00000
2780.79611,0.00001
2778.86768,0.00007
2776.93925,0.00002
2775.01082,0.00000
2773.08239,0.00010
2771.15396,0.00019
2769.22553,0.00022
2767.29710,0.00028
2765.36867,0.00035
2763.44024,0.00034
2761.51181,0.00028
2759.58338,0.00030
2757.65495,0.00053
2755.72652,0.00078
2753.79809,0.00070
2751.86966,0.00045
2749.94123,0.00033
2748.01280,0.00036
2746.08437,0.00045
2744.15594,0.00055
2742.22751,0.00058
2740.29908,0.00048
2738.37065,0.00036
2736.44222,0.00036
2734.51379,0.00036
2732.58536,0.00025
2730.65693,0.00016
2728.72850,0.00019
2726.80007,0.00030
2724.87164,0.00044
2722.94321,0.00049
2721.01478,0.00036
2719.08635,0.00034
2717.15792,0.00057
2715.22949,0.00061
2713.30105,0.00025
2711.37262,0.00004
2709.44419,0.00017
2707.51576,0.00026
2705.58733,0.00031
2703.65890,0.00038
2701.73047,0.00018
2699.80204,-0.00013
2697.87361,-0.00015
2695.94518,0.00014
2694.01675,0.00055
2692.08832,0.00081
2690.15989,0.00075
2688.23146,0.00048
2686.30303,0.00026
2684.37460,0.00021
2682.44617,0.00023
2680.51774,0.00032
2678.58931,0.00038
2676.66088,0.00021
2674.73245,-0.00001
2672.80402,0.00000
2670.87559,0.00020
2668.94716,0.00035
2667.01873,0.00024
2665.09030,0.00013
2663.16187,0.00016
2661.23344,0.00019
2659.30501,0.00033
2657.37658,0.00059
2655.44815,0.00070
2653.51972,0.00070
2651.59129,0.00075
2649.66286,0.00063
2647.73443,0.00029
2645.80600,0.00009
2643.87757,0.00012
2641.94914,0.00009
2640.02071,0.00013
2638.09228,0.00037
2636.16385,0.00042
2634.23542,0.00028
2632.30699,0.00034
2630.37856,0.00050
2628.45013,0.00045
2626.52170,0.00027
2624.59327,0.00018
2622.66484,0.00028
2620.73641,0.00054
2618.80798,0.00070
2616.87955,0.00055
2614.95112,0.00038
2613.02269,0.00041
2611.09426,0.00056
2609.16583,0.00070
2607.23740,0.00056
2605.30897,0.00014
2603.38054,0.00000
2601.45211,0.00036
2599.52368,0.00083
2597.59525,0.00101
2595.66682,0.00106
2593.73839,0.00103
2591.80996,0.00080
2589.88153,0.00047
2587.95310,0.00025
2586.02467,0.00015
2584.09624,0.00012
2582.16781,0.00023
2580.23938,0.00034
2578.31095,0.00026
2576.38252,0.00023
2574.45409,0.00051
2572.52566,0.00089
2570.59723,0.00099
2568.66880,0.00078
2566.74037,0.00056
2564.81194,0.00047
2562.88351,0.00039
2560.95508,0.00033
2559.02665,0.00041
2557.09822,0.00058
2555.16979,0.00070
2553.24136,0.00065
2551.31293,0.00041
2549.38450,0.00014
2547.45607,0.00016
2545.52764,0.00050
2543.59921,0.00077
2541.67078,0.00077
2539.74235,0.00068
2537.81392,0.00052
2535.88549,0.00025
2533.95706,0.00011
2532.02863,0.00020
2530.10020,0.00038
2528.17177,0.00061
2526.24334,0.00080
2524.31491,0.00071
2522.38648,0.00031
2520.45805,-0.00006
2518.52962,-0.00010
2516.60119,-0.00000
2514.67276,0.00002
2512.74433,0.00011
2510.81590,0.00037
2508.88747,0.00048
2506.95904,0.00036
2505.03061,0.00027
2503.10218,0.00017
2501.17375,0.00013
2499.24532,0.00024
2497.31689,0.00020
2495.38846,0.00002
2493.46003,0.00000
2491.53160,0.00010
2489.60317,0.00026
2487.67474,0.00048
2485.74631,0.00072
2483.81788,0.00085
2481.88945,0.00079
2479.96102,0.00063
2478.03259,0.00046
2476.10416,0.00031
2474.17573,0.00025
2472.24730,0.00036
2470.31887,0.00059
2468.39044,0.00072
2466.46201,0.00068
2464.53358,0.00057
2462.60515,0.00053
2460.67672,0.00060
2458.74829,0.00065
2456.81986,0.00049
2454.89143,0.00025
2452.96300,0.00018
2451.03457,0.00023
2449.10614,0.00028
2447.17771,0.00028
2445.24928,0.00019
2443.32085,0.00002
2441.39242,0.00000
2439.46399,0.00021
2437.53556,0.00035
2435.60713,0.00018
2433.67870,-0.00004
2431.75027,-0.00006
2429.82184,-0.00003
2427.89341,-0.00006
2425.96498,-0.00000
2424.03655,-0.00001
2422.10812,-0.00001
2420.17969,-0.00001
2418.25126,-0.00002
2416.32283,-0.00002
2414.39440,-0.00001
2412.46597,-0.00001
2410.53754,-0.00001
2408.60911,-0.00001
2406.68068,0.00000
2404.75225,0.00000
2402.82382,0.00000
2400.89539,0.00000
2398.96696,-0.00003
2397.03853,-0.00006
2395.11010,-0.00009
2393.18167,-0.00012
2391.25324,-0.00015
2389.32481,-0.00018
2387.39638,-0.00021
2385.46795,-0.00024
2383.53952,-0.00026
2381.61109,-0.00029
2379.68266,-0.00031
2377.75423,-0.00033
2375.82580,-0.00035
2373.89737,-0.00038
2371.96894,-0.00039
2370.04051,-0.00041
2368.11208,-0.00043
2366.18365,-0.00045
2364.25522,-0.00046
2362.32679,-0.00048
2360.39836,-0.00049
2358.46993,-0.00050
2356.54150,-0.00051
2354.61307,-0.00052
2352.68464,-0.00053
2350.75621,-0.00054
2348.82778,-0.00054
2346.89935,-0.00055
2344.97092,-0.00056
2343.04249,-0.00056
2341.11406,-0.00056
2339.18563,-0.00056
2337.25720,-0.00056
2335.32877,-0.00056
2333.40034,-0.00056
2331.47191,-0.00056
2329.54348,-0.00056
2327.61505,-0.00055
2325.68662,-0.00055
2323.75819,-0.00054
2321.82976,-0.00053
2319.90133,-0.00052
2317.97290,-0.00051
2316.04447,-0.00050
2314.11604,-0.00049
2312.18761,-0.00048
2310.25918,-0.00046
2308.33075,-0.00045
2306.40232,-0.00043
2304.47389,-0.00041
2302.54546,-0.00040
2300.61703,-0.00038
2298.68860,-0.00036
2296.76017,-0.00034
2294.83174,-0.00031
2292.90331,-0.00029
2290.97488,-0.00027
2289.04645,-0.00024
2287.11802,-0.00021
2285.18959,-0.00019
2283.26116,-0.00016
2281.33273,-0.00013
2279.40430,-0.00010
2277.47587,-0.00007
2275.54744,-0.00003
2273.61901,0.00000
2271.69058,0.00001
2269.76215,0.00002
2267.83372,0.00004
2265.90529,0.00005
2263.97686,0.00007
2262.04843,0.00008
2260.12000,0.00010
2258.19157,0.00012
2256.26314,0.00014
2254.33471,0.00016
2252.40628,0.00018
2250.47785,0.00021
2248.54942,0.00023
2246.62099,0.00026
2244.69256,0.00028
2242.76413,0.00031
2240.83570,0.00050
2238.90727,0.00054
2236.97884,0.00044
2235.05041,0.00032
2233.12198,0.00021
2231.19355,0.00018
2229.26512,0.00031
2227.33669,0.00053
2225.40826,0.00061
2223.47983,0.00033
2221.55140,0.00000
2219.62297,-0.00000
2217.69454,0.00014
2215.76611,0.00017
2213.83768,0.00018
2211.90925,0.00027
2209.98082,0.00032
2208.05239,0.00037
2206.12396,0.00048
2204.19553,0.00040
2202.26710,0.00021
2200.33867,0.00026
2198.41024,0.00046
2196.48181,0.00042
2194.55338,0.00013
2192.62495,0.00002
2190.69652,0.00022
2188.76809,0.00037
2186.83966,0.00035
2184.91123,0.00028
2182.98280,0.00022
2181.05437,0.00019
2179.12594,0.00025
2177.19751,0.00028
2175.26908,0.00025
2173.34065,0.00021
2171.41222,0.00011
2169.48379,0.00000
2167.55536,0.00000
2165.62693,0.00012
2163.69850,0.00038
2161.77007,0.00054
2159.84164,0.00043
2157.91321,0.00029
2155.98478,0.00027
2154.05635,0.00033
2152.12792,0.00041
2150.19949,0.00053
2148.27106,0.00062
2146.34263,0.00056
2144.41420,0.00040
2142.48577,0.00034
2140.55734,0.00042
2138.62891,0.00058
2136.70048,0.00069
2134.77205,0.00067
2132.84362,0.00058
2130.91519,0.00050
2128.98676,0.00043
2127.05833,0.00034
2125.12990,0.00016
2123.20147,0.00000
2121.27304,0.00007
2119.34461,0.00030
2117.41618,0.00054
2115.48775,0.00061
2113.55932,0.00047
2111.63089,0.00028
2109.70245,0.00017
2107.77402,0.00019
2105.84559,0.00038
2103.91716,0.00046
2101.98873,0.00036
2100.06030,0.00027
2098.13187,0.00025
2096.20344,0.00021
2094.27501,0.00010
2092.34658,0.00009
2090.41815,0.00023
2088.48972,0.00034
2086.56129,0.00037
2084.63286,0.00043
2082.70443,0.00050
2080.77600,0.00048
2078.84757,0.00037
2076.91914,0.00029
2074.99071,0.00040
2073.06228,0.00057
2071.13385,0.00065
2069.20542,0.00057
2067.27699,0.00037
2065.34856,0.00033
2063.42013,0.00050
2061.49170,0.00060
2059.56327,0.00050
2057.63484,0.00033
2055.70641,0.00014
2053.77798,0.00000
2051.84955,0.00008
2049.92112,0.00050
2047.99269,0.00097
2046.06426,0.00114
2044.13583,0.00091
2042.20740,0.00055
2040.27897,0.00046
2038.35054,0.00059
2036.42211,0.00069
2034.49368,0.00087
2032.56525,0.00107
2030.63682,0.00115
2028.70839,0.00117
2026.77996,0.00122
2024.85153,0.00127
2022.92310,0.00113
2020.99467,0.00072
2019.06624,0.00023
2017.13781,0.00002
2015.20938,0.00031
2013.28095,0.00078
2011.35252,0.00102
2009.42409,0.00118
2007.49566,0.00124
2005.56723,0.00108
2003.63880,0.00088
2001.71037,0.00078
1999.78194,0.00075
1997.85351,0.00076
1995.92508,0.00078
1993.99665,0.00077
1992.06822,0.00075
1990.13979,0.00071
1988.21136,0.00073
1986.28293,0.00075
1984.35450,0.00056
1982.42607,0.00032
1980.49764,0.00010
1978.56921,-0.00013
1976.64078,-0.00017
1974.71235,0.00012
1972.78392,0.00046
1970.85549,0.00057
1968.92706,0.00048
1966.99863,0.00050
1965.07020,0.00083
1963.14177,0.00103
1961.21334,0.00092
1959.28491,0.00085
1957.35648,0.00075
1955.42805,0.00047
1953.49962,0.00038
1951.57119,0.00056
1949.64276,0.00061
1947.71433,0.00037
1945.78590,0.00013
1943.85747,0.00026
1941.92904,0.00076
1940.00061,0.00123
1938.07218,0.00125
1936.14375,0.00090
1934.21532,0.00061
1932.28689,0.00056
1930.35846,0.00065
1928.43003,0.00066
1926.50160,0.00050
1924.57317,0.00019
1922.64474,0.00000
1920.71631,0.00008
1918.78788,0.00031
1916.85945,0.00061
1914.93102,0.00091
1913.00259,0.00092
1911.07416,0.00062
1909.14573,0.00046
1907.21730,0.00057
1905.28887,0.00069
1903.36044,0.00067
1901.43201,0.00058
1899.50358,0.00049
1897.57515,0.00040
1895.64672,0.00032
1893.71829,0.00021
1891.78986,0.00004
1889.86143,0.00000
1887.93300,0.00035
1886.00457,0.00083
1884.07614,0.00109
1882.14771,0.00115
1880.21928,0.00109
1878.29085,0.00104
1876.36242,0.00101
1874.43399,0.00086
1872.50556,0.00049
1870.57713,0.00000
1868.64870,-0.00015
1866.72027,0.00040
1864.79184,0.00110
1862.86341,0.00130
1860.93498,0.00124
1859.00655,0.00133
1857.07812,0.00156
1855.14969,0.00172
1853.22126,0.00170
1851.29283,0.00140
1849.36440,0.00080
1847.43597,0.00033
1845.50754,0.00055
1843.57911,0.00126
1841.65068,0.00176
1839.72225,0.00178
1837.79382,0.00168
1835.86539,0.00180
1833.93696,0.00164
1832.00853,0.00078
1830.08010,0.00002
1828.15167,0.00032
1826.22324,0.00096
1824.29481,0.00124
1822.36638,0.00136
1820.43795,0.00158
1818.50952,0.00183
1816.58109,0.00181
1814.65266,0.00131
1812.72423,0.00071
1810.79580,0.00067
1808.86737,0.00118
1806.93894,0.00160
1805.01051,0.00163
1803.08208,0.00157
1801.15365,0.00168
1799.22522,0.00189
1797.29679,0.00181
1795.36836,0.00126
1793.43993,0.00074
1791.51150,0.00127
1789.58307,0.00278
1787.65464,0.00389
1785.72621,0.00390
1783.79778,0.00321
1781.86935,0.00256
1779.94092,0.00247
1778.01249,0.00246
1776.08406,0.00159
1774.15563,0.00017
1772.22720,0.00000
1770.29877,0.00174
1768.37034,0.00344
1766.44191,0.00363
1764.51348,0.00281
1762.58505,0.00207
1760.65662,0.00214
1758.72819,0.00266
1756.79976,0.00281
1754.87133,0.00241
1752.94290,0.00169
1751.01447,0.00092
1749.08604,0.00059
1747.15761,0.00113
1745.22918,0.00187
1743.30075,0.00225
1741.37232,0.00236
1739.44389,0.00232
1737.51546,0.00222
1735.58703,0.00217
1733.65860,0.00253
1731.73017,0.00337
1729.80174,0.00390
1727.87331,0.00401
1725.94488,0.00391
1724.01645,0.00368
1722.08802,0.00300
1720.15959,0.00145
1718.23116,0.00019
1716.30273,0.00158
1714.37430,0.00467
1712.44587,0.00681
1710.51744,0.00726
1708.58901,0.00702
1706.66058,0.00754
1704.73215,0.00940
1702.80372,0.01178
1700.87529,0.01418
1698.94686,0.01658
1697.01843,0.01922
1695.09000,0.02203
1693.16157,0.02390
1691.23314,0.02456
1689.30471,0.02436
1687.37628,0.02400
1685.44785,0.02513
1683.51942,0.02929
1681.59099,0.03366
1679.66256,0.03604
1677.73413,0.03730
1675.80570,0.03874
1673.87727,0.04011
1671.94884,0.04115
1670.02041,0.04341
1668.09198,0.04750
1666.16355,0.05078
1664.23512,0.05261
1662.30669,0.05491
1660.37826,0.05817
1658.44983,0.06021
1656.52140,0.06011
1654.59297,0.06008
1652.66454,0.06213
1650.73611,0.06432
1648.80768,0.06402
1646.87925,0.06182
1644.95082,0.06089
1643.02239,0.06062
1641.09396,0.05883
1639.16553,0.05541
1637.23710,0.05185
1635.30867,0.04978
1633.38024,0.04906
1631.45181,0.04765
1629.52338,0.04472
1627.59495,0.04131
1625.66652,0.03855
1623.73809,0.03630
1621.80966,0.03455
1619.88123,0.03279
1617.95280,0.03025
1616.02437,0.02783
1614.09594,0.02663
1612.16751,0.02537
1610.23908,0.02307
1608.31065,0.02053
1606.38222,0.01878
1604.45379,0.01770
1602.52536,0.01690
1600.59693,0.01629
1598.66850,0.01568
1596.74007,0.01506
1594.81164,0.01472
1592.88321,0.01475
1590.95478,0.01496
1589.02635,0.01533
1587.09792,0.01583
1585.16949,0.01641
1583.24106,0.01705
1581.31263,0.01733
1579.38420,0.01691
1577.45577,0.01669
1575.52734,0.01793
1573.59891,0.01974
1571.67048,0.02050
1569.74205,0.02093
1567.81362,0.02243
1565.88519,0.02424
1563.95676,0.02482
1562.02833,0.02416
1560.09990,0.02504
1558.17147,0.02940
1556.24304,0.03378
1554.31461,0.03605
1552.38618,0.03705
1550.45775,0.03772
1548.52932,0.03834
1546.60089,0.03805
1544.67246,0.03648
1542.74403,0.03518
1540.81560,0.03575
1538.88717,0.03880
1536.95874,0.04094
1535.03031,0.04048
1533.10188,0.03856
1531.17345,0.03742
1529.24502,0.03669
1527.31659,0.03536
1525.38816,0.03382
1523.45973,0.03252
1521.53130,0.03218
1519.60287,0.03313
1517.67444,0.03329
1515.74601,0.03227
1513.81758,0.03078
1511.88915,0.02822
1509.96072,0.02428
1508.03229,0.02029
1506.10385,0.01871
1504.17542,0.01976
1502.24699,0.02016
1500.31856,0.01806
1498.39013,0.01472
1496.46170,0.01266
1494.53327,0.01191
1492.60484,0.01030
1490.67641,0.00753
1488.74798,0.00588
1486.81955,0.00617
1484.89112,0.00668
1482.96269,0.00642
1481.03426,0.00578
1479.10583,0.00507
1477.17740,0.00395
1475.24897,0.00261
1473.32054,0.00271
1471.39211,0.00513
1469.46368,0.00754
1467.53525,0.00816
1465.60682,0.00772
1463.67839,0.00756
1461.74996,0.00707
1459.82153,0.00553
1457.89310,0.00481
1455.96467,0.00670
1454.03624,0.00870
1452.10781,0.00913
1450.17938,0.00824
1448.25095,0.00719
1446.32252,0.00690
1444.39409,0.00703
1442.46566,0.00683
1440.53723,0.00622
1438.60880,0.00574
1436.68037,0.00568
1434.75194,0.00579
1432.82351,0.00567
1430.89508,0.00521
1428.96665,0.00481
1427.03822,0.00454
1425.10979,0.00413
1423.18136,0.00404
1421.25293,0.00476
1419.32450,0.00581
1417.39607,0.00647
1415.46764,0.00661
1413.53921,0.00634
1411.61078,0.00595
1409.68235,0.00586
1407.75392,0.00593
1405.82549,0.00606
1403.89706,0.00649
1401.96863,0.00694
1400.04020,0.00697
1398.11177,0.00679
1396.18334,0.00685
1394.25491,0.00734
1392.32648,0.00793
1390.39805,0.00783
1388.46962,0.00690
1386.54119,0.00597
1384.61276,0.00560
1382.68433,0.00534
1380.75590,0.00479
1378.82747,0.00399
1376.89904,0.00299
1374.97061,0.00227
1373.04218,0.00228
1371.11375,0.00235
1369.18532,0.00178
1367.25689,0.00091
1365.32846,0.00026
1363.40003,0.00000
1361.47160,0.00018
1359.54317,0.00048
1357.61474,0.00045
1355.68631,0.00027
1353.75788,0.00039
1351.82945,0.00060
1349.90102,0.00063
1347.97259,0.00069
1346.04416,0.00088
1344.11573,0.00090
1342.18730,0.00055
1340.25887,0.00023
1338.33044,0.00042
1336.40201,0.00082
1334.47358,0.00103
1332.54515,0.00119
1330.61672,0.00143
1328.68829,0.00163
1326.75986,0.00184
1324.83143,0.00216
1322.90300,0.00220
1320.97457,0.00171
1319.04614,0.00126
1317.11771,0.00129
1315.18928,0.00142
1313.26085,0.00127
1311.33242,0.00101
1309.40399,0.00080
1307.47556,0.00081
1305.54713,0.00099
1303.61870,0.00107
1301.69027,0.00092
1299.76184,0.00065
1297.83341,0.00041
1295.90498,0.00027
1293.97655,0.00026
1292.04812,0.00031
1290.11969,0.00029
1288.19126,0.00012
1286.26283,0.00000
1284.33440,-0.00005
1282.40597,-0.00007
1280.47754,-0.00013
1278.54911,-0.00018
1276.62068,-0.00025
1274.69225,-0.00030
1272.76382,-0.00021
1270.83539,0.00016
1268.90696,0.00074
1266.97853,0.00118
1265.05010,0.00136
1263.12167,0.00170
1261.19324,0.00243
1259.26481,0.00349
1257.33638,0.00478
1255.40795,0.00607
1253.47952,0.00723
1251.55109,0.00847
1249.62266,0.01005
1247.69423,0.01184
1245.76580,0.01350
1243.83737,0.01475
1241.90894,0.01577
1239.98051,0.01720
1238.05208,0.01901
1236.12365,0.02048
1234.19522,0.02161
1232.26679,0.02281
1230.33836,0.02415
1228.40993,0.02548
1226.48150,0.02669
1224.55307,0.02784
1222.62464,0.02903
1220.69621,0.03038
1218.76778,0.03188
1216.83935,0.03315
1214.91092,0.03404
1212.98249,0.03499
1211.05406,0.03624
1209.12563,0.03758
1207.19720,0.03889
1205.26877,0.04020
1203.34034,0.04163
1201.41191,0.04332
1199.48348,0.04464
1197.55505,0.04588
1195.62662,0.04715
1193.69819,0.04877
1191.76976,0.05097
1189.84133,0.05353
1187.91290,0.05593
1185.98447,0.05788
1184.05604,0.05963
1182.12761,0.06162
1180.19918,0.06394
1178.27075,0.06649
1176.34232,0.06934
1174.41389,0.07226
1172.48546,0.07485
1170.55703,0.07728
1168.62860,0.07981
1166.70017,0.08248
1164.77174,0.08547
1162.84331,0.08896
1160.91488,0.09261
1158.98645,0.09616
1157.05802,0.09977
1155.12959,0.10338
1153.20116,0.10674
1151.27273,0.10957
1149.34430,0.11173
1147.41587,0.11355
1145.48744,0.11543
1143.55901,0.11714
1141.63058,0.11856
1139.70215,0.12011
1137.77372,0.12198
1135.84529,0.12414
1133.91686,0.12697
1131.98843,0.13065
1130.06000,0.13463
1128.13157,0.13818
1126.20314,0.14161
1124.27471,0.14578
1122.34628,0.15058
1120.41785,0.15565
1118.48942,0.16139
1116.56099,0.16820
1114.63256,0.17527
1112.70413,0.18145
1110.77570,0.18694
1108.84727,0.19268
1106.91884,0.19898
1104.99041,0.20586
1103.06198,0.21339
1101.13355,0.22096
1099.20512,0.22817
1097.27669,0.23550
1095.34826,0.24303
1093.41983,0.24987
1091.49140,0.25513
1089.56297,0.25880
1087.63454,0.26149
1085.70611,0.26397
1083.77768,0.26668
1081.84925,0.26904
1079.92082,0.27016
1077.99239,0.27048
1076.06396,0.27123
1074.13553,0.27254
1072.20710,0.27372
1070.27867,0.27438
1068.35024,0.27468
1066.42181,0.27495
1064.49338,0.27496
1062.56495,0.27454
1060.63652,0.27385
1058.70809,0.27279
1056.77966,0.27115
1054.85123,0.26902
1052.92280,0.26658
1050.99437,0.26359
1049.06594,0.25983
1047.13751,0.25576
1045.20908,0.25171
1043.28065,0.24723
1041.35222,0.24145
1039.42379,0.23433
1037.49536,0.22691
1035.56693,0.21982
1033.63850,0.21278
1031.71007,0.20565
1029.78164,0.19848
1027.85321,0.19087
1025.92478,0.18228
1023.99635,0.17328
1022.06792,0.16480
1020.13949,0.15684
1018.21106,0.14931
1016.28263,0.14223
1014.35420,0.13523
1012.42577,0.12813
1010.49734,0.12126
1008.56891,0.11486
1006.64048,0.10882
1004.71205,0.10309
1002.78362,0.09756
1000.85519,0.09201
998.92676,0.08686
996.99833,0.08280
995.06990,0.07964
993.14147,0.07692
991.21304,0.07457
989.28461,0.07235
987.35618,0.07012
985.42775,0.06836
983.49932,0.06739
981.57089,0.06681
979.64246,0.06624
977.71403,0.06560
975.78560,0.06461
973.85717,0.06338
971.92874,0.06221
970.00031,0.06085
968.07188,0.05927
966.14345,0.05777
964.21502,0.05635
962.28659,0.05497
960.35816,0.05355
958.42973,0.05185
956.50130,0.04998
954.57287,0.04815
952.64444,0.04606
950.71601,0.04390
948.78758,0.04224
946.85915,0.04100
944.93072,0.03979
943.00229,0.03830
941.07386,0.03658
939.14543,0.03518
937.21700,0.03419
935.28857,0.03315
933.36014,0.03182
931.43171,0.03008
929.50328,0.02795
927.57485,0.02577
925.64642,0.02372
923.71799,0.02185
921.78956,0.02037
919.86113,0.01914
917.93270,0.01769
916.00427,0.01604
914.07584,0.01431
912.14741,0.01275
910.21898,0.01171
908.29055,0.01092
906.36212,0.00989
904.43368,0.00872
902.50525,0.00769
900.57682,0.00661
898.64839,0.00536
896.71996,0.00434
894.79153,0.00381
892.86310,0.00366
890.93467,0.00356
889.00624,0.00311
887.07781,0.00223
885.14938,0.00155
883.22095,0.00127
881.29252,0.00098
879.36409,0.00079
877.43566,0.00117
875.50723,0.00130
873.57880,0.00093
871.65037,0.00048
869.72194,0.00024
867.79351,0.00011
865.86508,0.00000
863.93665,0.00001
862.00822,0.00023
860.07979,0.00036
858.15136,0.00031
856.22293,0.00059
854.29450,0.00154
852.36607,0.00260
850.43764,0.00317
848.50921,0.00344
846.58078,0.00377
844.65235,0.00439
842.72392,0.00565
840.79549,0.00743
838.86706,0.00905
836.93863,0.01061
835.01020,0.01245
833.08177,0.01422
831.15334,0.01546
829.22491,0.01627
827.29648,0.01745
825.36805,0.01945
823.43962,0.02131
821.51119,0.02246
819.58276,0.02352
817.65433,0.02487
815.72590,0.02632
813.79747,0.02765
811.86904,0.02875
809.94061,0.02986
808.01218,0.03139
806.08375,0.03299
804.15532,0.03398
802.22689,0.03464
800.29846,0.03559
798.37003,0.03658
796.44160,0.03708
794.51317,0.03715
792.58474,0.03686
790.65631,0.03609
788.72788,0.03499
786.79945,0.03354
784.87102,0.03179
782.94259,0.03038
781.01416,0.02932
779.08573,0.02767
777.15730,0.02477
775.22887,0.02116
773.30044,0.01861
771.37201,0.01763
769.44358,0.01657
767.51515,0.01510
765.58672,0.01442
763.65829,0.01439
761.72986,0.01442
759.80143,0.01433
757.87300,0.01325
755.94457,0.01127
754.01614,0.01005
752.08771,0.01005
750.15928,0.01015
748.23085,0.00952
746.30242,0.00851
744.37399,0.00832
742.44556,0.00894
740.51713,0.00931
738.58870,0.00925
736.66027,0.00903
734.73184,0.00892
732.80341,0.00933
730.87498,0.01003
728.94655,0.01014
727.01812,0.00966
725.08969,0.00986
723.16126,0.01231
721.23283,0.01345
719.30440,0.01351
717.37597,0.01328
715.44754,0.01330
713.51911,0.01395
711.59068,0.01481
709.66225,0.01538
707.73382,0.01555
705.80539,0.01565
703.87696,0.01634
701.94853,0.01784
700.02010,0.01946
698.09167,0.02032
696.16324,0.02010
694.23481,0.01876
692.30638,0.01659
690.37795,0.01429
688.44952,0.01287
686.52109,0.01333
684.59266,0.01510
682.66423,0.01587
680.73580,0.01488
678.80737,0.01403
676.87894,0.01491
674.95051,0.01734
673.02208,0.02043
671.09365,0.02206
669.16522,0.02129
667.23679,0.02205
665.30836,0.02569
663.37993,0.02873
661.45150,0.03092
659.52307,0.03207
657.59464,0.02971
655.66621,0.02384
653.73778,0.01785
651.80935,0.01452
649.88092,0.01377
647.95249,0.01510
646.02406,0.01602
644.09563,0.01500
642.16720,0.01261
640.23877,0.01028
638.31034,0.00896
636.38191,0.00822
634.45348,0.00712
632.52505,0.00603
630.59662,0.00583
628.66819,0.00567
626.73976,0.00430
624.81133,0.00378
622.88290,0.00613
620.95447,0.01014
619.02604,0.01305
617.09761,0.01458
615.16918,0.01245
613.24075,0.00874
611.31232,0.00570
609.38389,0.00469
607.45546,0.00444
605.52703,0.00263
603.59860,0.00046
601.67017,0.00000
599.74174,0.00000
