4001.49232,0.00115
3999.56389,0.00423
3997.63546,0.00479
3995.70703,0.00410
3993.77860,0.00343
3991.85017,0.00287
3989.92174,0.00236
3987.99331,0.00175
3986.06488,0.00110
3984.13645,0.00100
3982.20802,0.00143
3980.27959,0.00207
3978.35116,0.00251
3976.42273,0.00238
3974.49430,0.00174
3972.56587,0.00124
3970.63744,0.00113
3968.70901,0.00105
3966.78058,0.00097
3964.85215,0.00124
3962.92372,0.00194
3960.99529,0.00218
3959.06686,0.00137
3957.13843,0.00039
3955.21000,0.00002
3953.28157,0.00000
3951.35314,0.00052
3949.42471,0.00210
3947.49628,0.00345
3945.56785,0.00329
3943.63942,0.00294
3941.71099,0.00298
3939.78256,0.00242
3937.85413,0.00143
3935.92570,0.00057
3933.99727,0.00024
3932.06884,0.00093
3930.14041,0.00199
3928.21198,0.00200
3926.28355,0.00141
3924.35512,0.00183
3922.42669,0.00306
3920.49826,0.00389
3918.56982,0.00475
3916.64139,0.00556
3914.71296,0.00525
3912.78453,0.00413
3910.85610,0.00288
3908.92767,0.00139
3906.99924,0.00000
3905.07081,0.00094
3903.14238,0.00534
3901.21395,0.00859
3899.28552,0.00859
3897.35709,0.00748
3895.42866,0.00610
3893.50023,0.00517
3891.57180,0.00615
3889.64337,0.00784
3887.71494,0.00854
3885.78651,0.00861
3883.85808,0.00862
3881.92965,0.00927
3880.00122,0.01016
3878.07279,0.00937
3876.14436,0.00780
3874.21593,0.00751
3872.28750,0.00889
3870.35907,0.01087
3868.43064,0.01176
3866.50221,0.01079
3864.57378,0.01041
3862.64535,0.01239
3860.71692,0.01368
3858.78849,0.01277
3856.86006,0.01103
3854.93163,0.00992
3853.00320,0.01099
3851.07477,0.01264
3849.14634,0.01252
3847.21791,0.01103
3845.28948,0.00896
3843.36105,0.00726
3841.43262,0.00620
3839.50419,0.00629
3837.57576,0.00847
3835.64733,0.01055
3833.71890,0.01131
3831.79047,0.01127
3829.86204,0.01031
3827.93361,0.00881
3826.00518,0.00793
3824.07675,0.00811
3822.14832,0.00956
3820.21989,0.01209
3818.29146,0.01226
3816.36303,0.01075
3814.43460,0.00990
3812.50617,0.00924
3810.57774,0.00795
3808.64931,0.00656
3806.72088,0.00652
3804.79245,0.00672
3802.86402,0.00610
3800.93559,0.00646
3799.00716,0.00731
3797.07873,0.00717
3795.15030,0.00657
3793.22187,0.00562
3791.29344,0.00460
3789.36501,0.00358
3787.43658,0.00262
3785.50815,0.00246
3783.57972,0.00323
3781.65129,0.00358
3779.72286,0.00362
3777.79443,0.00406
3775.86600,0.00383
3773.93757,0.00246
3772.00914,0.00155
3770.08071,0.00294
3768.15228,0.00551
3766.22385,0.00686
3764.29542,0.00710
3762.36699,0.00697
3760.43856,0.00765
3758.51013,0.01041
3756.58170,0.01292
3754.65327,0.01195
3752.72484,0.00975
3750.79641,0.01321
3748.86798,0.02109
3746.93955,0.02500
3745.01112,0.02617
3743.08269,0.02455
3741.15426,0.02031
3739.22583,0.01552
3737.29740,0.01210
3735.36897,0.01295
3733.44054,0.01633
3731.51211,0.01704
3729.58368,0.01528
3727.65525,0.01358
3725.72682,0.01275
3723.79839,0.01219
3721.86996,0.01114
3719.94153,0.00994
3718.01310,0.00917
3716.08467,0.00817
3714.15624,0.00611
3712.22781,0.00483
3710.29938,0.00709
3708.37095,0.00878
3706.44252,0.00787
3704.51409,0.00613
3702.58566,0.00537
3700.65723,0.00603
3698.72880,0.00650
3696.80037,0.00578
3694.87194,0.00392
3692.94351,0.00117
3691.01508,0.00000
3689.08665,0.00394
3687.15822,0.00872
3685.22979,0.00966
3683.30136,0.00842
3681.37293,0.00668
3679.44450,0.00537
3677.51607,0.00624
3675.58764,0.00962
3673.65921,0.01085
3671.73078,0.00895
3669.80235,0.00835
3667.87392,0.00966
3665.94549,0.00930
3664.01706,0.00741
3662.08863,0.00582
3660.16020,0.00547
3658.23177,0.00621
3656.30334,0.00749
3654.37491,0.00702
3652.44648,0.00314
3650.51805,0.00000
3648.58962,0.00459
3646.66119,0.01017
3644.73276,0.01094
3642.80433,0.00926
3640.87590,0.00726
3638.94747,0.00602
3637.01904,0.00608
3635.09061,0.00677
3633.16218,0.00679
3631.23375,0.00606
3629.30532,0.00656
3627.37689,0.00917
3625.44846,0.01045
3623.52003,0.00947
3621.59160,0.00742
3619.66317,0.00734
3617.73474,0.01054
3615.80631,0.01326
3613.87788,0.01433
3611.94945,0.01475
3610.02102,0.01490
3608.09259,0.01510
3606.16416,0.01430
3604.23573,0.01200
3602.30730,0.00976
3600.37887,0.00888
3598.45044,0.00897
3596.52201,0.00921
3594.59358,0.00966
3592.66515,0.00949
3590.73672,0.00823
3588.80829,0.00736
3586.87986,0.00798
3584.95143,0.00825
3583.02300,0.00741
3581.09457,0.00651
3579.16614,0.00571
3577.23771,0.00512
3575.30928,0.00526
3573.38085,0.00554
3571.45242,0.00458
3569.52399,0.00297
3567.59556,0.00339
3565.66713,0.00634
3563.73870,0.00820
3561.81027,0.00828
3559.88184,0.00748
3557.95341,0.00610
3556.02498,0.00490
3554.09655,0.00463
3552.16812,0.00506
3550.23969,0.00537
3548.31126,0.00555
3546.38283,0.00580
3544.45440,0.00572
3542.52597,0.00525
3540.59754,0.00466
3538.66911,0.00384
3536.74068,0.00319
3534.81225,0.00284
3532.88382,0.00225
3530.95539,0.00185
3529.02696,0.00269
3527.09853,0.00433
3525.17010,0.00502
3523.24167,0.00461
3521.31324,0.00407
3519.38481,0.00333
3517.45638,0.00219
3515.52795,0.00107
3513.59952,0.00020
3511.67109,0.00000
3509.74266,0.00064
3507.81423,0.00146
3505.88580,0.00200
3503.95737,0.00297
3502.02894,0.00399
3500.10051,0.00333
3498.17208,0.00158
3496.24365,0.00066
3494.31522,0.00086
3492.38679,0.00108
3490.45836,0.00090
3488.52993,0.00098
3486.60150,0.00153
3484.67307,0.00179
3482.74464,0.00163
3480.81621,0.00162
3478.88778,0.00159
3476.95935,0.00143
3475.03092,0.00185
3473.10249,0.00233
3471.17406,0.00186
3469.24563,0.00113
3467.31720,0.00114
3465.38877,0.00152
3463.46034,0.00179
3461.53191,0.00193
3459.60348,0.00154
3457.67505,0.00074
3455.74662,0.00046
3453.81819,0.00095
3451.88976,0.00131
3449.96133,0.00080
3448.03290,0.00012
3446.10447,0.00035
3444.17604,0.00091
3442.24761,0.00110
3440.31918,0.00142
3438.39075,0.00172
3436.46232,0.00146
3434.53389,0.00105
3432.60546,0.00099
3430.67703,0.00092
3428.74860,0.00051
3426.82017,0.00020
3424.89174,0.00085
3422.96331,0.00235
3421.03488,0.00355
3419.10645,0.00360
3417.17802,0.00256
3415.24959,0.00148
3413.32116,0.00153
3411.39273,0.00219
3409.46430,0.00258
3407.53587,0.00279
3405.60744,0.00266
3403.67901,0.00187
3401.75058,0.00142
3399.82215,0.00372
3397.89372,0.00478
3395.96529,0.00514
3394.03686,0.00544
3392.10843,0.00523
3390.18000,0.00407
3388.25157,0.00337
3386.32314,0.00391
3384.39471,0.00391
3382.46628,0.00265
3380.53785,0.00148
3378.60942,0.00120
3376.68099,0.00155
3374.75256,0.00193
3372.82413,0.00210
3370.89570,0.00262
3368.96727,0.00376
3367.03884,0.00480
3365.11041,0.00510
3363.18198,0.00489
3361.25355,0.00468
3359.32512,0.00458
3357.39669,0.00457
3355.46826,0.00460
3353.53983,0.00425
3351.61140,0.00360
3349.68297,0.00321
3347.75454,0.00317
3345.82611,0.00316
3343.89768,0.00329
3341.96925,0.00384
3340.04082,0.00453
3338.11239,0.00500
3336.18396,0.00534
3334.25553,0.00552
3332.32710,0.00561
3330.39867,0.00594
3328.47024,0.00660
3326.54181,0.00726
3324.61338,0.00738
3322.68495,0.00684
3320.75652,0.00604
3318.82809,0.00573
3316.89966,0.00620
3314.97122,0.00683
3313.04279,0.00739
3311.11436,0.00818
3309.18593,0.00870
3307.25750,0.00815
3305.32907,0.00707
3303.40064,0.00675
3301.47221,0.00744
3299.54378,0.00823
3297.61535,0.00828
3295.68692,0.00814
3293.75849,0.00883
3291.83006,0.00986
3289.90163,0.01009
3287.97320,0.00975
3286.04477,0.00993
3284.11634,0.01058
3282.18791,0.01071
3280.25948,0.01025
3278.33105,0.01006
3276.40262,0.01037
3274.47419,0.01056
3272.54576,0.01019
3270.61733,0.00944
3268.68890,0.00899
3266.76047,0.00926
3264.83204,0.00969
3262.90361,0.00964
3260.97518,0.00926
3259.04675,0.00888
3257.11832,0.00885
3255.18989,0.00922
3253.26146,0.00939
3251.33303,0.00901
3249.40460,0.00881
3247.47617,0.00938
3245.54774,0.01027
3243.61931,0.01057
3241.69088,0.00991
3239.76245,0.00895
3237.83402,0.00857
3235.90559,0.00885
3233.97716,0.00930
3232.04873,0.00938
3230.12030,0.00900
3228.19187,0.00855
3226.26344,0.00833
3224.33501,0.00850
3222.40658,0.00885
3220.47815,0.00876
3218.54972,0.00819
3216.62129,0.00760
3214.69286,0.00736
3212.76443,0.00760
3210.83600,0.00792
3208.90757,0.00768
3206.97914,0.00700
3205.05071,0.00668
3203.12228,0.00719
3201.19385,0.00808
3199.26542,0.00850
3197.33699,0.00798
3195.40856,0.00669
3193.48013,0.00554
3191.55170,0.00527
3189.62327,0.00571
3187.69484,0.00635
3185.76641,0.00661
3183.83798,0.00613
3181.90955,0.00568
3179.98112,0.00605
3178.05269,0.00675
3176.12426,0.00685
3174.19583,0.00624
3172.26740,0.00542
3170.33897,0.00483
3168.41054,0.00455
3166.48211,0.00445
3164.55368,0.00442
3162.62525,0.00445
3160.69682,0.00439
3158.76839,0.00422
3156.83996,0.00403
3154.91153,0.00372
3152.98310,0.00341
3151.05467,0.00327
3149.12624,0.00328
3147.19781,0.00352
3145.26938,0.00372
3143.34095,0.00333
3141.41252,0.00257
3139.48409,0.00212
3137.55566,0.00255
3135.62723,0.00369
3133.69880,0.00442
3131.77037,0.00391
3129.84194,0.00301
3127.91351,0.00279
3125.98508,0.00312
3124.05665,0.00331
3122.12822,0.00306
3120.19979,0.00275
3118.27136,0.00295
3116.34293,0.00337
3114.41450,0.00335
3112.48607,0.00297
3110.55764,0.00268
3108.62921,0.00238
3106.70078,0.00189
3104.77235,0.00168
3102.84392,0.00223
3100.91549,0.00294
3098.98706,0.00298
3097.05863,0.00263
3095.13020,0.00229
3093.20177,0.00180
3091.27334,0.00118
3089.34491,0.00054
3087.41648,0.00007
3085.48805,0.00000
3083.55962,0.00050
3081.63119,0.00139
3079.70276,0.00186
3077.77433,0.00143
3075.84590,0.00069
3073.91747,0.00035
3071.98904,0.00034
3070.06061,0.00048
3068.13218,0.00095
3066.20375,0.00156
3064.27532,0.00169
3062.34689,0.00134
3060.41846,0.00114
3058.49003,0.00140
3056.56160,0.00173
3054.63317,0.00170
3052.70474,0.00151
3050.77631,0.00145
3048.84788,0.00128
3046.91945,0.00087
3044.99102,0.00041
3043.06259,0.00004
3041.13416,0.00000
3039.20573,0.00043
3037.27730,0.00103
3035.34887,0.00146
3033.42044,0.00184
3031.49201,0.00218
3029.56358,0.00219
3027.63515,0.00180
3025.70672,0.00131
3023.77829,0.00096
3021.84986,0.00085
3019.92143,0.00090
3017.99300,0.00112
3016.06457,0.00156
3014.13614,0.00191
3012.20771,0.00199
3010.27928,0.00182
3008.35085,0.00151
3006.42242,0.00123
3004.49399,0.00101
3002.56556,0.00078
3000.63713,0.00046
2998.70870,0.00000
2996.78027,0.00041
2994.85184,0.00100
2992.92341,0.00108
2990.99498,0.00079
2989.06655,0.00079
2987.13812,0.00102
2985.20969,0.00116
2983.28126,0.00121
2981.35283,0.00134
2979.42440,0.00169
2977.49597,0.00228
2975.56754,0.00266
2973.63911,0.00251
2971.71068,0.00216
2969.78225,0.00208
2967.85382,0.00220
2965.92539,0.00214
2963.99696,0.00190
2962.06853,0.00180
2960.14010,0.00197
2958.21167,0.00235
2956.28324,0.00272
2954.35481,0.00267
2952.42638,0.00218
2950.49795,0.00173
2948.56952,0.00169
2946.64109,0.00208
2944.71266,0.00247
2942.78423,0.00266
2940.85580,0.00283
2938.92737,0.00307
2936.99894,0.00317
2935.07051,0.00304
2933.14208,0.00288
2931.21365,0.00280
2929.28522,0.00270
2927.35679,0.00256
2925.42836,0.00241
2923.49993,0.00232
2921.57150,0.00229
2919.64307,0.00198
2917.71464,0.00143
2915.78621,0.00104
2913.85778,0.00080
2911.92935,0.00070
2910.00092,0.00076
2908.07249,0.00065
2906.14406,0.00036
2904.21563,0.00041
2902.28720,0.00077
2900.35877,0.00097
2898.43034,0.00099
2896.50191,0.00099
2894.57348,0.00094
2892.64505,0.00085
2890.71662,0.00078
2888.78819,0.00068
2886.85976,0.00066
2884.93133,0.00086
2883.00290,0.00115
2881.07447,0.00128
2879.14604,0.00118
2877.21761,0.00091
2875.28918,0.00067
2873.36075,0.00068
2871.43232,0.00087
2869.50389,0.00098
2867.57546,0.00095
2865.64703,0.00091
2863.71860,0.00088
2861.79017,0.00079
2859.86174,0.00056
2857.93331,0.00046
2856.00488,0.00077
2854.07645,0.00122
2852.14802,0.00146
2850.21959,0.00141
2848.29116,0.00123
2846.36273,0.00104
2844.43430,0.00075
2842.50587,0.00050
2840.57744,0.00056
2838.64901,0.00082
2836.72058,0.00098
2834.79215,0.00090
2832.86372,0.00056
2830.93529,0.00011
2829.00686,0.00000
2827.07843,0.00038
2825.15000,0.00077
2823.22157,0.00076
2821.29314,0.00057
2819.36471,0.00052
2817.43628,0.00059
2815.50785,0.00075
2813.57942,0.00101
2811.65099,0.00119
2809.72256,0.00107
2807.79413,0.00067
2805.86570,0.00025
2803.93727,0.00019
2802.00884,0.00032
2800.08041,0.00035
2798.15198,0.00039
2796.22355,0.00050
2794.29512,0.00060
2792.36669,0.00056
2790.43826,0.00038
2788.50983,0.00042
2786.58140,0.00069
2784.65297,0.00065
2782.72454,0.00033
2780.79611,0.00033
2778.86768,0.00048
2776.93925,0.00025
2775.01082,0.00000
2773.08239,0.00021
2771.15396,0.00069
2769.22553,0.00090
2767.29710,0.00075
2765.36867,0.00057
2763.44024,0.00057
2761.51181,0.00061
2759.58338,0.00057
2757.65495,0.00066
2755.72652,0.00103
2753.79809,0.00122
2751.86966,0.00091
2749.94123,0.00059
2748.01280,0.00070
2746.08437,0.00107
2744.15594,0.00127
2742.22751,0.00118
2740.29908,0.00111
2738.37065,0.00113
2736.44222,0.00111
2734.51379,0.00107
2732.58536,0.00090
2730.65693,0.00064
2728.72850,0.00052
2726.80007,0.00057
2724.87164,0.00065
2722.94321,0.00064
2721.01478,0.00059
2719.08635,0.00072
2717.15792,0.00101
2715.22949,0.00100
2713.30105,0.00065
2711.37262,0.00060
2709.44419,0.00087
2707.51576,0.00092
2705.58733,0.00072
2703.65890,0.00047
2701.73047,0.00022
2699.80204,0.00009
2697.87361,0.00020
2695.94518,0.00052
2694.01675,0.00104
2692.08832,0.00141
2690.15989,0.00118
2688.23146,0.00053
2686.30303,0.00008
2684.37460,0.00000
2682.44617,0.00002
2680.51774,0.00012
2678.58931,0.00019
2676.66088,0.00014
2674.73245,0.00015
2672.80402,0.00030
2670.87559,0.00053
2668.94716,0.00069
2667.01873,0.00067
2665.09030,0.00070
2663.16187,0.00086
2661.23344,0.00090
2659.30501,0.00086
2657.37658,0.00090
2655.44815,0.00093
2653.51972,0.00087
2651.59129,0.00085
2649.66286,0.00074
2647.73443,0.00044
2645.80600,0.00035
2643.87757,0.00066
2641.94914,0.00091
2640.02071,0.00087
2638.09228,0.00074
2636.16385,0.00064
2634.23542,0.00061
2632.30699,0.00063
2630.37856,0.00050
2628.45013,0.00021
2626.52170,-0.00003
2624.59327,0.00005
2622.66484,0.00036
2620.73641,0.00057
2618.80798,0.00061
2616.87955,0.00050
2614.95112,0.00032
2613.02269,0.00027
2611.09426,0.00041
2609.16583,0.00050
2607.23740,0.00030
2605.30897,0.00002
2603.38054,0.00004
2601.45211,0.00029
2599.52368,0.00045
2597.59525,0.00054
2595.66682,0.00073
2593.73839,0.00090
2591.80996,0.00081
2589.88153,0.00047
2587.95310,0.00013
2586.02467,0.00000
2584.09624,0.00010
2582.16781,0.00047
2580.23938,0.00080
2578.31095,0.00075
2576.38252,0.00061
2574.45409,0.00075
2572.52566,0.00101
2570.59723,0.00108
2568.66880,0.00085
2566.74037,0.00049
2564.81194,0.00022
2562.88351,0.00015
2560.95508,0.00021
2559.02665,0.00032
2557.09822,0.00046
2555.16979,0.00066
2553.24136,0.00079
2551.31293,0.00073
2549.38450,0.00060
2547.45607,0.00061
2545.52764,0.00077
2543.59921,0.00070
2541.67078,0.00035
2539.74235,0.00022
2537.81392,0.00030
2535.88549,0.00016
2533.95706,-0.00008
2532.02863,-0.00013
2530.10020,0.00002
2528.17177,0.00034
2526.24334,0.00057
2524.31491,0.00058
2522.38648,0.00047
2520.45805,0.00024
2518.52962,0.00003
2516.60119,0.00001
2514.67276,0.00005
2512.74433,0.00015
2510.81590,0.00050
2508.88747,0.00083
2506.95904,0.00089
2505.03061,0.00074
2503.10218,0.00048
2501.17375,0.00035
2499.24532,0.00040
2497.31689,0.00024
2495.38846,-0.00000
2493.46003,0.00000
2491.53160,0.00002
2489.60317,-0.00003
2487.67474,0.00002
2485.74631,0.00029
2483.81788,0.00067
2481.88945,0.00084
2479.96102,0.00078
2478.03259,0.00056
2476.10416,0.00027
2474.17573,0.00012
2472.24730,0.00022
2470.31887,0.00035
2468.39044,0.00032
2466.46201,0.00022
2464.53358,0.00020
2462.60515,0.00024
2460.67672,0.00040
2458.74829,0.00061
2456.81986,0.00054
2454.89143,0.00022
2452.96300,0.00000
2451.03457,0.00002
2449.10614,0.00024
2447.17771,0.00044
2445.24928,0.00033
2443.32085,0.00004
2441.39242,0.00002
2439.46399,0.00021
2437.53556,0.00033
2435.60713,0.00035
2433.67870,0.00036
2431.75027,0.00042
2429.82184,0.00041
2427.89341,0.00024
2425.96498,0.00012
2424.03655,0.00010
2422.10812,0.00009
2420.17969,0.00008
2418.25126,0.00007
2416.32283,0.00006
2414.39440,0.00005
2412.46597,0.00004
2410.53754,0.00003
2408.60911,0.00002
2406.68068,0.00002
2404.75225,0.00001
2402.82382,0.00000
2400.89539,0.00000
2398.96696,-0.00002
2397.03853,-0.00005
2395.11010,-0.00007
2393.18167,-0.00009
2391.25324,-0.00011
2389.32481,-0.00013
2387.39638,-0.00015
2385.46795,-0.00017
2383.53952,-0.00018
2381.61109,-0.00020
2379.68266,-0.00022
2377.75423,-0.00023
2375.82580,-0.00024
2373.89737,-0.00026
2371.96894,-0.00027
2370.04051,-0.00028
2368.11208,-0.00029
2366.18365,-0.00030
2364.25522,-0.00031
2362.32679,-0.00032
2360.39836,-0.00033
2358.46993,-0.00034
2356.54150,-0.00034
2354.61307,-0.00035
2352.68464,-0.00035
2350.75621,-0.00036
2348.82778,-0.00036
2346.89935,-0.00036
2344.97092,-0.00036
2343.04249,-0.00036
2341.11406,-0.00036
2339.18563,-0.00036
2337.25720,-0.00036
2335.32877,-0.00036
2333.40034,-0.00036
2331.47191,-0.00035
2329.54348,-0.00035
2327.61505,-0.00034
2325.68662,-0.00034
2323.75819,-0.00033
2321.82976,-0.00032
2319.90133,-0.00031
2317.97290,-0.00030
2316.04447,-0.00029
2314.11604,-0.00028
2312.18761,-0.00027
2310.25918,-0.00026
2308.33075,-0.00025
2306.40232,-0.00023
2304.47389,-0.00022
2302.54546,-0.00020
2300.61703,-0.00019
2298.68860,-0.00017
2296.76017,-0.00015
2294.83174,-0.00013
2292.90331,-0.00011
2290.97488,-0.00009
2289.04645,-0.00007
2287.11802,-0.00005
2285.18959,-0.00003
2283.26116,-0.00000
2281.33273,0.00002
2279.40430,0.00005
2277.47587,0.00007
2275.54744,0.00010
2273.61901,0.00012
2271.69058,0.00015
2269.76215,0.00018
2267.83372,0.00021
2265.90529,0.00024
2263.97686,0.00027
2262.04843,0.00030
2260.12000,0.00034
2258.19157,0.00037
2256.26314,0.00040
2254.33471,0.00044
2252.40628,0.00048
2250.47785,0.00051
2248.54942,0.00055
2246.62099,0.00059
2244.69256,0.00063
2242.76413,0.00067
2240.83570,0.00066
2238.90727,0.00060
2236.97884,0.00059
2235.05041,0.00052
2233.12198,0.00033
2231.19355,0.00026
2229.26512,0.00044
2227.33669,0.00060
2225.40826,0.00053
2223.47983,0.00024
2221.55140,0.00000
2219.62297,0.00007
2217.69454,0.00028
2215.76611,0.00028
2213.83768,0.00025
2211.90925,0.00038
2209.98082,0.00047
2208.05239,0.00042
2206.12396,0.00034
2204.19553,0.00032
2202.26710,0.00035
2200.33867,0.00036
2198.41024,0.00032
2196.48181,0.00019
2194.55338,0.00004
2192.62495,0.00015
2190.69652,0.00043
2188.76809,0.00047
2186.83966,0.00022
2184.91123,0.00004
2182.98280,0.00003
2181.05437,0.00007
2179.12594,0.00013
2177.19751,0.00020
2175.26908,0.00021
2173.34065,0.00026
2171.41222,0.00032
2169.48379,0.00023
2167.55536,0.00002
2165.62693,0.00002
2163.69850,0.00044
2161.77007,0.00077
2159.84164,0.00061
2157.91321,0.00025
2155.98478,0.00002
2154.05635,0.00000
2152.12792,0.00015
2150.19949,0.00039
2148.27106,0.00058
2146.34263,0.00055
2144.41420,0.00039
2142.48577,0.00047
2140.55734,0.00083
2138.62891,0.00121
2136.70048,0.00140
2134.77205,0.00131
2132.84362,0.00106
2130.91519,0.00086
2128.98676,0.00063
2127.05833,0.00035
2125.12990,0.00011
2123.20147,0.00001
2121.27304,0.00007
2119.34461,0.00020
2117.41618,0.00042
2115.48775,0.00074
2113.55932,0.00094
2111.63089,0.00099
2109.70245,0.00088
2107.77402,0.00070
2105.84559,0.00073
2103.91716,0.00083
2101.98873,0.00062
2100.06030,0.00025
2098.13187,0.00016
2096.20344,0.00030
2094.27501,0.00047
2092.34658,0.00048
2090.41815,0.00040
2088.48972,0.00035
2086.56129,0.00032
2084.63286,0.00037
2082.70443,0.00046
2080.77600,0.00038
2078.84757,0.00013
2076.91914,-0.00012
2074.99071,0.00000
2073.06228,0.00039
2071.13385,0.00060
2069.20542,0.00050
2067.27699,0.00041
2065.34856,0.00059
2063.42013,0.00069
2061.49170,0.00048
2059.56327,0.00024
2057.63484,0.00016
2055.70641,0.00009
2053.77798,-0.00007
2051.84955,-0.00002
2049.92112,0.00037
2047.99269,0.00074
2046.06426,0.00089
2044.13583,0.00095
2042.20740,0.00088
2040.27897,0.00079
2038.35054,0.00076
2036.42211,0.00077
2034.49368,0.00084
2032.56525,0.00078
2030.63682,0.00068
2028.70839,0.00083
2026.77996,0.00116
2024.85153,0.00133
2022.92310,0.00120
2020.99467,0.00068
2019.06624,0.00010
2017.13781,0.00000
2015.20938,0.00031
2013.28095,0.00058
2011.35252,0.00078
2009.42409,0.00112
2007.49566,0.00126
2005.56723,0.00105
2003.63880,0.00077
2001.71037,0.00062
1999.78194,0.00058
1997.85351,0.00069
1995.92508,0.00078
1993.99665,0.00068
1992.06822,0.00069
1990.13979,0.00090
1988.21136,0.00121
1986.28293,0.00146
1984.35450,0.00125
1982.42607,0.00075
1980.49764,0.00030
1978.56921,-0.00002
1976.64078,0.00000
1974.71235,0.00042
1972.78392,0.00083
1970.85549,0.00085
1968.92706,0.00053
1966.99863,0.00051
1965.07020,0.00103
1963.14177,0.00127
1961.21334,0.00112
1959.28491,0.00112
1957.35648,0.00117
1955.42805,0.00104
1953.49962,0.00102
1951.57119,0.00112
1949.64276,0.00100
1947.71433,0.00053
1945.78590,0.00000
1943.85747,0.00002
1941.92904,0.00078
1940.00061,0.00150
1938.07218,0.00149
1936.14375,0.00096
1934.21532,0.00057
1932.28689,0.00067
1930.35846,0.00106
1928.43003,0.00128
1926.50160,0.00106
1924.57317,0.00065
1922.64474,0.00079
1920.71631,0.00131
1918.78788,0.00162
1916.85945,0.00187
1914.93102,0.00204
1913.00259,0.00182
1911.07416,0.00143
1909.14573,0.00150
1907.21730,0.00184
1905.28887,0.00198
1903.36044,0.00194
1901.43201,0.00188
1899.50358,0.00172
1897.57515,0.00159
1895.64672,0.00165
1893.71829,0.00164
1891.78986,0.00126
1889.86143,0.00113
1887.93300,0.00181
1886.00457,0.00254
1884.07614,0.00283
1882.14771,0.00287
1880.21928,0.00272
1878.29085,0.00256
1876.36242,0.00255
1874.43399,0.00250
1872.50556,0.00180
1870.57713,0.00048
1868.64870,0.00000
1866.72027,0.00101
1864.79184,0.00219
1862.86341,0.00263
1860.93498,0.00287
1859.00655,0.00329
1857.07812,0.00362
1855.14969,0.00365
1853.22126,0.00357
1851.29283,0.00335
1849.36440,0.00274
1847.43597,0.00207
1845.50754,0.00227
1843.57911,0.00350
1841.65068,0.00434
1839.72225,0.00416
1837.79382,0.00388
1835.86539,0.00422
1833.93696,0.00399
1832.00853,0.00230
1830.08010,0.00085
1828.15167,0.00134
1826.22324,0.00236
1824.29481,0.00302
1822.36638,0.00349
1820.43795,0.00383
1818.50952,0.00411
1816.58109,0.00392
1814.65266,0.00285
1812.72423,0.00155
1810.79580,0.00129
1808.86737,0.00217
1806.93894,0.00292
1805.01051,0.00307
1803.08208,0.00311
1801.15365,0.00348
1799.22522,0.00397
1797.29679,0.00383
1795.36836,0.00270
1793.43993,0.00165
1791.51150,0.00267
1789.58307,0.00522
1787.65464,0.00688
1785.72621,0.00702
1783.79778,0.00605
1781.86935,0.00496
1779.94092,0.00482
1778.01249,0.00494
1776.08406,0.00338
1774.15563,0.00052
1772.22720,0.00000
1770.29877,0.00342
1768.37034,0.00675
1766.44191,0.00728
1764.51348,0.00583
1762.58505,0.00458
1760.65662,0.00501
1758.72819,0.00621
1756.79976,0.00694
1754.87133,0.00685
1752.94290,0.00592
1751.01447,0.00464
1749.08604,0.00398
1747.15761,0.00466
1745.22918,0.00568
1743.30075,0.00593
1741.37232,0.00568
1739.44389,0.00568
1737.51546,0.00552
1735.58703,0.00480
1733.65860,0.00490
1731.73017,0.00647
1729.80174,0.00769
1727.87331,0.00819
1725.94488,0.00821
1724.01645,0.00813
1722.08802,0.00721
1720.15959,0.00403
1718.23116,0.00057
1716.30273,0.00225
1714.37430,0.00735
1712.44587,0.01076
1710.51744,0.01120
1708.58901,0.01000
1706.66058,0.00987
1704.73215,0.01264
1702.80372,0.01582
1700.87529,0.01700
1698.94686,0.01709
1697.01843,0.01882
1695.09000,0.02244
1693.16157,0.02488
1691.23314,0.02519
1689.30471,0.02397
1687.37628,0.02194
1685.44785,0.02102
1683.51942,0.02447
1681.59099,0.02924
1679.66256,0.03158
1677.73413,0.03186
1675.80570,0.03177
1673.87727,0.03143
1671.94884,0.03036
1670.02041,0.03086
1668.09198,0.03461
1666.16355,0.03749
1664.23512,0.03819
1662.30669,0.03978
1660.37826,0.04338
1658.44983,0.04557
1656.52140,0.04443
1654.59297,0.04282
1652.66454,0.04468
1650.73611,0.04722
1648.80768,0.04566
1646.87925,0.04219
1644.95082,0.04250
1643.02239,0.04425
1641.09396,0.04346
1639.16553,0.03951
1637.23710,0.03510
1635.30867,0.03421
1633.38024,0.03582
1631.45181,0.03612
1629.52338,0.03435
1627.59495,0.03217
1625.66652,0.03100
1623.73809,0.03118
1621.80966,0.03235
1619.88123,0.03178
1617.95280,0.02888
1616.02437,0.02688
1614.09594,0.02676
1612.16751,0.02570
1610.23908,0.02261
1608.31065,0.01913
1606.38222,0.01672
1604.45379,0.01509
1602.52536,0.01388
1600.59693,0.01301
1598.66850,0.01203
1596.74007,0.01102
1594.81164,0.01060
1592.88321,0.01085
1590.95478,0.01124
1589.02635,0.01159
1587.09792,0.01197
1585.16949,0.01246
1583.24106,0.01320
1581.31263,0.01348
1579.38420,0.01224
1577.45577,0.01082
1575.52734,0.01222
1573.59891,0.01504
1571.67048,0.01613
1569.74205,0.01649
1567.81362,0.01818
1565.88519,0.02021
1563.95676,0.02091
1562.02833,0.01950
1560.09990,0.01846
1558.17147,0.02182
1556.24304,0.02724
1554.31461,0.03066
1552.38618,0.03217
1550.45775,0.03291
1548.52932,0.03342
1546.60089,0.03214
1544.67246,0.02775
1542.74403,0.02265
1540.81560,0.02202
1538.88717,0.02846
1536.95874,0.03337
1535.03031,0.03349
1533.10188,0.03159
1531.17345,0.03077
1529.24502,0.02997
1527.31659,0.02824
1525.38816,0.02646
1523.45973,0.02505
1521.53130,0.02531
1519.60287,0.02718
1517.67444,0.02761
1515.74601,0.02722
1513.81758,0.02688
1511.88915,0.02484
1509.96072,0.02011
1508.03229,0.01516
1506.10385,0.01464
1504.17542,0.01754
1502.24699,0.01925
1500.31856,0.01710
1498.39013,0.01304
1496.46170,0.01122
1494.53327,0.01102
1492.60484,0.00874
1490.67641,0.00453
1488.74798,0.00276
1486.81955,0.00432
1484.89112,0.00609
1482.96269,0.00653
1481.03426,0.00627
1479.10583,0.00565
1477.17740,0.00399
1475.24897,0.00140
1473.32054,0.00061
1471.39211,0.00351
1469.46368,0.00669
1467.53525,0.00745
1465.60682,0.00701
1463.67839,0.00739
1461.74996,0.00668
1459.82153,0.00298
1457.89310,0.00006
1455.96467,0.00296
1454.03624,0.00682
1452.10781,0.00801
1450.17938,0.00666
1448.25095,0.00477
1446.32252,0.00420
1444.39409,0.00456
1442.46566,0.00459
1440.53723,0.00390
1438.60880,0.00312
1436.68037,0.00318
1434.75194,0.00377
1432.82351,0.00379
1430.89508,0.00324
1428.96665,0.00284
1427.03822,0.00261
1425.10979,0.00224
1423.18136,0.00205
1421.25293,0.00228
1419.32450,0.00296
1417.39607,0.00367
1415.46764,0.00364
1413.53921,0.00289
1411.61078,0.00212
1409.68235,0.00177
1407.75392,0.00132
1405.82549,0.00084
1403.89706,0.00094
1401.96863,0.00114
1400.04020,0.00113
1398.11177,0.00144
1396.18334,0.00205
1394.25491,0.00312
1392.32648,0.00456
1390.39805,0.00514
1388.46962,0.00455
1386.54119,0.00381
1384.61276,0.00351
1382.68433,0.00343
1380.75590,0.00346
1378.82747,0.00329
1376.89904,0.00238
1374.97061,0.00150
1373.04218,0.00180
1371.11375,0.00229
1369.18532,0.00195
1367.25689,0.00116
1365.32846,0.00048
1363.40003,0.00039
1361.47160,0.00100
1359.54317,0.00143
1357.61474,0.00111
1355.68631,0.00059
1353.75788,0.00055
1351.82945,0.00070
1349.90102,0.00071
1347.97259,0.00078
1346.04416,0.00090
1344.11573,0.00079
1342.18730,0.00048
1340.25887,0.00046
1338.33044,0.00100
1336.40201,0.00111
1334.47358,0.00068
1332.54515,0.00043
1330.61672,0.00056
1328.68829,0.00066
1326.75986,0.00079
1324.83143,0.00113
1322.90300,0.00120
1320.97457,0.00060
1319.04614,0.00016
1317.11771,0.00040
1315.18928,0.00070
1313.26085,0.00057
1311.33242,0.00024
1309.40399,0.00000
1307.47556,0.00008
1305.54713,0.00045
1303.61870,0.00074
1301.69027,0.00076
1299.76184,0.00064
1297.83341,0.00059
1295.90498,0.00062
1293.97655,0.00065
1292.04812,0.00071
1290.11969,0.00075
1288.19126,0.00067
1286.26283,0.00064
1284.33440,0.00072
1282.40597,0.00085
1280.47754,0.00097
1278.54911,0.00103
1276.62068,0.00099
1274.69225,0.00096
1272.76382,0.00120
1270.83539,0.00182
1268.90696,0.00252
1266.97853,0.00269
1265.05010,0.00225
1263.12167,0.00193
1261.19324,0.00217
1259.26481,0.00294
1257.33638,0.00396
1255.40795,0.00497
1253.47952,0.00580
1251.55109,0.00646
1249.62266,0.00715
1247.69423,0.00800
1245.76580,0.00893
1243.83737,0.00959
1241.90894,0.00995
1239.98051,0.01059
1238.05208,0.01154
1236.12365,0.01222
1234.19522,0.01269
1232.26679,0.01329
1230.33836,0.01403
1228.40993,0.01492
1226.48150,0.01584
1224.55307,0.01668
1222.62464,0.01757
1220.69621,0.01875
1218.76778,0.02009
1216.83935,0.02115
1214.91092,0.02172
1212.98249,0.02230
1211.05406,0.02311
1209.12563,0.02370
1207.19720,0.02406
1205.26877,0.02463
1203.34034,0.02556
1201.41191,0.02663
1199.48348,0.02755
1197.55505,0.02834
1195.62662,0.02952
1193.69819,0.03138
1191.76976,0.03377
1189.84133,0.03658
1187.91290,0.03959
1185.98447,0.04230
1184.05604,0.04475
1182.12761,0.04748
1180.19918,0.05055
1178.27075,0.05376
1176.34232,0.05746
1174.41389,0.06186
1172.48546,0.06656
1170.55703,0.07149
1168.62860,0.07687
1166.70017,0.08229
1164.77174,0.08708
1162.84331,0.09145
1160.91488,0.09633
1158.98645,0.10229
1157.05802,0.10927
1155.12959,0.11678
1153.20116,0.12419
1151.27273,0.13068
1149.34430,0.13574
1147.41587,0.13983
1145.48744,0.14346
1143.55901,0.14609
1141.63058,0.14674
1139.70215,0.14538
1137.77372,0.14292
1135.84529,0.14038
1133.91686,0.13828
1131.98843,0.13670
1130.06000,0.13539
1128.13157,0.13372
1126.20314,0.13194
1124.27471,0.13092
1122.34628,0.13058
1120.41785,0.13097
1118.48942,0.13327
1116.56099,0.13836
1114.63256,0.14514
1112.70413,0.15163
1110.77570,0.15698
1108.84727,0.16118
1106.91884,0.16425
1104.99041,0.16680
1103.06198,0.17035
1101.13355,0.17558
1099.20512,0.18167
1097.27669,0.18820
1095.34826,0.19499
1093.41983,0.20038
1091.49140,0.20229
1089.56297,0.20093
1087.63454,0.19798
1085.70611,0.19455
1083.77768,0.19096
1081.84925,0.18717
1079.92082,0.18305
1077.99239,0.17852
1076.06396,0.17411
1074.13553,0.17046
1072.20710,0.16680
1070.27867,0.16226
1068.35024,0.15761
1066.42181,0.15372
1064.49338,0.15044
1062.56495,0.14735
1060.63652,0.14425
1058.70809,0.14099
1056.77966,0.13726
1054.85123,0.13321
1052.92280,0.12950
1050.99437,0.12591
1049.06594,0.12206
1047.13751,0.11830
1045.20908,0.11467
1043.28065,0.11072
1041.35222,0.10632
1039.42379,0.10174
1037.49536,0.09717
1035.56693,0.09271
1033.63850,0.08854
1031.71007,0.08453
1029.78164,0.08046
1027.85321,0.07630
1025.92478,0.07214
1023.99635,0.06829
1022.06792,0.06468
1020.13949,0.06110
1018.21106,0.05815
1016.28263,0.05619
1014.35420,0.05481
1012.42577,0.05376
1010.49734,0.05340
1008.56891,0.05363
1006.64048,0.05284
1004.71205,0.04980
1002.78362,0.04525
1000.85519,0.04053
998.92676,0.03660
996.99833,0.03409
995.06990,0.03269
993.14147,0.03159
991.21304,0.03049
989.28461,0.02935
987.35618,0.02822
985.42775,0.02740
983.49932,0.02692
981.57089,0.02652
979.64246,0.02614
977.71403,0.02569
975.78560,0.02520
973.85717,0.02500
971.92874,0.02481
970.00031,0.02412
968.07188,0.02337
966.14345,0.02305
964.21502,0.02276
962.28659,0.02208
960.35816,0.02130
958.42973,0.02075
956.50130,0.02009
954.57287,0.01897
952.64444,0.01764
950.71601,0.01679
948.78758,0.01665
946.85915,0.01654
944.93072,0.01630
943.00229,0.01616
941.07386,0.01583
939.14543,0.01536
937.21700,0.01511
935.28857,0.01499
933.36014,0.01474
931.43171,0.01413
929.50328,0.01324
927.57485,0.01244
925.64642,0.01180
923.71799,0.01125
921.78956,0.01093
919.86113,0.01061
917.93270,0.01000
916.00427,0.00949
914.07584,0.00923
912.14741,0.00897
910.21898,0.00887
908.29055,0.00886
906.36212,0.00856
904.43368,0.00818
902.50525,0.00783
900.57682,0.00727
898.64839,0.00673
896.71996,0.00635
894.79153,0.00584
892.86310,0.00541
890.93467,0.00530
889.00624,0.00517
887.07781,0.00484
885.14938,0.00449
883.22095,0.00423
881.29252,0.00415
879.36409,0.00427
877.43566,0.00436
875.50723,0.00422
873.57880,0.00414
871.65037,0.00407
869.72194,0.00387
867.79351,0.00379
865.86508,0.00390
863.93665,0.00401
862.00822,0.00422
860.07979,0.00425
858.15136,0.00387
856.22293,0.00382
854.29450,0.00471
852.36607,0.00576
850.43764,0.00590
848.50921,0.00555
846.58078,0.00586
844.65235,0.00662
842.72392,0.00743
840.79549,0.00826
838.86706,0.00878
836.93863,0.00961
835.01020,0.01129
833.08177,0.01277
831.15334,0.01340
829.22491,0.01386
827.29648,0.01466
825.36805,0.01541
823.43962,0.01572
821.51119,0.01593
819.58276,0.01645
817.65433,0.01732
815.72590,0.01831
813.79747,0.01865
811.86904,0.01825
809.94061,0.01843
808.01218,0.01963
806.08375,0.02027
804.15532,0.01991
802.22689,0.02015
800.29846,0.02119
798.37003,0.02157
796.44160,0.02098
794.51317,0.02035
792.58474,0.01998
790.65631,0.01965
788.72788,0.01934
786.79945,0.01862
784.87102,0.01722
782.94259,0.01609
781.01416,0.01594
779.08573,0.01614
777.15730,0.01558
775.22887,0.01404
773.30044,0.01282
771.37201,0.01287
769.44358,0.01305
767.51515,0.01252
765.58672,0.01221
763.65829,0.01284
761.72986,0.01381
759.80143,0.01429
757.87300,0.01399
755.94457,0.01307
754.01614,0.01260
752.08771,0.01356
750.15928,0.01489
748.23085,0.01482
746.30242,0.01364
744.37399,0.01328
742.44556,0.01420
740.51713,0.01507
738.58870,0.01514
736.66027,0.01480
734.73184,0.01479
732.80341,0.01529
730.87498,0.01517
728.94655,0.01385
727.01812,0.01264
725.08969,0.01292
723.16126,0.01614
721.23283,0.01747
719.30440,0.01656
717.37597,0.01495
715.44754,0.01434
713.51911,0.01428
711.59068,0.01422
709.66225,0.01433
707.73382,0.01487
705.80539,0.01566
703.87696,0.01699
701.94853,0.01871
700.02010,0.01987
698.09167,0.02026
696.16324,0.02031
694.23481,0.01992
692.30638,0.01895
690.37795,0.01740
688.44952,0.01485
686.52109,0.01208
684.59266,0.01089
682.66423,0.01079
680.73580,0.01019
678.80737,0.00956
676.87894,0.00987
674.95051,0.01087
673.02208,0.01403
671.09365,0.02232
669.16522,0.03178
667.23679,0.03356
665.30836,0.03324
663.37993,0.03917
661.45150,0.05016
659.52307,0.06150
657.59464,0.06831
655.66621,0.06596
653.73778,0.05593
651.80935,0.04516
649.88092,0.03750
647.95249,0.03153
646.02406,0.02582
644.09563,0.02181
642.16720,0.02038
640.23877,0.02005
638.31034,0.01975
636.38191,0.01856
634.45348,0.01686
632.52505,0.01639
630.59662,0.01734
628.66819,0.01742
626.73976,0.01517
624.81133,0.01461
622.88290,0.01604
620.95447,0.01729
619.02604,0.01908
617.09761,0.02267
615.16918,0.02096
613.24075,0.01917
611.31232,0.01561
609.38389,0.00853
607.45546,0.00295
605.52703,0.00265
603.59860,0.00000
601.67017,0.00016
599.74174,0.00000
