4001.49232,0.00133
3999.56389,0.00407
3997.63546,0.00408
3995.70703,0.00293
3993.77860,0.00222
3991.85017,0.00195
3989.92174,0.00158
3987.99331,0.00090
3986.06488,0.00027
3984.13645,0.00038
3982.20802,0.00104
3980.27959,0.00169
3978.35116,0.00191
3976.42273,0.00167
3974.49430,0.00119
3972.56587,0.00080
3970.63744,0.00063
3968.70901,0.00056
3966.78058,0.00054
3964.85215,0.00085
3962.92372,0.00149
3960.99529,0.00163
3959.06686,0.00095
3957.13843,0.00023
3955.21000,0.00000
3953.28157,0.00009
3951.35314,0.00048
3949.42471,0.00124
3947.49628,0.00158
3945.56785,0.00112
3943.63942,0.00073
3941.71099,0.00052
3939.78256,0.00024
3937.85413,0.00029
3935.92570,0.00088
3933.99727,0.00177
3932.06884,0.00239
3930.14041,0.00219
3928.21198,0.00134
3926.28355,0.00058
3924.35512,0.00070
3922.42669,0.00158
3920.49826,0.00243
3918.56982,0.00324
3916.64139,0.00376
3914.71296,0.00343
3912.78453,0.00283
3910.85610,0.00252
3908.92767,0.00237
3906.99924,0.00232
3905.07081,0.00352
3903.14238,0.00632
3901.21395,0.00744
3899.28552,0.00617
3897.35709,0.00512
3895.42866,0.00511
3893.50023,0.00555
3891.57180,0.00624
3889.64337,0.00705
3887.71494,0.00767
3885.78651,0.00753
3883.85808,0.00726
3881.92965,0.00822
3880.00122,0.00902
3878.07279,0.00849
3876.14436,0.00832
3874.21593,0.00918
3872.28750,0.01057
3870.35907,0.01141
3868.43064,0.01092
3866.50221,0.00976
3864.57378,0.00882
3862.64535,0.00916
3860.71692,0.01052
3858.78849,0.01225
3856.86006,0.01400
3854.93163,0.01417
3853.00320,0.01160
3851.07477,0.00902
3849.14634,0.00891
3847.21791,0.00992
3845.28948,0.01036
3843.36105,0.01004
3841.43262,0.00919
3839.50419,0.00853
3837.57576,0.00892
3835.64733,0.00937
3833.71890,0.00958
3831.79047,0.00975
3829.86204,0.00970
3827.93361,0.00962
3826.00518,0.00991
3824.07675,0.01057
3822.14832,0.01079
3820.21989,0.01063
3818.29146,0.00998
3816.36303,0.00884
3814.43460,0.00791
3812.50617,0.00806
3810.57774,0.00857
3808.64931,0.00855
3806.72088,0.00876
3804.79245,0.00930
3802.86402,0.00890
3800.93559,0.00776
3799.00716,0.00718
3797.07873,0.00660
3795.15030,0.00535
3793.22187,0.00415
3791.29344,0.00368
3789.36501,0.00365
3787.43658,0.00376
3785.50815,0.00402
3783.57972,0.00445
3781.65129,0.00451
3779.72286,0.00386
3777.79443,0.00297
3775.86600,0.00243
3773.93757,0.00233
3772.00914,0.00272
3770.08071,0.00399
3768.15228,0.00558
3766.22385,0.00633
3764.29542,0.00656
3762.36699,0.00744
3760.43856,0.00928
3758.51013,0.01180
3756.58170,0.01409
3754.65327,0.01493
3752.72484,0.01432
3750.79641,0.01527
3748.86798,0.01949
3746.93955,0.02334
3745.01112,0.02501
3743.08269,0.02297
3741.15426,0.01980
3739.22583,0.01759
3737.29740,0.01617
3735.36897,0.01604
3733.44054,0.01622
3731.51211,0.01544
3729.58368,0.01450
3727.65525,0.01401
3725.72682,0.01366
3723.79839,0.01284
3721.86996,0.01099
3719.94153,0.00900
3718.01310,0.00835
3716.08467,0.00875
3714.15624,0.00855
3712.22781,0.00713
3710.29938,0.00614
3708.37095,0.00541
3706.44252,0.00494
3704.51409,0.00464
3702.58566,0.00440
3700.65723,0.00452
3698.72880,0.00485
3696.80037,0.00503
3694.87194,0.00501
3692.94351,0.00467
3691.01508,0.00422
3689.08665,0.00495
3687.15822,0.00605
3685.22979,0.00651
3683.30136,0.00679
3681.37293,0.00703
3679.44450,0.00776
3677.51607,0.00929
3675.58764,0.01006
3673.65921,0.00848
3671.73078,0.00621
3669.80235,0.00466
3667.87392,0.00463
3665.94549,0.00504
3664.01706,0.00497
3662.08863,0.00466
3660.16020,0.00489
3658.23177,0.00553
3656.30334,0.00611
3654.37491,0.00623
3652.44648,0.00510
3650.51805,0.00270
3648.58962,0.00209
3646.66119,0.00294
3644.73276,0.00437
3642.80433,0.00540
3640.87590,0.00532
3638.94747,0.00488
3637.01904,0.00495
3635.09061,0.00529
3633.16218,0.00571
3631.23375,0.00632
3629.30532,0.00642
3627.37689,0.00587
3625.44846,0.00562
3623.52003,0.00592
3621.59160,0.00571
3619.66317,0.00530
3617.73474,0.00604
3615.80631,0.00742
3613.87788,0.00855
3611.94945,0.00923
3610.02102,0.00959
3608.09259,0.00923
3606.16416,0.00779
3604.23573,0.00640
3602.30730,0.00610
3600.37887,0.00651
3598.45044,0.00682
3596.52201,0.00666
3594.59358,0.00633
3592.66515,0.00608
3590.73672,0.00637
3588.80829,0.00707
3586.87986,0.00707
3584.95143,0.00590
3583.02300,0.00499
3581.09457,0.00472
3579.16614,0.00407
3577.23771,0.00302
3575.30928,0.00247
3573.38085,0.00262
3571.45242,0.00281
3569.52399,0.00271
3567.59556,0.00275
3565.66713,0.00345
3563.73870,0.00415
3561.81027,0.00438
3559.88184,0.00364
3557.95341,0.00224
3556.02498,0.00150
3554.09655,0.00193
3552.16812,0.00293
3550.23969,0.00400
3548.31126,0.00514
3546.38283,0.00563
3544.45440,0.00473
3542.52597,0.00335
3540.59754,0.00256
3538.66911,0.00227
3536.74068,0.00223
3534.81225,0.00212
3532.88382,0.00187
3530.95539,0.00214
3529.02696,0.00335
3527.09853,0.00469
3525.17010,0.00496
3523.24167,0.00441
3521.31324,0.00394
3519.38481,0.00338
3517.45638,0.00240
3515.52795,0.00127
3513.59952,0.00028
3511.67109,0.00000
3509.74266,0.00079
3507.81423,0.00213
3505.88580,0.00321
3503.95737,0.00401
3502.02894,0.00428
3500.10051,0.00335
3498.17208,0.00181
3496.24365,0.00101
3494.31522,0.00128
3492.38679,0.00187
3490.45836,0.00216
3488.52993,0.00230
3486.60150,0.00257
3484.67307,0.00277
3482.74464,0.00252
3480.81621,0.00192
3478.88778,0.00132
3476.95935,0.00120
3475.03092,0.00189
3473.10249,0.00235
3471.17406,0.00170
3469.24563,0.00117
3467.31720,0.00176
3465.38877,0.00241
3463.46034,0.00229
3461.53191,0.00186
3459.60348,0.00131
3457.67505,0.00069
3455.74662,0.00060
3453.81819,0.00134
3451.88976,0.00239
3449.96133,0.00295
3448.03290,0.00264
3446.10447,0.00203
3444.17604,0.00187
3442.24761,0.00209
3440.31918,0.00238
3438.39075,0.00257
3436.46232,0.00251
3434.53389,0.00231
3432.60546,0.00214
3430.67703,0.00197
3428.74860,0.00181
3426.82017,0.00186
3424.89174,0.00254
3422.96331,0.00358
3421.03488,0.00395
3419.10645,0.00343
3417.17802,0.00286
3415.24959,0.00298
3413.32116,0.00360
3411.39273,0.00358
3409.46430,0.00300
3407.53587,0.00277
3405.60744,0.00276
3403.67901,0.00246
3401.75058,0.00238
3399.82215,0.00456
3397.89372,0.00557
3395.96529,0.00601
3394.03686,0.00627
3392.10843,0.00607
3390.18000,0.00512
3388.25157,0.00442
3386.32314,0.00465
3384.39471,0.00448
3382.46628,0.00336
3380.53785,0.00246
3378.60942,0.00248
3376.68099,0.00291
3374.75256,0.00318
3372.82413,0.00337
3370.89570,0.00396
3368.96727,0.00495
3367.03884,0.00588
3365.11041,0.00634
3363.18198,0.00630
3361.25355,0.00587
3359.32512,0.00537
3357.39669,0.00519
3355.46826,0.00488
3353.53983,0.00396
3351.61140,0.00318
3349.68297,0.00308
3347.75454,0.00307
3345.82611,0.00307
3343.89768,0.00365
3341.96925,0.00463
3340.04082,0.00506
3338.11239,0.00477
3336.18396,0.00466
3334.25553,0.00487
3332.32710,0.00490
3330.39867,0.00510
3328.47024,0.00592
3326.54181,0.00667
3324.61338,0.00650
3322.68495,0.00554
3320.75652,0.00467
3318.82809,0.00469
3316.89966,0.00542
3314.97122,0.00589
3313.04279,0.00606
3311.11436,0.00653
3309.18593,0.00697
3307.25750,0.00644
3305.32907,0.00532
3303.40064,0.00493
3301.47221,0.00536
3299.54378,0.00586
3297.61535,0.00608
3295.68692,0.00635
3293.75849,0.00706
3291.83006,0.00773
3289.90163,0.00763
3287.97320,0.00725
3286.04477,0.00744
3284.11634,0.00798
3282.18791,0.00824
3280.25948,0.00823
3278.33105,0.00823
3276.40262,0.00841
3274.47419,0.00856
3272.54576,0.00814
3270.61733,0.00733
3268.68890,0.00708
3266.76047,0.00768
3264.83204,0.00831
3262.90361,0.00837
3260.97518,0.00815
3259.04675,0.00813
3257.11832,0.00861
3255.18989,0.00914
3253.26146,0.00908
3251.33303,0.00870
3249.40460,0.00852
3247.47617,0.00875
3245.54774,0.00929
3243.61931,0.00970
3241.69088,0.00948
3239.76245,0.00889
3237.83402,0.00871
3235.90559,0.00912
3233.97716,0.00958
3232.04873,0.00964
3230.12030,0.00931
3228.19187,0.00879
3226.26344,0.00820
3224.33501,0.00792
3222.40658,0.00824
3220.47815,0.00859
3218.54972,0.00852
3216.62129,0.00835
3214.69286,0.00829
3212.76443,0.00823
3210.83600,0.00811
3208.90757,0.00773
3206.97914,0.00718
3205.05071,0.00703
3203.12228,0.00738
3201.19385,0.00777
3199.26542,0.00794
3197.33699,0.00771
3195.40856,0.00696
3193.48013,0.00622
3191.55170,0.00594
3189.62327,0.00595
3187.69484,0.00609
3185.76641,0.00602
3183.83798,0.00574
3181.90955,0.00594
3179.98112,0.00669
3178.05269,0.00720
3176.12426,0.00723
3174.19583,0.00686
3172.26740,0.00599
3170.33897,0.00511
3168.41054,0.00497
3166.48211,0.00541
3164.55368,0.00568
3162.62525,0.00563
3160.69682,0.00548
3158.76839,0.00528
3156.83996,0.00492
3154.91153,0.00444
3152.98310,0.00424
3151.05467,0.00449
3149.12624,0.00478
3147.19781,0.00494
3145.26938,0.00512
3143.34095,0.00506
3141.41252,0.00441
3139.48409,0.00353
3137.55566,0.00352
3135.62723,0.00453
3133.69880,0.00524
3131.77037,0.00488
3129.84194,0.00427
3127.91351,0.00420
3125.98508,0.00457
3124.05665,0.00490
3122.12822,0.00470
3120.19979,0.00414
3118.27136,0.00395
3116.34293,0.00414
3114.41450,0.00409
3112.48607,0.00377
3110.55764,0.00355
3108.62921,0.00342
3106.70078,0.00313
3104.77235,0.00293
3102.84392,0.00318
3100.91549,0.00350
3098.98706,0.00338
3097.05863,0.00299
3095.13020,0.00263
3093.20177,0.00232
3091.27334,0.00207
3089.34491,0.00160
3087.41648,0.00092
3085.48805,0.00063
3083.55962,0.00110
3081.63119,0.00183
3079.70276,0.00192
3077.77433,0.00122
3075.84590,0.00053
3073.91747,0.00046
3071.98904,0.00070
3070.06061,0.00092
3068.13218,0.00138
3066.20375,0.00192
3064.27532,0.00190
3062.34689,0.00145
3060.41846,0.00126
3058.49003,0.00160
3056.56160,0.00194
3054.63317,0.00167
3052.70474,0.00125
3050.77631,0.00139
3048.84788,0.00163
3046.91945,0.00139
3044.99102,0.00087
3043.06259,0.00035
3041.13416,0.00000
3039.20573,0.00017
3037.27730,0.00083
3035.34887,0.00149
3033.42044,0.00194
3031.49201,0.00211
3029.56358,0.00182
3027.63515,0.00137
3025.70672,0.00121
3023.77829,0.00124
3021.84986,0.00125
3019.92143,0.00121
3017.99300,0.00135
3016.06457,0.00187
3014.13614,0.00251
3012.20771,0.00275
3010.27928,0.00224
3008.35085,0.00134
3006.42242,0.00078
3004.49399,0.00072
3002.56556,0.00086
3000.63713,0.00088
2998.70870,0.00057
2996.78027,0.00094
2994.85184,0.00153
2992.92341,0.00172
2990.99498,0.00154
2989.06655,0.00151
2987.13812,0.00166
2985.20969,0.00166
2983.28126,0.00135
2981.35283,0.00090
2979.42440,0.00088
2977.49597,0.00154
2975.56754,0.00213
2973.63911,0.00183
2971.71068,0.00117
2969.78225,0.00101
2967.85382,0.00134
2965.92539,0.00165
2963.99696,0.00139
2962.06853,0.00074
2960.14010,0.00047
2958.21167,0.00074
2956.28324,0.00117
2954.35481,0.00161
2952.42638,0.00190
2950.49795,0.00180
2948.56952,0.00138
2946.64109,0.00116
2944.71266,0.00137
2942.78423,0.00165
2940.85580,0.00165
2938.92737,0.00142
2936.99894,0.00119
2935.07051,0.00115
2933.14208,0.00131
2931.21365,0.00136
2929.28522,0.00116
2927.35679,0.00096
2925.42836,0.00086
2923.49993,0.00090
2921.57150,0.00108
2919.64307,0.00104
2917.71464,0.00071
2915.78621,0.00042
2913.85778,0.00031
2911.92935,0.00028
2910.00092,0.00029
2908.07249,0.00028
2906.14406,0.00030
2904.21563,0.00053
2902.28720,0.00082
2900.35877,0.00079
2898.43034,0.00065
2896.50191,0.00077
2894.57348,0.00099
2892.64505,0.00102
2890.71662,0.00083
2888.78819,0.00054
2886.85976,0.00046
2884.93133,0.00063
2883.00290,0.00073
2881.07447,0.00079
2879.14604,0.00100
2877.21761,0.00105
2875.28918,0.00071
2873.36075,0.00048
2871.43232,0.00060
2869.50389,0.00065
2867.57546,0.00053
2865.64703,0.00041
2863.71860,0.00034
2861.79017,0.00044
2859.86174,0.00055
2857.93331,0.00040
2856.00488,0.00035
2854.07645,0.00073
2852.14802,0.00116
2850.21959,0.00108
2848.29116,0.00066
2846.36273,0.00049
2844.43430,0.00059
2842.50587,0.00061
2840.57744,0.00061
2838.64901,0.00077
2836.72058,0.00078
2834.79215,0.00051
2832.86372,0.00028
2830.93529,0.00019
2829.00686,0.00020
2827.07843,0.00040
2825.15000,0.00062
2823.22157,0.00058
2821.29314,0.00039
2819.36471,0.00028
2817.43628,0.00013
2815.50785,0.00000
2813.57942,0.00016
2811.65099,0.00052
2809.72256,0.00079
2807.79413,0.00079
2805.86570,0.00048
2803.93727,0.00016
2802.00884,0.00012
2800.08041,0.00019
2798.15198,0.00020
2796.22355,0.00020
2794.29512,0.00034
2792.36669,0.00051
2790.43826,0.00057
2788.50983,0.00061
2786.58140,0.00062
2784.65297,0.00047
2782.72454,0.00025
2780.79611,0.00025
2778.86768,0.00030
2776.93925,0.00013
2775.01082,0.00000
2773.08239,0.00013
2771.15396,0.00033
2769.22553,0.00038
2767.29710,0.00030
2765.36867,0.00031
2763.44024,0.00046
2761.51181,0.00050
2759.58338,0.00051
2757.65495,0.00070
2755.72652,0.00097
2753.79809,0.00105
2751.86966,0.00088
2749.94123,0.00066
2748.01280,0.00067
2746.08437,0.00097
2744.15594,0.00127
2742.22751,0.00127
2740.29908,0.00108
2738.37065,0.00089
2736.44222,0.00080
2734.51379,0.00081
2732.58536,0.00069
2730.65693,0.00051
2728.72850,0.00060
2726.80007,0.00085
2724.87164,0.00091
2722.94321,0.00073
2721.01478,0.00053
2719.08635,0.00058
2717.15792,0.00091
2715.22949,0.00103
2713.30105,0.00071
2711.37262,0.00047
2709.44419,0.00057
2707.51576,0.00067
2705.58733,0.00063
2703.65890,0.00055
2701.73047,0.00029
2699.80204,0.00000
2697.87361,0.00001
2695.94518,0.00039
2694.01675,0.00082
2692.08832,0.00091
2690.15989,0.00072
2688.23146,0.00057
2686.30303,0.00049
2684.37460,0.00031
2682.44617,0.00016
2680.51774,0.00026
2678.58931,0.00036
2676.66088,0.00032
2674.73245,0.00034
2672.80402,0.00045
2670.87559,0.00055
2668.94716,0.00064
2667.01873,0.00068
2665.09030,0.00074
2663.16187,0.00089
2661.23344,0.00094
2659.30501,0.00090
2657.37658,0.00098
2655.44815,0.00107
2653.51972,0.00110
2651.59129,0.00124
2649.66286,0.00123
2647.73443,0.00081
2645.80600,0.00046
2643.87757,0.00062
2641.94914,0.00081
2640.02071,0.00082
2638.09228,0.00092
2636.16385,0.00096
2634.23542,0.00083
2632.30699,0.00080
2630.37856,0.00083
2628.45013,0.00069
2626.52170,0.00051
2624.59327,0.00054
2622.66484,0.00083
2620.73641,0.00112
2618.80798,0.00110
2616.87955,0.00080
2614.95112,0.00050
2613.02269,0.00039
2611.09426,0.00059
2609.16583,0.00086
2607.23740,0.00075
2605.30897,0.00027
2603.38054,0.00000
2601.45211,0.00024
2599.52368,0.00074
2597.59525,0.00106
2595.66682,0.00117
2593.73839,0.00110
2591.80996,0.00094
2589.88153,0.00091
2587.95310,0.00097
2586.02467,0.00085
2584.09624,0.00068
2582.16781,0.00075
2580.23938,0.00093
2578.31095,0.00087
2576.38252,0.00071
2574.45409,0.00086
2572.52566,0.00116
2570.59723,0.00110
2568.66880,0.00087
2566.74037,0.00085
2564.81194,0.00098
2562.88351,0.00091
2560.95508,0.00073
2559.02665,0.00081
2557.09822,0.00107
2555.16979,0.00118
2553.24136,0.00114
2551.31293,0.00094
2549.38450,0.00059
2547.45607,0.00043
2545.52764,0.00053
2543.59921,0.00055
2541.67078,0.00051
2539.74235,0.00059
2537.81392,0.00056
2535.88549,0.00042
2533.95706,0.00040
2532.02863,0.00049
2530.10020,0.00061
2528.17177,0.00077
2526.24334,0.00089
2524.31491,0.00085
2522.38648,0.00050
2520.45805,0.00007
2518.52962,0.00004
2516.60119,0.00029
2514.67276,0.00033
2512.74433,0.00022
2510.81590,0.00033
2508.88747,0.00058
2506.95904,0.00068
2505.03061,0.00057
2503.10218,0.00036
2501.17375,0.00034
2499.24532,0.00048
2497.31689,0.00041
2495.38846,0.00018
2493.46003,0.00007
2491.53160,0.00010
2489.60317,0.00021
2487.67474,0.00034
2485.74631,0.00044
2483.81788,0.00044
2481.88945,0.00035
2479.96102,0.00032
2478.03259,0.00035
2476.10416,0.00033
2474.17573,0.00031
2472.24730,0.00043
2470.31887,0.00064
2468.39044,0.00066
2466.46201,0.00043
2464.53358,0.00018
2462.60515,0.00015
2460.67672,0.00040
2458.74829,0.00074
2456.81986,0.00085
2454.89143,0.00068
2452.96300,0.00053
2451.03457,0.00057
2449.10614,0.00062
2447.17771,0.00052
2445.24928,0.00030
2443.32085,0.00006
2441.39242,0.00000
2439.46399,0.00031
2437.53556,0.00067
2435.60713,0.00061
2433.67870,0.00024
2431.75027,0.00005
2429.82184,0.00011
2427.89341,0.00010
2425.96498,0.00000
2424.03655,0.00001
2422.10812,0.00002
2420.17969,0.00003
2418.25126,0.00004
2416.32283,0.00005
2414.39440,0.00006
2412.46597,0.00007
2410.53754,0.00008
2408.60911,0.00010
2406.68068,0.00011
2404.75225,0.00012
2402.82382,0.00013
2400.89539,0.00014
2398.96696,0.00015
2397.03853,0.00017
2395.11010,0.00018
2393.18167,0.00019
2391.25324,0.00020
2389.32481,0.00022
2387.39638,0.00023
2385.46795,0.00024
2383.53952,0.00026
2381.61109,0.00027
2379.68266,0.00028
2377.75423,0.00030
2375.82580,0.00031
2373.89737,0.00033
2371.96894,0.00034
2370.04051,0.00035
2368.11208,0.00037
2366.18365,0.00038
2364.25522,0.00040
2362.32679,0.00041
2360.39836,0.00043
2358.46993,0.00045
2356.54150,0.00046
2354.61307,0.00048
2352.68464,0.00049
2350.75621,0.00051
2348.82778,0.00053
2346.89935,0.00054
2344.97092,0.00056
2343.04249,0.00058
2341.11406,0.00059
2339.18563,0.00061
2337.25720,0.00063
2335.32877,0.00065
2333.40034,0.00066
2331.47191,0.00068
2329.54348,0.00070
2327.61505,0.00072
2325.68662,0.00074
2323.75819,0.00075
2321.82976,0.00077
2319.90133,0.00079
2317.97290,0.00081
2316.04447,0.00083
2314.11604,0.00085
2312.18761,0.00087
2310.25918,0.00089
2308.33075,0.00091
2306.40232,0.00093
2304.47389,0.00095
2302.54546,0.00097
2300.61703,0.00099
2298.68860,0.00101
2296.76017,0.00103
2294.83174,0.00105
2292.90331,0.00107
2290.97488,0.00110
2289.04645,0.00112
2287.11802,0.00114
2285.18959,0.00116
2283.26116,0.00118
2281.33273,0.00120
2279.40430,0.00123
2277.47587,0.00125
2275.54744,0.00127
2273.61901,0.00130
2271.69058,0.00132
2269.76215,0.00134
2267.83372,0.00136
2265.90529,0.00139
2263.97686,0.00141
2262.04843,0.00144
2260.12000,0.00146
2258.19157,0.00148
2256.26314,0.00151
2254.33471,0.00153
2252.40628,0.00156
2250.47785,0.00158
2248.54942,0.00161
2246.62099,0.00163
2244.69256,0.00166
2242.76413,0.00168
2240.83570,0.00162
2238.90727,0.00145
2236.97884,0.00126
2235.05041,0.00113
2233.12198,0.00097
2231.19355,0.00078
2229.26512,0.00072
2227.33669,0.00085
2225.40826,0.00085
2223.47983,0.00045
2221.55140,0.00000
2219.62297,0.00004
2217.69454,0.00036
2215.76611,0.00050
2213.83768,0.00056
2211.90925,0.00067
2209.98082,0.00066
2208.05239,0.00058
2206.12396,0.00060
2204.19553,0.00066
2202.26710,0.00068
2200.33867,0.00068
2198.41024,0.00064
2196.48181,0.00055
2194.55338,0.00051
2192.62495,0.00057
2190.69652,0.00057
2188.76809,0.00046
2186.83966,0.00034
2184.91123,0.00029
2182.98280,0.00027
2181.05437,0.00039
2179.12594,0.00066
2177.19751,0.00081
2175.26908,0.00072
2173.34065,0.00053
2171.41222,0.00032
2169.48379,0.00024
2167.55536,0.00032
2165.62693,0.00042
2163.69850,0.00050
2161.77007,0.00050
2159.84164,0.00043
2157.91321,0.00043
2155.98478,0.00047
2154.05635,0.00047
2152.12792,0.00053
2150.19949,0.00068
2148.27106,0.00079
2146.34263,0.00065
2144.41420,0.00037
2142.48577,0.00024
2140.55734,0.00040
2138.62891,0.00074
2136.70048,0.00096
2134.77205,0.00082
2132.84362,0.00045
2130.91519,0.00025
2128.98676,0.00030
2127.05833,0.00028
2125.12990,0.00009
2123.20147,0.00000
2121.27304,0.00007
2119.34461,0.00013
2117.41618,0.00019
2115.48775,0.00039
2113.55932,0.00063
2111.63089,0.00073
2109.70245,0.00073
2107.77402,0.00075
2105.84559,0.00078
2103.91716,0.00064
2101.98873,0.00038
2100.06030,0.00018
2098.13187,0.00021
2096.20344,0.00029
2094.27501,0.00034
2092.34658,0.00038
2090.41815,0.00038
2088.48972,0.00034
2086.56129,0.00035
2084.63286,0.00049
2082.70443,0.00064
2080.77600,0.00070
2078.84757,0.00066
2076.91914,0.00058
2074.99071,0.00053
2073.06228,0.00046
2071.13385,0.00040
2069.20542,0.00042
2067.27699,0.00054
2065.34856,0.00075
2063.42013,0.00094
2061.49170,0.00096
2059.56327,0.00074
2057.63484,0.00044
2055.70641,0.00024
2053.77798,0.00006
2051.84955,0.00004
2049.92112,0.00040
2047.99269,0.00094
2046.06426,0.00129
2044.13583,0.00131
2042.20740,0.00106
2040.27897,0.00078
2038.35054,0.00059
2036.42211,0.00057
2034.49368,0.00072
2032.56525,0.00079
2030.63682,0.00077
2028.70839,0.00090
2026.77996,0.00118
2024.85153,0.00143
2022.92310,0.00147
2020.99467,0.00107
2019.06624,0.00039
2017.13781,0.00000
2015.20938,0.00017
2013.28095,0.00058
2011.35252,0.00091
2009.42409,0.00127
2007.49566,0.00148
2005.56723,0.00135
2003.63880,0.00115
2001.71037,0.00100
1999.78194,0.00086
1997.85351,0.00082
1995.92508,0.00087
1993.99665,0.00087
1992.06822,0.00098
1990.13979,0.00112
1988.21136,0.00118
1986.28293,0.00113
1984.35450,0.00082
1982.42607,0.00052
1980.49764,0.00041
1978.56921,0.00040
1976.64078,0.00051
1974.71235,0.00070
1972.78392,0.00077
1970.85549,0.00064
1968.92706,0.00043
1966.99863,0.00046
1965.07020,0.00090
1963.14177,0.00112
1961.21334,0.00093
1959.28491,0.00078
1957.35648,0.00069
1955.42805,0.00048
1953.49962,0.00036
1951.57119,0.00036
1949.64276,0.00032
1947.71433,0.00023
1945.78590,0.00015
1943.85747,0.00028
1941.92904,0.00065
1940.00061,0.00098
1938.07218,0.00088
1936.14375,0.00045
1934.21532,0.00016
1932.28689,0.00024
1930.35846,0.00048
1928.43003,0.00052
1926.50160,0.00039
1924.57317,0.00028
1922.64474,0.00045
1920.71631,0.00075
1918.78788,0.00088
1916.85945,0.00089
1914.93102,0.00097
1913.00259,0.00099
1911.07416,0.00086
1909.14573,0.00077
1907.21730,0.00076
1905.28887,0.00070
1903.36044,0.00059
1901.43201,0.00049
1899.50358,0.00034
1897.57515,0.00020
1895.64672,0.00023
1893.71829,0.00039
1891.78986,0.00031
1889.86143,0.00014
1887.93300,0.00041
1886.00457,0.00080
1884.07614,0.00087
1882.14771,0.00074
1880.21928,0.00064
1878.29085,0.00066
1876.36242,0.00074
1874.43399,0.00084
1872.50556,0.00083
1870.57713,0.00043
1868.64870,0.00000
1866.72027,0.00012
1864.79184,0.00059
1862.86341,0.00089
1860.93498,0.00110
1859.00655,0.00135
1857.07812,0.00150
1855.14969,0.00150
1853.22126,0.00148
1851.29283,0.00147
1849.36440,0.00135
1847.43597,0.00121
1845.50754,0.00145
1843.57911,0.00203
1841.65068,0.00237
1839.72225,0.00230
1837.79382,0.00225
1835.86539,0.00270
1833.93696,0.00285
1832.00853,0.00179
1830.08010,0.00053
1828.15167,0.00060
1826.22324,0.00123
1824.29481,0.00162
1822.36638,0.00190
1820.43795,0.00226
1818.50952,0.00259
1816.58109,0.00250
1814.65266,0.00179
1812.72423,0.00097
1810.79580,0.00081
1808.86737,0.00144
1806.93894,0.00212
1805.01051,0.00252
1803.08208,0.00281
1801.15365,0.00306
1799.22522,0.00328
1797.29679,0.00340
1795.36836,0.00307
1793.43993,0.00231
1791.51150,0.00240
1789.58307,0.00395
1787.65464,0.00556
1785.72621,0.00607
1783.79778,0.00531
1781.86935,0.00415
1779.94092,0.00386
1778.01249,0.00427
1776.08406,0.00376
1774.15563,0.00198
1772.22720,0.00123
1770.29877,0.00320
1768.37034,0.00554
1766.44191,0.00634
1764.51348,0.00579
1762.58505,0.00501
1760.65662,0.00504
1758.72819,0.00577
1756.79976,0.00647
1754.87133,0.00685
1752.94290,0.00678
1751.01447,0.00602
1749.08604,0.00499
1747.15761,0.00495
1745.22918,0.00565
1743.30075,0.00614
1741.37232,0.00631
1739.44389,0.00664
1737.51546,0.00708
1735.58703,0.00701
1733.65860,0.00656
1731.73017,0.00664
1729.80174,0.00702
1727.87331,0.00740
1725.94488,0.00758
1724.01645,0.00785
1722.08802,0.00790
1720.15959,0.00649
1718.23116,0.00443
1716.30273,0.00519
1714.37430,0.00796
1712.44587,0.01015
1710.51744,0.01084
1708.58901,0.01054
1706.66058,0.01085
1704.73215,0.01310
1702.80372,0.01573
1700.87529,0.01680
1698.94686,0.01619
1697.01843,0.01555
1695.09000,0.01590
1693.16157,0.01652
1691.23314,0.01659
1689.30471,0.01563
1687.37628,0.01389
1685.44785,0.01214
1683.51942,0.01240
1681.59099,0.01414
1679.66256,0.01549
1677.73413,0.01569
1675.80570,0.01520
1673.87727,0.01403
1671.94884,0.01196
1670.02041,0.01045
1668.09198,0.01161
1666.16355,0.01334
1664.23512,0.01363
1662.30669,0.01380
1660.37826,0.01554
1658.44983,0.01703
1656.52140,0.01623
1654.59297,0.01433
1652.66454,0.01437
1650.73611,0.01642
1648.80768,0.01648
1646.87925,0.01406
1644.95082,0.01370
1643.02239,0.01511
1641.09396,0.01515
1639.16553,0.01288
1637.23710,0.01009
1635.30867,0.00962
1633.38024,0.01104
1631.45181,0.01177
1629.52338,0.01084
1627.59495,0.00922
1625.66652,0.00811
1623.73809,0.00788
1621.80966,0.00864
1619.88123,0.00850
1617.95280,0.00645
1616.02437,0.00501
1614.09594,0.00581
1612.16751,0.00657
1610.23908,0.00570
1608.31065,0.00420
1606.38222,0.00335
1604.45379,0.00301
1602.52536,0.00284
1600.59693,0.00274
1598.66850,0.00247
1596.74007,0.00213
1594.81164,0.00209
1592.88321,0.00240
1590.95478,0.00281
1589.02635,0.00324
1587.09792,0.00375
1585.16949,0.00443
1583.24106,0.00546
1581.31263,0.00626
1579.38420,0.00583
1577.45577,0.00487
1575.52734,0.00579
1573.59891,0.00815
1571.67048,0.00927
1569.74205,0.00913
1567.81362,0.00985
1565.88519,0.01154
1563.95676,0.01260
1562.02833,0.01172
1560.09990,0.01029
1558.17147,0.01118
1556.24304,0.01408
1554.31461,0.01645
1552.38618,0.01763
1550.45775,0.01786
1548.52932,0.01771
1546.60089,0.01648
1544.67246,0.01298
1542.74403,0.00827
1540.81560,0.00618
1538.88717,0.01084
1536.95874,0.01594
1535.03031,0.01707
1533.10188,0.01555
1531.17345,0.01493
1529.24502,0.01515
1527.31659,0.01513
1525.38816,0.01501
1523.45973,0.01466
1521.53130,0.01490
1519.60287,0.01615
1517.67444,0.01634
1515.74601,0.01606
1513.81758,0.01640
1511.88915,0.01599
1509.96072,0.01345
1508.03229,0.00982
1506.10385,0.00869
1504.17542,0.01112
1502.24699,0.01367
1500.31856,0.01308
1498.39013,0.01016
1496.46170,0.00853
1494.53327,0.00881
1492.60484,0.00828
1490.67641,0.00607
1488.74798,0.00466
1486.81955,0.00518
1484.89112,0.00633
1482.96269,0.00682
1481.03426,0.00674
1479.10583,0.00647
1477.17740,0.00559
1475.24897,0.00372
1473.32054,0.00234
1471.39211,0.00354
1469.46368,0.00591
1467.53525,0.00699
1465.60682,0.00683
1463.67839,0.00695
1461.74996,0.00636
1459.82153,0.00353
1457.89310,0.00090
1455.96467,0.00241
1454.03624,0.00503
1452.10781,0.00602
1450.17938,0.00507
1448.25095,0.00351
1446.32252,0.00284
1444.39409,0.00303
1442.46566,0.00329
1440.53723,0.00326
1438.60880,0.00319
1436.68037,0.00330
1434.75194,0.00338
1432.82351,0.00319
1430.89508,0.00280
1428.96665,0.00258
1427.03822,0.00253
1425.10979,0.00242
1423.18136,0.00262
1421.25293,0.00315
1419.32450,0.00335
1417.39607,0.00295
1415.46764,0.00241
1413.53921,0.00181
1411.61078,0.00112
1409.68235,0.00068
1407.75392,0.00034
1405.82549,0.00002
1403.89706,0.00000
1401.96863,0.00008
1400.04020,0.00016
1398.11177,0.00045
1396.18334,0.00084
1394.25491,0.00156
1392.32648,0.00274
1390.39805,0.00345
1388.46962,0.00305
1386.54119,0.00215
1384.61276,0.00176
1382.68433,0.00198
1380.75590,0.00244
1378.82747,0.00268
1376.89904,0.00217
1374.97061,0.00150
1373.04218,0.00167
1371.11375,0.00211
1369.18532,0.00193
1367.25689,0.00143
1365.32846,0.00109
1363.40003,0.00107
1361.47160,0.00143
1359.54317,0.00177
1357.61474,0.00163
1355.68631,0.00114
1353.75788,0.00085
1351.82945,0.00075
1349.90102,0.00061
1347.97259,0.00053
1346.04416,0.00051
1344.11573,0.00044
1342.18730,0.00040
1340.25887,0.00077
1338.33044,0.00135
1336.40201,0.00133
1334.47358,0.00086
1332.54515,0.00068
1330.61672,0.00095
1328.68829,0.00128
1326.75986,0.00149
1324.83143,0.00170
1322.90300,0.00177
1320.97457,0.00149
1319.04614,0.00127
1317.11771,0.00141
1315.18928,0.00157
1313.26085,0.00149
1311.33242,0.00133
1309.40399,0.00129
1307.47556,0.00159
1305.54713,0.00220
1303.61870,0.00273
1301.69027,0.00301
1299.76184,0.00314
1297.83341,0.00327
1295.90498,0.00338
1293.97655,0.00358
1292.04812,0.00398
1290.11969,0.00440
1288.19126,0.00456
1286.26283,0.00463
1284.33440,0.00490
1282.40597,0.00535
1280.47754,0.00570
1278.54911,0.00577
1276.62068,0.00576
1274.69225,0.00598
1272.76382,0.00655
1270.83539,0.00734
1268.90696,0.00802
1266.97853,0.00831
1265.05010,0.00814
1263.12167,0.00807
1261.19324,0.00838
1259.26481,0.00887
1257.33638,0.00934
1255.40795,0.00973
1253.47952,0.01001
1251.55109,0.01041
1249.62266,0.01106
1247.69423,0.01174
1245.76580,0.01225
1243.83737,0.01247
1241.90894,0.01243
1239.98051,0.01263
1238.05208,0.01310
1236.12365,0.01334
1234.19522,0.01342
1232.26679,0.01352
1230.33836,0.01360
1228.40993,0.01383
1226.48150,0.01414
1224.55307,0.01427
1222.62464,0.01419
1220.69621,0.01427
1218.76778,0.01458
1216.83935,0.01470
1214.91092,0.01453
1212.98249,0.01447
1211.05406,0.01455
1209.12563,0.01456
1207.19720,0.01453
1205.26877,0.01455
1203.34034,0.01473
1201.41191,0.01495
1199.48348,0.01487
1197.55505,0.01435
1195.62662,0.01378
1193.69819,0.01360
1191.76976,0.01393
1189.84133,0.01459
1187.91290,0.01512
1185.98447,0.01502
1184.05604,0.01450
1182.12761,0.01439
1180.19918,0.01469
1178.27075,0.01487
1176.34232,0.01514
1174.41389,0.01540
1172.48546,0.01498
1170.55703,0.01422
1168.62860,0.01399
1166.70017,0.01438
1164.77174,0.01495
1162.84331,0.01526
1160.91488,0.01531
1158.98645,0.01531
1157.05802,0.01544
1155.12959,0.01565
1153.20116,0.01566
1151.27273,0.01538
1149.34430,0.01506
1147.41587,0.01498
1145.48744,0.01527
1143.55901,0.01594
1141.63058,0.01665
1139.70215,0.01709
1137.77372,0.01734
1135.84529,0.01757
1133.91686,0.01780
1131.98843,0.01805
1130.06000,0.01830
1128.13157,0.01836
1126.20314,0.01840
1124.27471,0.01890
1122.34628,0.01954
1120.41785,0.01964
1118.48942,0.01935
1116.56099,0.01940
1114.63256,0.01986
1112.70413,0.02008
1110.77570,0.02001
1108.84727,0.02025
1106.91884,0.02107
1104.99041,0.02206
1103.06198,0.02286
1101.13355,0.02335
1099.20512,0.02355
1097.27669,0.02371
1095.34826,0.02391
1093.41983,0.02387
1091.49140,0.02343
1089.56297,0.02313
1087.63454,0.02350
1085.70611,0.02413
1083.77768,0.02438
1081.84925,0.02408
1079.92082,0.02348
1077.99239,0.02284
1076.06396,0.02236
1074.13553,0.02224
1072.20710,0.02222
1070.27867,0.02205
1068.35024,0.02197
1066.42181,0.02207
1064.49338,0.02208
1062.56495,0.02182
1060.63652,0.02135
1058.70809,0.02097
1056.77966,0.02044
1054.85123,0.01940
1052.92280,0.01837
1050.99437,0.01766
1049.06594,0.01717
1047.13751,0.01686
1045.20908,0.01643
1043.28065,0.01584
1041.35222,0.01506
1039.42379,0.01387
1037.49536,0.01236
1035.56693,0.01088
1033.63850,0.00995
1031.71007,0.00984
1029.78164,0.01002
1027.85321,0.00967
1025.92478,0.00837
1023.99635,0.00676
1022.06792,0.00558
1020.13949,0.00478
1018.21106,0.00442
1016.28263,0.00449
1014.35420,0.00437
1012.42577,0.00365
1010.49734,0.00253
1008.56891,0.00154
1006.64048,0.00117
1004.71205,0.00126
1002.78362,0.00111
1000.85519,0.00048
998.92676,0.00000
996.99833,0.00001
995.06990,0.00015
993.14147,0.00029
991.21304,0.00044
989.28461,0.00040
987.35618,0.00017
985.42775,0.00005
983.49932,0.00008
981.57089,0.00009
979.64246,0.00022
977.71403,0.00060
975.78560,0.00070
973.85717,0.00052
971.92874,0.00045
970.00031,0.00048
968.07188,0.00057
966.14345,0.00069
964.21502,0.00071
962.28659,0.00082
960.35816,0.00105
958.42973,0.00118
956.50130,0.00131
954.57287,0.00134
952.64444,0.00096
950.71601,0.00045
948.78758,0.00028
946.85915,0.00046
944.93072,0.00081
943.00229,0.00100
941.07386,0.00078
939.14543,0.00065
937.21700,0.00103
935.28857,0.00145
933.36014,0.00150
931.43171,0.00118
929.50328,0.00070
927.57485,0.00044
925.64642,0.00038
923.71799,0.00039
921.78956,0.00062
919.86113,0.00102
917.93270,0.00113
916.00427,0.00089
914.07584,0.00066
912.14741,0.00064
910.21898,0.00082
908.29055,0.00105
906.36212,0.00103
904.43368,0.00080
902.50525,0.00062
900.57682,0.00039
898.64839,0.00010
896.71996,0.00000
894.79153,0.00012
892.86310,0.00045
890.93467,0.00076
889.00624,0.00062
887.07781,0.00027
885.14938,0.00023
883.22095,0.00039
881.29252,0.00047
879.36409,0.00059
877.43566,0.00082
875.50723,0.00087
873.57880,0.00071
871.65037,0.00065
869.72194,0.00066
867.79351,0.00051
865.86508,0.00039
863.93665,0.00057
862.00822,0.00102
860.07979,0.00136
858.15136,0.00100
856.22293,0.00038
854.29450,0.00065
852.36607,0.00172
850.43764,0.00235
848.50921,0.00221
846.58078,0.00183
844.65235,0.00150
842.72392,0.00158
840.79549,0.00220
838.86706,0.00293
836.93863,0.00373
835.01020,0.00466
833.08177,0.00505
831.15334,0.00455
829.22491,0.00401
827.29648,0.00438
825.36805,0.00532
823.43962,0.00576
821.51119,0.00552
819.58276,0.00524
817.65433,0.00513
815.72590,0.00535
813.79747,0.00616
811.86904,0.00698
809.94061,0.00722
808.01218,0.00749
806.08375,0.00812
804.15532,0.00826
802.22689,0.00796
800.29846,0.00813
798.37003,0.00847
796.44160,0.00825
794.51317,0.00767
792.58474,0.00732
790.65631,0.00727
788.72788,0.00713
786.79945,0.00654
784.87102,0.00578
782.94259,0.00531
781.01416,0.00504
779.08573,0.00479
777.15730,0.00425
775.22887,0.00288
773.30044,0.00174
771.37201,0.00190
769.44358,0.00256
767.51515,0.00272
765.58672,0.00234
763.65829,0.00199
761.72986,0.00216
759.80143,0.00253
757.87300,0.00245
755.94457,0.00195
754.01614,0.00195
752.08771,0.00292
750.15928,0.00394
748.23085,0.00386
746.30242,0.00288
744.37399,0.00249
742.44556,0.00287
740.51713,0.00288
738.58870,0.00248
736.66027,0.00245
734.73184,0.00269
732.80341,0.00267
730.87498,0.00237
728.94655,0.00184
727.01812,0.00104
725.08969,0.00064
723.16126,0.00277
721.23283,0.00382
719.30440,0.00348
717.37597,0.00265
715.44754,0.00243
713.51911,0.00273
711.59068,0.00276
709.66225,0.00257
707.73382,0.00210
705.80539,0.00148
703.87696,0.00201
701.94853,0.00432
700.02010,0.00697
698.09167,0.00829
696.16324,0.00821
694.23481,0.00748
692.30638,0.00650
690.37795,0.00518
688.44952,0.00338
686.52109,0.00213
684.59266,0.00218
682.66423,0.00204
680.73580,0.00095
678.80737,0.00066
676.87894,0.00173
674.95051,0.00230
673.02208,0.00248
671.09365,0.00525
669.16522,0.00888
667.23679,0.00748
665.30836,0.00436
663.37993,0.00384
661.45150,0.00457
659.52307,0.00507
657.59464,0.00583
655.66621,0.00639
653.73778,0.00571
651.80935,0.00415
649.88092,0.00337
647.95249,0.00399
646.02406,0.00524
644.09563,0.00539
642.16720,0.00441
640.23877,0.00398
638.31034,0.00456
636.38191,0.00460
634.45348,0.00352
632.52505,0.00272
630.59662,0.00266
628.66819,0.00190
626.73976,0.00000
624.81133,0.00047
622.88290,0.00393
620.95447,0.00759
619.02604,0.00995
617.09761,0.01163
615.16918,0.01102
613.24075,0.00872
611.31232,0.00745
609.38389,0.00627
607.45546,0.00426
605.52703,0.00173
603.59860,0.00089
601.67017,0.00000
599.74174,0.00000
