4001.49232,0.00270
3999.56389,0.00501
3997.63546,0.00508
3995.70703,0.00401
3993.77860,0.00317
3991.85017,0.00257
3989.92174,0.00197
3987.99331,0.00134
3986.06488,0.00089
3984.13645,0.00103
3982.20802,0.00161
3980.27959,0.00230
3978.35116,0.00260
3976.42273,0.00235
3974.49430,0.00181
3972.56587,0.00134
3970.63744,0.00099
3968.70901,0.00078
3966.78058,0.00083
3964.85215,0.00115
3962.92372,0.00155
3960.99529,0.00159
3959.06686,0.00089
3957.13843,0.00008
3955.21000,0.00000
3953.28157,0.00032
3951.35314,0.00051
3949.42471,0.00079
3947.49628,0.00132
3945.56785,0.00149
3943.63942,0.00114
3941.71099,0.00084
3939.78256,0.00064
3937.85413,0.00072
3935.92570,0.00125
3933.99727,0.00142
3932.06884,0.00105
3930.14041,0.00099
3928.21198,0.00109
3926.28355,0.00038
3924.35512,0.00009
3922.42669,0.00123
3920.49826,0.00197
3918.56982,0.00171
3916.64139,0.00129
3914.71296,0.00108
3912.78453,0.00100
3910.85610,0.00142
3908.92767,0.00229
3906.99924,0.00233
3905.07081,0.00209
3903.14238,0.00330
3901.21395,0.00343
3899.28552,0.00221
3897.35709,0.00298
3895.42866,0.00446
3893.50023,0.00416
3891.57180,0.00374
3889.64337,0.00526
3887.71494,0.00608
3885.78651,0.00528
3883.85808,0.00533
3881.92965,0.00527
3880.00122,0.00479
3878.07279,0.00527
3876.14436,0.00578
3874.21593,0.00659
3872.28750,0.00749
3870.35907,0.00673
3868.43064,0.00669
3866.50221,0.00660
3864.57378,0.00531
3862.64535,0.00563
3860.71692,0.00773
3858.78849,0.01048
3856.86006,0.01220
3854.93163,0.00993
3853.00320,0.00526
3851.07477,0.00448
3849.14634,0.00638
3847.21791,0.00790
3845.28948,0.00801
3843.36105,0.00788
3841.43262,0.00765
3839.50419,0.00640
3837.57576,0.00614
3835.64733,0.00732
3833.71890,0.00777
3831.79047,0.00724
3829.86204,0.00693
3827.93361,0.00669
3826.00518,0.00752
3824.07675,0.00883
3822.14832,0.00808
3820.21989,0.00806
3818.29146,0.00764
3816.36303,0.00457
3814.43460,0.00356
3812.50617,0.00547
3810.57774,0.00702
3808.64931,0.00649
3806.72088,0.00628
3804.79245,0.00747
3802.86402,0.00584
3800.93559,0.00354
3799.00716,0.00349
3797.07873,0.00247
3795.15030,0.00145
3793.22187,0.00147
3791.29344,0.00174
3789.36501,0.00202
3787.43658,0.00172
3785.50815,0.00095
3783.57972,0.00109
3781.65129,0.00104
3779.72286,-0.00003
3777.79443,0.00000
3775.86600,0.00087
3773.93757,0.00134
3772.00914,0.00096
3770.08071,0.00085
3768.15228,0.00204
3766.22385,0.00299
3764.29542,0.00438
3762.36699,0.00603
3760.43856,0.00654
3758.51013,0.00781
3756.58170,0.01069
3754.65327,0.01191
3752.72484,0.00969
3750.79641,0.00933
3748.86798,0.01508
3746.93955,0.01914
3745.01112,0.01829
3743.08269,0.01642
3741.15426,0.01558
3739.22583,0.01457
3737.29740,0.01271
3735.36897,0.01164
3733.44054,0.01143
3731.51211,0.01100
3729.58368,0.01076
3727.65525,0.00977
3725.72682,0.00828
3723.79839,0.00671
3721.86996,0.00474
3719.94153,0.00354
3718.01310,0.00439
3716.08467,0.00639
3714.15624,0.00607
3712.22781,0.00262
3710.29938,0.00060
3708.37095,0.00133
3706.44252,0.00263
3704.51409,0.00268
3702.58566,0.00151
3700.65723,0.00138
3698.72880,0.00225
3696.80037,0.00283
3694.87194,0.00364
3692.94351,0.00376
3691.01508,0.00203
3689.08665,0.00087
3687.15822,0.00212
3685.22979,0.00381
3683.30136,0.00504
3681.37293,0.00604
3679.44450,0.00683
3677.51607,0.00639
3675.58764,0.00563
3673.65921,0.00707
3671.73078,0.00626
3669.80235,0.00308
3667.87392,0.00303
3665.94549,0.00380
3664.01706,0.00336
3662.08863,0.00304
3660.16020,0.00364
3658.23177,0.00386
3656.30334,0.00421
3654.37491,0.00595
3652.44648,0.00529
3650.51805,0.00122
3648.58962,0.00000
3646.66119,0.00184
3644.73276,0.00372
3642.80433,0.00399
3640.87590,0.00337
3638.94747,0.00320
3637.01904,0.00386
3635.09061,0.00493
3633.16218,0.00614
3631.23375,0.00547
3629.30532,0.00216
3627.37689,0.00160
3625.44846,0.00403
3623.52003,0.00569
3621.59160,0.00452
3619.66317,0.00231
3617.73474,0.00304
3615.80631,0.00508
3613.87788,0.00587
3611.94945,0.00660
3610.02102,0.00692
3608.09259,0.00617
3606.16416,0.00543
3604.23573,0.00485
3602.30730,0.00429
3600.37887,0.00426
3598.45044,0.00461
3596.52201,0.00434
3594.59358,0.00408
3592.66515,0.00499
3590.73672,0.00586
3588.80829,0.00495
3586.87986,0.00361
3584.95143,0.00334
3583.02300,0.00310
3581.09457,0.00249
3579.16614,0.00188
3577.23771,0.00151
3575.30928,0.00144
3573.38085,0.00193
3571.45242,0.00236
3569.52399,0.00148
3567.59556,0.00000
3565.66713,0.00073
3563.73870,0.00259
3561.81027,0.00321
3559.88184,0.00249
3557.95341,0.00150
3556.02498,0.00093
3554.09655,0.00073
3552.16812,0.00119
3550.23969,0.00239
3548.31126,0.00318
3546.38283,0.00280
3544.45440,0.00192
3542.52597,0.00151
3540.59754,0.00158
3538.66911,0.00133
3536.74068,0.00094
3534.81225,0.00106
3532.88382,0.00129
3530.95539,0.00128
3529.02696,0.00162
3527.09853,0.00240
3525.17010,0.00246
3523.24167,0.00179
3521.31324,0.00168
3519.38481,0.00179
3517.45638,0.00153
3515.52795,0.00119
3513.59952,0.00085
3511.67109,0.00045
3509.74266,0.00031
3507.81423,0.00079
3505.88580,0.00122
3503.95737,0.00141
3502.02894,0.00204
3500.10051,0.00226
3498.17208,0.00125
3496.24365,0.00008
3494.31522,0.00000
3492.38679,0.00064
3490.45836,0.00108
3488.52993,0.00123
3486.60150,0.00163
3484.67307,0.00182
3482.74464,0.00123
3480.81621,0.00082
3478.88778,0.00085
3476.95935,0.00070
3475.03092,0.00096
3473.10249,0.00163
3471.17406,0.00172
3469.24563,0.00139
3467.31720,0.00148
3465.38877,0.00171
3463.46034,0.00149
3461.53191,0.00115
3459.60348,0.00079
3457.67505,0.00030
3455.74662,0.00032
3453.81819,0.00102
3451.88976,0.00176
3449.96133,0.00180
3448.03290,0.00088
3446.10447,0.00021
3444.17604,0.00028
3442.24761,0.00062
3440.31918,0.00160
3438.39075,0.00253
3436.46232,0.00256
3434.53389,0.00208
3432.60546,0.00176
3430.67703,0.00147
3428.74860,0.00102
3426.82017,0.00090
3424.89174,0.00159
3422.96331,0.00258
3421.03488,0.00324
3419.10645,0.00345
3417.17802,0.00299
3415.24959,0.00240
3413.32116,0.00249
3411.39273,0.00279
3409.46430,0.00295
3407.53587,0.00306
3405.60744,0.00275
3403.67901,0.00211
3401.75058,0.00208
3399.82215,0.00413
3397.89372,0.00477
3395.96529,0.00503
3394.03686,0.00541
3392.10843,0.00548
3390.18000,0.00484
3388.25157,0.00410
3386.32314,0.00391
3384.39471,0.00342
3382.46628,0.00253
3380.53785,0.00211
3378.60942,0.00230
3376.68099,0.00259
3374.75256,0.00281
3372.82413,0.00324
3370.89570,0.00427
3368.96727,0.00550
3367.03884,0.00608
3365.11041,0.00596
3363.18198,0.00556
3361.25355,0.00520
3359.32512,0.00500
3357.39669,0.00500
3355.46826,0.00510
3353.53983,0.00488
3351.61140,0.00422
3349.68297,0.00367
3347.75454,0.00354
3345.82611,0.00365
3343.89768,0.00406
3341.96925,0.00472
3340.04082,0.00516
3338.11239,0.00519
3336.18396,0.00518
3334.25553,0.00534
3332.32710,0.00547
3330.39867,0.00567
3328.47024,0.00615
3326.54181,0.00663
3324.61338,0.00667
3322.68495,0.00629
3320.75652,0.00592
3318.82809,0.00617
3316.89966,0.00691
3314.97122,0.00725
3313.04279,0.00739
3311.11436,0.00789
3309.18593,0.00805
3307.25750,0.00726
3305.32907,0.00632
3303.40064,0.00617
3301.47221,0.00669
3299.54378,0.00724
3297.61535,0.00748
3295.68692,0.00766
3293.75849,0.00835
3291.83006,0.00925
3289.90163,0.00940
3287.97320,0.00888
3286.04477,0.00861
3284.11634,0.00896
3282.18791,0.00946
3280.25948,0.00970
3278.33105,0.00961
3276.40262,0.00946
3274.47419,0.00937
3272.54576,0.00907
3270.61733,0.00851
3268.68890,0.00812
3266.76047,0.00815
3264.83204,0.00822
3262.90361,0.00804
3260.97518,0.00788
3259.04675,0.00810
3257.11832,0.00864
3255.18989,0.00884
3253.26146,0.00844
3251.33303,0.00801
3249.40460,0.00809
3247.47617,0.00858
3245.54774,0.00889
3243.61931,0.00887
3241.69088,0.00848
3239.76245,0.00778
3237.83402,0.00736
3235.90559,0.00748
3233.97716,0.00781
3232.04873,0.00807
3230.12030,0.00799
3228.19187,0.00746
3226.26344,0.00699
3224.33501,0.00709
3222.40658,0.00744
3220.47815,0.00726
3218.54972,0.00671
3216.62129,0.00639
3214.69286,0.00638
3212.76443,0.00663
3210.83600,0.00677
3208.90757,0.00646
3206.97914,0.00584
3205.05071,0.00535
3203.12228,0.00556
3201.19385,0.00629
3199.26542,0.00679
3197.33699,0.00663
3195.40856,0.00570
3193.48013,0.00453
3191.55170,0.00408
3189.62327,0.00437
3187.69484,0.00474
3185.76641,0.00479
3183.83798,0.00460
3181.90955,0.00473
3179.98112,0.00522
3178.05269,0.00564
3176.12426,0.00570
3174.19583,0.00520
3172.26740,0.00436
3170.33897,0.00378
3168.41054,0.00373
3166.48211,0.00390
3164.55368,0.00399
3162.62525,0.00391
3160.69682,0.00357
3158.76839,0.00317
3156.83996,0.00286
3154.91153,0.00250
3152.98310,0.00226
3151.05467,0.00247
3149.12624,0.00285
3147.19781,0.00301
3145.26938,0.00295
3143.34095,0.00260
3141.41252,0.00201
3139.48409,0.00154
3137.55566,0.00175
3135.62723,0.00265
3133.69880,0.00330
3131.77037,0.00310
3129.84194,0.00262
3127.91351,0.00266
3125.98508,0.00318
3124.05665,0.00359
3122.12822,0.00350
3120.19979,0.00296
3118.27136,0.00251
3116.34293,0.00249
3114.41450,0.00261
3112.48607,0.00272
3110.55764,0.00287
3108.62921,0.00273
3106.70078,0.00222
3104.77235,0.00212
3102.84392,0.00263
3100.91549,0.00290
3098.98706,0.00255
3097.05863,0.00206
3095.13020,0.00192
3093.20177,0.00190
3091.27334,0.00170
3089.34491,0.00123
3087.41648,0.00045
3085.48805,0.00000
3083.55962,0.00056
3081.63119,0.00170
3079.70276,0.00209
3077.77433,0.00144
3075.84590,0.00065
3073.91747,0.00042
3071.98904,0.00061
3070.06061,0.00085
3068.13218,0.00112
3066.20375,0.00146
3064.27532,0.00163
3062.34689,0.00154
3060.41846,0.00144
3058.49003,0.00144
3056.56160,0.00139
3054.63317,0.00124
3052.70474,0.00104
3050.77631,0.00091
3048.84788,0.00077
3046.91945,0.00056
3044.99102,0.00040
3043.06259,0.00019
3041.13416,0.00000
3039.20573,0.00020
3037.27730,0.00079
3035.34887,0.00135
3033.42044,0.00166
3031.49201,0.00158
3029.56358,0.00115
3027.63515,0.00073
3025.70672,0.00047
3023.77829,0.00031
3021.84986,0.00034
3019.92143,0.00054
3017.99300,0.00081
3016.06457,0.00126
3014.13614,0.00179
3012.20771,0.00190
3010.27928,0.00141
3008.35085,0.00079
3006.42242,0.00056
3004.49399,0.00068
3002.56556,0.00065
3000.63713,0.00032
2998.70870,0.00001
2996.78027,0.00058
2994.85184,0.00100
2992.92341,0.00060
2990.99498,0.00000
2989.06655,0.00025
2987.13812,0.00084
2985.20969,0.00082
2983.28126,0.00055
2981.35283,0.00066
2979.42440,0.00107
2977.49597,0.00163
2975.56754,0.00197
2973.63911,0.00167
2971.71068,0.00104
2969.78225,0.00076
2967.85382,0.00096
2965.92539,0.00131
2963.99696,0.00155
2962.06853,0.00152
2960.14010,0.00122
2958.21167,0.00099
2956.28324,0.00116
2954.35481,0.00154
2952.42638,0.00175
2950.49795,0.00163
2948.56952,0.00147
2946.64109,0.00166
2944.71266,0.00201
2942.78423,0.00214
2940.85580,0.00216
2938.92737,0.00214
2936.99894,0.00187
2935.07051,0.00168
2933.14208,0.00191
2931.21365,0.00217
2929.28522,0.00206
2927.35679,0.00183
2925.42836,0.00184
2923.49993,0.00201
2921.57150,0.00203
2919.64307,0.00166
2917.71464,0.00114
2915.78621,0.00088
2913.85778,0.00087
2911.92935,0.00082
2910.00092,0.00064
2908.07249,0.00041
2906.14406,0.00038
2904.21563,0.00067
2902.28720,0.00095
2900.35877,0.00092
2898.43034,0.00087
2896.50191,0.00100
2894.57348,0.00112
2892.64505,0.00110
2890.71662,0.00096
2888.78819,0.00077
2886.85976,0.00074
2884.93133,0.00099
2883.00290,0.00124
2881.07447,0.00124
2879.14604,0.00107
2877.21761,0.00084
2875.28918,0.00069
2873.36075,0.00081
2871.43232,0.00108
2869.50389,0.00120
2867.57546,0.00113
2865.64703,0.00094
2863.71860,0.00086
2861.79017,0.00092
2859.86174,0.00077
2857.93331,0.00058
2856.00488,0.00077
2854.07645,0.00118
2852.14802,0.00149
2850.21959,0.00151
2848.29116,0.00123
2846.36273,0.00081
2844.43430,0.00040
2842.50587,0.00017
2840.57744,0.00038
2838.64901,0.00096
2836.72058,0.00136
2834.79215,0.00121
2832.86372,0.00071
2830.93529,0.00018
2829.00686,0.00000
2827.07843,0.00039
2825.15000,0.00097
2823.22157,0.00117
2821.29314,0.00113
2819.36471,0.00101
2817.43628,0.00071
2815.50785,0.00041
2813.57942,0.00040
2811.65099,0.00059
2809.72256,0.00077
2807.79413,0.00072
2805.86570,0.00049
2803.93727,0.00036
2802.00884,0.00027
2800.08041,0.00015
2798.15198,0.00028
2796.22355,0.00052
2794.29512,0.00057
2792.36669,0.00049
2790.43826,0.00052
2788.50983,0.00063
2786.58140,0.00056
2784.65297,0.00031
2782.72454,0.00006
2780.79611,0.00004
2778.86768,0.00025
2776.93925,0.00041
2775.01082,0.00035
2773.08239,0.00029
2771.15396,0.00037
2769.22553,0.00047
2767.29710,0.00046
2765.36867,0.00035
2763.44024,0.00029
2761.51181,0.00031
2759.58338,0.00038
2757.65495,0.00056
2755.72652,0.00081
2753.79809,0.00083
2751.86966,0.00058
2749.94123,0.00031
2748.01280,0.00034
2746.08437,0.00074
2744.15594,0.00109
2742.22751,0.00108
2740.29908,0.00096
2738.37065,0.00094
2736.44222,0.00099
2734.51379,0.00096
2732.58536,0.00080
2730.65693,0.00052
2728.72850,0.00027
2726.80007,0.00036
2724.87164,0.00072
2722.94321,0.00088
2721.01478,0.00071
2719.08635,0.00059
2717.15792,0.00080
2715.22949,0.00092
2713.30105,0.00060
2711.37262,0.00037
2709.44419,0.00058
2707.51576,0.00079
2705.58733,0.00073
2703.65890,0.00052
2701.73047,0.00022
2699.80204,0.00000
2697.87361,0.00009
2695.94518,0.00046
2694.01675,0.00088
2692.08832,0.00115
2690.15989,0.00108
2688.23146,0.00073
2686.30303,0.00042
2684.37460,0.00026
2682.44617,0.00017
2680.51774,0.00028
2678.58931,0.00043
2676.66088,0.00030
2674.73245,0.00014
2672.80402,0.00026
2670.87559,0.00051
2668.94716,0.00065
2667.01873,0.00061
2665.09030,0.00059
2663.16187,0.00069
2661.23344,0.00066
2659.30501,0.00058
2657.37658,0.00071
2655.44815,0.00086
2653.51972,0.00088
2651.59129,0.00088
2649.66286,0.00078
2647.73443,0.00054
2645.80600,0.00040
2643.87757,0.00057
2641.94914,0.00080
2640.02071,0.00092
2638.09228,0.00105
2636.16385,0.00114
2634.23542,0.00107
2632.30699,0.00097
2630.37856,0.00091
2628.45013,0.00071
2626.52170,0.00045
2624.59327,0.00046
2622.66484,0.00075
2620.73641,0.00095
2618.80798,0.00086
2616.87955,0.00064
2614.95112,0.00056
2613.02269,0.00066
2611.09426,0.00084
2609.16583,0.00093
2607.23740,0.00067
2605.30897,0.00018
2603.38054,0.00001
2601.45211,0.00036
2599.52368,0.00093
2597.59525,0.00134
2595.66682,0.00150
2593.73839,0.00139
2591.80996,0.00110
2589.88153,0.00076
2587.95310,0.00051
2586.02467,0.00043
2584.09624,0.00041
2582.16781,0.00051
2580.23938,0.00059
2578.31095,0.00043
2576.38252,0.00033
2574.45409,0.00067
2572.52566,0.00113
2570.59723,0.00126
2568.66880,0.00114
2566.74037,0.00093
2564.81194,0.00073
2562.88351,0.00061
2560.95508,0.00063
2559.02665,0.00077
2557.09822,0.00083
2555.16979,0.00069
2553.24136,0.00052
2551.31293,0.00031
2549.38450,0.00014
2547.45607,0.00020
2545.52764,0.00046
2543.59921,0.00059
2541.67078,0.00056
2539.74235,0.00054
2537.81392,0.00043
2535.88549,0.00020
2533.95706,0.00018
2532.02863,0.00037
2530.10020,0.00050
2528.17177,0.00062
2526.24334,0.00062
2524.31491,0.00041
2522.38648,0.00008
2520.45805,-0.00011
2518.52962,-0.00002
2516.60119,0.00013
2514.67276,0.00006
2512.74433,-0.00002
2510.81590,0.00015
2508.88747,0.00027
2506.95904,0.00024
2505.03061,0.00028
2503.10218,0.00032
2501.17375,0.00035
2499.24532,0.00047
2497.31689,0.00038
2495.38846,0.00009
2493.46003,0.00000
2491.53160,0.00004
2489.60317,0.00006
2487.67474,0.00017
2485.74631,0.00046
2483.81788,0.00078
2481.88945,0.00087
2479.96102,0.00073
2478.03259,0.00048
2476.10416,0.00027
2474.17573,0.00020
2472.24730,0.00033
2470.31887,0.00056
2468.39044,0.00060
2466.46201,0.00041
2464.53358,0.00019
2462.60515,0.00015
2460.67672,0.00036
2458.74829,0.00061
2456.81986,0.00049
2454.89143,0.00014
2452.96300,0.00000
2451.03457,0.00005
2449.10614,0.00010
2447.17771,0.00014
2445.24928,0.00024
2443.32085,0.00028
2441.39242,0.00017
2439.46399,0.00013
2437.53556,0.00024
2435.60713,0.00030
2433.67870,0.00033
2431.75027,0.00036
2429.82184,0.00021
2427.89341,-0.00001
2425.96498,0.00001
2424.03655,0.00001
2422.10812,0.00000
2420.17969,-0.00000
2418.25126,-0.00001
2416.32283,-0.00001
2414.39440,-0.00001
2412.46597,-0.00001
2410.53754,-0.00001
2408.60911,-0.00001
2406.68068,-0.00001
2404.75225,-0.00001
2402.82382,-0.00000
2400.89539,0.00000
2398.96696,-0.00003
2397.03853,-0.00006
2395.11010,-0.00009
2393.18167,-0.00012
2391.25324,-0.00014
2389.32481,-0.00017
2387.39638,-0.00020
2385.46795,-0.00022
2383.53952,-0.00024
2381.61109,-0.00027
2379.68266,-0.00029
2377.75423,-0.00031
2375.82580,-0.00033
2373.89737,-0.00034
2371.96894,-0.00036
2370.04051,-0.00038
2368.11208,-0.00039
2366.18365,-0.00041
2364.25522,-0.00042
2362.32679,-0.00044
2360.39836,-0.00045
2358.46993,-0.00046
2356.54150,-0.00047
2354.61307,-0.00048
2352.68464,-0.00049
2350.75621,-0.00049
2348.82778,-0.00050
2346.89935,-0.00050
2344.97092,-0.00051
2343.04249,-0.00051
2341.11406,-0.00051
2339.18563,-0.00052
2337.25720,-0.00052
2335.32877,-0.00052
2333.40034,-0.00051
2331.47191,-0.00051
2329.54348,-0.00051
2327.61505,-0.00050
2325.68662,-0.00050
2323.75819,-0.00049
2321.82976,-0.00049
2319.90133,-0.00048
2317.97290,-0.00047
2316.04447,-0.00046
2314.11604,-0.00045
2312.18761,-0.00044
2310.25918,-0.00042
2308.33075,-0.00041
2306.40232,-0.00039
2304.47389,-0.00038
2302.54546,-0.00036
2300.61703,-0.00034
2298.68860,-0.00033
2296.76017,-0.00031
2294.83174,-0.00029
2292.90331,-0.00027
2290.97488,-0.00024
2289.04645,-0.00022
2287.11802,-0.00020
2285.18959,-0.00017
2283.26116,-0.00014
2281.33273,-0.00012
2279.40430,-0.00009
2277.47587,-0.00006
2275.54744,-0.00003
2273.61901,0.00000
2271.69058,0.00003
2269.76215,0.00006
2267.83372,0.00009
2265.90529,0.00012
2263.97686,0.00015
2262.04843,0.00019
2260.12000,0.00022
2258.19157,0.00026
2256.26314,0.00029
2254.33471,0.00033
2252.40628,0.00037
2250.47785,0.00041
2248.54942,0.00045
2246.62099,0.00049
2244.69256,0.00053
2242.76413,0.00058
2240.83570,0.00063
2238.90727,0.00050
2236.97884,0.00035
2235.05041,0.00020
2233.12198,0.00007
2231.19355,0.00012
2229.26512,0.00036
2227.33669,0.00059
2225.40826,0.00057
2223.47983,0.00028
2221.55140,0.00001
2219.62297,0.00000
2217.69454,0.00007
2215.76611,0.00006
2213.83768,0.00014
2211.90925,0.00039
2209.98082,0.00054
2208.05239,0.00054
2206.12396,0.00057
2204.19553,0.00056
2202.26710,0.00041
2200.33867,0.00032
2198.41024,0.00034
2196.48181,0.00027
2194.55338,0.00017
2192.62495,0.00029
2190.69652,0.00050
2188.76809,0.00054
2186.83966,0.00043
2184.91123,0.00034
2182.98280,0.00032
2181.05437,0.00036
2179.12594,0.00043
2177.19751,0.00046
2175.26908,0.00049
2173.34065,0.00054
2171.41222,0.00046
2169.48379,0.00022
2167.55536,0.00000
2165.62693,0.00002
2163.69850,0.00031
2161.77007,0.00048
2159.84164,0.00036
2157.91321,0.00017
2155.98478,0.00013
2154.05635,0.00022
2152.12792,0.00037
2150.19949,0.00048
2148.27106,0.00058
2146.34263,0.00054
2144.41420,0.00038
2142.48577,0.00036
2140.55734,0.00055
2138.62891,0.00082
2136.70048,0.00102
2134.77205,0.00097
2132.84362,0.00073
2130.91519,0.00054
2128.98676,0.00046
2127.05833,0.00039
2125.12990,0.00027
2123.20147,0.00008
2121.27304,0.00000
2119.34461,0.00013
2117.41618,0.00041
2115.48775,0.00063
2113.55932,0.00067
2111.63089,0.00054
2109.70245,0.00040
2107.77402,0.00047
2105.84559,0.00072
2103.91716,0.00079
2101.98873,0.00060
2100.06030,0.00041
2098.13187,0.00034
2096.20344,0.00022
2094.27501,0.00012
2092.34658,0.00011
2090.41815,0.00023
2088.48972,0.00042
2086.56129,0.00046
2084.63286,0.00038
2082.70443,0.00030
2080.77600,0.00030
2078.84757,0.00039
2076.91914,0.00046
2074.99071,0.00052
2073.06228,0.00056
2071.13385,0.00058
2069.20542,0.00062
2067.27699,0.00056
2065.34856,0.00053
2063.42013,0.00076
2061.49170,0.00091
2059.56327,0.00077
2057.63484,0.00055
2055.70641,0.00028
2053.77798,0.00005
2051.84955,0.00000
2049.92112,0.00014
2047.99269,0.00044
2046.06426,0.00084
2044.13583,0.00108
2042.20740,0.00090
2040.27897,0.00077
2038.35054,0.00086
2036.42211,0.00082
2034.49368,0.00078
2032.56525,0.00075
2030.63682,0.00072
2028.70839,0.00084
2026.77996,0.00105
2024.85153,0.00112
2022.92310,0.00107
2020.99467,0.00090
2019.06624,0.00040
2017.13781,0.00000
2015.20938,0.00031
2013.28095,0.00073
2011.35252,0.00083
2009.42409,0.00097
2007.49566,0.00107
2005.56723,0.00091
2003.63880,0.00066
2001.71037,0.00051
1999.78194,0.00044
1997.85351,0.00055
1995.92508,0.00078
1993.99665,0.00057
1992.06822,0.00030
1990.13979,0.00058
1988.21136,0.00085
1986.28293,0.00097
1984.35450,0.00081
1982.42607,0.00046
1980.49764,0.00024
1978.56921,0.00006
1976.64078,0.00001
1974.71235,0.00022
1972.78392,0.00053
1970.85549,0.00070
1968.92706,0.00033
1966.99863,0.00005
1965.07020,0.00070
1963.14177,0.00108
1961.21334,0.00076
1959.28491,0.00059
1957.35648,0.00051
1955.42805,0.00020
1953.49962,0.00012
1951.57119,0.00038
1949.64276,0.00059
1947.71433,0.00058
1945.78590,0.00043
1943.85747,0.00010
1941.92904,0.00025
1940.00061,0.00104
1938.07218,0.00116
1936.14375,0.00064
1934.21532,0.00027
1932.28689,0.00028
1930.35846,0.00057
1928.43003,0.00091
1926.50160,0.00103
1924.57317,0.00055
1922.64474,0.00046
1920.71631,0.00103
1918.78788,0.00082
1916.85945,0.00084
1914.93102,0.00160
1913.00259,0.00181
1911.07416,0.00136
1909.14573,0.00118
1907.21730,0.00149
1905.28887,0.00159
1903.36044,0.00132
1901.43201,0.00117
1899.50358,0.00120
1897.57515,0.00113
1895.64672,0.00114
1893.71829,0.00154
1891.78986,0.00138
1889.86143,0.00070
1887.93300,0.00119
1886.00457,0.00208
1884.07614,0.00230
1882.14771,0.00224
1880.21928,0.00207
1878.29085,0.00200
1876.36242,0.00220
1874.43399,0.00265
1872.50556,0.00273
1870.57713,0.00135
1868.64870,0.00000
1866.72027,0.00085
1864.79184,0.00235
1862.86341,0.00261
1860.93498,0.00233
1859.00655,0.00242
1857.07812,0.00277
1855.14969,0.00299
1853.22126,0.00305
1851.29283,0.00305
1849.36440,0.00286
1847.43597,0.00242
1845.50754,0.00160
1843.57911,0.00160
1841.65068,0.00291
1839.72225,0.00328
1837.79382,0.00272
1835.86539,0.00308
1833.93696,0.00357
1832.00853,0.00214
1830.08010,0.00027
1828.15167,0.00097
1826.22324,0.00175
1824.29481,0.00165
1822.36638,0.00207
1820.43795,0.00242
1818.50952,0.00247
1816.58109,0.00248
1814.65266,0.00210
1812.72423,0.00100
1810.79580,0.00038
1808.86737,0.00117
1806.93894,0.00218
1805.01051,0.00263
1803.08208,0.00248
1801.15365,0.00229
1799.22522,0.00297
1797.29679,0.00395
1795.36836,0.00350
1793.43993,0.00138
1791.51150,0.00101
1789.58307,0.00386
1787.65464,0.00589
1785.72621,0.00578
1783.79778,0.00486
1781.86935,0.00364
1779.94092,0.00335
1778.01249,0.00436
1776.08406,0.00416
1774.15563,0.00157
1772.22720,0.00000
1770.29877,0.00252
1768.37034,0.00519
1766.44191,0.00604
1764.51348,0.00519
1762.58505,0.00346
1760.65662,0.00371
1758.72819,0.00476
1756.79976,0.00518
1754.87133,0.00610
1752.94290,0.00573
1751.01447,0.00359
1749.08604,0.00244
1747.15761,0.00353
1745.22918,0.00499
1743.30075,0.00547
1741.37232,0.00515
1739.44389,0.00558
1737.51546,0.00666
1735.58703,0.00478
1733.65860,0.00254
1731.73017,0.00413
1729.80174,0.00567
1727.87331,0.00632
1725.94488,0.00647
1724.01645,0.00673
1722.08802,0.00737
1720.15959,0.00511
1718.23116,0.00021
1716.30273,0.00020
1714.37430,0.00513
1712.44587,0.00910
1710.51744,0.01008
1708.58901,0.00911
1706.66058,0.00874
1704.73215,0.01186
1702.80372,0.01519
1700.87529,0.01504
1698.94686,0.01516
1697.01843,0.01575
1695.09000,0.01734
1693.16157,0.02004
1691.23314,0.02059
1689.30471,0.01989
1687.37628,0.01873
1685.44785,0.01561
1683.51942,0.01619
1681.59099,0.02158
1679.66256,0.02503
1677.73413,0.02518
1675.80570,0.02410
1673.87727,0.02422
1671.94884,0.02326
1670.02041,0.02149
1668.09198,0.02448
1666.16355,0.02830
1664.23512,0.02797
1662.30669,0.02753
1660.37826,0.03110
1658.44983,0.03459
1656.52140,0.03350
1654.59297,0.02855
1652.66454,0.02887
1650.73611,0.03542
1648.80768,0.03502
1646.87925,0.02946
1644.95082,0.03023
1643.02239,0.03345
1641.09396,0.03363
1639.16553,0.03024
1637.23710,0.02439
1635.30867,0.02192
1633.38024,0.02519
1631.45181,0.02686
1629.52338,0.02463
1627.59495,0.02204
1625.66652,0.02023
1623.73809,0.01831
1621.80966,0.01870
1619.88123,0.01864
1617.95280,0.01444
1616.02437,0.01175
1614.09594,0.01367
1612.16751,0.01443
1610.23908,0.01240
1608.31065,0.01021
1606.38222,0.00929
1604.45379,0.00862
1602.52536,0.00789
1600.59693,0.00765
1598.66850,0.00741
1596.74007,0.00676
1594.81164,0.00635
1592.88321,0.00663
1590.95478,0.00711
1589.02635,0.00758
1587.09792,0.00807
1585.16949,0.00861
1583.24106,0.00973
1581.31263,0.01116
1579.38420,0.01089
1577.45577,0.00847
1575.52734,0.00935
1573.59891,0.01403
1571.67048,0.01471
1569.74205,0.01264
1567.81362,0.01428
1565.88519,0.01768
1563.95676,0.01993
1562.02833,0.01839
1560.09990,0.01288
1558.17147,0.01366
1556.24304,0.02106
1554.31461,0.02485
1552.38618,0.02523
1550.45775,0.02466
1548.52932,0.02529
1546.60089,0.02517
1544.67246,0.02180
1542.74403,0.01684
1540.81560,0.01335
1538.88717,0.01870
1536.95874,0.02579
1535.03031,0.02536
1533.10188,0.02188
1531.17345,0.02250
1529.24502,0.02306
1527.31659,0.02176
1525.38816,0.02129
1523.45973,0.02022
1521.53130,0.01925
1519.60287,0.02112
1517.67444,0.02103
1515.74601,0.02041
1513.81758,0.02175
1511.88915,0.02180
1509.96072,0.01745
1508.03229,0.00920
1506.10385,0.00694
1504.17542,0.01323
1502.24699,0.01715
1500.31856,0.01494
1498.39013,0.01017
1496.46170,0.00852
1494.53327,0.01060
1492.60484,0.01017
1490.67641,0.00557
1488.74798,0.00322
1486.81955,0.00497
1484.89112,0.00693
1482.96269,0.00697
1481.03426,0.00659
1479.10583,0.00684
1477.17740,0.00595
1475.24897,0.00303
1473.32054,0.00047
1471.39211,0.00293
1469.46368,0.00763
1467.53525,0.00849
1465.60682,0.00670
1463.67839,0.00760
1461.74996,0.00905
1459.82153,0.00543
1457.89310,0.00000
1455.96467,0.00204
1454.03624,0.00707
1452.10781,0.00861
1450.17938,0.00679
1448.25095,0.00435
1446.32252,0.00387
1444.39409,0.00465
1442.46566,0.00516
1440.53723,0.00518
1438.60880,0.00387
1436.68037,0.00267
1434.75194,0.00402
1432.82351,0.00483
1430.89508,0.00374
1428.96665,0.00351
1427.03822,0.00412
1425.10979,0.00387
1423.18136,0.00412
1421.25293,0.00441
1419.32450,0.00351
1417.39607,0.00363
1415.46764,0.00421
1413.53921,0.00354
1411.61078,0.00242
1409.68235,0.00210
1407.75392,0.00180
1405.82549,0.00111
1403.89706,0.00160
1401.96863,0.00251
1400.04020,0.00208
1398.11177,0.00165
1396.18334,0.00163
1394.25491,0.00236
1392.32648,0.00438
1390.39805,0.00511
1388.46962,0.00352
1386.54119,0.00216
1384.61276,0.00234
1382.68433,0.00258
1380.75590,0.00258
1378.82747,0.00256
1376.89904,0.00167
1374.97061,0.00030
1373.04218,0.00068
1371.11375,0.00170
1369.18532,0.00147
1367.25689,0.00124
1365.32846,0.00092
1363.40003,0.00000
1361.47160,0.00013
1359.54317,0.00107
1357.61474,0.00106
1355.68631,0.00043
1353.75788,0.00030
1351.82945,0.00047
1349.90102,0.00040
1347.97259,0.00043
1346.04416,0.00069
1344.11573,0.00095
1342.18730,0.00063
1340.25887,0.00000
1338.33044,0.00012
1336.40201,0.00075
1334.47358,0.00077
1332.54515,0.00054
1330.61672,0.00064
1328.68829,0.00086
1326.75986,0.00097
1324.83143,0.00118
1322.90300,0.00124
1320.97457,0.00066
1319.04614,0.00009
1317.11771,0.00023
1315.18928,0.00041
1313.26085,0.00037
1311.33242,0.00055
1309.40399,0.00071
1307.47556,0.00083
1305.54713,0.00127
1303.61870,0.00173
1301.69027,0.00198
1299.76184,0.00207
1297.83341,0.00223
1295.90498,0.00260
1293.97655,0.00315
1292.04812,0.00379
1290.11969,0.00425
1288.19126,0.00442
1286.26283,0.00473
1284.33440,0.00524
1282.40597,0.00573
1280.47754,0.00630
1278.54911,0.00696
1276.62068,0.00763
1274.69225,0.00832
1272.76382,0.00909
1270.83539,0.01017
1268.90696,0.01157
1266.97853,0.01284
1265.05010,0.01378
1263.12167,0.01485
1261.19324,0.01628
1259.26481,0.01817
1257.33638,0.02034
1255.40795,0.02249
1253.47952,0.02453
1251.55109,0.02649
1249.62266,0.02860
1247.69423,0.03098
1245.76580,0.03347
1243.83737,0.03578
1241.90894,0.03784
1239.98051,0.03999
1238.05208,0.04226
1236.12365,0.04429
1234.19522,0.04608
1232.26679,0.04773
1230.33836,0.04918
1228.40993,0.05069
1226.48150,0.05239
1224.55307,0.05401
1222.62464,0.05542
1220.69621,0.05674
1218.76778,0.05806
1216.83935,0.05917
1214.91092,0.06007
1212.98249,0.06109
1211.05406,0.06222
1209.12563,0.06317
1207.19720,0.06408
1205.26877,0.06515
1203.34034,0.06639
1201.41191,0.06775
1199.48348,0.06891
1197.55505,0.06956
1195.62662,0.06998
1193.69819,0.07063
1191.76976,0.07163
1189.84133,0.07294
1187.91290,0.07434
1185.98447,0.07543
1184.05604,0.07621
1182.12761,0.07716
1180.19918,0.07839
1178.27075,0.07965
1176.34232,0.08104
1174.41389,0.08249
1172.48546,0.08350
1170.55703,0.08417
1168.62860,0.08518
1166.70017,0.08662
1164.77174,0.08810
1162.84331,0.08948
1160.91488,0.09075
1158.98645,0.09198
1157.05802,0.09333
1155.12959,0.09462
1153.20116,0.09583
1151.27273,0.09710
1149.34430,0.09834
1147.41587,0.09969
1145.48744,0.10145
1143.55901,0.10358
1141.63058,0.10589
1139.70215,0.10827
1137.77372,0.11068
1135.84529,0.11301
1133.91686,0.11509
1131.98843,0.11698
1130.06000,0.11897
1128.13157,0.12111
1126.20314,0.12379
1124.27471,0.12738
1122.34628,0.13123
1120.41785,0.13458
1118.48942,0.13790
1116.56099,0.14207
1114.63256,0.14699
1112.70413,0.15203
1110.77570,0.15745
1108.84727,0.16371
1106.91884,0.17060
1104.99041,0.17786
1103.06198,0.18511
1101.13355,0.19166
1099.20512,0.19755
1097.27669,0.20349
1095.34826,0.20967
1093.41983,0.21566
1091.49140,0.22093
1089.56297,0.22568
1087.63454,0.23048
1085.70611,0.23523
1083.77768,0.23966
1081.84925,0.24353
1079.92082,0.24641
1077.99239,0.24855
1076.06396,0.25103
1074.13553,0.25425
1072.20710,0.25694
1070.27867,0.25822
1068.35024,0.25911
1066.42181,0.26018
1064.49338,0.26051
1062.56495,0.25972
1060.63652,0.25844
1058.70809,0.25705
1056.77966,0.25500
1054.85123,0.25168
1052.92280,0.24745
1050.99437,0.24277
1049.06594,0.23746
1047.13751,0.23140
1045.20908,0.22467
1043.28065,0.21750
1041.35222,0.20977
1039.42379,0.20086
1037.49536,0.19093
1035.56693,0.18060
1033.63850,0.17020
1031.71007,0.16011
1029.78164,0.15061
1027.85321,0.14116
1025.92478,0.13091
1023.99635,0.12035
1022.06792,0.11056
1020.13949,0.10155
1018.21106,0.09321
1016.28263,0.08559
1014.35420,0.07832
1012.42577,0.07112
1010.49734,0.06406
1008.56891,0.05771
1006.64048,0.05246
1004.71205,0.04792
1002.78362,0.04369
1000.85519,0.03971
998.92676,0.03633
996.99833,0.03383
995.06990,0.03184
993.14147,0.03007
991.21304,0.02862
989.28461,0.02755
987.35618,0.02697
985.42775,0.02704
983.49932,0.02771
981.57089,0.02851
979.64246,0.02909
977.71403,0.02948
975.78560,0.02951
973.85717,0.02937
971.92874,0.02928
970.00031,0.02881
968.07188,0.02796
966.14345,0.02716
964.21502,0.02660
962.28659,0.02618
960.35816,0.02556
958.42973,0.02464
956.50130,0.02375
954.57287,0.02294
952.64444,0.02191
950.71601,0.02083
948.78758,0.02008
946.85915,0.01960
944.93072,0.01911
943.00229,0.01833
941.07386,0.01726
939.14543,0.01639
937.21700,0.01596
935.28857,0.01560
933.36014,0.01491
931.43171,0.01378
929.50328,0.01250
927.57485,0.01150
925.64642,0.01057
923.71799,0.00944
921.78956,0.00860
919.86113,0.00827
917.93270,0.00798
916.00427,0.00746
914.07584,0.00671
912.14741,0.00600
910.21898,0.00566
908.29055,0.00549
906.36212,0.00510
904.43368,0.00461
902.50525,0.00400
900.57682,0.00296
898.64839,0.00197
896.71996,0.00160
894.79153,0.00164
892.86310,0.00162
890.93467,0.00139
889.00624,0.00092
887.07781,0.00034
885.14938,0.00000
883.22095,-0.00004
881.29252,0.00014
879.36409,0.00056
877.43566,0.00086
875.50723,0.00069
873.57880,0.00021
871.65037,0.00000
869.72194,-0.00001
867.79351,0.00004
865.86508,0.00005
863.93665,0.00026
862.00822,0.00052
860.07979,0.00038
858.15136,0.00012
856.22293,0.00055
854.29450,0.00174
852.36607,0.00272
850.43764,0.00304
848.50921,0.00343
846.58078,0.00403
844.65235,0.00447
842.72392,0.00523
840.79549,0.00667
838.86706,0.00827
836.93863,0.00998
835.01020,0.01228
833.08177,0.01474
831.15334,0.01640
829.22491,0.01709
827.29648,0.01795
825.36805,0.01979
823.43962,0.02182
821.51119,0.02320
819.58276,0.02430
817.65433,0.02557
815.72590,0.02698
813.79747,0.02830
811.86904,0.02942
809.94061,0.03062
808.01218,0.03220
806.08375,0.03352
804.15532,0.03403
802.22689,0.03438
800.29846,0.03506
798.37003,0.03543
796.44160,0.03511
794.51317,0.03472
792.58474,0.03472
790.65631,0.03455
788.72788,0.03339
786.79945,0.03106
784.87102,0.02832
782.94259,0.02624
781.01416,0.02485
779.08573,0.02327
777.15730,0.02071
775.22887,0.01719
773.30044,0.01425
771.37201,0.01295
769.44358,0.01184
767.51515,0.01015
765.58672,0.00918
763.65829,0.00922
761.72986,0.00931
759.80143,0.00901
757.87300,0.00812
755.94457,0.00666
754.01614,0.00575
752.08771,0.00626
750.15928,0.00697
748.23085,0.00627
746.30242,0.00481
744.37399,0.00444
742.44556,0.00511
740.51713,0.00543
738.58870,0.00509
736.66027,0.00460
734.73184,0.00449
732.80341,0.00483
730.87498,0.00477
728.94655,0.00383
727.01812,0.00291
725.08969,0.00292
723.16126,0.00498
721.23283,0.00582
719.30440,0.00536
717.37597,0.00428
715.44754,0.00347
713.51911,0.00344
711.59068,0.00388
709.66225,0.00464
707.73382,0.00532
705.80539,0.00566
703.87696,0.00611
701.94853,0.00671
700.02010,0.00721
698.09167,0.00773
696.16324,0.00807
694.23481,0.00789
692.30638,0.00718
690.37795,0.00594
688.44952,0.00426
686.52109,0.00309
684.59266,0.00287
682.66423,0.00270
680.73580,0.00203
678.80737,0.00161
676.87894,0.00188
674.95051,0.00231
673.02208,0.00305
671.09365,0.00474
669.16522,0.00560
667.23679,0.00413
665.30836,0.00363
663.37993,0.00491
661.45150,0.00662
659.52307,0.00775
657.59464,0.00796
655.66621,0.00739
653.73778,0.00641
651.80935,0.00540
649.88092,0.00509
647.95249,0.00531
646.02406,0.00487
644.09563,0.00430
642.16720,0.00443
640.23877,0.00500
638.31034,0.00453
636.38191,0.00280
634.45348,0.00131
632.52505,0.00196
630.59662,0.00432
628.66819,0.00530
626.73976,0.00276
624.81133,0.00061
622.88290,0.00121
620.95447,0.00407
619.02604,0.00777
617.09761,0.01031
615.16918,0.00883
613.24075,0.00530
611.31232,0.00310
609.38389,0.00106
607.45546,0.00118
605.52703,0.00121
603.59860,0.00006
601.67017,0.00000
599.74174,0.00000
