4001.49232,0.00406
3999.56389,0.00554
3997.63546,0.00520
3995.70703,0.00411
3993.77860,0.00341
3991.85017,0.00319
3989.92174,0.00289
3987.99331,0.00221
3986.06488,0.00166
3984.13645,0.00188
3982.20802,0.00257
3980.27959,0.00326
3978.35116,0.00367
3976.42273,0.00349
3974.49430,0.00282
3972.56587,0.00236
3970.63744,0.00240
3968.70901,0.00248
3966.78058,0.00231
3964.85215,0.00225
3962.92372,0.00248
3960.99529,0.00233
3959.06686,0.00142
3957.13843,0.00048
3955.21000,0.00008
3953.28157,-0.00002
3951.35314,0.00000
3949.42471,0.00041
3947.49628,0.00099
3945.56785,0.00133
3943.63942,0.00141
3941.71099,0.00118
3939.78256,0.00087
3937.85413,0.00104
3935.92570,0.00167
3933.99727,0.00220
3932.06884,0.00211
3930.14041,0.00151
3928.21198,0.00092
3926.28355,0.00052
3924.35512,0.00061
3922.42669,0.00129
3920.49826,0.00188
3918.56982,0.00199
3916.64139,0.00166
3914.71296,0.00114
3912.78453,0.00093
3910.85610,0.00107
3908.92767,0.00124
3906.99924,0.00125
3905.07081,0.00165
3903.14238,0.00277
3901.21395,0.00290
3899.28552,0.00202
3897.35709,0.00216
3895.42866,0.00349
3893.50023,0.00454
3891.57180,0.00453
3889.64337,0.00422
3887.71494,0.00438
3885.78651,0.00425
3883.85808,0.00409
3881.92965,0.00485
3880.00122,0.00510
3878.07279,0.00450
3876.14436,0.00475
3874.21593,0.00583
3872.28750,0.00684
3870.35907,0.00703
3868.43064,0.00664
3866.50221,0.00664
3864.57378,0.00678
3862.64535,0.00683
3860.71692,0.00715
3858.78849,0.00831
3856.86006,0.01017
3854.93163,0.01076
3853.00320,0.00818
3851.07477,0.00513
3849.14634,0.00494
3847.21791,0.00634
3845.28948,0.00727
3843.36105,0.00718
3841.43262,0.00621
3839.50419,0.00502
3837.57576,0.00493
3835.64733,0.00590
3833.71890,0.00688
3831.79047,0.00712
3829.86204,0.00681
3827.93361,0.00659
3826.00518,0.00697
3824.07675,0.00820
3822.14832,0.00926
3820.21989,0.00917
3818.29146,0.00789
3816.36303,0.00580
3814.43460,0.00402
3812.50617,0.00420
3810.57774,0.00554
3808.64931,0.00631
3806.72088,0.00671
3804.79245,0.00730
3802.86402,0.00697
3800.93559,0.00502
3799.00716,0.00330
3797.07873,0.00254
3795.15030,0.00199
3793.22187,0.00169
3791.29344,0.00179
3789.36501,0.00193
3787.43658,0.00186
3785.50815,0.00167
3783.57972,0.00187
3781.65129,0.00208
3779.72286,0.00141
3777.79443,0.00032
3775.86600,0.00000
3773.93757,0.00052
3772.00914,0.00161
3770.08071,0.00291
3768.15228,0.00376
3766.22385,0.00390
3764.29542,0.00405
3762.36699,0.00491
3760.43856,0.00614
3758.51013,0.00759
3756.58170,0.00948
3754.65327,0.01085
3752.72484,0.01054
3750.79641,0.01055
3748.86798,0.01338
3746.93955,0.01617
3745.01112,0.01658
3743.08269,0.01439
3741.15426,0.01270
3739.22583,0.01236
3737.29740,0.01216
3735.36897,0.01227
3733.44054,0.01209
3731.51211,0.01068
3729.58368,0.00927
3727.65525,0.00854
3725.72682,0.00760
3723.79839,0.00584
3721.86996,0.00379
3719.94153,0.00278
3718.01310,0.00354
3716.08467,0.00516
3714.15624,0.00560
3712.22781,0.00362
3710.29938,0.00109
3708.37095,0.00000
3706.44252,0.00021
3704.51409,0.00066
3702.58566,0.00072
3700.65723,0.00069
3698.72880,0.00095
3696.80037,0.00140
3694.87194,0.00188
3692.94351,0.00206
3691.01508,0.00136
3689.08665,0.00034
3687.15822,-0.00002
3685.22979,0.00079
3683.30136,0.00234
3681.37293,0.00348
3679.44450,0.00388
3677.51607,0.00399
3675.58764,0.00381
3673.65921,0.00312
3671.73078,0.00221
3669.80235,0.00076
3667.87392,-0.00017
3665.94549,-0.00003
3664.01706,0.00043
3662.08863,0.00078
3660.16020,0.00131
3658.23177,0.00179
3656.30334,0.00195
3654.37491,0.00234
3652.44648,0.00296
3650.51805,0.00258
3648.58962,0.00134
3646.66119,0.00000
3644.73276,0.00045
3642.80433,0.00178
3640.87590,0.00228
3638.94747,0.00226
3637.01904,0.00290
3635.09061,0.00420
3633.16218,0.00549
3631.23375,0.00616
3629.30532,0.00550
3627.37689,0.00454
3625.44846,0.00503
3623.52003,0.00645
3621.59160,0.00705
3619.66317,0.00690
3617.73474,0.00758
3615.80631,0.00915
3613.87788,0.01063
3611.94945,0.01178
3610.02102,0.01289
3608.09259,0.01309
3606.16416,0.01150
3604.23573,0.00961
3602.30730,0.00887
3600.37887,0.00902
3598.45044,0.00930
3596.52201,0.00917
3594.59358,0.00875
3592.66515,0.00853
3590.73672,0.00878
3588.80829,0.00850
3586.87986,0.00664
3584.95143,0.00441
3583.02300,0.00367
3581.09457,0.00396
3579.16614,0.00388
3577.23771,0.00340
3575.30928,0.00328
3573.38085,0.00366
3571.45242,0.00407
3569.52399,0.00413
3567.59556,0.00400
3565.66713,0.00436
3563.73870,0.00517
3561.81027,0.00603
3559.88184,0.00632
3557.95341,0.00595
3556.02498,0.00559
3554.09655,0.00550
3552.16812,0.00556
3550.23969,0.00605
3548.31126,0.00704
3546.38283,0.00729
3544.45440,0.00604
3542.52597,0.00458
3540.59754,0.00408
3538.66911,0.00398
3536.74068,0.00351
3534.81225,0.00269
3532.88382,0.00212
3530.95539,0.00243
3529.02696,0.00358
3527.09853,0.00453
3525.17010,0.00442
3523.24167,0.00378
3521.31324,0.00340
3519.38481,0.00296
3517.45638,0.00215
3515.52795,0.00137
3513.59952,0.00093
3511.67109,0.00100
3509.74266,0.00162
3507.81423,0.00242
3505.88580,0.00305
3503.95737,0.00334
3502.02894,0.00308
3500.10051,0.00215
3498.17208,0.00099
3496.24365,0.00024
3494.31522,0.00037
3492.38679,0.00121
3490.45836,0.00198
3488.52993,0.00238
3486.60150,0.00263
3484.67307,0.00282
3482.74464,0.00290
3480.81621,0.00283
3478.88778,0.00250
3476.95935,0.00225
3475.03092,0.00273
3473.10249,0.00342
3471.17406,0.00338
3469.24563,0.00304
3467.31720,0.00314
3465.38877,0.00322
3463.46034,0.00289
3461.53191,0.00259
3459.60348,0.00228
3457.67505,0.00176
3455.74662,0.00157
3453.81819,0.00209
3451.88976,0.00288
3449.96133,0.00334
3448.03290,0.00338
3446.10447,0.00335
3444.17604,0.00351
3442.24761,0.00398
3440.31918,0.00469
3438.39075,0.00512
3436.46232,0.00495
3434.53389,0.00451
3432.60546,0.00429
3430.67703,0.00426
3428.74860,0.00398
3426.82017,0.00370
3424.89174,0.00409
3422.96331,0.00498
3421.03488,0.00581
3419.10645,0.00615
3417.17802,0.00566
3415.24959,0.00498
3413.32116,0.00529
3411.39273,0.00627
3409.46430,0.00713
3407.53587,0.00757
3405.60744,0.00704
3403.67901,0.00577
3401.75058,0.00525
3399.82215,0.00710
3397.89372,0.00783
3395.96529,0.00798
3394.03686,0.00838
3392.10843,0.00865
3390.18000,0.00829
3388.25157,0.00821
3386.32314,0.00876
3384.39471,0.00877
3382.46628,0.00812
3380.53785,0.00781
3378.60942,0.00787
3376.68099,0.00794
3374.75256,0.00812
3372.82413,0.00868
3370.89570,0.00973
3368.96727,0.01077
3367.03884,0.01129
3365.11041,0.01149
3363.18198,0.01157
3361.25355,0.01132
3359.32512,0.01084
3357.39669,0.01068
3355.46826,0.01090
3353.53983,0.01095
3351.61140,0.01073
3349.68297,0.01055
3347.75454,0.01062
3345.82611,0.01118
3343.89768,0.01217
3341.96925,0.01301
3340.04082,0.01318
3338.11239,0.01299
3336.18396,0.01328
3334.25553,0.01390
3332.32710,0.01431
3330.39867,0.01483
3328.47024,0.01574
3326.54181,0.01649
3324.61338,0.01673
3322.68495,0.01682
3320.75652,0.01691
3318.82809,0.01694
3316.89966,0.01709
3314.97122,0.01739
3313.04279,0.01783
3311.11436,0.01854
3309.18593,0.01921
3307.25750,0.01908
3305.32907,0.01848
3303.40064,0.01847
3301.47221,0.01894
3299.54378,0.01918
3297.61535,0.01913
3295.68692,0.01936
3293.75849,0.02035
3291.83006,0.02140
3289.90163,0.02128
3287.97320,0.02041
3286.04477,0.02027
3284.11634,0.02094
3282.18791,0.02138
3280.25948,0.02129
3278.33105,0.02095
3276.40262,0.02066
3274.47419,0.02051
3272.54576,0.02004
3270.61733,0.01898
3268.68890,0.01806
3266.76047,0.01776
3264.83204,0.01774
3262.90361,0.01775
3260.97518,0.01767
3259.04675,0.01741
3257.11832,0.01729
3255.18989,0.01723
3253.26146,0.01675
3251.33303,0.01611
3249.40460,0.01574
3247.47617,0.01580
3245.54774,0.01611
3243.61931,0.01597
3241.69088,0.01504
3239.76245,0.01395
3237.83402,0.01337
3235.90559,0.01326
3233.97716,0.01335
3232.04873,0.01347
3230.12030,0.01336
3228.19187,0.01281
3226.26344,0.01203
3224.33501,0.01172
3222.40658,0.01205
3220.47815,0.01209
3218.54972,0.01145
3216.62129,0.01078
3214.69286,0.01056
3212.76443,0.01086
3210.83600,0.01120
3208.90757,0.01074
3206.97914,0.00967
3205.05071,0.00908
3203.12228,0.00927
3201.19385,0.00970
3199.26542,0.01005
3197.33699,0.00997
3195.40856,0.00906
3193.48013,0.00774
3191.55170,0.00698
3189.62327,0.00692
3187.69484,0.00705
3185.76641,0.00695
3183.83798,0.00671
3181.90955,0.00685
3179.98112,0.00729
3178.05269,0.00755
3176.12426,0.00761
3174.19583,0.00741
3172.26740,0.00674
3170.33897,0.00599
3168.41054,0.00561
3166.48211,0.00547
3164.55368,0.00530
3162.62525,0.00501
3160.69682,0.00456
3158.76839,0.00414
3156.83996,0.00369
3154.91153,0.00292
3152.98310,0.00215
3151.05467,0.00198
3149.12624,0.00231
3147.19781,0.00268
3145.26938,0.00285
3143.34095,0.00274
3141.41252,0.00236
3139.48409,0.00188
3137.55566,0.00182
3135.62723,0.00236
3133.69880,0.00284
3131.77037,0.00248
3129.84194,0.00166
3127.91351,0.00141
3125.98508,0.00189
3124.05665,0.00249
3122.12822,0.00261
3120.19979,0.00241
3118.27136,0.00220
3116.34293,0.00185
3114.41450,0.00143
3112.48607,0.00133
3110.55764,0.00143
3108.62921,0.00134
3106.70078,0.00109
3104.77235,0.00112
3102.84392,0.00155
3100.91549,0.00172
3098.98706,0.00132
3097.05863,0.00098
3095.13020,0.00099
3093.20177,0.00116
3091.27334,0.00130
3089.34491,0.00107
3087.41648,0.00044
3085.48805,0.00000
3083.55962,0.00040
3081.63119,0.00141
3079.70276,0.00193
3077.77433,0.00160
3075.84590,0.00112
3073.91747,0.00089
3071.98904,0.00084
3070.06061,0.00101
3068.13218,0.00159
3066.20375,0.00224
3064.27532,0.00226
3062.34689,0.00165
3060.41846,0.00119
3058.49003,0.00124
3056.56160,0.00132
3054.63317,0.00121
3052.70474,0.00129
3050.77631,0.00159
3048.84788,0.00147
3046.91945,0.00082
3044.99102,0.00024
3043.06259,0.00007
3041.13416,0.00004
3039.20573,0.00019
3037.27730,0.00065
3035.34887,0.00104
3033.42044,0.00107
3031.49201,0.00100
3029.56358,0.00097
3027.63515,0.00092
3025.70672,0.00072
3023.77829,0.00039
3021.84986,0.00020
3019.92143,0.00010
3017.99300,0.00000
3016.06457,0.00029
3014.13614,0.00099
3012.20771,0.00140
3010.27928,0.00118
3008.35085,0.00071
3006.42242,0.00046
3004.49399,0.00051
3002.56556,0.00064
3000.63713,0.00050
2998.70870,0.00000
2996.78027,0.00008
2994.85184,0.00046
2992.92341,0.00065
2990.99498,0.00069
2989.06655,0.00108
2987.13812,0.00168
2985.20969,0.00189
2983.28126,0.00185
2981.35283,0.00198
2979.42440,0.00243
2977.49597,0.00333
2975.56754,0.00419
2973.63911,0.00426
2971.71068,0.00395
2969.78225,0.00414
2967.85382,0.00486
2965.92539,0.00562
2963.99696,0.00598
2962.06853,0.00584
2960.14010,0.00551
2958.21167,0.00530
2956.28324,0.00521
2954.35481,0.00520
2952.42638,0.00517
2950.49795,0.00497
2948.56952,0.00471
2946.64109,0.00467
2944.71266,0.00479
2942.78423,0.00493
2940.85580,0.00519
2938.92737,0.00556
2936.99894,0.00588
2935.07051,0.00615
2933.14208,0.00633
2931.21365,0.00619
2929.28522,0.00589
2927.35679,0.00584
2925.42836,0.00589
2923.49993,0.00566
2921.57150,0.00524
2919.64307,0.00463
2917.71464,0.00395
2915.78621,0.00359
2913.85778,0.00342
2911.92935,0.00305
2910.00092,0.00258
2908.07249,0.00224
2906.14406,0.00212
2904.21563,0.00225
2902.28720,0.00241
2900.35877,0.00237
2898.43034,0.00224
2896.50191,0.00227
2894.57348,0.00230
2892.64505,0.00212
2890.71662,0.00187
2888.78819,0.00162
2886.85976,0.00143
2884.93133,0.00147
2883.00290,0.00167
2881.07447,0.00196
2879.14604,0.00228
2877.21761,0.00240
2875.28918,0.00228
2873.36075,0.00223
2871.43232,0.00232
2869.50389,0.00220
2867.57546,0.00193
2865.64703,0.00179
2863.71860,0.00181
2861.79017,0.00183
2859.86174,0.00163
2857.93331,0.00127
2856.00488,0.00132
2854.07645,0.00185
2852.14802,0.00218
2850.21959,0.00200
2848.29116,0.00173
2846.36273,0.00145
2844.43430,0.00110
2842.50587,0.00093
2840.57744,0.00104
2838.64901,0.00124
2836.72058,0.00123
2834.79215,0.00089
2832.86372,0.00048
2830.93529,0.00014
2829.00686,0.00000
2827.07843,0.00025
2825.15000,0.00069
2823.22157,0.00084
2821.29314,0.00066
2819.36471,0.00040
2817.43628,0.00026
2815.50785,0.00034
2813.57942,0.00067
2811.65099,0.00098
2809.72256,0.00100
2807.79413,0.00079
2805.86570,0.00050
2803.93727,0.00034
2802.00884,0.00037
2800.08041,0.00049
2798.15198,0.00066
2796.22355,0.00070
2794.29512,0.00053
2792.36669,0.00033
2790.43826,0.00028
2788.50983,0.00048
2786.58140,0.00070
2784.65297,0.00064
2782.72454,0.00042
2780.79611,0.00034
2778.86768,0.00024
2776.93925,0.00009
2775.01082,0.00011
2773.08239,0.00031
2771.15396,0.00047
2769.22553,0.00053
2767.29710,0.00045
2765.36867,0.00036
2763.44024,0.00042
2761.51181,0.00052
2759.58338,0.00061
2757.65495,0.00076
2755.72652,0.00092
2753.79809,0.00085
2751.86966,0.00062
2749.94123,0.00052
2748.01280,0.00061
2746.08437,0.00074
2744.15594,0.00087
2742.22751,0.00093
2740.29908,0.00090
2738.37065,0.00080
2736.44222,0.00071
2734.51379,0.00065
2732.58536,0.00062
2730.65693,0.00061
2728.72850,0.00066
2726.80007,0.00070
2724.87164,0.00069
2722.94321,0.00060
2721.01478,0.00051
2719.08635,0.00061
2717.15792,0.00078
2715.22949,0.00064
2713.30105,0.00021
2711.37262,0.00000
2709.44419,0.00017
2707.51576,0.00023
2705.58733,0.00014
2703.65890,0.00022
2701.73047,0.00019
2699.80204,-0.00000
2697.87361,0.00004
2695.94518,0.00030
2694.01675,0.00058
2692.08832,0.00082
2690.15989,0.00083
2688.23146,0.00049
2686.30303,0.00009
2684.37460,-0.00005
2682.44617,0.00002
2680.51774,0.00020
2678.58931,0.00032
2676.66088,0.00020
2674.73245,0.00003
2672.80402,0.00006
2670.87559,0.00023
2668.94716,0.00043
2667.01873,0.00043
2665.09030,0.00038
2663.16187,0.00055
2661.23344,0.00073
2659.30501,0.00073
2657.37658,0.00069
2655.44815,0.00071
2653.51972,0.00080
2651.59129,0.00092
2649.66286,0.00086
2647.73443,0.00060
2645.80600,0.00052
2643.87757,0.00065
2641.94914,0.00064
2640.02071,0.00060
2638.09228,0.00076
2636.16385,0.00085
2634.23542,0.00078
2632.30699,0.00074
2630.37856,0.00062
2628.45013,0.00035
2626.52170,0.00016
2624.59327,0.00031
2622.66484,0.00069
2620.73641,0.00095
2618.80798,0.00097
2616.87955,0.00085
2614.95112,0.00074
2613.02269,0.00075
2611.09426,0.00086
2609.16583,0.00087
2607.23740,0.00058
2605.30897,0.00017
2603.38054,0.00000
2601.45211,0.00020
2599.52368,0.00065
2597.59525,0.00095
2595.66682,0.00101
2593.73839,0.00093
2591.80996,0.00070
2589.88153,0.00032
2587.95310,0.00004
2586.02467,0.00005
2584.09624,0.00020
2582.16781,0.00032
2580.23938,0.00029
2578.31095,0.00011
2576.38252,0.00000
2574.45409,0.00027
2572.52566,0.00073
2570.59723,0.00088
2568.66880,0.00071
2566.74037,0.00057
2564.81194,0.00056
2562.88351,0.00056
2560.95508,0.00050
2559.02665,0.00046
2557.09822,0.00054
2555.16979,0.00068
2553.24136,0.00084
2551.31293,0.00087
2549.38450,0.00063
2547.45607,0.00035
2545.52764,0.00032
2543.59921,0.00028
2541.67078,0.00015
2539.74235,0.00011
2537.81392,0.00012
2535.88549,0.00008
2533.95706,0.00008
2532.02863,0.00017
2530.10020,0.00031
2528.17177,0.00046
2526.24334,0.00058
2524.31491,0.00060
2522.38648,0.00042
2520.45805,0.00023
2518.52962,0.00021
2516.60119,0.00017
2514.67276,-0.00000
2512.74433,0.00002
2510.81590,0.00031
2508.88747,0.00052
2506.95904,0.00060
2505.03061,0.00076
2503.10218,0.00092
2501.17375,0.00105
2499.24532,0.00100
2497.31689,0.00060
2495.38846,0.00015
2493.46003,0.00000
2491.53160,0.00005
2489.60317,0.00021
2487.67474,0.00033
2485.74631,0.00047
2483.81788,0.00070
2481.88945,0.00084
2479.96102,0.00084
2478.03259,0.00074
2476.10416,0.00057
2474.17573,0.00049
2472.24730,0.00063
2470.31887,0.00073
2468.39044,0.00066
2466.46201,0.00063
2464.53358,0.00067
2462.60515,0.00066
2460.67672,0.00071
2458.74829,0.00084
2456.81986,0.00079
2454.89143,0.00044
2452.96300,0.00012
2451.03457,0.00005
2449.10614,0.00002
2447.17771,-0.00000
2445.24928,0.00004
2443.32085,0.00001
2441.39242,0.00000
2439.46399,0.00022
2437.53556,0.00039
2435.60713,0.00021
2433.67870,-0.00001
2431.75027,0.00004
2429.82184,0.00011
2427.89341,0.00001
2425.96498,-0.00005
2424.03655,-0.00004
2422.10812,-0.00004
2420.17969,-0.00003
2418.25126,-0.00003
2416.32283,-0.00003
2414.39440,-0.00003
2412.46597,-0.00002
2410.53754,-0.00002
2408.60911,-0.00002
2406.68068,-0.00001
2404.75225,-0.00001
2402.82382,-0.00000
2400.89539,0.00000
2398.96696,-0.00004
2397.03853,-0.00007
2395.11010,-0.00011
2393.18167,-0.00014
2391.25324,-0.00018
2389.32481,-0.00021
2387.39638,-0.00024
2385.46795,-0.00027
2383.53952,-0.00029
2381.61109,-0.00032
2379.68266,-0.00035
2377.75423,-0.00037
2375.82580,-0.00040
2373.89737,-0.00042
2371.96894,-0.00044
2370.04051,-0.00046
2368.11208,-0.00048
2366.18365,-0.00050
2364.25522,-0.00051
2362.32679,-0.00053
2360.39836,-0.00054
2358.46993,-0.00056
2356.54150,-0.00057
2354.61307,-0.00058
2352.68464,-0.00059
2350.75621,-0.00060
2348.82778,-0.00061
2346.89935,-0.00061
2344.97092,-0.00062
2343.04249,-0.00062
2341.11406,-0.00062
2339.18563,-0.00063
2337.25720,-0.00063
2335.32877,-0.00063
2333.40034,-0.00062
2331.47191,-0.00062
2329.54348,-0.00062
2327.61505,-0.00061
2325.68662,-0.00061
2323.75819,-0.00060
2321.82976,-0.00059
2319.90133,-0.00058
2317.97290,-0.00057
2316.04447,-0.00056
2314.11604,-0.00054
2312.18761,-0.00053
2310.25918,-0.00051
2308.33075,-0.00050
2306.40232,-0.00048
2304.47389,-0.00046
2302.54546,-0.00044
2300.61703,-0.00042
2298.68860,-0.00040
2296.76017,-0.00037
2294.83174,-0.00035
2292.90331,-0.00032
2290.97488,-0.00029
2289.04645,-0.00027
2287.11802,-0.00024
2285.18959,-0.00021
2283.26116,-0.00018
2281.33273,-0.00014
2279.40430,-0.00011
2277.47587,-0.00007
2275.54744,-0.00004
2273.61901,0.00000
2271.69058,0.00003
2269.76215,0.00006
2267.83372,0.00010
2265.90529,0.00013
2263.97686,0.00017
2262.04843,0.00021
2260.12000,0.00025
2258.19157,0.00029
2256.26314,0.00033
2254.33471,0.00037
2252.40628,0.00041
2250.47785,0.00046
2248.54942,0.00050
2246.62099,0.00055
2244.69256,0.00060
2242.76413,0.00065
2240.83570,0.00061
2238.90727,0.00033
2236.97884,0.00005
2235.05041,-0.00002
2233.12198,0.00009
2231.19355,0.00032
2229.26512,0.00055
2227.33669,0.00070
2225.40826,0.00066
2223.47983,0.00034
2221.55140,0.00000
2219.62297,0.00004
2217.69454,0.00025
2215.76611,0.00017
2213.83768,0.00007
2211.90925,0.00020
2209.98082,0.00035
2208.05239,0.00038
2206.12396,0.00032
2204.19553,0.00011
2202.26710,-0.00002
2200.33867,0.00012
2198.41024,0.00027
2196.48181,0.00017
2194.55338,-0.00002
2192.62495,-0.00007
2190.69652,0.00003
2188.76809,0.00016
2186.83966,0.00025
2184.91123,0.00033
2182.98280,0.00039
2181.05437,0.00035
2179.12594,0.00035
2177.19751,0.00053
2175.26908,0.00079
2173.34065,0.00086
2171.41222,0.00063
2169.48379,0.00031
2167.55536,0.00007
2165.62693,0.00000
2163.69850,0.00013
2161.77007,0.00022
2159.84164,0.00017
2157.91321,0.00024
2155.98478,0.00036
2154.05635,0.00039
2152.12792,0.00046
2150.19949,0.00054
2148.27106,0.00047
2146.34263,0.00027
2144.41420,0.00016
2142.48577,0.00032
2140.55734,0.00066
2138.62891,0.00097
2136.70048,0.00110
2134.77205,0.00107
2132.84362,0.00089
2130.91519,0.00060
2128.98676,0.00032
2127.05833,0.00010
2125.12990,0.00000
2123.20147,-0.00000
2121.27304,0.00008
2119.34461,0.00019
2117.41618,0.00028
2115.48775,0.00034
2113.55932,0.00042
2111.63089,0.00055
2109.70245,0.00056
2107.77402,0.00050
2105.84559,0.00067
2103.91716,0.00081
2101.98873,0.00063
2100.06030,0.00048
2098.13187,0.00058
2096.20344,0.00061
2094.27501,0.00043
2092.34658,0.00018
2090.41815,0.00008
2088.48972,0.00012
2086.56129,0.00018
2084.63286,0.00037
2082.70443,0.00061
2080.77600,0.00067
2078.84757,0.00055
2076.91914,0.00040
2074.99071,0.00033
2073.06228,0.00037
2071.13385,0.00046
2069.20542,0.00045
2067.27699,0.00038
2065.34856,0.00047
2063.42013,0.00062
2061.49170,0.00068
2059.56327,0.00067
2057.63484,0.00058
2055.70641,0.00030
2053.77798,0.00001
2051.84955,0.00000
2049.92112,0.00029
2047.99269,0.00072
2046.06426,0.00107
2044.13583,0.00112
2042.20740,0.00092
2040.27897,0.00085
2038.35054,0.00098
2036.42211,0.00112
2034.49368,0.00120
2032.56525,0.00115
2030.63682,0.00111
2028.70839,0.00124
2026.77996,0.00141
2024.85153,0.00143
2022.92310,0.00123
2020.99467,0.00074
2019.06624,0.00019
2017.13781,0.00000
2015.20938,0.00028
2013.28095,0.00075
2011.35252,0.00108
2009.42409,0.00127
2007.49566,0.00126
2005.56723,0.00101
2003.63880,0.00076
2001.71037,0.00063
1999.78194,0.00058
1997.85351,0.00059
1995.92508,0.00059
1993.99665,0.00048
1992.06822,0.00036
1990.13979,0.00036
1988.21136,0.00058
1986.28293,0.00084
1984.35450,0.00066
1982.42607,0.00027
1980.49764,0.00005
1978.56921,-0.00000
1976.64078,0.00009
1974.71235,0.00038
1972.78392,0.00064
1970.85549,0.00061
1968.92706,0.00031
1966.99863,0.00014
1965.07020,0.00040
1963.14177,0.00054
1961.21334,0.00039
1959.28491,0.00034
1957.35648,0.00027
1955.42805,0.00001
1953.49962,0.00000
1951.57119,0.00026
1949.64276,0.00039
1947.71433,0.00026
1945.78590,0.00008
1943.85747,0.00001
1941.92904,0.00012
1940.00061,0.00035
1938.07218,0.00039
1936.14375,0.00013
1934.21532,-0.00013
1932.28689,-0.00018
1930.35846,-0.00006
1928.43003,0.00009
1926.50160,0.00015
1924.57317,0.00002
1922.64474,-0.00005
1920.71631,-0.00000
1918.78788,0.00000
1916.85945,0.00005
1914.93102,0.00035
1913.00259,0.00058
1911.07416,0.00052
1909.14573,0.00048
1907.21730,0.00061
1905.28887,0.00070
1903.36044,0.00063
1901.43201,0.00049
1899.50358,0.00040
1897.57515,0.00036
1895.64672,0.00035
1893.71829,0.00030
1891.78986,0.00010
1889.86143,-0.00004
1887.93300,0.00026
1886.00457,0.00075
1884.07614,0.00108
1882.14771,0.00118
1880.21928,0.00114
1878.29085,0.00112
1876.36242,0.00112
1874.43399,0.00113
1872.50556,0.00106
1870.57713,0.00062
1868.64870,0.00002
1866.72027,0.00000
1864.79184,0.00048
1862.86341,0.00084
1860.93498,0.00101
1859.00655,0.00121
1857.07812,0.00144
1855.14969,0.00156
1853.22126,0.00160
1851.29283,0.00162
1849.36440,0.00152
1847.43597,0.00124
1845.50754,0.00100
1843.57911,0.00099
1841.65068,0.00115
1839.72225,0.00129
1837.79382,0.00145
1835.86539,0.00188
1833.93696,0.00201
1832.00853,0.00112
1830.08010,-0.00009
1828.15167,-0.00030
1826.22324,0.00012
1824.29481,0.00051
1822.36638,0.00085
1820.43795,0.00123
1818.50952,0.00158
1816.58109,0.00166
1814.65266,0.00120
1812.72423,0.00048
1810.79580,0.00014
1808.86737,0.00038
1806.93894,0.00086
1805.01051,0.00128
1803.08208,0.00158
1801.15365,0.00175
1799.22522,0.00186
1797.29679,0.00196
1795.36836,0.00170
1793.43993,0.00094
1791.51150,0.00072
1789.58307,0.00185
1787.65464,0.00323
1785.72621,0.00371
1783.79778,0.00310
1781.86935,0.00211
1779.94092,0.00175
1778.01249,0.00210
1776.08406,0.00190
1774.15563,0.00051
1772.22720,-0.00050
1770.29877,0.00057
1768.37034,0.00230
1766.44191,0.00303
1764.51348,0.00274
1762.58505,0.00220
1760.65662,0.00213
1758.72819,0.00241
1756.79976,0.00262
1754.87133,0.00276
1752.94290,0.00273
1751.01447,0.00212
1749.08604,0.00123
1747.15761,0.00126
1745.22918,0.00204
1743.30075,0.00268
1741.37232,0.00291
1739.44389,0.00308
1737.51546,0.00337
1735.58703,0.00326
1733.65860,0.00280
1731.73017,0.00288
1729.80174,0.00328
1727.87331,0.00372
1725.94488,0.00404
1724.01645,0.00428
1722.08802,0.00417
1720.15959,0.00277
1718.23116,0.00062
1716.30273,0.00089
1714.37430,0.00367
1712.44587,0.00641
1710.51744,0.00783
1708.58901,0.00835
1706.66058,0.00950
1704.73215,0.01232
1702.80372,0.01544
1700.87529,0.01772
1698.94686,0.01964
1697.01843,0.02239
1695.09000,0.02606
1693.16157,0.02924
1691.23314,0.03138
1689.30471,0.03261
1687.37628,0.03315
1685.44785,0.03410
1683.51942,0.03774
1681.59099,0.04264
1679.66256,0.04644
1677.73413,0.04890
1675.80570,0.05098
1673.87727,0.05280
1671.94884,0.05396
1670.02041,0.05597
1668.09198,0.06029
1666.16355,0.06443
1664.23512,0.06721
1662.30669,0.07036
1660.37826,0.07481
1658.44983,0.07843
1656.52140,0.07974
1654.59297,0.08018
1652.66454,0.08220
1650.73611,0.08489
1648.80768,0.08499
1646.87925,0.08250
1644.95082,0.08151
1643.02239,0.08211
1641.09396,0.08158
1639.16553,0.07879
1637.23710,0.07450
1635.30867,0.07091
1633.38024,0.06937
1631.45181,0.06827
1629.52338,0.06582
1627.59495,0.06243
1625.66652,0.05930
1623.73809,0.05667
1621.80966,0.05480
1619.88123,0.05273
1617.95280,0.04890
1616.02437,0.04451
1614.09594,0.04184
1612.16751,0.03958
1610.23908,0.03594
1608.31065,0.03173
1606.38222,0.02849
1604.45379,0.02623
1602.52536,0.02450
1600.59693,0.02329
1598.66850,0.02236
1596.74007,0.02150
1594.81164,0.02086
1592.88321,0.02057
1590.95478,0.02054
1589.02635,0.02077
1587.09792,0.02122
1585.16949,0.02180
1583.24106,0.02275
1581.31263,0.02377
1579.38420,0.02399
1577.45577,0.02389
1575.52734,0.02537
1573.59891,0.02793
1571.67048,0.02944
1569.74205,0.03015
1567.81362,0.03171
1565.88519,0.03408
1563.95676,0.03588
1562.02833,0.03589
1560.09990,0.03545
1558.17147,0.03800
1556.24304,0.04306
1554.31461,0.04707
1552.38618,0.04938
1550.45775,0.05078
1548.52932,0.05183
1546.60089,0.05181
1544.67246,0.05022
1542.74403,0.04813
1540.81560,0.04701
1538.88717,0.04895
1536.95874,0.05132
1535.03031,0.05116
1533.10188,0.04879
1531.17345,0.04715
1529.24502,0.04633
1527.31659,0.04507
1525.38816,0.04352
1523.45973,0.04186
1521.53130,0.04073
1519.60287,0.04067
1517.67444,0.03988
1515.74601,0.03838
1513.81758,0.03717
1511.88915,0.03527
1509.96072,0.03125
1508.03229,0.02499
1506.10385,0.02005
1504.17542,0.02001
1502.24699,0.02146
1500.31856,0.02037
1498.39013,0.01691
1496.46170,0.01404
1494.53327,0.01277
1492.60484,0.01105
1490.67641,0.00781
1488.74798,0.00527
1486.81955,0.00497
1484.89112,0.00561
1482.96269,0.00577
1481.03426,0.00549
1479.10583,0.00515
1477.17740,0.00442
1475.24897,0.00316
1473.32054,0.00267
1471.39211,0.00433
1469.46368,0.00674
1467.53525,0.00791
1465.60682,0.00776
1463.67839,0.00775
1461.74996,0.00762
1459.82153,0.00614
1457.89310,0.00473
1455.96467,0.00612
1454.03624,0.00827
1452.10781,0.00917
1450.17938,0.00844
1448.25095,0.00716
1446.32252,0.00664
1444.39409,0.00675
1442.46566,0.00667
1440.53723,0.00611
1438.60880,0.00537
1436.68037,0.00494
1434.75194,0.00499
1432.82351,0.00495
1430.89508,0.00449
1428.96665,0.00414
1427.03822,0.00415
1425.10979,0.00424
1423.18136,0.00457
1421.25293,0.00527
1419.32450,0.00586
1417.39607,0.00588
1415.46764,0.00563
1413.53921,0.00531
1411.61078,0.00496
1409.68235,0.00483
1407.75392,0.00480
1405.82549,0.00484
1403.89706,0.00521
1401.96863,0.00570
1400.04020,0.00591
1398.11177,0.00590
1396.18334,0.00583
1394.25491,0.00613
1392.32648,0.00690
1390.39805,0.00720
1388.46962,0.00643
1386.54119,0.00521
1384.61276,0.00443
1382.68433,0.00411
1380.75590,0.00392
1378.82747,0.00355
1376.89904,0.00268
1374.97061,0.00176
1373.04218,0.00156
1371.11375,0.00174
1369.18532,0.00157
1367.25689,0.00110
1365.32846,0.00056
1363.40003,0.00015
1361.47160,0.00011
1359.54317,0.00027
1357.61474,0.00022
1355.68631,0.00000
1353.75788,-0.00005
1351.82945,-0.00005
1349.90102,-0.00014
1347.97259,-0.00015
1346.04416,0.00005
1344.11573,0.00020
1342.18730,0.00010
1340.25887,-0.00006
1338.33044,-0.00004
1336.40201,-0.00012
1334.47358,-0.00026
1332.54515,-0.00024
1330.61672,0.00007
1328.68829,0.00026
1326.75986,0.00035
1324.83143,0.00058
1322.90300,0.00065
1320.97457,0.00024
1319.04614,-0.00002
1317.11771,0.00028
1315.18928,0.00063
1313.26085,0.00062
1311.33242,0.00047
1309.40399,0.00036
1307.47556,0.00043
1305.54713,0.00067
1303.61870,0.00094
1301.69027,0.00108
1299.76184,0.00106
1297.83341,0.00103
1295.90498,0.00119
1293.97655,0.00151
1292.04812,0.00190
1290.11969,0.00232
1288.19126,0.00268
1286.26283,0.00297
1284.33440,0.00320
1282.40597,0.00347
1280.47754,0.00393
1278.54911,0.00445
1276.62068,0.00491
1274.69225,0.00553
1272.76382,0.00649
1270.83539,0.00769
1268.90696,0.00893
1266.97853,0.00997
1265.05010,0.01073
1263.12167,0.01167
1261.19324,0.01312
1259.26481,0.01491
1257.33638,0.01678
1255.40795,0.01873
1253.47952,0.02075
1251.55109,0.02277
1249.62266,0.02484
1247.69423,0.02702
1245.76580,0.02929
1243.83737,0.03142
1241.90894,0.03321
1239.98051,0.03502
1238.05208,0.03696
1236.12365,0.03862
1234.19522,0.04010
1232.26679,0.04166
1230.33836,0.04315
1228.40993,0.04449
1226.48150,0.04572
1224.55307,0.04695
1222.62464,0.04834
1220.69621,0.05004
1218.76778,0.05184
1216.83935,0.05319
1214.91092,0.05407
1212.98249,0.05514
1211.05406,0.05647
1209.12563,0.05766
1207.19720,0.05880
1205.26877,0.06006
1203.34034,0.06155
1201.41191,0.06330
1199.48348,0.06485
1197.55505,0.06604
1195.62662,0.06750
1193.69819,0.06955
1191.76976,0.07196
1189.84133,0.07466
1187.91290,0.07758
1185.98447,0.08021
1184.05604,0.08245
1182.12761,0.08482
1180.19918,0.08755
1178.27075,0.09070
1176.34232,0.09439
1174.41389,0.09816
1172.48546,0.10156
1170.55703,0.10504
1168.62860,0.10890
1166.70017,0.11284
1164.77174,0.11669
1162.84331,0.12077
1160.91488,0.12558
1158.98645,0.13132
1157.05802,0.13785
1155.12959,0.14457
1153.20116,0.15093
1151.27273,0.15664
1149.34430,0.16144
1147.41587,0.16543
1145.48744,0.16874
1143.55901,0.17099
1141.63058,0.17189
1139.70215,0.17213
1137.77372,0.17263
1135.84529,0.17378
1133.91686,0.17585
1131.98843,0.17893
1130.06000,0.18245
1128.13157,0.18559
1126.20314,0.18847
1124.27471,0.19175
1122.34628,0.19553
1120.41785,0.19989
1118.48942,0.20519
1116.56099,0.21130
1114.63256,0.21707
1112.70413,0.22138
1110.77570,0.22469
1108.84727,0.22841
1106.91884,0.23322
1104.99041,0.23897
1103.06198,0.24570
1101.13355,0.25409
1099.20512,0.26459
1097.27669,0.27628
1095.34826,0.28815
1093.41983,0.29992
1091.49140,0.30993
1089.56297,0.31640
1087.63454,0.31967
1085.70611,0.32087
1083.77768,0.32086
1081.84925,0.32017
1079.92082,0.31881
1077.99239,0.31689
1076.06396,0.31499
1074.13553,0.31343
1072.20710,0.31215
1070.27867,0.31085
1068.35024,0.30908
1066.42181,0.30714
1064.49338,0.30545
1062.56495,0.30325
1060.63652,0.29994
1058.70809,0.29623
1056.77966,0.29231
1054.85123,0.28750
1052.92280,0.28204
1050.99437,0.27648
1049.06594,0.27085
1047.13751,0.26480
1045.20908,0.25768
1043.28065,0.24935
1041.35222,0.24033
1039.42379,0.23062
1037.49536,0.21984
1035.56693,0.20836
1033.63850,0.19726
1031.71007,0.18712
1029.78164,0.17745
1027.85321,0.16721
1025.92478,0.15603
1023.99635,0.14471
1022.06792,0.13423
1020.13949,0.12486
1018.21106,0.11646
1016.28263,0.10884
1014.35420,0.10187
1012.42577,0.09519
1010.49734,0.08821
1008.56891,0.08106
1006.64048,0.07417
1004.71205,0.06748
1002.78362,0.06107
1000.85519,0.05506
998.92676,0.04964
996.99833,0.04529
995.06990,0.04187
993.14147,0.03907
991.21304,0.03713
989.28461,0.03596
987.35618,0.03509
985.42775,0.03449
983.49932,0.03444
981.57089,0.03471
979.64246,0.03501
977.71403,0.03538
975.78560,0.03564
973.85717,0.03567
971.92874,0.03547
970.00031,0.03474
968.07188,0.03362
966.14345,0.03268
964.21502,0.03187
962.28659,0.03094
960.35816,0.02997
958.42973,0.02902
956.50130,0.02825
954.57287,0.02755
952.64444,0.02647
950.71601,0.02528
948.78758,0.02447
946.85915,0.02384
944.93072,0.02300
943.00229,0.02177
941.07386,0.02032
939.14543,0.01938
937.21700,0.01925
935.28857,0.01925
933.36014,0.01871
931.43171,0.01760
929.50328,0.01622
927.57485,0.01491
925.64642,0.01363
923.71799,0.01250
921.78956,0.01193
919.86113,0.01167
917.93270,0.01109
916.00427,0.01013
914.07584,0.00899
912.14741,0.00805
910.21898,0.00766
908.29055,0.00745
906.36212,0.00672
904.43368,0.00580
902.50525,0.00513
900.57682,0.00438
898.64839,0.00346
896.71996,0.00276
894.79153,0.00235
892.86310,0.00201
890.93467,0.00151
889.00624,0.00085
887.07781,0.00035
885.14938,0.00028
883.22095,0.00029
881.29252,0.00010
879.36409,0.00011
877.43566,0.00039
875.50723,0.00044
873.57880,0.00025
871.65037,0.00017
869.72194,0.00013
867.79351,0.00007
865.86508,0.00000
863.93665,0.00031
862.00822,0.00085
860.07979,0.00112
858.15136,0.00096
856.22293,0.00105
854.29450,0.00206
852.36607,0.00321
850.43764,0.00358
848.50921,0.00375
846.58078,0.00424
844.65235,0.00495
842.72392,0.00627
840.79549,0.00789
838.86706,0.00907
836.93863,0.01074
835.01020,0.01349
833.08177,0.01585
831.15334,0.01713
829.22491,0.01821
827.29648,0.01978
825.36805,0.02175
823.43962,0.02347
821.51119,0.02481
819.58276,0.02624
817.65433,0.02775
815.72590,0.02906
813.79747,0.03031
811.86904,0.03178
809.94061,0.03323
808.01218,0.03436
806.08375,0.03524
804.15532,0.03584
802.22689,0.03639
800.29846,0.03705
798.37003,0.03738
796.44160,0.03708
794.51317,0.03648
792.58474,0.03576
790.65631,0.03471
788.72788,0.03349
786.79945,0.03218
784.87102,0.03032
782.94259,0.02799
781.01416,0.02598
779.08573,0.02407
777.15730,0.02131
775.22887,0.01776
773.30044,0.01483
771.37201,0.01337
769.44358,0.01249
767.51515,0.01149
765.58672,0.01064
763.65829,0.01009
761.72986,0.00971
759.80143,0.00946
757.87300,0.00935
755.94457,0.00914
754.01614,0.00883
752.08771,0.00886
750.15928,0.00901
748.23085,0.00825
746.30242,0.00689
744.37399,0.00650
742.44556,0.00678
740.51713,0.00646
738.58870,0.00569
736.66027,0.00509
734.73184,0.00498
732.80341,0.00531
730.87498,0.00528
728.94655,0.00447
727.01812,0.00372
725.08969,0.00410
723.16126,0.00637
721.23283,0.00731
719.30440,0.00695
717.37597,0.00625
715.44754,0.00600
713.51911,0.00630
711.59068,0.00650
709.66225,0.00662
707.73382,0.00692
705.80539,0.00739
703.87696,0.00827
701.94853,0.00942
700.02010,0.01008
698.09167,0.01021
696.16324,0.01025
694.23481,0.00990
692.30638,0.00902
690.37795,0.00801
688.44952,0.00682
686.52109,0.00603
684.59266,0.00641
682.66423,0.00690
680.73580,0.00628
678.80737,0.00587
676.87894,0.00714
674.95051,0.00922
673.02208,0.01139
671.09365,0.01482
669.16522,0.01938
667.23679,0.02257
665.30836,0.02464
663.37993,0.02798
661.45150,0.03288
659.52307,0.03623
657.59464,0.03450
655.66621,0.02798
653.73778,0.02068
651.80935,0.01621
649.88092,0.01551
647.95249,0.01681
646.02406,0.01668
644.09563,0.01387
642.16720,0.01063
640.23877,0.00953
638.31034,0.00932
636.38191,0.00929
634.45348,0.00866
632.52505,0.00867
630.59662,0.00909
628.66819,0.00817
626.73976,0.00566
624.81133,0.00463
622.88290,0.00592
620.95447,0.00808
619.02604,0.00992
617.09761,0.01125
615.16918,0.00898
613.24075,0.00629
611.31232,0.00514
609.38389,0.00460
607.45546,0.00409
605.52703,0.00381
603.59860,0.00114
601.67017,0.00000
599.74174,0.00000
