4001.49232,0.00098
3999.56389,0.00381
3997.63546,0.00452
3995.70703,0.00382
3993.77860,0.00307
3991.85017,0.00233
3989.92174,0.00142
3987.99331,0.00053
3986.06488,-0.00004
3984.13645,0.00019
3982.20802,0.00107
3980.27959,0.00202
3978.35116,0.00228
3976.42273,0.00164
3974.49430,0.00077
3972.56587,0.00049
3970.63744,0.00077
3968.70901,0.00100
3966.78058,0.00095
3964.85215,0.00092
3962.92372,0.00110
3960.99529,0.00110
3959.06686,0.00057
3957.13843,0.00004
3955.21000,0.00000
3953.28157,0.00009
3951.35314,0.00017
3949.42471,0.00066
3947.49628,0.00126
3945.56785,0.00107
3943.63942,0.00059
3941.71099,0.00081
3939.78256,0.00100
3937.85413,0.00084
3935.92570,0.00082
3933.99727,0.00064
3932.06884,0.00060
3930.14041,0.00100
3928.21198,0.00093
3926.28355,-0.00006
3924.35512,0.00000
3922.42669,0.00153
3920.49826,0.00217
3918.56982,0.00199
3916.64139,0.00210
3914.71296,0.00215
3912.78453,0.00177
3910.85610,0.00157
3908.92767,0.00153
3906.99924,0.00064
3905.07081,0.00070
3903.14238,0.00409
3901.21395,0.00637
3899.28552,0.00555
3897.35709,0.00532
3895.42866,0.00536
3893.50023,0.00400
3891.57180,0.00355
3889.64337,0.00569
3887.71494,0.00673
3885.78651,0.00579
3883.85808,0.00579
3881.92965,0.00597
3880.00122,0.00607
3878.07279,0.00681
3876.14436,0.00687
3874.21593,0.00729
3872.28750,0.00854
3870.35907,0.00884
3868.43064,0.00966
3866.50221,0.00934
3864.57378,0.00780
3862.64535,0.00896
3860.71692,0.01152
3858.78849,0.01304
3856.86006,0.01242
3854.93163,0.00890
3853.00320,0.00619
3851.07477,0.00794
3849.14634,0.00987
3847.21791,0.00999
3845.28948,0.00875
3843.36105,0.00797
3841.43262,0.00772
3839.50419,0.00661
3837.57576,0.00652
3835.64733,0.00787
3833.71890,0.00863
3831.79047,0.00853
3829.86204,0.00833
3827.93361,0.00786
3826.00518,0.00830
3824.07675,0.00902
3822.14832,0.00830
3820.21989,0.00975
3818.29146,0.01045
3816.36303,0.00735
3814.43460,0.00597
3812.50617,0.00703
3810.57774,0.00745
3808.64931,0.00658
3806.72088,0.00732
3804.79245,0.00919
3802.86402,0.00720
3800.93559,0.00501
3799.00716,0.00554
3797.07873,0.00443
3795.15030,0.00284
3793.22187,0.00225
3791.29344,0.00220
3789.36501,0.00238
3787.43658,0.00190
3785.50815,0.00096
3783.57972,0.00111
3781.65129,0.00101
3779.72286,0.00000
3777.79443,0.00026
3775.86600,0.00111
3773.93757,0.00124
3772.00914,0.00076
3770.08071,0.00121
3768.15228,0.00309
3766.22385,0.00407
3764.29542,0.00498
3762.36699,0.00609
3760.43856,0.00672
3758.51013,0.00926
3756.58170,0.01304
3754.65327,0.01342
3752.72484,0.00991
3750.79641,0.01034
3748.86798,0.01822
3746.93955,0.02268
3745.01112,0.02116
3743.08269,0.01893
3741.15426,0.01737
3739.22583,0.01462
3737.29740,0.01078
3735.36897,0.00933
3733.44054,0.01085
3731.51211,0.01205
3729.58368,0.01215
3727.65525,0.01102
3725.72682,0.00986
3723.79839,0.00895
3721.86996,0.00717
3719.94153,0.00550
3718.01310,0.00540
3716.08467,0.00598
3714.15624,0.00414
3712.22781,0.00064
3710.29938,0.00083
3708.37095,0.00302
3706.44252,0.00362
3704.51409,0.00222
3702.58566,0.00035
3700.65723,0.00050
3698.72880,0.00180
3696.80037,0.00260
3694.87194,0.00328
3692.94351,0.00267
3691.01508,0.00060
3689.08665,0.00080
3687.15822,0.00352
3685.22979,0.00504
3683.30136,0.00511
3681.37293,0.00501
3679.44450,0.00524
3677.51607,0.00516
3675.58764,0.00568
3673.65921,0.00758
3671.73078,0.00535
3669.80235,0.00101
3667.87392,0.00153
3665.94549,0.00309
3664.01706,0.00278
3662.08863,0.00211
3660.16020,0.00223
3658.23177,0.00225
3656.30334,0.00305
3654.37491,0.00543
3652.44648,0.00471
3650.51805,0.00044
3648.58962,0.00000
3646.66119,0.00267
3644.73276,0.00470
3642.80433,0.00474
3640.87590,0.00376
3638.94747,0.00316
3637.01904,0.00324
3635.09061,0.00352
3633.16218,0.00414
3631.23375,0.00388
3629.30532,0.00211
3627.37689,0.00260
3625.44846,0.00438
3623.52003,0.00495
3621.59160,0.00336
3619.66317,0.00180
3617.73474,0.00376
3615.80631,0.00637
3613.87788,0.00717
3611.94945,0.00799
3610.02102,0.00841
3608.09259,0.00772
3606.16416,0.00685
3604.23573,0.00555
3602.30730,0.00408
3600.37887,0.00372
3598.45044,0.00435
3596.52201,0.00452
3594.59358,0.00485
3592.66515,0.00604
3590.73672,0.00642
3588.80829,0.00498
3586.87986,0.00392
3584.95143,0.00410
3583.02300,0.00375
3581.09457,0.00282
3579.16614,0.00202
3577.23771,0.00162
3575.30928,0.00189
3573.38085,0.00293
3571.45242,0.00343
3569.52399,0.00191
3567.59556,0.00000
3565.66713,0.00102
3563.73870,0.00299
3561.81027,0.00346
3559.88184,0.00295
3557.95341,0.00226
3556.02498,0.00163
3554.09655,0.00112
3552.16812,0.00134
3550.23969,0.00265
3548.31126,0.00408
3546.38283,0.00450
3544.45440,0.00387
3542.52597,0.00314
3540.59754,0.00276
3538.66911,0.00208
3536.74068,0.00131
3534.81225,0.00115
3532.88382,0.00120
3530.95539,0.00127
3529.02696,0.00205
3527.09853,0.00343
3525.17010,0.00394
3523.24167,0.00345
3521.31324,0.00324
3519.38481,0.00296
3517.45638,0.00214
3515.52795,0.00117
3513.59952,0.00034
3511.67109,0.00006
3509.74266,0.00074
3507.81423,0.00208
3505.88580,0.00299
3503.95737,0.00342
3502.02894,0.00392
3500.10051,0.00331
3498.17208,0.00133
3496.24365,0.00000
3494.31522,0.00047
3492.38679,0.00157
3490.45836,0.00186
3488.52993,0.00172
3486.60150,0.00214
3484.67307,0.00252
3482.74464,0.00211
3480.81621,0.00180
3478.88778,0.00185
3476.95935,0.00176
3475.03092,0.00203
3473.10249,0.00234
3471.17406,0.00180
3469.24563,0.00107
3467.31720,0.00122
3465.38877,0.00159
3463.46034,0.00126
3461.53191,0.00092
3459.60348,0.00081
3457.67505,0.00049
3455.74662,0.00045
3453.81819,0.00103
3451.88976,0.00177
3449.96133,0.00208
3448.03290,0.00173
3446.10447,0.00162
3444.17604,0.00191
3442.24761,0.00220
3440.31918,0.00274
3438.39075,0.00289
3436.46232,0.00242
3434.53389,0.00197
3432.60546,0.00193
3430.67703,0.00210
3428.74860,0.00200
3426.82017,0.00198
3424.89174,0.00282
3422.96331,0.00379
3421.03488,0.00405
3419.10645,0.00382
3417.17802,0.00324
3415.24959,0.00279
3413.32116,0.00295
3411.39273,0.00315
3409.46430,0.00325
3407.53587,0.00338
3405.60744,0.00326
3403.67901,0.00262
3401.75058,0.00224
3399.82215,0.00426
3397.89372,0.00517
3395.96529,0.00575
3394.03686,0.00613
3392.10843,0.00595
3390.18000,0.00504
3388.25157,0.00421
3386.32314,0.00445
3384.39471,0.00481
3382.46628,0.00455
3380.53785,0.00428
3378.60942,0.00429
3376.68099,0.00436
3374.75256,0.00456
3372.82413,0.00502
3370.89570,0.00595
3368.96727,0.00724
3367.03884,0.00816
3365.11041,0.00823
3363.18198,0.00781
3361.25355,0.00739
3359.32512,0.00716
3357.39669,0.00713
3355.46826,0.00701
3353.53983,0.00640
3351.61140,0.00570
3349.68297,0.00552
3347.75454,0.00570
3345.82611,0.00599
3343.89768,0.00661
3341.96925,0.00754
3340.04082,0.00818
3338.11239,0.00835
3336.18396,0.00844
3334.25553,0.00840
3332.32710,0.00828
3330.39867,0.00879
3328.47024,0.01001
3326.54181,0.01077
3324.61338,0.01053
3322.68495,0.01013
3320.75652,0.01001
3318.82809,0.00996
3316.89966,0.00995
3314.97122,0.01000
3313.04279,0.01044
3311.11436,0.01133
3309.18593,0.01192
3307.25750,0.01156
3305.32907,0.01072
3303.40064,0.01059
3301.47221,0.01145
3299.54378,0.01241
3297.61535,0.01269
3295.68692,0.01267
3293.75849,0.01305
3291.83006,0.01358
3289.90163,0.01379
3287.97320,0.01385
3286.04477,0.01401
3284.11634,0.01414
3282.18791,0.01403
3280.25948,0.01384
3278.33105,0.01364
3276.40262,0.01357
3274.47419,0.01368
3272.54576,0.01355
3270.61733,0.01289
3268.68890,0.01242
3266.76047,0.01270
3264.83204,0.01304
3262.90361,0.01288
3260.97518,0.01276
3259.04675,0.01304
3257.11832,0.01342
3255.18989,0.01329
3253.26146,0.01262
3251.33303,0.01193
3249.40460,0.01138
3247.47617,0.01112
3245.54774,0.01129
3243.61931,0.01158
3241.69088,0.01131
3239.76245,0.01042
3237.83402,0.00979
3235.90559,0.00997
3233.97716,0.01060
3232.04873,0.01099
3230.12030,0.01093
3228.19187,0.01035
3226.26344,0.00943
3224.33501,0.00907
3222.40658,0.00963
3220.47815,0.01007
3218.54972,0.00978
3216.62129,0.00917
3214.69286,0.00870
3212.76443,0.00874
3210.83600,0.00888
3208.90757,0.00849
3206.97914,0.00747
3205.05071,0.00660
3203.12228,0.00680
3201.19385,0.00769
3199.26542,0.00830
3197.33699,0.00824
3195.40856,0.00735
3193.48013,0.00609
3191.55170,0.00549
3189.62327,0.00574
3187.69484,0.00624
3185.76641,0.00636
3183.83798,0.00609
3181.90955,0.00600
3179.98112,0.00616
3178.05269,0.00628
3176.12426,0.00646
3174.19583,0.00645
3172.26740,0.00584
3170.33897,0.00493
3168.41054,0.00440
3166.48211,0.00455
3164.55368,0.00496
3162.62525,0.00501
3160.69682,0.00460
3158.76839,0.00426
3156.83996,0.00410
3154.91153,0.00368
3152.98310,0.00316
3151.05467,0.00321
3149.12624,0.00369
3147.19781,0.00402
3145.26938,0.00390
3143.34095,0.00321
3141.41252,0.00231
3139.48409,0.00193
3137.55566,0.00245
3135.62723,0.00339
3133.69880,0.00389
3131.77037,0.00355
3129.84194,0.00276
3127.91351,0.00240
3125.98508,0.00278
3124.05665,0.00319
3122.12822,0.00297
3120.19979,0.00236
3118.27136,0.00222
3116.34293,0.00261
3114.41450,0.00287
3112.48607,0.00285
3110.55764,0.00275
3108.62921,0.00248
3106.70078,0.00198
3104.77235,0.00193
3102.84392,0.00269
3100.91549,0.00333
3098.98706,0.00298
3097.05863,0.00211
3095.13020,0.00166
3093.20177,0.00163
3091.27334,0.00157
3089.34491,0.00124
3087.41648,0.00060
3085.48805,0.00024
3083.55962,0.00081
3081.63119,0.00179
3079.70276,0.00202
3077.77433,0.00128
3075.84590,0.00036
3073.91747,0.00000
3071.98904,0.00013
3070.06061,0.00049
3068.13218,0.00106
3066.20375,0.00174
3064.27532,0.00201
3062.34689,0.00172
3060.41846,0.00143
3058.49003,0.00148
3056.56160,0.00157
3054.63317,0.00129
3052.70474,0.00084
3050.77631,0.00072
3048.84788,0.00087
3046.91945,0.00078
3044.99102,0.00055
3043.06259,0.00031
3041.13416,-0.00000
3039.20573,0.00000
3037.27730,0.00051
3035.34887,0.00118
3033.42044,0.00167
3031.49201,0.00169
3029.56358,0.00124
3027.63515,0.00071
3025.70672,0.00050
3023.77829,0.00056
3021.84986,0.00062
3019.92143,0.00055
3017.99300,0.00040
3016.06457,0.00048
3014.13614,0.00082
3012.20771,0.00116
3010.27928,0.00121
3008.35085,0.00091
3006.42242,0.00059
3004.49399,0.00047
3002.56556,0.00041
3000.63713,0.00024
2998.70870,-0.00009
2996.78027,0.00030
2994.85184,0.00067
2992.92341,0.00043
2990.99498,0.00000
2989.06655,0.00032
2987.13812,0.00124
2985.20969,0.00174
2983.28126,0.00169
2981.35283,0.00171
2979.42440,0.00199
2977.49597,0.00243
2975.56754,0.00276
2973.63911,0.00274
2971.71068,0.00260
2969.78225,0.00262
2967.85382,0.00296
2965.92539,0.00339
2963.99696,0.00345
2962.06853,0.00318
2960.14010,0.00304
2958.21167,0.00320
2956.28324,0.00338
2954.35481,0.00340
2952.42638,0.00331
2950.49795,0.00307
2948.56952,0.00280
2946.64109,0.00282
2944.71266,0.00315
2942.78423,0.00356
2940.85580,0.00394
2938.92737,0.00396
2936.99894,0.00343
2935.07051,0.00301
2933.14208,0.00320
2931.21365,0.00355
2929.28522,0.00355
2927.35679,0.00333
2925.42836,0.00322
2923.49993,0.00334
2921.57150,0.00341
2919.64307,0.00295
2917.71464,0.00212
2915.78621,0.00149
2913.85778,0.00118
2911.92935,0.00116
2910.00092,0.00142
2908.07249,0.00156
2906.14406,0.00131
2904.21563,0.00107
2902.28720,0.00116
2900.35877,0.00128
2898.43034,0.00121
2896.50191,0.00112
2894.57348,0.00116
2892.64505,0.00122
2890.71662,0.00111
2888.78819,0.00096
2886.85976,0.00099
2884.93133,0.00116
2883.00290,0.00134
2881.07447,0.00167
2879.14604,0.00214
2877.21761,0.00235
2875.28918,0.00213
2873.36075,0.00189
2871.43232,0.00186
2869.50389,0.00189
2867.57546,0.00184
2865.64703,0.00174
2863.71860,0.00149
2861.79017,0.00109
2859.86174,0.00077
2857.93331,0.00068
2856.00488,0.00094
2854.07645,0.00160
2852.14802,0.00215
2850.21959,0.00200
2848.29116,0.00145
2846.36273,0.00095
2844.43430,0.00060
2842.50587,0.00046
2840.57744,0.00053
2838.64901,0.00069
2836.72058,0.00076
2834.79215,0.00063
2832.86372,0.00038
2830.93529,0.00009
2829.00686,0.00000
2827.07843,0.00022
2825.15000,0.00047
2823.22157,0.00050
2821.29314,0.00058
2819.36471,0.00069
2817.43628,0.00057
2815.50785,0.00048
2813.57942,0.00064
2811.65099,0.00074
2809.72256,0.00071
2807.79413,0.00064
2805.86570,0.00034
2803.93727,-0.00007
2802.00884,-0.00019
2800.08041,0.00002
2798.15198,0.00035
2796.22355,0.00048
2794.29512,0.00039
2792.36669,0.00032
2790.43826,0.00032
2788.50983,0.00032
2786.58140,0.00029
2784.65297,0.00018
2782.72454,0.00003
2780.79611,0.00000
2778.86768,0.00007
2776.93925,0.00000
2775.01082,0.00000
2773.08239,0.00025
2771.15396,0.00055
2769.22553,0.00063
2767.29710,0.00048
2765.36867,0.00029
2763.44024,0.00031
2761.51181,0.00056
2759.58338,0.00080
2757.65495,0.00100
2755.72652,0.00124
2753.79809,0.00124
2751.86966,0.00074
2749.94123,0.00016
2748.01280,0.00018
2746.08437,0.00071
2744.15594,0.00100
2742.22751,0.00083
2740.29908,0.00065
2738.37065,0.00070
2736.44222,0.00080
2734.51379,0.00080
2732.58536,0.00075
2730.65693,0.00066
2728.72850,0.00046
2726.80007,0.00024
2724.87164,0.00025
2722.94321,0.00051
2721.01478,0.00063
2719.08635,0.00055
2717.15792,0.00063
2715.22949,0.00073
2713.30105,0.00044
2711.37262,0.00026
2709.44419,0.00059
2707.51576,0.00084
2705.58733,0.00081
2703.65890,0.00069
2701.73047,0.00037
2699.80204,-0.00002
2697.87361,-0.00010
2695.94518,0.00016
2694.01675,0.00065
2692.08832,0.00105
2690.15989,0.00095
2688.23146,0.00050
2686.30303,0.00013
2684.37460,0.00003
2682.44617,0.00013
2680.51774,0.00025
2678.58931,0.00020
2676.66088,0.00002
2674.73245,0.00003
2672.80402,0.00018
2670.87559,0.00042
2668.94716,0.00076
2667.01873,0.00085
2665.09030,0.00059
2663.16187,0.00039
2661.23344,0.00033
2659.30501,0.00029
2657.37658,0.00024
2655.44815,0.00022
2653.51972,0.00034
2651.59129,0.00047
2649.66286,0.00028
2647.73443,-0.00005
2645.80600,0.00010
2643.87757,0.00051
2641.94914,0.00044
2640.02071,0.00006
2638.09228,0.00003
2636.16385,0.00028
2634.23542,0.00045
2632.30699,0.00050
2630.37856,0.00043
2628.45013,0.00019
2626.52170,-0.00003
2624.59327,0.00006
2622.66484,0.00030
2620.73641,0.00030
2618.80798,0.00009
2616.87955,-0.00002
2614.95112,-0.00006
2613.02269,-0.00001
2611.09426,0.00025
2609.16583,0.00052
2607.23740,0.00045
2605.30897,0.00013
2603.38054,0.00000
2601.45211,0.00017
2599.52368,0.00047
2597.59525,0.00070
2595.66682,0.00078
2593.73839,0.00066
2591.80996,0.00043
2589.88153,0.00025
2587.95310,0.00018
2586.02467,0.00010
2584.09624,-0.00012
2582.16781,-0.00015
2580.23938,0.00013
2578.31095,0.00025
2576.38252,0.00018
2574.45409,0.00034
2572.52566,0.00062
2570.59723,0.00066
2568.66880,0.00060
2566.74037,0.00064
2564.81194,0.00058
2562.88351,0.00037
2560.95508,0.00037
2559.02665,0.00061
2557.09822,0.00076
2555.16979,0.00077
2553.24136,0.00077
2551.31293,0.00055
2549.38450,0.00011
2547.45607,0.00000
2545.52764,0.00036
2543.59921,0.00059
2541.67078,0.00054
2539.74235,0.00054
2537.81392,0.00045
2535.88549,0.00017
2533.95706,0.00013
2532.02863,0.00032
2530.10020,0.00037
2528.17177,0.00039
2526.24334,0.00053
2524.31491,0.00050
2522.38648,0.00020
2520.45805,-0.00008
2518.52962,-0.00007
2516.60119,0.00011
2514.67276,0.00019
2512.74433,0.00032
2510.81590,0.00055
2508.88747,0.00056
2506.95904,0.00041
2505.03061,0.00040
2503.10218,0.00051
2501.17375,0.00063
2499.24532,0.00061
2497.31689,0.00027
2495.38846,0.00000
2493.46003,0.00009
2491.53160,0.00029
2489.60317,0.00033
2487.67474,0.00032
2485.74631,0.00051
2483.81788,0.00080
2481.88945,0.00087
2479.96102,0.00067
2478.03259,0.00033
2476.10416,0.00005
2474.17573,0.00000
2472.24730,0.00017
2470.31887,0.00043
2468.39044,0.00064
2466.46201,0.00067
2464.53358,0.00051
2462.60515,0.00032
2460.67672,0.00029
2458.74829,0.00036
2456.81986,0.00033
2454.89143,0.00022
2452.96300,0.00018
2451.03457,0.00018
2449.10614,0.00024
2447.17771,0.00033
2445.24928,0.00032
2443.32085,0.00017
2441.39242,0.00012
2439.46399,0.00024
2437.53556,0.00028
2435.60713,0.00014
2433.67870,0.00004
2431.75027,0.00004
2429.82184,-0.00001
2427.89341,-0.00006
2425.96498,0.00003
2424.03655,0.00002
2422.10812,0.00002
2420.17969,0.00001
2418.25126,0.00000
2416.32283,0.00000
2414.39440,-0.00000
2412.46597,-0.00001
2410.53754,-0.00001
2408.60911,-0.00001
2406.68068,-0.00001
2404.75225,-0.00001
2402.82382,-0.00000
2400.89539,0.00000
2398.96696,-0.00003
2397.03853,-0.00006
2395.11010,-0.00008
2393.18167,-0.00011
2391.25324,-0.00014
2389.32481,-0.00016
2387.39638,-0.00018
2385.46795,-0.00020
2383.53952,-0.00023
2381.61109,-0.00025
2379.68266,-0.00027
2377.75423,-0.00028
2375.82580,-0.00030
2373.89737,-0.00032
2371.96894,-0.00033
2370.04051,-0.00035
2368.11208,-0.00036
2366.18365,-0.00038
2364.25522,-0.00039
2362.32679,-0.00040
2360.39836,-0.00041
2358.46993,-0.00042
2356.54150,-0.00042
2354.61307,-0.00043
2352.68464,-0.00044
2350.75621,-0.00044
2348.82778,-0.00045
2346.89935,-0.00045
2344.97092,-0.00045
2343.04249,-0.00045
2341.11406,-0.00046
2339.18563,-0.00045
2337.25720,-0.00045
2335.32877,-0.00045
2333.40034,-0.00045
2331.47191,-0.00044
2329.54348,-0.00044
2327.61505,-0.00043
2325.68662,-0.00042
2323.75819,-0.00042
2321.82976,-0.00041
2319.90133,-0.00040
2317.97290,-0.00039
2316.04447,-0.00037
2314.11604,-0.00036
2312.18761,-0.00035
2310.25918,-0.00033
2308.33075,-0.00032
2306.40232,-0.00030
2304.47389,-0.00028
2302.54546,-0.00027
2300.61703,-0.00025
2298.68860,-0.00023
2296.76017,-0.00020
2294.83174,-0.00018
2292.90331,-0.00016
2290.97488,-0.00013
2289.04645,-0.00011
2287.11802,-0.00008
2285.18959,-0.00006
2283.26116,-0.00003
2281.33273,0.00000
2279.40430,0.00003
2277.47587,0.00006
2275.54744,0.00009
2273.61901,0.00013
2271.69058,0.00016
2269.76215,0.00019
2267.83372,0.00023
2265.90529,0.00027
2263.97686,0.00030
2262.04843,0.00034
2260.12000,0.00038
2258.19157,0.00042
2256.26314,0.00046
2254.33471,0.00051
2252.40628,0.00055
2250.47785,0.00059
2248.54942,0.00064
2246.62099,0.00068
2244.69256,0.00073
2242.76413,0.00078
2240.83570,0.00067
2238.90727,0.00062
2236.97884,0.00054
2235.05041,0.00039
2233.12198,0.00022
2231.19355,0.00012
2229.26512,0.00016
2227.33669,0.00038
2225.40826,0.00055
2223.47983,0.00035
2221.55140,0.00000
2219.62297,-0.00000
2217.69454,0.00028
2215.76611,0.00035
2213.83768,0.00027
2211.90925,0.00032
2209.98082,0.00039
2208.05239,0.00046
2206.12396,0.00056
2204.19553,0.00057
2202.26710,0.00051
2200.33867,0.00052
2198.41024,0.00046
2196.48181,0.00020
2194.55338,-0.00001
2192.62495,0.00016
2190.69652,0.00048
2188.76809,0.00046
2186.83966,0.00024
2184.91123,0.00019
2182.98280,0.00028
2181.05437,0.00033
2179.12594,0.00029
2177.19751,0.00023
2175.26908,0.00027
2173.34065,0.00035
2171.41222,0.00034
2169.48379,0.00026
2167.55536,0.00009
2165.62693,0.00000
2163.69850,0.00025
2161.77007,0.00059
2159.84164,0.00059
2157.91321,0.00031
2155.98478,0.00009
2154.05635,0.00001
2152.12792,-0.00002
2150.19949,0.00006
2148.27106,0.00026
2146.34263,0.00028
2144.41420,0.00015
2142.48577,0.00025
2140.55734,0.00051
2138.62891,0.00066
2136.70048,0.00068
2134.77205,0.00064
2132.84362,0.00053
2130.91519,0.00041
2128.98676,0.00024
2127.05833,0.00007
2125.12990,0.00000
2123.20147,0.00006
2121.27304,0.00016
2119.34461,0.00021
2117.41618,0.00036
2115.48775,0.00057
2113.55932,0.00049
2111.63089,0.00023
2109.70245,0.00019
2107.77402,0.00044
2105.84559,0.00071
2103.91716,0.00067
2101.98873,0.00036
2100.06030,0.00012
2098.13187,0.00011
2096.20344,0.00013
2094.27501,0.00015
2092.34658,0.00014
2090.41815,0.00020
2088.48972,0.00038
2086.56129,0.00043
2084.63286,0.00038
2082.70443,0.00034
2080.77600,0.00027
2078.84757,0.00016
2076.91914,0.00007
2074.99071,0.00012
2073.06228,0.00026
2071.13385,0.00031
2069.20542,0.00028
2067.27699,0.00030
2065.34856,0.00053
2063.42013,0.00087
2061.49170,0.00089
2059.56327,0.00059
2057.63484,0.00035
2055.70641,0.00014
2053.77798,0.00000
2051.84955,0.00010
2049.92112,0.00050
2047.99269,0.00090
2046.06426,0.00113
2044.13583,0.00109
2042.20740,0.00072
2040.27897,0.00054
2038.35054,0.00061
2036.42211,0.00054
2034.49368,0.00055
2032.56525,0.00063
2030.63682,0.00065
2028.70839,0.00077
2026.77996,0.00102
2024.85153,0.00129
2022.92310,0.00138
2020.99467,0.00106
2019.06624,0.00039
2017.13781,0.00000
2015.20938,0.00035
2013.28095,0.00082
2011.35252,0.00101
2009.42409,0.00116
2007.49566,0.00110
2005.56723,0.00074
2003.63880,0.00042
2001.71037,0.00035
1999.78194,0.00037
1997.85351,0.00057
1995.92508,0.00095
1993.99665,0.00092
1992.06822,0.00075
1990.13979,0.00091
1988.21136,0.00094
1986.28293,0.00091
1984.35450,0.00074
1982.42607,0.00042
1980.49764,0.00020
1978.56921,-0.00003
1976.64078,-0.00022
1974.71235,-0.00016
1972.78392,0.00017
1970.85549,0.00054
1968.92706,0.00037
1966.99863,0.00016
1965.07020,0.00068
1963.14177,0.00086
1961.21334,0.00067
1959.28491,0.00085
1957.35648,0.00083
1955.42805,0.00028
1953.49962,0.00000
1951.57119,0.00020
1949.64276,0.00038
1947.71433,0.00028
1945.78590,0.00010
1943.85747,-0.00003
1941.92904,0.00040
1940.00061,0.00118
1938.07218,0.00101
1936.14375,0.00024
1934.21532,-0.00014
1932.28689,-0.00000
1930.35846,0.00029
1928.43003,0.00052
1926.50160,0.00059
1924.57317,0.00020
1922.64474,0.00034
1920.71631,0.00099
1918.78788,0.00069
1916.85945,0.00065
1914.93102,0.00137
1913.00259,0.00151
1911.07416,0.00103
1909.14573,0.00085
1907.21730,0.00112
1905.28887,0.00112
1903.36044,0.00083
1901.43201,0.00073
1899.50358,0.00081
1897.57515,0.00077
1895.64672,0.00082
1893.71829,0.00120
1891.78986,0.00102
1889.86143,0.00047
1887.93300,0.00106
1886.00457,0.00185
1884.07614,0.00184
1882.14771,0.00160
1880.21928,0.00139
1878.29085,0.00144
1876.36242,0.00177
1874.43399,0.00222
1872.50556,0.00229
1870.57713,0.00110
1868.64870,0.00000
1866.72027,0.00079
1864.79184,0.00195
1862.86341,0.00196
1860.93498,0.00163
1859.00655,0.00185
1857.07812,0.00234
1855.14969,0.00257
1853.22126,0.00255
1851.29283,0.00247
1849.36440,0.00231
1847.43597,0.00212
1845.50754,0.00178
1843.57911,0.00223
1841.65068,0.00350
1839.72225,0.00349
1837.79382,0.00275
1835.86539,0.00322
1833.93696,0.00377
1832.00853,0.00222
1830.08010,0.00025
1828.15167,0.00091
1826.22324,0.00163
1824.29481,0.00164
1822.36638,0.00225
1820.43795,0.00263
1818.50952,0.00257
1816.58109,0.00246
1814.65266,0.00198
1812.72423,0.00084
1810.79580,0.00026
1808.86737,0.00113
1806.93894,0.00226
1805.01051,0.00284
1803.08208,0.00283
1801.15365,0.00276
1799.22522,0.00346
1797.29679,0.00426
1795.36836,0.00355
1793.43993,0.00138
1791.51150,0.00124
1789.58307,0.00428
1787.65464,0.00626
1785.72621,0.00605
1783.79778,0.00515
1781.86935,0.00404
1779.94092,0.00389
1778.01249,0.00495
1776.08406,0.00454
1774.15563,0.00158
1772.22720,-0.00011
1770.29877,0.00272
1768.37034,0.00567
1766.44191,0.00648
1764.51348,0.00534
1762.58505,0.00346
1760.65662,0.00383
1758.72819,0.00500
1756.79976,0.00544
1754.87133,0.00636
1752.94290,0.00608
1751.01447,0.00427
1749.08604,0.00350
1747.15761,0.00474
1745.22918,0.00604
1743.30075,0.00620
1741.37232,0.00572
1739.44389,0.00621
1737.51546,0.00729
1735.58703,0.00535
1733.65860,0.00346
1731.73017,0.00548
1729.80174,0.00692
1727.87331,0.00715
1725.94488,0.00684
1724.01645,0.00671
1722.08802,0.00705
1720.15959,0.00460
1718.23116,0.00000
1716.30273,0.00087
1714.37430,0.00626
1712.44587,0.01019
1710.51744,0.01109
1708.58901,0.01017
1706.66058,0.01013
1704.73215,0.01384
1702.80372,0.01763
1700.87529,0.01794
1698.94686,0.01887
1697.01843,0.02035
1695.09000,0.02257
1693.16157,0.02558
1691.23314,0.02635
1689.30471,0.02588
1687.37628,0.02471
1685.44785,0.02178
1683.51942,0.02388
1681.59099,0.03114
1679.66256,0.03551
1677.73413,0.03597
1675.80570,0.03541
1673.87727,0.03638
1671.94884,0.03627
1670.02041,0.03557
1668.09198,0.03991
1666.16355,0.04483
1664.23512,0.04563
1662.30669,0.04678
1660.37826,0.05190
1658.44983,0.05621
1656.52140,0.05534
1654.59297,0.05080
1652.66454,0.05227
1650.73611,0.05971
1648.80768,0.05895
1646.87925,0.05196
1644.95082,0.05138
1643.02239,0.05389
1641.09396,0.05342
1639.16553,0.04908
1637.23710,0.04209
1635.30867,0.03864
1633.38024,0.04113
1631.45181,0.04193
1629.52338,0.03863
1627.59495,0.03491
1625.66652,0.03205
1623.73809,0.02925
1621.80966,0.02911
1619.88123,0.02862
1617.95280,0.02367
1616.02437,0.02011
1614.09594,0.02131
1612.16751,0.02135
1610.23908,0.01853
1608.31065,0.01567
1606.38222,0.01428
1604.45379,0.01321
1602.52536,0.01205
1600.59693,0.01141
1598.66850,0.01083
1596.74007,0.00998
1594.81164,0.00957
1592.88321,0.00995
1590.95478,0.01043
1589.02635,0.01079
1587.09792,0.01120
1585.16949,0.01176
1583.24106,0.01288
1581.31263,0.01426
1579.38420,0.01401
1577.45577,0.01194
1575.52734,0.01335
1573.59891,0.01815
1571.67048,0.01878
1569.74205,0.01706
1567.81362,0.01923
1565.88519,0.02290
1563.95676,0.02528
1562.02833,0.02381
1560.09990,0.01889
1558.17147,0.02142
1556.24304,0.03056
1554.31461,0.03544
1552.38618,0.03677
1550.45775,0.03722
1548.52932,0.03874
1546.60089,0.03929
1544.67246,0.03641
1542.74403,0.03128
1540.81560,0.02692
1538.88717,0.03264
1536.95874,0.04091
1535.03031,0.04114
1533.10188,0.03754
1531.17345,0.03756
1529.24502,0.03734
1527.31659,0.03531
1525.38816,0.03414
1523.45973,0.03225
1521.53130,0.03076
1519.60287,0.03266
1517.67444,0.03241
1515.74601,0.03124
1513.81758,0.03195
1511.88915,0.03140
1509.96072,0.02634
1508.03229,0.01708
1506.10385,0.01370
1504.17542,0.01943
1502.24699,0.02311
1500.31856,0.02041
1498.39013,0.01493
1496.46170,0.01259
1494.53327,0.01396
1492.60484,0.01260
1490.67641,0.00684
1488.74798,0.00349
1486.81955,0.00480
1484.89112,0.00674
1482.96269,0.00679
1481.03426,0.00629
1479.10583,0.00638
1477.17740,0.00552
1475.24897,0.00291
1473.32054,0.00079
1471.39211,0.00345
1469.46368,0.00802
1467.53525,0.00869
1465.60682,0.00683
1463.67839,0.00774
1461.74996,0.00896
1459.82153,0.00504
1457.89310,0.00000
1455.96467,0.00310
1454.03624,0.00836
1452.10781,0.00949
1450.17938,0.00729
1448.25095,0.00476
1446.32252,0.00429
1444.39409,0.00493
1442.46566,0.00517
1440.53723,0.00497
1438.60880,0.00360
1436.68037,0.00250
1434.75194,0.00388
1432.82351,0.00450
1430.89508,0.00306
1428.96665,0.00254
1427.03822,0.00303
1425.10979,0.00284
1423.18136,0.00319
1421.25293,0.00344
1419.32450,0.00252
1417.39607,0.00287
1415.46764,0.00369
1413.53921,0.00308
1411.61078,0.00196
1409.68235,0.00170
1407.75392,0.00142
1405.82549,0.00072
1403.89706,0.00133
1401.96863,0.00247
1400.04020,0.00240
1398.11177,0.00237
1396.18334,0.00255
1394.25491,0.00323
1392.32648,0.00518
1390.39805,0.00591
1388.46962,0.00444
1386.54119,0.00324
1384.61276,0.00339
1382.68433,0.00350
1380.75590,0.00348
1378.82747,0.00341
1376.89904,0.00232
1374.97061,0.00076
1373.04218,0.00104
1371.11375,0.00202
1369.18532,0.00175
1367.25689,0.00146
1365.32846,0.00114
1363.40003,0.00038
1361.47160,0.00059
1359.54317,0.00131
1357.61474,0.00101
1355.68631,0.00019
1353.75788,0.00000
1351.82945,0.00011
1349.90102,-0.00003
1347.97259,-0.00006
1346.04416,0.00025
1344.11573,0.00063
1342.18730,0.00046
1340.25887,0.00000
1338.33044,0.00030
1336.40201,0.00077
1334.47358,0.00053
1332.54515,0.00016
1330.61672,0.00031
1328.68829,0.00075
1326.75986,0.00123
1324.83143,0.00181
1322.90300,0.00207
1320.97457,0.00149
1319.04614,0.00088
1317.11771,0.00101
1315.18928,0.00121
1313.26085,0.00113
1311.33242,0.00116
1309.40399,0.00111
1307.47556,0.00111
1305.54713,0.00148
1303.61870,0.00191
1301.69027,0.00211
1299.76184,0.00216
1297.83341,0.00228
1295.90498,0.00250
1293.97655,0.00280
1292.04812,0.00316
1290.11969,0.00340
1288.19126,0.00354
1286.26283,0.00388
1284.33440,0.00431
1282.40597,0.00469
1280.47754,0.00514
1278.54911,0.00564
1276.62068,0.00611
1274.69225,0.00656
1272.76382,0.00718
1270.83539,0.00832
1268.90696,0.00992
1266.97853,0.01134
1265.05010,0.01223
1263.12167,0.01298
1261.19324,0.01398
1259.26481,0.01539
1257.33638,0.01700
1255.40795,0.01864
1253.47952,0.02042
1251.55109,0.02233
1249.62266,0.02430
1247.69423,0.02642
1245.76580,0.02863
1243.83737,0.03052
1241.90894,0.03202
1239.98051,0.03373
1238.05208,0.03577
1236.12365,0.03763
1234.19522,0.03916
1232.26679,0.04057
1230.33836,0.04206
1228.40993,0.04374
1226.48150,0.04547
1224.55307,0.04697
1222.62464,0.04821
1220.69621,0.04947
1218.76778,0.05084
1216.83935,0.05191
1214.91092,0.05272
1212.98249,0.05375
1211.05406,0.05498
1209.12563,0.05611
1207.19720,0.05723
1205.26877,0.05840
1203.34034,0.05957
1201.41191,0.06078
1199.48348,0.06185
1197.55505,0.06243
1195.62662,0.06294
1193.69819,0.06419
1191.76976,0.06603
1189.84133,0.06781
1187.91290,0.06934
1185.98447,0.07064
1184.05604,0.07186
1182.12761,0.07324
1180.19918,0.07470
1178.27075,0.07610
1176.34232,0.07773
1174.41389,0.07952
1172.48546,0.08079
1170.55703,0.08177
1168.62860,0.08319
1166.70017,0.08491
1164.77174,0.08670
1162.84331,0.08864
1160.91488,0.09062
1158.98645,0.09278
1157.05802,0.09535
1155.12959,0.09792
1153.20116,0.09992
1151.27273,0.10122
1149.34430,0.10217
1147.41587,0.10343
1145.48744,0.10516
1143.55901,0.10709
1141.63058,0.10919
1139.70215,0.11156
1137.77372,0.11410
1135.84529,0.11671
1133.91686,0.11931
1131.98843,0.12200
1130.06000,0.12490
1128.13157,0.12777
1126.20314,0.13057
1124.27471,0.13373
1122.34628,0.13736
1120.41785,0.14115
1118.48942,0.14524
1116.56099,0.15006
1114.63256,0.15534
1112.70413,0.16072
1110.77570,0.16644
1108.84727,0.17237
1106.91884,0.17822
1104.99041,0.18435
1103.06198,0.19115
1101.13355,0.19826
1099.20512,0.20536
1097.27669,0.21234
1095.34826,0.21881
1093.41983,0.22456
1091.49140,0.22965
1089.56297,0.23447
1087.63454,0.23923
1085.70611,0.24362
1083.77768,0.24733
1081.84925,0.25022
1079.92082,0.25218
1077.99239,0.25381
1076.06396,0.25579
1074.13553,0.25796
1072.20710,0.25975
1070.27867,0.26081
1068.35024,0.26142
1066.42181,0.26165
1064.49338,0.26093
1062.56495,0.25928
1060.63652,0.25725
1058.70809,0.25499
1056.77966,0.25202
1054.85123,0.24776
1052.92280,0.24270
1050.99437,0.23737
1049.06594,0.23165
1047.13751,0.22544
1045.20908,0.21832
1043.28065,0.20994
1041.35222,0.20047
1039.42379,0.19033
1037.49536,0.17993
1035.56693,0.16922
1033.63850,0.15830
1031.71007,0.14759
1029.78164,0.13730
1027.85321,0.12719
1025.92478,0.11671
1023.99635,0.10600
1022.06792,0.09597
1020.13949,0.08686
1018.21106,0.07851
1016.28263,0.07120
1014.35420,0.06463
1012.42577,0.05791
1010.49734,0.05098
1008.56891,0.04467
1006.64048,0.03961
1004.71205,0.03557
1002.78362,0.03186
1000.85519,0.02827
998.92676,0.02540
996.99833,0.02366
995.06990,0.02266
993.14147,0.02205
991.21304,0.02176
989.28461,0.02170
987.35618,0.02180
985.42775,0.02198
983.49932,0.02243
981.57089,0.02321
979.64246,0.02407
977.71403,0.02479
975.78560,0.02520
973.85717,0.02532
971.92874,0.02518
970.00031,0.02476
968.07188,0.02414
966.14345,0.02344
964.21502,0.02272
962.28659,0.02205
960.35816,0.02144
958.42973,0.02093
956.50130,0.02052
954.57287,0.02001
952.64444,0.01915
950.71601,0.01799
948.78758,0.01697
946.85915,0.01643
944.93072,0.01614
943.00229,0.01556
941.07386,0.01478
939.14543,0.01443
937.21700,0.01444
935.28857,0.01417
933.36014,0.01341
931.43171,0.01223
929.50328,0.01075
927.57485,0.00930
925.64642,0.00812
923.71799,0.00740
921.78956,0.00730
919.86113,0.00732
917.93270,0.00687
916.00427,0.00611
914.07584,0.00541
912.14741,0.00486
910.21898,0.00469
908.29055,0.00472
906.36212,0.00440
904.43368,0.00373
902.50525,0.00286
900.57682,0.00194
898.64839,0.00140
896.71996,0.00130
894.79153,0.00133
892.86310,0.00132
890.93467,0.00110
889.00624,0.00054
887.07781,0.00005
885.14938,0.00000
883.22095,0.00010
881.29252,0.00012
879.36409,0.00012
877.43566,0.00022
875.50723,0.00013
873.57880,0.00003
871.65037,0.00005
869.72194,0.00014
867.79351,0.00005
865.86508,-0.00017
863.93665,-0.00022
862.00822,0.00013
860.07979,0.00043
858.15136,0.00031
856.22293,0.00035
854.29450,0.00111
852.36607,0.00221
850.43764,0.00317
848.50921,0.00398
846.58078,0.00452
844.65235,0.00508
842.72392,0.00641
840.79549,0.00826
838.86706,0.00973
836.93863,0.01119
835.01020,0.01332
833.08177,0.01546
831.15334,0.01691
829.22491,0.01829
827.29648,0.02028
825.36805,0.02245
823.43962,0.02428
821.51119,0.02598
819.58276,0.02751
817.65433,0.02875
815.72590,0.03029
813.79747,0.03220
811.86904,0.03373
809.94061,0.03486
808.01218,0.03625
806.08375,0.03741
804.15532,0.03745
802.22689,0.03716
800.29846,0.03785
798.37003,0.03910
796.44160,0.03944
794.51317,0.03837
792.58474,0.03651
790.65631,0.03449
788.72788,0.03259
786.79945,0.03070
784.87102,0.02831
782.94259,0.02546
781.01416,0.02278
779.08573,0.01993
777.15730,0.01618
775.22887,0.01239
773.30044,0.01022
771.37201,0.00927
769.44358,0.00783
767.51515,0.00641
765.58672,0.00611
763.65829,0.00621
761.72986,0.00637
759.80143,0.00679
757.87300,0.00652
755.94457,0.00530
754.01614,0.00469
752.08771,0.00524
750.15928,0.00572
748.23085,0.00520
746.30242,0.00430
744.37399,0.00453
742.44556,0.00569
740.51713,0.00595
738.58870,0.00489
736.66027,0.00368
734.73184,0.00325
732.80341,0.00352
730.87498,0.00361
728.94655,0.00277
727.01812,0.00148
725.08969,0.00096
723.16126,0.00309
721.23283,0.00444
719.30440,0.00458
717.37597,0.00420
715.44754,0.00391
713.51911,0.00375
711.59068,0.00341
709.66225,0.00356
707.73382,0.00408
705.80539,0.00433
703.87696,0.00486
701.94853,0.00610
700.02010,0.00711
698.09167,0.00714
696.16324,0.00680
694.23481,0.00685
692.30638,0.00699
690.37795,0.00614
688.44952,0.00409
686.52109,0.00261
684.59266,0.00292
682.66423,0.00343
680.73580,0.00256
678.80737,0.00146
676.87894,0.00150
674.95051,0.00191
673.02208,0.00272
671.09365,0.00579
669.16522,0.00926
667.23679,0.00865
665.30836,0.00740
663.37993,0.00896
661.45150,0.01154
659.52307,0.01215
657.59464,0.01041
655.66621,0.00830
653.73778,0.00775
651.80935,0.00840
649.88092,0.00971
647.95249,0.01082
646.02406,0.01004
644.09563,0.00744
642.16720,0.00526
640.23877,0.00492
638.31034,0.00618
636.38191,0.00768
634.45348,0.00780
632.52505,0.00675
630.59662,0.00584
628.66819,0.00491
626.73976,0.00355
624.81133,0.00483
622.88290,0.00866
620.95447,0.01265
619.02604,0.01591
617.09761,0.01751
615.16918,0.01552
613.24075,0.01229
611.31232,0.01034
609.38389,0.00713
607.45546,0.00605
605.52703,0.00437
603.59860,0.00179
601.67017,0.00000
599.74174,0.00000
