4001.49232,0.00232
3999.56389,0.00505
3997.63546,0.00520
3995.70703,0.00427
3993.77860,0.00360
3991.85017,0.00319
3989.92174,0.00272
3987.99331,0.00187
3986.06488,0.00093
3984.13645,0.00085
3982.20802,0.00163
3980.27959,0.00259
3978.35116,0.00310
3976.42273,0.00296
3974.49430,0.00246
3972.56587,0.00220
3970.63744,0.00226
3968.70901,0.00224
3966.78058,0.00184
3964.85215,0.00134
3962.92372,0.00122
3960.99529,0.00122
3959.06686,0.00078
3957.13843,0.00035
3955.21000,0.00022
3953.28157,-0.00003
3951.35314,0.00000
3949.42471,0.00110
3947.49628,0.00205
3945.56785,0.00156
3943.63942,0.00112
3941.71099,0.00141
3939.78256,0.00121
3937.85413,0.00047
3935.92570,-0.00010
3933.99727,-0.00008
3932.06884,0.00086
3930.14041,0.00194
3928.21198,0.00160
3926.28355,0.00032
3924.35512,0.00026
3922.42669,0.00150
3920.49826,0.00238
3918.56982,0.00311
3916.64139,0.00389
3914.71296,0.00368
3912.78453,0.00272
3910.85610,0.00180
3908.92767,0.00084
3906.99924,0.00000
3905.07081,0.00118
3903.14238,0.00496
3901.21395,0.00727
3899.28552,0.00684
3897.35709,0.00559
3895.42866,0.00400
3893.50023,0.00299
3891.57180,0.00403
3889.64337,0.00544
3887.71494,0.00536
3885.78651,0.00499
3883.85808,0.00553
3881.92965,0.00703
3880.00122,0.00859
3878.07279,0.00850
3876.14436,0.00749
3874.21593,0.00732
3872.28750,0.00845
3870.35907,0.00987
3868.43064,0.01006
3866.50221,0.00865
3864.57378,0.00788
3862.64535,0.00931
3860.71692,0.01051
3858.78849,0.01016
3856.86006,0.00960
3854.93163,0.01029
3853.00320,0.01225
3851.07477,0.01247
3849.14634,0.01094
3847.21791,0.00944
3845.28948,0.00831
3843.36105,0.00731
3841.43262,0.00606
3839.50419,0.00571
3837.57576,0.00778
3835.64733,0.00964
3833.71890,0.00982
3831.79047,0.00930
3829.86204,0.00859
3827.93361,0.00797
3826.00518,0.00742
3824.07675,0.00652
3822.14832,0.00653
3820.21989,0.00922
3818.29146,0.01109
3816.36303,0.01071
3814.43460,0.00966
3812.50617,0.00845
3810.57774,0.00697
3808.64931,0.00583
3806.72088,0.00640
3804.79245,0.00739
3802.86402,0.00762
3800.93559,0.00852
3799.00716,0.00918
3797.07873,0.00822
3795.15030,0.00641
3793.22187,0.00460
3791.29344,0.00342
3789.36501,0.00267
3787.43658,0.00198
3785.50815,0.00173
3783.57972,0.00209
3781.65129,0.00230
3779.72286,0.00257
3777.79443,0.00300
3775.86600,0.00246
3773.93757,0.00095
3772.00914,0.00000
3770.08071,0.00118
3768.15228,0.00383
3766.22385,0.00574
3764.29542,0.00643
3762.36699,0.00638
3760.43856,0.00678
3758.51013,0.00879
3756.58170,0.01074
3754.65327,0.01049
3752.72484,0.00987
3750.79641,0.01401
3748.86798,0.02088
3746.93955,0.02347
3745.01112,0.02370
3743.08269,0.02190
3741.15426,0.01799
3739.22583,0.01390
3737.29740,0.01205
3735.36897,0.01456
3733.44054,0.01794
3731.51211,0.01751
3729.58368,0.01480
3727.65525,0.01254
3725.72682,0.01152
3723.79839,0.01097
3721.86996,0.00966
3719.94153,0.00796
3718.01310,0.00701
3716.08467,0.00632
3714.15624,0.00471
3712.22781,0.00375
3710.29938,0.00615
3708.37095,0.00786
3706.44252,0.00684
3704.51409,0.00497
3702.58566,0.00418
3700.65723,0.00484
3698.72880,0.00533
3696.80037,0.00475
3694.87194,0.00318
3692.94351,0.00090
3691.01508,0.00042
3689.08665,0.00451
3687.15822,0.00831
3685.22979,0.00827
3683.30136,0.00675
3681.37293,0.00501
3679.44450,0.00345
3677.51607,0.00400
3675.58764,0.00766
3673.65921,0.00968
3671.73078,0.00836
3669.80235,0.00779
3667.87392,0.00864
3665.94549,0.00782
3664.01706,0.00581
3662.08863,0.00424
3660.16020,0.00361
3658.23177,0.00374
3656.30334,0.00480
3654.37491,0.00503
3652.44648,0.00235
3650.51805,0.00000
3648.58962,0.00382
3646.66119,0.00794
3644.73276,0.00842
3642.80433,0.00739
3640.87590,0.00631
3638.94747,0.00566
3637.01904,0.00547
3635.09061,0.00533
3633.16218,0.00484
3631.23375,0.00456
3629.30532,0.00596
3627.37689,0.00843
3625.44846,0.00856
3623.52003,0.00660
3621.59160,0.00400
3619.66317,0.00313
3617.73474,0.00515
3615.80631,0.00718
3613.87788,0.00834
3611.94945,0.00931
3610.02102,0.01008
3608.09259,0.01063
3606.16416,0.00986
3604.23573,0.00750
3602.30730,0.00550
3600.37887,0.00522
3598.45044,0.00587
3596.52201,0.00630
3594.59358,0.00658
3592.66515,0.00618
3590.73672,0.00485
3588.80829,0.00425
3586.87986,0.00551
3584.95143,0.00621
3583.02300,0.00511
3581.09457,0.00377
3579.16614,0.00306
3577.23771,0.00299
3575.30928,0.00326
3573.38085,0.00324
3571.45242,0.00201
3569.52399,0.00017
3567.59556,0.00043
3565.66713,0.00351
3563.73870,0.00538
3561.81027,0.00521
3559.88184,0.00428
3557.95341,0.00296
3556.02498,0.00186
3554.09655,0.00197
3552.16812,0.00313
3550.23969,0.00399
3548.31126,0.00439
3546.38283,0.00494
3544.45440,0.00514
3542.52597,0.00450
3540.59754,0.00344
3538.66911,0.00228
3536.74068,0.00150
3534.81225,0.00121
3532.88382,0.00094
3530.95539,0.00093
3529.02696,0.00210
3527.09853,0.00406
3525.17010,0.00492
3523.24167,0.00441
3521.31324,0.00383
3519.38481,0.00319
3517.45638,0.00204
3515.52795,0.00082
3513.59952,-0.00000
3511.67109,0.00000
3509.74266,0.00100
3507.81423,0.00224
3505.88580,0.00281
3503.95737,0.00327
3502.02894,0.00372
3500.10051,0.00291
3498.17208,0.00131
3496.24365,0.00057
3494.31522,0.00102
3492.38679,0.00156
3490.45836,0.00155
3488.52993,0.00153
3486.60150,0.00187
3484.67307,0.00197
3482.74464,0.00169
3480.81621,0.00145
3478.88778,0.00110
3476.95935,0.00085
3475.03092,0.00157
3473.10249,0.00245
3471.17406,0.00190
3469.24563,0.00071
3467.31720,0.00069
3465.38877,0.00141
3463.46034,0.00154
3461.53191,0.00113
3459.60348,0.00050
3457.67505,0.00000
3455.74662,0.00030
3453.81819,0.00114
3451.88976,0.00154
3449.96133,0.00118
3448.03290,0.00067
3446.10447,0.00069
3444.17604,0.00115
3442.24761,0.00172
3440.31918,0.00222
3438.39075,0.00212
3436.46232,0.00134
3434.53389,0.00075
3432.60546,0.00083
3430.67703,0.00075
3428.74860,0.00006
3426.82017,-0.00040
3424.89174,-0.00002
3422.96331,0.00081
3421.03488,0.00160
3419.10645,0.00194
3417.17802,0.00143
3415.24959,0.00068
3413.32116,0.00074
3411.39273,0.00121
3409.46430,0.00147
3407.53587,0.00164
3405.60744,0.00150
3403.67901,0.00076
3401.75058,0.00033
3399.82215,0.00235
3397.89372,0.00306
3395.96529,0.00320
3394.03686,0.00357
3392.10843,0.00371
3390.18000,0.00288
3388.25157,0.00202
3386.32314,0.00201
3384.39471,0.00179
3382.46628,0.00096
3380.53785,0.00044
3378.60942,0.00052
3376.68099,0.00069
3374.75256,0.00063
3372.82413,0.00065
3370.89570,0.00127
3368.96727,0.00216
3367.03884,0.00276
3365.11041,0.00299
3363.18198,0.00293
3361.25355,0.00270
3359.32512,0.00249
3357.39669,0.00242
3355.46826,0.00237
3353.53983,0.00184
3351.61140,0.00076
3349.68297,-0.00002
3347.75454,0.00000
3345.82611,0.00024
3343.89768,0.00048
3341.96925,0.00117
3340.04082,0.00194
3338.11239,0.00212
3336.18396,0.00194
3334.25553,0.00165
3332.32710,0.00131
3330.39867,0.00140
3328.47024,0.00206
3326.54181,0.00254
3324.61338,0.00246
3322.68495,0.00230
3320.75652,0.00226
3318.82809,0.00231
3316.89966,0.00241
3314.97122,0.00234
3313.04279,0.00236
3311.11436,0.00282
3309.18593,0.00319
3307.25750,0.00274
3305.32907,0.00183
3303.40064,0.00151
3301.47221,0.00201
3299.54378,0.00257
3297.61535,0.00263
3295.68692,0.00267
3293.75849,0.00340
3291.83006,0.00430
3289.90163,0.00437
3287.97320,0.00378
3286.04477,0.00349
3284.11634,0.00367
3282.18791,0.00380
3280.25948,0.00385
3278.33105,0.00416
3276.40262,0.00451
3274.47419,0.00441
3272.54576,0.00399
3270.61733,0.00365
3268.68890,0.00369
3266.76047,0.00410
3264.83204,0.00436
3262.90361,0.00432
3260.97518,0.00428
3259.04675,0.00414
3257.11832,0.00399
3255.18989,0.00429
3253.26146,0.00477
3251.33303,0.00472
3249.40460,0.00437
3247.47617,0.00466
3245.54774,0.00562
3243.61931,0.00631
3241.69088,0.00596
3239.76245,0.00502
3237.83402,0.00454
3235.90559,0.00465
3233.97716,0.00498
3232.04873,0.00546
3230.12030,0.00579
3228.19187,0.00550
3226.26344,0.00481
3224.33501,0.00438
3222.40658,0.00445
3220.47815,0.00455
3218.54972,0.00441
3216.62129,0.00422
3214.69286,0.00416
3212.76443,0.00441
3210.83600,0.00485
3208.90757,0.00475
3206.97914,0.00391
3205.05071,0.00324
3203.12228,0.00326
3201.19385,0.00359
3199.26542,0.00407
3197.33699,0.00441
3195.40856,0.00372
3193.48013,0.00232
3191.55170,0.00153
3189.62327,0.00169
3187.69484,0.00231
3185.76641,0.00270
3183.83798,0.00248
3181.90955,0.00218
3179.98112,0.00260
3178.05269,0.00363
3176.12426,0.00444
3174.19583,0.00444
3172.26740,0.00386
3170.33897,0.00334
3168.41054,0.00318
3166.48211,0.00296
3164.55368,0.00247
3162.62525,0.00215
3160.69682,0.00216
3158.76839,0.00225
3156.83996,0.00215
3154.91153,0.00182
3152.98310,0.00169
3151.05467,0.00204
3149.12624,0.00248
3147.19781,0.00275
3145.26938,0.00292
3143.34095,0.00265
3141.41252,0.00182
3139.48409,0.00102
3137.55566,0.00092
3135.62723,0.00162
3133.69880,0.00240
3131.77037,0.00236
3129.84194,0.00177
3127.91351,0.00156
3125.98508,0.00197
3124.05665,0.00248
3122.12822,0.00259
3120.19979,0.00234
3118.27136,0.00216
3116.34293,0.00231
3114.41450,0.00260
3112.48607,0.00268
3110.55764,0.00253
3108.62921,0.00212
3106.70078,0.00147
3104.77235,0.00118
3102.84392,0.00156
3100.91549,0.00190
3098.98706,0.00155
3097.05863,0.00105
3095.13020,0.00090
3093.20177,0.00087
3091.27334,0.00086
3089.34491,0.00065
3087.41648,0.00017
3085.48805,-0.00005
3083.55962,0.00044
3081.63119,0.00125
3079.70276,0.00155
3077.77433,0.00103
3075.84590,0.00037
3073.91747,0.00007
3071.98904,0.00000
3070.06061,0.00005
3068.13218,0.00051
3066.20375,0.00119
3064.27532,0.00152
3062.34689,0.00132
3060.41846,0.00104
3058.49003,0.00113
3056.56160,0.00146
3054.63317,0.00143
3052.70474,0.00119
3050.77631,0.00125
3048.84788,0.00122
3046.91945,0.00073
3044.99102,0.00032
3043.06259,0.00015
3041.13416,0.00000
3039.20573,0.00007
3037.27730,0.00059
3035.34887,0.00127
3033.42044,0.00190
3031.49201,0.00224
3029.56358,0.00195
3027.63515,0.00140
3025.70672,0.00113
3023.77829,0.00104
3021.84986,0.00089
3019.92143,0.00068
3017.99300,0.00070
3016.06457,0.00123
3014.13614,0.00185
3012.20771,0.00207
3010.27928,0.00183
3008.35085,0.00133
3006.42242,0.00094
3004.49399,0.00084
3002.56556,0.00089
3000.63713,0.00077
2998.70870,0.00030
2996.78027,0.00054
2994.85184,0.00099
2992.92341,0.00099
2990.99498,0.00065
2989.06655,0.00071
2987.13812,0.00117
2985.20969,0.00136
2983.28126,0.00097
2981.35283,0.00052
2979.42440,0.00057
2977.49597,0.00112
2975.56754,0.00146
2973.63911,0.00110
2971.71068,0.00062
2969.78225,0.00054
2967.85382,0.00069
2965.92539,0.00078
2963.99696,0.00061
2962.06853,0.00024
2960.14010,0.00006
2958.21167,0.00022
2956.28324,0.00056
2954.35481,0.00101
2952.42638,0.00126
2950.49795,0.00107
2948.56952,0.00078
2946.64109,0.00085
2944.71266,0.00122
2942.78423,0.00166
2940.85580,0.00191
2938.92737,0.00171
2936.99894,0.00124
2935.07051,0.00106
2933.14208,0.00107
2931.21365,0.00083
2929.28522,0.00054
2927.35679,0.00054
2925.42836,0.00073
2923.49993,0.00101
2921.57150,0.00121
2919.64307,0.00094
2917.71464,0.00031
2915.78621,0.00000
2913.85778,0.00021
2911.92935,0.00052
2910.00092,0.00046
2908.07249,0.00017
2906.14406,0.00014
2904.21563,0.00056
2902.28720,0.00097
2900.35877,0.00096
2898.43034,0.00072
2896.50191,0.00061
2894.57348,0.00071
2892.64505,0.00085
2890.71662,0.00079
2888.78819,0.00064
2886.85976,0.00067
2884.93133,0.00077
2883.00290,0.00064
2881.07447,0.00046
2879.14604,0.00047
2877.21761,0.00047
2875.28918,0.00032
2873.36075,0.00026
2871.43232,0.00042
2869.50389,0.00046
2867.57546,0.00025
2865.64703,0.00011
2863.71860,0.00020
2861.79017,0.00028
2859.86174,0.00012
2857.93331,0.00000
2856.00488,0.00036
2854.07645,0.00115
2852.14802,0.00178
2850.21959,0.00183
2848.29116,0.00142
2846.36273,0.00097
2844.43430,0.00079
2842.50587,0.00080
2840.57744,0.00066
2838.64901,0.00051
2836.72058,0.00059
2834.79215,0.00068
2832.86372,0.00053
2830.93529,0.00029
2829.00686,0.00022
2827.07843,0.00048
2825.15000,0.00073
2823.22157,0.00070
2821.29314,0.00054
2819.36471,0.00033
2817.43628,0.00007
2815.50785,0.00000
2813.57942,0.00029
2811.65099,0.00083
2809.72256,0.00114
2807.79413,0.00089
2805.86570,0.00042
2803.93727,0.00022
2802.00884,0.00020
2800.08041,0.00011
2798.15198,0.00013
2796.22355,0.00022
2794.29512,0.00021
2792.36669,0.00013
2790.43826,0.00010
2788.50983,0.00011
2786.58140,0.00006
2784.65297,0.00001
2782.72454,0.00009
2780.79611,0.00025
2778.86768,0.00027
2776.93925,0.00011
2775.01082,0.00000
2773.08239,0.00003
2771.15396,0.00017
2769.22553,0.00032
2767.29710,0.00044
2765.36867,0.00051
2763.44024,0.00050
2761.51181,0.00056
2759.58338,0.00065
2757.65495,0.00057
2755.72652,0.00048
2753.79809,0.00049
2751.86966,0.00046
2749.94123,0.00046
2748.01280,0.00064
2746.08437,0.00096
2744.15594,0.00113
2742.22751,0.00101
2740.29908,0.00083
2738.37065,0.00072
2736.44222,0.00065
2734.51379,0.00052
2732.58536,0.00030
2730.65693,0.00010
2728.72850,0.00001
2726.80007,-0.00001
2724.87164,-0.00001
2722.94321,-0.00000
2721.01478,0.00000
2719.08635,0.00017
2717.15792,0.00046
2715.22949,0.00050
2713.30105,0.00027
2711.37262,0.00031
2709.44419,0.00060
2707.51576,0.00058
2705.58733,0.00028
2703.65890,0.00015
2701.73047,0.00022
2699.80204,0.00014
2697.87361,-0.00008
2695.94518,-0.00010
2694.01675,0.00017
2692.08832,0.00033
2690.15989,0.00016
2688.23146,-0.00005
2686.30303,0.00006
2684.37460,0.00034
2682.44617,0.00046
2680.51774,0.00051
2678.58931,0.00044
2676.66088,0.00018
2674.73245,-0.00005
2672.80402,-0.00004
2670.87559,0.00014
2668.94716,0.00019
2667.01873,0.00000
2665.09030,0.00001
2663.16187,0.00024
2661.23344,0.00033
2659.30501,0.00040
2657.37658,0.00060
2655.44815,0.00065
2653.51972,0.00065
2651.59129,0.00080
2649.66286,0.00071
2647.73443,0.00015
2645.80600,-0.00019
2643.87757,-0.00001
2641.94914,0.00005
2640.02071,-0.00011
2638.09228,0.00002
2636.16385,0.00027
2634.23542,0.00039
2632.30699,0.00049
2630.37856,0.00048
2628.45013,0.00033
2626.52170,0.00028
2624.59327,0.00043
2622.66484,0.00062
2620.73641,0.00067
2618.80798,0.00053
2616.87955,0.00031
2614.95112,0.00007
2613.02269,-0.00002
2611.09426,0.00018
2609.16583,0.00056
2607.23740,0.00065
2605.30897,0.00029
2603.38054,0.00000
2601.45211,0.00022
2599.52368,0.00071
2597.59525,0.00094
2595.66682,0.00094
2593.73839,0.00085
2591.80996,0.00072
2589.88153,0.00054
2587.95310,0.00036
2586.02467,0.00027
2584.09624,0.00023
2582.16781,0.00021
2580.23938,0.00020
2578.31095,0.00017
2576.38252,0.00023
2574.45409,0.00047
2572.52566,0.00068
2570.59723,0.00059
2568.66880,0.00031
2566.74037,0.00020
2564.81194,0.00031
2562.88351,0.00041
2560.95508,0.00043
2559.02665,0.00055
2557.09822,0.00068
2555.16979,0.00065
2553.24136,0.00048
2551.31293,0.00021
2549.38450,0.00001
2547.45607,0.00016
2545.52764,0.00048
2543.59921,0.00057
2541.67078,0.00046
2539.74235,0.00043
2537.81392,0.00044
2535.88549,0.00033
2533.95706,0.00025
2532.02863,0.00032
2530.10020,0.00042
2528.17177,0.00050
2526.24334,0.00055
2524.31491,0.00042
2522.38648,0.00010
2520.45805,-0.00009
2518.52962,0.00005
2516.60119,0.00019
2514.67276,0.00008
2512.74433,0.00004
2510.81590,0.00029
2508.88747,0.00049
2506.95904,0.00051
2505.03061,0.00054
2503.10218,0.00050
2501.17375,0.00042
2499.24532,0.00036
2497.31689,0.00011
2495.38846,0.00000
2493.46003,0.00027
2491.53160,0.00061
2489.60317,0.00066
2487.67474,0.00064
2485.74631,0.00075
2483.81788,0.00083
2481.88945,0.00081
2479.96102,0.00087
2478.03259,0.00101
2476.10416,0.00104
2474.17573,0.00086
2472.24730,0.00059
2470.31887,0.00054
2468.39044,0.00058
2466.46201,0.00047
2464.53358,0.00040
2462.60515,0.00052
2460.67672,0.00072
2458.74829,0.00081
2456.81986,0.00060
2454.89143,0.00020
2452.96300,0.00000
2451.03457,0.00013
2449.10614,0.00035
2447.17771,0.00037
2445.24928,0.00028
2443.32085,0.00021
2441.39242,0.00012
2439.46399,0.00015
2437.53556,0.00038
2435.60713,0.00060
2433.67870,0.00061
2431.75027,0.00049
2429.82184,0.00028
2427.89341,0.00006
2425.96498,-0.00001
2424.03655,-0.00001
2422.10812,-0.00001
2420.17969,-0.00002
2418.25126,-0.00002
2416.32283,-0.00002
2414.39440,-0.00002
2412.46597,-0.00002
2410.53754,-0.00002
2408.60911,-0.00002
2406.68068,-0.00001
2404.75225,-0.00001
2402.82382,-0.00000
2400.89539,0.00000
2398.96696,-0.00003
2397.03853,-0.00006
2395.11010,-0.00009
2393.18167,-0.00012
2391.25324,-0.00014
2389.32481,-0.00017
2387.39638,-0.00019
2385.46795,-0.00022
2383.53952,-0.00024
2381.61109,-0.00026
2379.68266,-0.00028
2377.75423,-0.00030
2375.82580,-0.00032
2373.89737,-0.00034
2371.96894,-0.00036
2370.04051,-0.00037
2368.11208,-0.00039
2366.18365,-0.00040
2364.25522,-0.00042
2362.32679,-0.00043
2360.39836,-0.00044
2358.46993,-0.00045
2356.54150,-0.00046
2354.61307,-0.00047
2352.68464,-0.00048
2350.75621,-0.00048
2348.82778,-0.00049
2346.89935,-0.00050
2344.97092,-0.00050
2343.04249,-0.00050
2341.11406,-0.00050
2339.18563,-0.00051
2337.25720,-0.00051
2335.32877,-0.00051
2333.40034,-0.00050
2331.47191,-0.00050
2329.54348,-0.00050
2327.61505,-0.00050
2325.68662,-0.00049
2323.75819,-0.00048
2321.82976,-0.00048
2319.90133,-0.00047
2317.97290,-0.00046
2316.04447,-0.00045
2314.11604,-0.00044
2312.18761,-0.00043
2310.25918,-0.00042
2308.33075,-0.00040
2306.40232,-0.00039
2304.47389,-0.00037
2302.54546,-0.00036
2300.61703,-0.00034
2298.68860,-0.00032
2296.76017,-0.00030
2294.83174,-0.00028
2292.90331,-0.00026
2290.97488,-0.00024
2289.04645,-0.00022
2287.11802,-0.00019
2285.18959,-0.00017
2283.26116,-0.00014
2281.33273,-0.00012
2279.40430,-0.00009
2277.47587,-0.00006
2275.54744,-0.00003
2273.61901,0.00000
2271.69058,0.00003
2269.76215,0.00006
2267.83372,0.00009
2265.90529,0.00013
2263.97686,0.00016
2262.04843,0.00020
2260.12000,0.00023
2258.19157,0.00027
2256.26314,0.00031
2254.33471,0.00035
2252.40628,0.00039
2250.47785,0.00043
2248.54942,0.00047
2246.62099,0.00051
2244.69256,0.00055
2242.76413,0.00060
2240.83570,0.00062
2238.90727,0.00071
2236.97884,0.00071
2235.05041,0.00043
2233.12198,0.00005
2231.19355,0.00000
2229.26512,0.00033
2227.33669,0.00066
2225.40826,0.00072
2223.47983,0.00060
2221.55140,0.00049
2219.62297,0.00045
2217.69454,0.00027
2215.76611,0.00001
2213.83768,0.00000
2211.90925,0.00015
2209.98082,0.00016
2208.05239,0.00017
2206.12396,0.00031
2204.19553,0.00035
2202.26710,0.00024
2200.33867,0.00020
2198.41024,0.00021
2196.48181,0.00009
2194.55338,-0.00002
2192.62495,0.00013
2190.69652,0.00037
2188.76809,0.00039
2186.83966,0.00030
2184.91123,0.00028
2182.98280,0.00026
2181.05437,0.00028
2179.12594,0.00049
2177.19751,0.00068
2175.26908,0.00066
2173.34065,0.00051
2171.41222,0.00026
2169.48379,0.00007
2167.55536,0.00000
2165.62693,0.00001
2163.69850,0.00030
2161.77007,0.00068
2159.84164,0.00071
2157.91321,0.00052
2155.98478,0.00032
2154.05635,0.00020
2152.12792,0.00027
2150.19949,0.00052
2148.27106,0.00059
2146.34263,0.00028
2144.41420,-0.00006
2142.48577,0.00002
2140.55734,0.00044
2138.62891,0.00080
2136.70048,0.00089
2134.77205,0.00065
2132.84362,0.00023
2130.91519,0.00002
2128.98676,0.00012
2127.05833,0.00026
2125.12990,0.00030
2123.20147,0.00033
2121.27304,0.00044
2119.34461,0.00060
2117.41618,0.00063
2115.48775,0.00056
2113.55932,0.00045
2111.63089,0.00035
2109.70245,0.00029
2107.77402,0.00037
2105.84559,0.00059
2103.91716,0.00067
2101.98873,0.00054
2100.06030,0.00038
2098.13187,0.00025
2096.20344,0.00007
2094.27501,0.00000
2092.34658,0.00003
2090.41815,0.00015
2088.48972,0.00025
2086.56129,0.00025
2084.63286,0.00031
2082.70443,0.00042
2080.77600,0.00044
2078.84757,0.00031
2076.91914,0.00017
2074.99071,0.00022
2073.06228,0.00035
2071.13385,0.00041
2069.20542,0.00031
2067.27699,0.00012
2065.34856,0.00019
2063.42013,0.00044
2061.49170,0.00053
2059.56327,0.00051
2057.63484,0.00053
2055.70641,0.00036
2053.77798,0.00000
2051.84955,-0.00001
2049.92112,0.00051
2047.99269,0.00107
2046.06426,0.00132
2044.13583,0.00123
2042.20740,0.00098
2040.27897,0.00093
2038.35054,0.00103
2036.42211,0.00100
2034.49368,0.00096
2032.56525,0.00091
2030.63682,0.00090
2028.70839,0.00109
2026.77996,0.00127
2024.85153,0.00120
2022.92310,0.00090
2020.99467,0.00045
2019.06624,0.00005
2017.13781,0.00000
2015.20938,0.00029
2013.28095,0.00066
2011.35252,0.00094
2009.42409,0.00123
2007.49566,0.00134
2005.56723,0.00118
2003.63880,0.00107
2001.71037,0.00110
1999.78194,0.00110
1997.85351,0.00103
1995.92508,0.00087
1993.99665,0.00070
1992.06822,0.00087
1990.13979,0.00117
1988.21136,0.00131
1986.28293,0.00131
1984.35450,0.00095
1982.42607,0.00050
1980.49764,0.00026
1978.56921,0.00007
1976.64078,0.00002
1974.71235,0.00029
1972.78392,0.00060
1970.85549,0.00061
1968.92706,0.00042
1966.99863,0.00054
1965.07020,0.00108
1963.14177,0.00118
1961.21334,0.00078
1959.28491,0.00063
1957.35648,0.00071
1955.42805,0.00067
1953.49962,0.00073
1951.57119,0.00085
1949.64276,0.00076
1947.71433,0.00040
1945.78590,0.00000
1943.85747,-0.00001
1941.92904,0.00040
1940.00061,0.00070
1938.07218,0.00065
1936.14375,0.00050
1934.21532,0.00040
1932.28689,0.00034
1930.35846,0.00041
1928.43003,0.00047
1926.50160,0.00027
1924.57317,0.00002
1922.64474,0.00026
1920.71631,0.00066
1918.78788,0.00082
1916.85945,0.00118
1914.93102,0.00162
1913.00259,0.00154
1911.07416,0.00110
1909.14573,0.00109
1907.21730,0.00144
1905.28887,0.00153
1903.36044,0.00132
1901.43201,0.00111
1899.50358,0.00096
1897.57515,0.00088
1895.64672,0.00100
1893.71829,0.00107
1891.78986,0.00073
1889.86143,0.00055
1887.93300,0.00109
1886.00457,0.00170
1884.07614,0.00191
1882.14771,0.00192
1880.21928,0.00185
1878.29085,0.00185
1876.36242,0.00191
1874.43399,0.00185
1872.50556,0.00130
1870.57713,0.00028
1868.64870,0.00000
1866.72027,0.00097
1864.79184,0.00198
1862.86341,0.00216
1860.93498,0.00206
1859.00655,0.00222
1857.07812,0.00258
1855.14969,0.00284
1853.22126,0.00283
1851.29283,0.00247
1849.36440,0.00186
1847.43597,0.00138
1845.50754,0.00160
1843.57911,0.00260
1841.65068,0.00336
1839.72225,0.00331
1837.79382,0.00313
1835.86539,0.00344
1833.93696,0.00320
1832.00853,0.00154
1830.08010,0.00010
1828.15167,0.00055
1826.22324,0.00159
1824.29481,0.00222
1822.36638,0.00251
1820.43795,0.00268
1818.50952,0.00291
1816.58109,0.00283
1814.65266,0.00192
1812.72423,0.00078
1810.79580,0.00057
1808.86737,0.00138
1806.93894,0.00213
1805.01051,0.00228
1803.08208,0.00215
1801.15365,0.00233
1799.22522,0.00285
1797.29679,0.00296
1795.36836,0.00219
1793.43993,0.00130
1791.51150,0.00208
1789.58307,0.00420
1787.65464,0.00563
1785.72621,0.00573
1783.79778,0.00482
1781.86935,0.00367
1779.94092,0.00341
1778.01249,0.00360
1776.08406,0.00245
1774.15563,0.00019
1772.22720,0.00000
1770.29877,0.00320
1768.37034,0.00620
1766.44191,0.00678
1764.51348,0.00566
1762.58505,0.00462
1760.65662,0.00478
1758.72819,0.00559
1756.79976,0.00624
1754.87133,0.00621
1752.94290,0.00522
1751.01447,0.00389
1749.08604,0.00342
1747.15761,0.00427
1745.22918,0.00515
1743.30075,0.00527
1741.37232,0.00514
1739.44389,0.00538
1737.51546,0.00544
1735.58703,0.00484
1733.65860,0.00485
1731.73017,0.00612
1729.80174,0.00708
1727.87331,0.00742
1725.94488,0.00739
1724.01645,0.00726
1722.08802,0.00630
1720.15959,0.00323
1718.23116,0.00000
1716.30273,0.00165
1714.37430,0.00638
1712.44587,0.00934
1710.51744,0.00941
1708.58901,0.00809
1706.66058,0.00780
1704.73215,0.00975
1702.80372,0.01161
1700.87529,0.01167
1698.94686,0.01086
1697.01843,0.01125
1695.09000,0.01321
1693.16157,0.01455
1691.23314,0.01421
1689.30471,0.01230
1687.37628,0.00925
1685.44785,0.00674
1683.51942,0.00804
1681.59099,0.01109
1679.66256,0.01235
1677.73413,0.01172
1675.80570,0.01061
1673.87727,0.00918
1671.94884,0.00714
1670.02041,0.00641
1668.09198,0.00841
1666.16355,0.00973
1664.23512,0.00906
1662.30669,0.00911
1660.37826,0.01128
1658.44983,0.01240
1656.52140,0.01024
1654.59297,0.00733
1652.66454,0.00815
1650.73611,0.01087
1648.80768,0.01062
1646.87925,0.00896
1644.95082,0.01032
1643.02239,0.01235
1641.09396,0.01180
1639.16553,0.00846
1637.23710,0.00537
1635.30867,0.00650
1633.38024,0.00974
1631.45181,0.01094
1629.52338,0.00993
1627.59495,0.00863
1625.66652,0.00809
1623.73809,0.00835
1621.80966,0.00930
1619.88123,0.00896
1617.95280,0.00704
1616.02437,0.00643
1614.09594,0.00761
1612.16751,0.00792
1610.23908,0.00653
1608.31065,0.00492
1606.38222,0.00416
1604.45379,0.00388
1602.52536,0.00380
1600.59693,0.00380
1598.66850,0.00343
1596.74007,0.00289
1594.81164,0.00275
1592.88321,0.00299
1590.95478,0.00325
1589.02635,0.00357
1587.09792,0.00390
1585.16949,0.00430
1583.24106,0.00506
1581.31263,0.00551
1579.38420,0.00452
1577.45577,0.00327
1575.52734,0.00441
1573.59891,0.00642
1571.67048,0.00654
1569.74205,0.00601
1567.81362,0.00709
1565.88519,0.00866
1563.95676,0.00879
1562.02833,0.00673
1560.09990,0.00477
1558.17147,0.00638
1556.24304,0.00983
1554.31461,0.01201
1552.38618,0.01275
1550.45775,0.01263
1548.52932,0.01202
1546.60089,0.00993
1544.67246,0.00572
1542.74403,0.00174
1540.81560,0.00169
1538.88717,0.00719
1536.95874,0.01151
1535.03031,0.01179
1533.10188,0.01025
1531.17345,0.00993
1529.24502,0.00996
1527.31659,0.00939
1525.38816,0.00878
1523.45973,0.00814
1521.53130,0.00843
1519.60287,0.00983
1517.67444,0.01023
1515.74601,0.01048
1513.81758,0.01112
1511.88915,0.01013
1509.96072,0.00625
1508.03229,0.00219
1506.10385,0.00337
1504.17542,0.00797
1502.24699,0.01075
1500.31856,0.00957
1498.39013,0.00667
1496.46170,0.00600
1494.53327,0.00685
1492.60484,0.00573
1490.67641,0.00291
1488.74798,0.00233
1486.81955,0.00426
1484.89112,0.00584
1482.96269,0.00604
1481.03426,0.00571
1479.10583,0.00522
1477.17740,0.00386
1475.24897,0.00166
1473.32054,0.00095
1471.39211,0.00346
1469.46368,0.00631
1467.53525,0.00698
1465.60682,0.00647
1463.67839,0.00672
1461.74996,0.00601
1459.82153,0.00264
1457.89310,0.00000
1455.96467,0.00229
1454.03624,0.00551
1452.10781,0.00665
1450.17938,0.00566
1448.25095,0.00415
1446.32252,0.00377
1444.39409,0.00417
1442.46566,0.00410
1440.53723,0.00313
1438.60880,0.00222
1436.68037,0.00264
1434.75194,0.00379
1432.82351,0.00405
1430.89508,0.00358
1428.96665,0.00337
1427.03822,0.00331
1425.10979,0.00303
1423.18136,0.00304
1421.25293,0.00349
1419.32450,0.00409
1417.39607,0.00448
1415.46764,0.00425
1413.53921,0.00333
1411.61078,0.00218
1409.68235,0.00136
1407.75392,0.00065
1405.82549,0.00007
1403.89706,0.00000
1401.96863,0.00011
1400.04020,0.00017
1398.11177,0.00048
1396.18334,0.00094
1394.25491,0.00176
1392.32648,0.00287
1390.39805,0.00321
1388.46962,0.00266
1386.54119,0.00216
1384.61276,0.00211
1382.68433,0.00223
1380.75590,0.00246
1378.82747,0.00251
1376.89904,0.00186
1374.97061,0.00128
1373.04218,0.00183
1371.11375,0.00250
1369.18532,0.00231
1367.25689,0.00165
1365.32846,0.00107
1363.40003,0.00097
1361.47160,0.00153
1359.54317,0.00204
1357.61474,0.00189
1355.68631,0.00138
1353.75788,0.00113
1351.82945,0.00106
1349.90102,0.00097
1347.97259,0.00106
1346.04416,0.00127
1344.11573,0.00117
1342.18730,0.00078
1340.25887,0.00067
1338.33044,0.00111
1336.40201,0.00118
1334.47358,0.00080
1332.54515,0.00067
1330.61672,0.00093
1328.68829,0.00113
1326.75986,0.00119
1324.83143,0.00131
1322.90300,0.00124
1320.97457,0.00071
1319.04614,0.00021
1317.11771,0.00007
1315.18928,0.00004
1313.26085,0.00000
1311.33242,0.00003
1309.40399,0.00002
1307.47556,0.00007
1305.54713,0.00026
1303.61870,0.00044
1301.69027,0.00053
1299.76184,0.00054
1297.83341,0.00045
1295.90498,0.00037
1293.97655,0.00045
1292.04812,0.00075
1290.11969,0.00109
1288.19126,0.00122
1286.26283,0.00123
1284.33440,0.00122
1282.40597,0.00133
1280.47754,0.00158
1278.54911,0.00169
1276.62068,0.00168
1274.69225,0.00183
1272.76382,0.00222
1270.83539,0.00292
1268.90696,0.00395
1266.97853,0.00483
1265.05010,0.00524
1263.12167,0.00570
1261.19324,0.00669
1259.26481,0.00810
1257.33638,0.00960
1255.40795,0.01105
1253.47952,0.01248
1251.55109,0.01413
1249.62266,0.01625
1247.69423,0.01865
1245.76580,0.02095
1243.83737,0.02284
1241.90894,0.02438
1239.98051,0.02613
1238.05208,0.02810
1236.12365,0.02969
1234.19522,0.03107
1232.26679,0.03268
1230.33836,0.03453
1228.40993,0.03643
1226.48150,0.03801
1224.55307,0.03915
1222.62464,0.04020
1220.69621,0.04149
1218.76778,0.04313
1216.83935,0.04468
1214.91092,0.04567
1212.98249,0.04664
1211.05406,0.04793
1209.12563,0.04907
1207.19720,0.05001
1205.26877,0.05122
1203.34034,0.05286
1201.41191,0.05451
1199.48348,0.05559
1197.55505,0.05610
1195.62662,0.05678
1193.69819,0.05812
1191.76976,0.05978
1189.84133,0.06135
1187.91290,0.06288
1185.98447,0.06426
1184.05604,0.06531
1182.12761,0.06636
1180.19918,0.06770
1178.27075,0.06925
1176.34232,0.07107
1174.41389,0.07286
1172.48546,0.07403
1170.55703,0.07486
1168.62860,0.07602
1166.70017,0.07777
1164.77174,0.08002
1162.84331,0.08242
1160.91488,0.08460
1158.98645,0.08666
1157.05802,0.08904
1155.12959,0.09166
1153.20116,0.09408
1151.27273,0.09610
1149.34430,0.09773
1147.41587,0.09925
1145.48744,0.10101
1143.55901,0.10304
1141.63058,0.10500
1139.70215,0.10681
1137.77372,0.10881
1135.84529,0.11102
1133.91686,0.11324
1131.98843,0.11540
1130.06000,0.11743
1128.13157,0.11931
1126.20314,0.12163
1124.27471,0.12510
1122.34628,0.12925
1120.41785,0.13291
1118.48942,0.13622
1116.56099,0.14053
1114.63256,0.14574
1112.70413,0.15078
1110.77570,0.15567
1108.84727,0.16070
1106.91884,0.16583
1104.99041,0.17122
1103.06198,0.17718
1101.13355,0.18369
1099.20512,0.19042
1097.27669,0.19718
1095.34826,0.20413
1093.41983,0.21086
1091.49140,0.21636
1089.56297,0.22087
1087.63454,0.22492
1085.70611,0.22824
1083.77768,0.23111
1081.84925,0.23355
1079.92082,0.23504
1077.99239,0.23597
1076.06396,0.23701
1074.13553,0.23831
1072.20710,0.23978
1070.27867,0.24108
1068.35024,0.24177
1066.42181,0.24158
1064.49338,0.24075
1062.56495,0.23956
1060.63652,0.23782
1058.70809,0.23556
1056.77966,0.23258
1054.85123,0.22810
1052.92280,0.22253
1050.99437,0.21663
1049.06594,0.21031
1047.13751,0.20356
1045.20908,0.19648
1043.28065,0.18911
1041.35222,0.18098
1039.42379,0.17142
1037.49536,0.16069
1035.56693,0.14986
1033.63850,0.14002
1031.71007,0.13124
1029.78164,0.12271
1027.85321,0.11406
1025.92478,0.10527
1023.99635,0.09651
1022.06792,0.08803
1020.13949,0.08027
1018.21106,0.07381
1016.28263,0.06855
1014.35420,0.06358
1012.42577,0.05825
1010.49734,0.05299
1008.56891,0.04835
1006.64048,0.04437
1004.71205,0.04102
1002.78362,0.03784
1000.85519,0.03439
998.92676,0.03133
996.99833,0.02937
995.06990,0.02820
993.14147,0.02732
991.21304,0.02656
989.28461,0.02593
987.35618,0.02571
985.42775,0.02606
983.49932,0.02681
981.57089,0.02774
979.64246,0.02852
977.71403,0.02895
975.78560,0.02910
973.85717,0.02912
971.92874,0.02890
970.00031,0.02827
968.07188,0.02753
966.14345,0.02676
964.21502,0.02591
962.28659,0.02527
960.35816,0.02486
958.42973,0.02441
956.50130,0.02380
954.57287,0.02299
952.64444,0.02185
950.71601,0.02095
948.78758,0.02076
946.85915,0.02059
944.93072,0.02006
943.00229,0.01943
941.07386,0.01858
939.14543,0.01775
937.21700,0.01734
935.28857,0.01697
933.36014,0.01630
931.43171,0.01545
929.50328,0.01437
927.57485,0.01307
925.64642,0.01195
923.71799,0.01147
921.78956,0.01152
919.86113,0.01140
917.93270,0.01066
916.00427,0.00955
914.07584,0.00860
912.14741,0.00806
910.21898,0.00786
908.29055,0.00790
906.36212,0.00770
904.43368,0.00693
902.50525,0.00585
900.57682,0.00464
898.64839,0.00372
896.71996,0.00364
894.79153,0.00405
892.86310,0.00430
890.93467,0.00417
889.00624,0.00356
887.07781,0.00278
885.14938,0.00246
883.22095,0.00248
881.29252,0.00213
879.36409,0.00148
877.43566,0.00112
875.50723,0.00094
873.57880,0.00075
871.65037,0.00067
869.72194,0.00066
867.79351,0.00070
865.86508,0.00096
863.93665,0.00127
862.00822,0.00121
860.07979,0.00070
858.15136,0.00000
856.22293,-0.00005
854.29450,0.00134
852.36607,0.00308
850.43764,0.00376
848.50921,0.00410
846.58078,0.00466
844.65235,0.00519
842.72392,0.00629
840.79549,0.00813
838.86706,0.00971
836.93863,0.01081
835.01020,0.01219
833.08177,0.01385
831.15334,0.01511
829.22491,0.01579
827.29648,0.01643
825.36805,0.01728
823.43962,0.01820
821.51119,0.01927
819.58276,0.02047
817.65433,0.02152
815.72590,0.02243
813.79747,0.02333
811.86904,0.02418
809.94061,0.02510
808.01218,0.02616
806.08375,0.02655
804.15532,0.02609
802.22689,0.02621
800.29846,0.02733
798.37003,0.02802
796.44160,0.02768
794.51317,0.02703
792.58474,0.02652
790.65631,0.02606
788.72788,0.02524
786.79945,0.02375
784.87102,0.02221
782.94259,0.02108
781.01416,0.01978
779.08573,0.01812
777.15730,0.01614
775.22887,0.01330
773.30044,0.01056
771.37201,0.00942
769.44358,0.00882
767.51515,0.00768
765.58672,0.00666
763.65829,0.00609
761.72986,0.00605
759.80143,0.00621
757.87300,0.00567
755.94457,0.00500
754.01614,0.00545
752.08771,0.00625
750.15928,0.00589
748.23085,0.00442
746.30242,0.00328
744.37399,0.00398
742.44556,0.00573
740.51713,0.00637
738.58870,0.00590
736.66027,0.00555
734.73184,0.00560
732.80341,0.00598
730.87498,0.00610
728.94655,0.00499
727.01812,0.00310
725.08969,0.00232
723.16126,0.00482
721.23283,0.00616
719.30440,0.00531
717.37597,0.00367
715.44754,0.00285
713.51911,0.00260
711.59068,0.00216
709.66225,0.00180
707.73382,0.00193
705.80539,0.00256
703.87696,0.00393
701.94853,0.00537
700.02010,0.00601
698.09167,0.00589
696.16324,0.00560
694.23481,0.00579
692.30638,0.00670
690.37795,0.00744
688.44952,0.00701
686.52109,0.00615
684.59266,0.00572
682.66423,0.00482
680.73580,0.00314
678.80737,0.00266
676.87894,0.00388
674.95051,0.00423
673.02208,0.00378
671.09365,0.00670
669.16522,0.01099
667.23679,0.00892
665.30836,0.00503
663.37993,0.00617
661.45150,0.01014
659.52307,0.01188
657.59464,0.00981
655.66621,0.00580
653.73778,0.00350
651.80935,0.00455
649.88092,0.00673
647.95249,0.00704
646.02406,0.00536
644.09563,0.00364
642.16720,0.00308
640.23877,0.00345
638.31034,0.00401
636.38191,0.00406
634.45348,0.00318
632.52505,0.00193
630.59662,0.00152
628.66819,0.00178
626.73976,0.00147
624.81133,0.00151
622.88290,0.00192
620.95447,0.00321
619.02604,0.00549
617.09761,0.00685
615.16918,0.00565
613.24075,0.00472
611.31232,0.00382
609.38389,0.00450
607.45546,0.00579
605.52703,0.00416
603.59860,0.00092
601.67017,0.00000
599.74174,0.00000
