4001.49232,0.00403
3999.56389,0.00783
3997.63546,0.00830
3995.70703,0.00680
3993.77860,0.00547
3991.85017,0.00489
3989.92174,0.00413
3987.99331,0.00309
3986.06488,0.00283
3984.13645,0.00302
3982.20802,0.00247
3980.27959,0.00206
3978.35116,0.00296
3976.42273,0.00454
3974.49430,0.00547
3972.56587,0.00506
3970.63744,0.00339
3968.70901,0.00124
3966.78058,0.00000
3964.85215,0.00061
3962.92372,0.00225
3960.99529,0.00355
3959.06686,0.00424
3957.13843,0.00403
3955.21000,0.00290
3953.28157,0.00216
3951.35314,0.00260
3949.42471,0.00347
3947.49628,0.00385
3945.56785,0.00368
3943.63942,0.00301
3941.71099,0.00181
3939.78256,0.00113
3937.85413,0.00197
3935.92570,0.00383
3933.99727,0.00515
3932.06884,0.00425
3930.14041,0.00200
3928.21198,0.00108
3926.28355,0.00157
3924.35512,0.00209
3922.42669,0.00305
3920.49826,0.00463
3918.56982,0.00504
3916.64139,0.00309
3914.71296,0.00057
3912.78453,0.00000
3910.85610,0.00144
3908.92767,0.00372
3906.99924,0.00594
3905.07081,0.00812
3903.14238,0.01059
3901.21395,0.01064
3899.28552,0.00701
3897.35709,0.00396
3895.42866,0.00481
3893.50023,0.00659
3891.57180,0.00582
3889.64337,0.00513
3887.71494,0.00749
3885.78651,0.00972
3883.85808,0.00993
3881.92965,0.00907
3880.00122,0.00629
3878.07279,0.00471
3876.14436,0.00708
3874.21593,0.00976
3872.28750,0.01033
3870.35907,0.00870
3868.43064,0.00631
3866.50221,0.00607
3864.57378,0.00633
3862.64535,0.00591
3860.71692,0.00764
3858.78849,0.01330
3856.86006,0.02039
3854.93163,0.02110
3853.00320,0.01063
3851.07477,0.00127
3849.14634,0.00244
3847.21791,0.00761
3845.28948,0.01059
3843.36105,0.01126
3841.43262,0.01112
3839.50419,0.00959
3837.57576,0.00668
3835.64733,0.00515
3833.71890,0.00621
3831.79047,0.00719
3829.86204,0.00685
3827.93361,0.00614
3826.00518,0.00645
3824.07675,0.00892
3822.14832,0.01031
3820.21989,0.00817
3818.29146,0.00626
3816.36303,0.00505
3814.43460,0.00310
3812.50617,0.00361
3810.57774,0.00651
3808.64931,0.00825
3806.72088,0.00822
3804.79245,0.00896
3802.86402,0.00910
3800.93559,0.00598
3799.00716,0.00382
3797.07873,0.00360
3795.15030,0.00237
3793.22187,0.00137
3791.29344,0.00196
3789.36501,0.00321
3787.43658,0.00424
3785.50815,0.00409
3783.57972,0.00334
3781.65129,0.00314
3779.72286,0.00230
3777.79443,0.00128
3775.86600,0.00290
3773.93757,0.00654
3772.00914,0.00901
3770.08071,0.00886
3768.15228,0.00751
3766.22385,0.00631
3764.29542,0.00619
3762.36699,0.00818
3760.43856,0.00990
3758.51013,0.00950
3756.58170,0.01033
3754.65327,0.01351
3752.72484,0.01430
3750.79641,0.01152
3748.86798,0.01145
3746.93955,0.01438
3745.01112,0.01431
3743.08269,0.00954
3741.15426,0.00828
3739.22583,0.01235
3737.29740,0.01633
3735.36897,0.01567
3733.44054,0.01030
3731.51211,0.00608
3729.58368,0.00729
3727.65525,0.01131
3725.72682,0.01328
3723.79839,0.01141
3721.86996,0.00738
3719.94153,0.00423
3718.01310,0.00439
3716.08467,0.00746
3714.15624,0.01025
3712.22781,0.00938
3710.29938,0.00610
3708.37095,0.00380
3706.44252,0.00459
3704.51409,0.00713
3702.58566,0.00825
3700.65723,0.00703
3698.72880,0.00561
3696.80037,0.00555
3694.87194,0.00720
3692.94351,0.00937
3691.01508,0.00827
3689.08665,0.00302
3687.15822,-0.00087
3685.22979,0.00061
3683.30136,0.00507
3681.37293,0.00911
3679.44450,0.01229
3677.51607,0.01414
3675.58764,0.01226
3673.65921,0.00910
3671.73078,0.00798
3669.80235,0.00443
3667.87392,0.00097
3665.94549,0.00244
3664.01706,0.00569
3662.08863,0.00752
3660.16020,0.00855
3658.23177,0.00890
3656.30334,0.00858
3654.37491,0.00999
3652.44648,0.01244
3650.51805,0.01037
3648.58962,0.00412
3646.66119,0.00000
3644.73276,0.00145
3642.80433,0.00524
3640.87590,0.00786
3638.94747,0.00932
3637.01904,0.01097
3635.09061,0.01286
3633.16218,0.01428
3631.23375,0.01409
3629.30532,0.01037
3627.37689,0.00645
3625.44846,0.00803
3623.52003,0.01277
3621.59160,0.01554
3619.66317,0.01508
3617.73474,0.01438
3615.80631,0.01568
3613.87788,0.01760
3611.94945,0.01886
3610.02102,0.01904
3608.09259,0.01673
3606.16416,0.01370
3604.23573,0.01384
3602.30730,0.01526
3600.37887,0.01436
3598.45044,0.01212
3596.52201,0.01084
3594.59358,0.01094
3592.66515,0.01234
3590.73672,0.01439
3588.80829,0.01404
3586.87986,0.01028
3584.95143,0.00803
3583.02300,0.00941
3581.09457,0.01082
3579.16614,0.01044
3577.23771,0.00991
3575.30928,0.01001
3573.38085,0.01016
3571.45242,0.01067
3569.52399,0.01130
3567.59556,0.01046
3565.66713,0.00877
3563.73870,0.00830
3561.81027,0.00927
3559.88184,0.01046
3557.95341,0.01178
3556.02498,0.01339
3554.09655,0.01415
3552.16812,0.01332
3550.23969,0.01231
3548.31126,0.01251
3546.38283,0.01265
3544.45440,0.01159
3542.52597,0.01063
3540.59754,0.01087
3538.66911,0.01127
3536.74068,0.01072
3534.81225,0.00958
3532.88382,0.00876
3530.95539,0.00871
3529.02696,0.00974
3527.09853,0.01137
3525.17010,0.01178
3523.24167,0.01062
3521.31324,0.00988
3519.38481,0.01023
3517.45638,0.01018
3515.52795,0.00918
3513.59952,0.00817
3511.67109,0.00771
3509.74266,0.00756
3507.81423,0.00834
3505.88580,0.01019
3503.95737,0.01150
3502.02894,0.01146
3500.10051,0.01111
3498.17208,0.01102
3496.24365,0.01083
3494.31522,0.01064
3492.38679,0.01100
3490.45836,0.01165
3488.52993,0.01145
3486.60150,0.01072
3484.67307,0.01088
3482.74464,0.01170
3480.81621,0.01226
3478.88778,0.01265
3476.95935,0.01294
3475.03092,0.01287
3473.10249,0.01250
3471.17406,0.01241
3469.24563,0.01271
3467.31720,0.01270
3465.38877,0.01186
3463.46034,0.01070
3461.53191,0.00988
3459.60348,0.00963
3457.67505,0.01009
3455.74662,0.01079
3453.81819,0.01127
3451.88976,0.01167
3449.96133,0.01161
3448.03290,0.01073
3446.10447,0.01036
3444.17604,0.01154
3442.24761,0.01326
3440.31918,0.01432
3438.39075,0.01414
3436.46232,0.01302
3434.53389,0.01229
3432.60546,0.01228
3430.67703,0.01209
3428.74860,0.01190
3426.82017,0.01226
3424.89174,0.01282
3422.96331,0.01327
3421.03488,0.01390
3419.10645,0.01427
3417.17802,0.01428
3415.24959,0.01470
3413.32116,0.01483
3411.39273,0.01403
3409.46430,0.01318
3407.53587,0.01265
3405.60744,0.01248
3403.67901,0.01281
3401.75058,0.01320
3399.82215,0.01477
3397.89372,0.01572
3395.96529,0.01575
3394.03686,0.01516
3392.10843,0.01494
3390.18000,0.01552
3388.25157,0.01663
3386.32314,0.01723
3384.39471,0.01620
3382.46628,0.01443
3380.53785,0.01388
3378.60942,0.01445
3376.68099,0.01470
3374.75256,0.01445
3372.82413,0.01410
3370.89570,0.01405
3368.96727,0.01524
3367.03884,0.01745
3365.11041,0.01862
3363.18198,0.01803
3361.25355,0.01726
3359.32512,0.01709
3357.39669,0.01702
3355.46826,0.01712
3353.53983,0.01758
3351.61140,0.01785
3349.68297,0.01709
3347.75454,0.01568
3345.82611,0.01517
3343.89768,0.01615
3341.96925,0.01786
3340.04082,0.01939
3338.11239,0.02023
3336.18396,0.02055
3334.25553,0.02084
3332.32710,0.02099
3330.39867,0.02077
3328.47024,0.02075
3326.54181,0.02119
3324.61338,0.02136
3322.68495,0.02118
3320.75652,0.02114
3318.82809,0.02155
3316.89966,0.02247
3314.97122,0.02296
3313.04279,0.02219
3311.11436,0.02114
3309.18593,0.02072
3307.25750,0.02072
3305.32907,0.02067
3303.40064,0.02025
3301.47221,0.01998
3299.54378,0.02080
3297.61535,0.02225
3295.68692,0.02292
3293.75849,0.02265
3291.83006,0.02257
3289.90163,0.02295
3287.97320,0.02292
3286.04477,0.02276
3284.11634,0.02342
3282.18791,0.02409
3280.25948,0.02361
3278.33105,0.02261
3276.40262,0.02205
3274.47419,0.02196
3272.54576,0.02193
3270.61733,0.02172
3268.68890,0.02193
3266.76047,0.02280
3264.83204,0.02291
3262.90361,0.02172
3260.97518,0.02088
3259.04675,0.02098
3257.11832,0.02096
3255.18989,0.02052
3253.26146,0.02002
3251.33303,0.01911
3249.40460,0.01802
3247.47617,0.01804
3245.54774,0.01906
3243.61931,0.01958
3241.69088,0.01908
3239.76245,0.01855
3237.83402,0.01898
3235.90559,0.02018
3233.97716,0.02108
3232.04873,0.02057
3230.12030,0.01878
3228.19187,0.01725
3226.26344,0.01660
3224.33501,0.01616
3222.40658,0.01580
3220.47815,0.01512
3218.54972,0.01404
3216.62129,0.01406
3214.69286,0.01530
3212.76443,0.01582
3210.83600,0.01510
3208.90757,0.01421
3206.97914,0.01402
3205.05071,0.01449
3203.12228,0.01472
3201.19385,0.01442
3199.26542,0.01378
3197.33699,0.01276
3195.40856,0.01210
3193.48013,0.01217
3191.55170,0.01163
3189.62327,0.01049
3187.69484,0.01023
3185.76641,0.01068
3183.83798,0.01104
3181.90955,0.01158
3179.98112,0.01211
3178.05269,0.01177
3176.12426,0.01069
3174.19583,0.01002
3172.26740,0.01004
3170.33897,0.00986
3168.41054,0.00900
3166.48211,0.00809
3164.55368,0.00788
3162.62525,0.00811
3160.69682,0.00791
3158.76839,0.00729
3156.83996,0.00669
3154.91153,0.00628
3152.98310,0.00637
3151.05467,0.00687
3149.12624,0.00701
3147.19781,0.00658
3145.26938,0.00594
3143.34095,0.00525
3141.41252,0.00451
3139.48409,0.00419
3137.55566,0.00458
3135.62723,0.00526
3133.69880,0.00549
3131.77037,0.00491
3129.84194,0.00412
3127.91351,0.00386
3125.98508,0.00402
3124.05665,0.00425
3122.12822,0.00370
3120.19979,0.00235
3118.27136,0.00204
3116.34293,0.00307
3114.41450,0.00358
3112.48607,0.00320
3110.55764,0.00291
3108.62921,0.00308
3106.70078,0.00337
3104.77235,0.00332
3102.84392,0.00290
3100.91549,0.00238
3098.98706,0.00219
3097.05863,0.00243
3095.13020,0.00242
3093.20177,0.00180
3091.27334,0.00126
3089.34491,0.00143
3087.41648,0.00198
3085.48805,0.00257
3083.55962,0.00324
3081.63119,0.00356
3079.70276,0.00304
3077.77433,0.00210
3075.84590,0.00147
3073.91747,0.00134
3071.98904,0.00197
3070.06061,0.00314
3068.13218,0.00396
3066.20375,0.00412
3064.27532,0.00360
3062.34689,0.00253
3060.41846,0.00187
3058.49003,0.00183
3056.56160,0.00154
3054.63317,0.00101
3052.70474,0.00114
3050.77631,0.00178
3048.84788,0.00212
3046.91945,0.00217
3044.99102,0.00197
3043.06259,0.00121
3041.13416,0.00033
3039.20573,0.00000
3037.27730,0.00003
3035.34887,0.00053
3033.42044,0.00164
3031.49201,0.00241
3029.56358,0.00234
3027.63515,0.00230
3025.70672,0.00266
3023.77829,0.00252
3021.84986,0.00147
3019.92143,0.00042
3017.99300,0.00032
3016.06457,0.00095
3014.13614,0.00140
3012.20771,0.00133
3010.27928,0.00130
3008.35085,0.00171
3006.42242,0.00209
3004.49399,0.00188
3002.56556,0.00110
3000.63713,0.00045
2998.70870,0.00000
2996.78027,0.00038
2994.85184,0.00106
2992.92341,0.00164
2990.99498,0.00141
2989.06655,0.00067
2987.13812,0.00068
2985.20969,0.00153
2983.28126,0.00225
2981.35283,0.00248
2979.42440,0.00254
2977.49597,0.00267
2975.56754,0.00287
2973.63911,0.00293
2971.71068,0.00295
2969.78225,0.00322
2967.85382,0.00382
2965.92539,0.00464
2963.99696,0.00502
2962.06853,0.00441
2960.14010,0.00387
2958.21167,0.00451
2956.28324,0.00540
2954.35481,0.00544
2952.42638,0.00493
2950.49795,0.00419
2948.56952,0.00323
2946.64109,0.00270
2944.71266,0.00307
2942.78423,0.00374
2940.85580,0.00408
2938.92737,0.00428
2936.99894,0.00483
2935.07051,0.00547
2933.14208,0.00534
2931.21365,0.00458
2929.28522,0.00427
2927.35679,0.00464
2925.42836,0.00490
2923.49993,0.00476
2921.57150,0.00453
2919.64307,0.00445
2917.71464,0.00451
2915.78621,0.00446
2913.85778,0.00415
2911.92935,0.00363
2910.00092,0.00310
2908.07249,0.00295
2906.14406,0.00313
2904.21563,0.00304
2902.28720,0.00260
2900.35877,0.00226
2898.43034,0.00190
2896.50191,0.00140
2894.57348,0.00133
2892.64505,0.00159
2890.71662,0.00157
2888.78819,0.00171
2886.85976,0.00246
2884.93133,0.00309
2883.00290,0.00282
2881.07447,0.00176
2879.14604,0.00083
2877.21761,0.00089
2875.28918,0.00171
2873.36075,0.00246
2871.43232,0.00271
2869.50389,0.00263
2867.57546,0.00249
2865.64703,0.00223
2863.71860,0.00191
2861.79017,0.00173
2859.86174,0.00159
2857.93331,0.00122
2856.00488,0.00074
2854.07645,0.00052
2852.14802,0.00070
2850.21959,0.00116
2848.29116,0.00149
2846.36273,0.00142
2844.43430,0.00138
2842.50587,0.00155
2840.57744,0.00165
2838.64901,0.00153
2836.72058,0.00108
2834.79215,0.00057
2832.86372,0.00048
2830.93529,0.00044
2829.00686,0.00002
2827.07843,-0.00016
2825.15000,0.00013
2823.22157,0.00033
2821.29314,0.00039
2819.36471,0.00062
2817.43628,0.00113
2815.50785,0.00154
2813.57942,0.00111
2811.65099,0.00021
2809.72256,0.00000
2807.79413,0.00038
2805.86570,0.00070
2803.93727,0.00083
2802.00884,0.00079
2800.08041,0.00061
2798.15198,0.00046
2796.22355,0.00070
2794.29512,0.00109
2792.36669,0.00094
2790.43826,0.00067
2788.50983,0.00096
2786.58140,0.00120
2784.65297,0.00100
2782.72454,0.00073
2780.79611,0.00052
2778.86768,0.00027
2776.93925,0.00008
2775.01082,0.00008
2773.08239,0.00021
2771.15396,0.00055
2769.22553,0.00085
2767.29710,0.00061
2765.36867,0.00009
2763.44024,0.00000
2761.51181,0.00028
2759.58338,0.00064
2757.65495,0.00093
2755.72652,0.00112
2753.79809,0.00111
2751.86966,0.00082
2749.94123,0.00073
2748.01280,0.00127
2746.08437,0.00152
2744.15594,0.00097
2742.22751,0.00066
2740.29908,0.00122
2738.37065,0.00190
2736.44222,0.00177
2734.51379,0.00113
2732.58536,0.00108
2730.65693,0.00161
2728.72850,0.00168
2726.80007,0.00123
2724.87164,0.00100
2722.94321,0.00104
2721.01478,0.00093
2719.08635,0.00082
2717.15792,0.00089
2715.22949,0.00079
2713.30105,0.00037
2711.37262,0.00017
2709.44419,0.00062
2707.51576,0.00123
2705.58733,0.00158
2703.65890,0.00167
2701.73047,0.00147
2699.80204,0.00107
2697.87361,0.00105
2695.94518,0.00148
2694.01675,0.00160
2692.08832,0.00110
2690.15989,0.00043
2688.23146,0.00015
2686.30303,0.00058
2684.37460,0.00115
2682.44617,0.00107
2680.51774,0.00070
2678.58931,0.00066
2676.66088,0.00068
2674.73245,0.00044
2672.80402,0.00037
2670.87559,0.00081
2668.94716,0.00135
2667.01873,0.00150
2665.09030,0.00153
2663.16187,0.00165
2661.23344,0.00169
2659.30501,0.00205
2657.37658,0.00258
2655.44815,0.00253
2653.51972,0.00208
2651.59129,0.00174
2649.66286,0.00144
2647.73443,0.00131
2645.80600,0.00145
2643.87757,0.00156
2641.94914,0.00151
2640.02071,0.00141
2638.09228,0.00123
2636.16385,0.00101
2634.23542,0.00078
2632.30699,0.00038
2630.37856,0.00000
2628.45013,0.00025
2626.52170,0.00104
2624.59327,0.00145
2622.66484,0.00172
2620.73641,0.00234
2618.80798,0.00244
2616.87955,0.00183
2614.95112,0.00150
2613.02269,0.00157
2611.09426,0.00162
2609.16583,0.00166
2607.23740,0.00159
2605.30897,0.00127
2603.38054,0.00102
2601.45211,0.00122
2599.52368,0.00178
2597.59525,0.00230
2595.66682,0.00237
2593.73839,0.00177
2591.80996,0.00099
2589.88153,0.00083
2587.95310,0.00116
2586.02467,0.00126
2584.09624,0.00106
2582.16781,0.00089
2580.23938,0.00084
2578.31095,0.00082
2576.38252,0.00074
2574.45409,0.00050
2572.52566,0.00017
2570.59723,0.00007
2568.66880,0.00019
2566.74037,0.00017
2564.81194,0.00035
2562.88351,0.00111
2560.95508,0.00172
2559.02665,0.00176
2557.09822,0.00161
2555.16979,0.00137
2553.24136,0.00094
2551.31293,0.00075
2549.38450,0.00091
2547.45607,0.00100
2545.52764,0.00105
2543.59921,0.00130
2541.67078,0.00135
2539.74235,0.00092
2537.81392,0.00055
2535.88549,0.00063
2533.95706,0.00093
2532.02863,0.00108
2530.10020,0.00093
2528.17177,0.00081
2526.24334,0.00089
2524.31491,0.00063
2522.38648,0.00006
2520.45805,0.00000
2518.52962,0.00058
2516.60119,0.00117
2514.67276,0.00134
2512.74433,0.00114
2510.81590,0.00075
2508.88747,0.00061
2506.95904,0.00097
2505.03061,0.00144
2503.10218,0.00166
2501.17375,0.00159
2499.24532,0.00140
2497.31689,0.00132
2495.38846,0.00125
2493.46003,0.00116
2491.53160,0.00130
2489.60317,0.00166
2487.67474,0.00186
2485.74631,0.00164
2483.81788,0.00121
2481.88945,0.00113
2479.96102,0.00158
2478.03259,0.00194
2476.10416,0.00186
2474.17573,0.00173
2472.24730,0.00140
2470.31887,0.00062
2468.39044,0.00000
2466.46201,0.00005
2464.53358,0.00060
2462.60515,0.00126
2460.67672,0.00175
2458.74829,0.00172
2456.81986,0.00130
2454.89143,0.00113
2452.96300,0.00122
2451.03457,0.00105
2449.10614,0.00082
2447.17771,0.00081
2445.24928,0.00063
2443.32085,0.00035
2441.39242,0.00050
2439.46399,0.00089
2437.53556,0.00124
2435.60713,0.00147
2433.67870,0.00118
2431.75027,0.00113
2429.82184,0.00109
2427.89341,0.00105
2425.96498,0.00101
2424.03655,0.00097
2422.10812,0.00093
2420.17969,0.00089
2418.25126,0.00085
2416.32283,0.00081
2414.39440,0.00077
2412.46597,0.00073
2410.53754,0.00070
2408.60911,0.00066
2406.68068,0.00063
2404.75225,0.00059
2402.82382,0.00056
2400.89539,0.00053
2398.96696,0.00050
2397.03853,0.00047
2395.11010,0.00044
2393.18167,0.00041
2391.25324,0.00038
2389.32481,0.00035
2387.39638,0.00032
2385.46795,0.00030
2383.53952,0.00027
2381.61109,0.00024
2379.68266,0.00022
2377.75423,0.00020
2375.82580,0.00017
2373.89737,0.00015
2371.96894,0.00013
2370.04051,0.00011
2368.11208,0.00009
2366.18365,0.00007
2364.25522,0.00005
2362.32679,0.00003
2360.39836,0.00002
2358.46993,-0.00000
2356.54150,-0.00002
2354.61307,-0.00003
2352.68464,-0.00005
2350.75621,-0.00006
2348.82778,-0.00007
2346.89935,-0.00009
2344.97092,-0.00010
2343.04249,-0.00011
2341.11406,-0.00012
2339.18563,-0.00013
2337.25720,-0.00014
2335.32877,-0.00014
2333.40034,-0.00015
2331.47191,-0.00016
2329.54348,-0.00016
2327.61505,-0.00017
2325.68662,-0.00017
2323.75819,-0.00018
2321.82976,-0.00018
2319.90133,-0.00018
2317.97290,-0.00018
2316.04447,-0.00018
2314.11604,-0.00018
2312.18761,-0.00018
2310.25918,-0.00018
2308.33075,-0.00018
2306.40232,-0.00017
2304.47389,-0.00017
2302.54546,-0.00017
2300.61703,-0.00016
2298.68860,-0.00016
2296.76017,-0.00015
2294.83174,-0.00014
2292.90331,-0.00013
2290.97488,-0.00013
2289.04645,-0.00012
2287.11802,-0.00011
2285.18959,-0.00009
2283.26116,-0.00008
2281.33273,-0.00007
2279.40430,-0.00006
2277.47587,-0.00004
2275.54744,-0.00003
2273.61901,-0.00001
2271.69058,-0.00000
2269.76215,0.00001
2267.83372,0.00002
2265.90529,0.00004
2263.97686,0.00005
2262.04843,0.00027
2260.12000,0.00035
2258.19157,0.00028
2256.26314,0.00013
2254.33471,0.00000
2252.40628,0.00012
2250.47785,0.00083
2248.54942,0.00192
2246.62099,0.00154
2244.69256,0.00137
2242.76413,0.00136
2240.83570,0.00112
2238.90727,0.00094
2236.97884,0.00129
2235.05041,0.00154
2233.12198,0.00103
2231.19355,0.00051
2229.26512,0.00050
2227.33669,0.00057
2225.40826,0.00038
2223.47983,0.00017
2221.55140,0.00029
2219.62297,0.00059
2217.69454,0.00069
2215.76611,0.00059
2213.83768,0.00045
2211.90925,0.00027
2209.98082,0.00001
2208.05239,0.00000
2206.12396,0.00066
2204.19553,0.00148
2202.26710,0.00159
2200.33867,0.00134
2198.41024,0.00134
2196.48181,0.00127
2194.55338,0.00091
2192.62495,0.00062
2190.69652,0.00067
2188.76809,0.00080
2186.83966,0.00058
2184.91123,0.00017
2182.98280,-0.00004
2181.05437,0.00003
2179.12594,0.00033
2177.19751,0.00056
2175.26908,0.00050
2173.34065,0.00030
2171.41222,0.00015
2169.48379,0.00028
2167.55536,0.00064
2165.62693,0.00074
2163.69850,0.00044
2161.77007,0.00030
2159.84164,0.00055
2157.91321,0.00076
2155.98478,0.00061
2154.05635,0.00028
2152.12792,0.00011
2150.19949,0.00018
2148.27106,0.00053
2146.34263,0.00078
2144.41420,0.00054
2142.48577,0.00025
2140.55734,0.00039
2138.62891,0.00097
2136.70048,0.00162
2134.77205,0.00162
2132.84362,0.00100
2130.91519,0.00082
2128.98676,0.00130
2127.05833,0.00151
2125.12990,0.00121
2123.20147,0.00100
2121.27304,0.00089
2119.34461,0.00078
2117.41618,0.00106
2115.48775,0.00146
2113.55932,0.00103
2111.63089,0.00015
2109.70245,0.00000
2107.77402,0.00041
2105.84559,0.00077
2103.91716,0.00102
2101.98873,0.00110
2100.06030,0.00086
2098.13187,0.00052
2096.20344,0.00026
2094.27501,0.00044
2092.34658,0.00093
2090.41815,0.00107
2088.48972,0.00100
2086.56129,0.00126
2084.63286,0.00141
2082.70443,0.00098
2080.77600,0.00046
2078.84757,0.00027
2076.91914,0.00033
2074.99071,0.00060
2073.06228,0.00085
2071.13385,0.00078
2069.20542,0.00095
2067.27699,0.00183
2065.34856,0.00255
2063.42013,0.00231
2061.49170,0.00180
2059.56327,0.00149
2057.63484,0.00113
2055.70641,0.00077
2053.77798,0.00062
2051.84955,0.00065
2049.92112,0.00071
2047.99269,0.00079
2046.06426,0.00098
2044.13583,0.00117
2042.20740,0.00122
2040.27897,0.00113
2038.35054,0.00100
2036.42211,0.00082
2034.49368,0.00051
2032.56525,0.00035
2030.63682,0.00052
2028.70839,0.00087
2026.77996,0.00119
2024.85153,0.00121
2022.92310,0.00106
2020.99467,0.00108
2019.06624,0.00106
2017.13781,0.00080
2015.20938,0.00076
2013.28095,0.00110
2011.35252,0.00138
2009.42409,0.00140
2007.49566,0.00124
2005.56723,0.00121
2003.63880,0.00150
2001.71037,0.00175
1999.78194,0.00167
1997.85351,0.00173
1995.92508,0.00217
1993.99665,0.00231
1992.06822,0.00171
1990.13979,0.00099
1988.21136,0.00086
1986.28293,0.00110
1984.35450,0.00117
1982.42607,0.00110
1980.49764,0.00100
1978.56921,0.00107
1976.64078,0.00146
1974.71235,0.00166
1972.78392,0.00149
1970.85549,0.00141
1968.92706,0.00114
1966.99863,0.00035
1965.07020,0.00000
1963.14177,0.00031
1961.21334,0.00041
1959.28491,0.00012
1957.35648,-0.00004
1955.42805,0.00026
1953.49962,0.00083
1951.57119,0.00129
1949.64276,0.00157
1947.71433,0.00171
1945.78590,0.00177
1943.85747,0.00173
1941.92904,0.00135
1940.00061,0.00129
1938.07218,0.00181
1936.14375,0.00187
1934.21532,0.00122
1932.28689,0.00064
1930.35846,0.00063
1928.43003,0.00113
1926.50160,0.00165
1924.57317,0.00171
1922.64474,0.00171
1920.71631,0.00201
1918.78788,0.00184
1916.85945,0.00116
1914.93102,0.00106
1913.00259,0.00141
1911.07416,0.00138
1909.14573,0.00109
1907.21730,0.00099
1905.28887,0.00105
1903.36044,0.00124
1901.43201,0.00167
1899.50358,0.00208
1897.57515,0.00218
1895.64672,0.00225
1893.71829,0.00267
1891.78986,0.00290
1889.86143,0.00231
1887.93300,0.00163
1886.00457,0.00155
1884.07614,0.00167
1882.14771,0.00186
1880.21928,0.00221
1878.29085,0.00246
1876.36242,0.00256
1874.43399,0.00282
1872.50556,0.00321
1870.57713,0.00277
1868.64870,0.00116
1866.72027,0.00018
1864.79184,0.00081
1862.86341,0.00174
1860.93498,0.00206
1859.00655,0.00218
1857.07812,0.00224
1855.14969,0.00208
1853.22126,0.00205
1851.29283,0.00248
1849.36440,0.00304
1847.43597,0.00341
1845.50754,0.00350
1843.57911,0.00304
1841.65068,0.00255
1839.72225,0.00276
1837.79382,0.00343
1835.86539,0.00444
1833.93696,0.00499
1832.00853,0.00371
1830.08010,0.00111
1828.15167,-0.00005
1826.22324,0.00044
1824.29481,0.00109
1822.36638,0.00170
1820.43795,0.00231
1818.50952,0.00254
1816.58109,0.00236
1814.65266,0.00201
1812.72423,0.00149
1810.79580,0.00093
1808.86737,0.00092
1806.93894,0.00162
1805.01051,0.00262
1803.08208,0.00307
1801.15365,0.00243
1799.22522,0.00183
1797.29679,0.00251
1795.36836,0.00317
1793.43993,0.00194
1791.51150,0.00021
1789.58307,0.00073
1787.65464,0.00266
1785.72621,0.00380
1783.79778,0.00339
1781.86935,0.00205
1779.94092,0.00123
1778.01249,0.00190
1776.08406,0.00296
1774.15563,0.00284
1772.22720,0.00196
1770.29877,0.00206
1768.37034,0.00251
1766.44191,0.00245
1764.51348,0.00239
1762.58505,0.00257
1760.65662,0.00302
1758.72819,0.00346
1756.79976,0.00339
1754.87133,0.00384
1752.94290,0.00523
1751.01447,0.00538
1749.08604,0.00334
1747.15761,0.00202
1745.22918,0.00243
1743.30075,0.00314
1741.37232,0.00341
1739.44389,0.00372
1737.51546,0.00435
1735.58703,0.00359
1733.65860,0.00089
1731.73017,0.00011
1729.80174,0.00157
1727.87331,0.00303
1725.94488,0.00389
1724.01645,0.00458
1722.08802,0.00532
1720.15959,0.00501
1718.23116,0.00226
1716.30273,0.00000
1714.37430,0.00142
1712.44587,0.00496
1710.51744,0.00802
1708.58901,0.00949
1706.66058,0.01020
1704.73215,0.01263
1702.80372,0.01659
1700.87529,0.01909
1698.94686,0.01974
1697.01843,0.02122
1695.09000,0.02374
1693.16157,0.02636
1691.23314,0.02887
1689.30471,0.03085
1687.37628,0.03229
1685.44785,0.03280
1683.51942,0.03401
1681.59099,0.03759
1679.66256,0.04215
1677.73413,0.04562
1675.80570,0.04741
1673.87727,0.04818
1671.94884,0.04884
1670.02041,0.05018
1668.09198,0.05372
1666.16355,0.05854
1664.23512,0.06247
1662.30669,0.06543
1660.37826,0.06944
1658.44983,0.07464
1656.52140,0.07926
1654.59297,0.08112
1652.66454,0.07987
1650.73611,0.07973
1648.80768,0.07960
1646.87925,0.07585
1644.95082,0.07328
1643.02239,0.07462
1641.09396,0.07618
1639.16553,0.07460
1637.23710,0.06940
1635.30867,0.06433
1633.38024,0.06366
1631.45181,0.06495
1629.52338,0.06409
1627.59495,0.06086
1625.66652,0.05732
1623.73809,0.05429
1621.80966,0.05286
1619.88123,0.05238
1617.95280,0.04944
1616.02437,0.04435
1614.09594,0.04173
1612.16751,0.04079
1610.23908,0.03788
1608.31065,0.03336
1606.38222,0.03010
1604.45379,0.02842
1602.52536,0.02702
1600.59693,0.02563
1598.66850,0.02452
1596.74007,0.02354
1594.81164,0.02252
1592.88321,0.02178
1590.95478,0.02152
1589.02635,0.02161
1587.09792,0.02182
1585.16949,0.02209
1583.24106,0.02290
1581.31263,0.02448
1579.38420,0.02549
1577.45577,0.02441
1575.52734,0.02348
1573.59891,0.02606
1571.67048,0.02957
1569.74205,0.03082
1567.81362,0.03150
1565.88519,0.03397
1563.95676,0.03745
1562.02833,0.03948
1560.09990,0.03830
1558.17147,0.03653
1556.24304,0.04044
1554.31461,0.04698
1552.38618,0.05205
1550.45775,0.05501
1548.52932,0.05702
1546.60089,0.05827
1544.67246,0.05743
1542.74403,0.05389
1540.81560,0.04988
1538.88717,0.05181
1536.95874,0.05750
1535.03031,0.06000
1533.10188,0.05739
1531.17345,0.05465
1529.24502,0.05386
1527.31659,0.05334
1525.38816,0.05283
1523.45973,0.05160
1521.53130,0.04906
1519.60287,0.04727
1517.67444,0.04603
1515.74601,0.04509
1513.81758,0.04575
1511.88915,0.04692
1509.96072,0.04543
1508.03229,0.03835
1506.10385,0.02944
1504.17542,0.02811
1502.24699,0.03168
1500.31856,0.03271
1498.39013,0.02895
1496.46170,0.02378
1494.53327,0.02136
1492.60484,0.02030
1490.67641,0.01666
1488.74798,0.01194
1486.81955,0.01049
1484.89112,0.01169
1482.96269,0.01264
1481.03426,0.01292
1479.10583,0.01343
1477.17740,0.01338
1475.24897,0.01091
1473.32054,0.00740
1471.39211,0.00750
1469.46368,0.01122
1467.53525,0.01440
1465.60682,0.01495
1463.67839,0.01492
1461.74996,0.01570
1459.82153,0.01490
1457.89310,0.01129
1455.96467,0.00942
1454.03624,0.01113
1452.10781,0.01330
1450.17938,0.01323
1448.25095,0.01151
1446.32252,0.01050
1444.39409,0.01110
1442.46566,0.01216
1440.53723,0.01267
1438.60880,0.01228
1436.68037,0.01073
1434.75194,0.00896
1432.82351,0.00782
1430.89508,0.00668
1428.96665,0.00602
1427.03822,0.00654
1425.10979,0.00745
1423.18136,0.00849
1421.25293,0.00962
1419.32450,0.00945
1417.39607,0.00786
1415.46764,0.00725
1413.53921,0.00801
1411.61078,0.00886
1409.68235,0.00933
1407.75392,0.00919
1405.82549,0.00850
1403.89706,0.00817
1401.96863,0.00892
1400.04020,0.01010
1398.11177,0.01061
1396.18334,0.01000
1394.25491,0.00935
1392.32648,0.00990
1390.39805,0.01056
1388.46962,0.00964
1386.54119,0.00759
1384.61276,0.00622
1382.68433,0.00596
1380.75590,0.00632
1378.82747,0.00662
1376.89904,0.00558
1374.97061,0.00310
1373.04218,0.00130
1371.11375,0.00119
1369.18532,0.00134
1367.25689,0.00125
1365.32846,0.00152
1363.40003,0.00159
1361.47160,0.00099
1359.54317,0.00048
1357.61474,0.00027
1355.68631,0.00003
1353.75788,0.00000
1351.82945,0.00037
1349.90102,0.00054
1347.97259,0.00023
1346.04416,0.00000
1344.11573,0.00050
1342.18730,0.00158
1340.25887,0.00223
1338.33044,0.00175
1336.40201,0.00093
1334.47358,0.00098
1332.54515,0.00161
1330.61672,0.00181
1328.68829,0.00141
1326.75986,0.00112
1324.83143,0.00128
1322.90300,0.00155
1320.97457,0.00163
1319.04614,0.00167
1317.11771,0.00180
1315.18928,0.00193
1313.26085,0.00181
1311.33242,0.00138
1309.40399,0.00086
1307.47556,0.00060
1305.54713,0.00058
1303.61870,0.00027
1301.69027,-0.00025
1299.76184,-0.00017
1297.83341,0.00063
1295.90498,0.00125
1293.97655,0.00109
1292.04812,0.00049
1290.11969,0.00007
1288.19126,0.00000
1286.26283,0.00022
1284.33440,0.00046
1282.40597,0.00049
1280.47754,0.00054
1278.54911,0.00109
1276.62068,0.00212
1274.69225,0.00285
1272.76382,0.00277
1270.83539,0.00244
1268.90696,0.00265
1266.97853,0.00344
1265.05010,0.00411
1263.12167,0.00420
1261.19324,0.00443
1259.26481,0.00566
1257.33638,0.00739
1255.40795,0.00901
1253.47952,0.01047
1251.55109,0.01175
1249.62266,0.01285
1247.69423,0.01397
1245.76580,0.01532
1243.83737,0.01679
1241.90894,0.01815
1239.98051,0.01902
1238.05208,0.01905
1236.12365,0.01886
1234.19522,0.01943
1232.26679,0.02086
1230.33836,0.02270
1228.40993,0.02432
1226.48150,0.02532
1224.55307,0.02568
1222.62464,0.02554
1220.69621,0.02543
1218.76778,0.02598
1216.83935,0.02709
1214.91092,0.02840
1212.98249,0.02982
1211.05406,0.03094
1209.12563,0.03152
1207.19720,0.03187
1205.26877,0.03194
1203.34034,0.03175
1201.41191,0.03214
1199.48348,0.03358
1197.55505,0.03501
1195.62662,0.03658
1193.69819,0.03865
1191.76976,0.04089
1189.84133,0.04306
1187.91290,0.04521
1185.98447,0.04717
1184.05604,0.04907
1182.12761,0.05145
1180.19918,0.05450
1178.27075,0.05791
1176.34232,0.06155
1174.41389,0.06545
1172.48546,0.06918
1170.55703,0.07238
1168.62860,0.07494
1166.70017,0.07678
1164.77174,0.07831
1162.84331,0.08061
1160.91488,0.08455
1158.98645,0.08993
1157.05802,0.09557
1155.12959,0.10049
1153.20116,0.10450
1151.27273,0.10761
1149.34430,0.11016
1147.41587,0.11240
1145.48744,0.11383
1143.55901,0.11399
1141.63058,0.11295
1139.70215,0.11157
1137.77372,0.11135
1135.84529,0.11201
1133.91686,0.11229
1131.98843,0.11307
1130.06000,0.11508
1128.13157,0.11685
1126.20314,0.11736
1124.27471,0.11712
1122.34628,0.11777
1120.41785,0.12092
1118.48942,0.12616
1116.56099,0.13188
1114.63256,0.13712
1112.70413,0.14122
1110.77570,0.14332
1108.84727,0.14433
1106.91884,0.14621
1104.99041,0.14892
1103.06198,0.15156
1101.13355,0.15491
1099.20512,0.16025
1097.27669,0.16681
1095.34826,0.17293
1093.41983,0.17800
1091.49140,0.18191
1089.56297,0.18432
1087.63454,0.18491
1085.70611,0.18418
1083.77768,0.18303
1081.84925,0.18160
1079.92082,0.17929
1077.99239,0.17610
1076.06396,0.17342
1074.13553,0.17204
1072.20710,0.17135
1070.27867,0.17056
1068.35024,0.16909
1066.42181,0.16731
1064.49338,0.16596
1062.56495,0.16487
1060.63652,0.16340
1058.70809,0.16101
1056.77966,0.15777
1054.85123,0.15415
1052.92280,0.15110
1050.99437,0.14911
1049.06594,0.14693
1047.13751,0.14320
1045.20908,0.13841
1043.28065,0.13423
1041.35222,0.13110
1039.42379,0.12761
1037.49536,0.12296
1035.56693,0.11721
1033.63850,0.11095
1031.71007,0.10516
1029.78164,0.09968
1027.85321,0.09396
1025.92478,0.08822
1023.99635,0.08269
1022.06792,0.07717
1020.13949,0.07203
1018.21106,0.06824
1016.28263,0.06541
1014.35420,0.06251
1012.42577,0.05969
1010.49734,0.05688
1008.56891,0.05316
1006.64048,0.04828
1004.71205,0.04366
1002.78362,0.04045
1000.85519,0.03814
998.92676,0.03576
996.99833,0.03287
995.06990,0.02995
993.14147,0.02752
991.21304,0.02589
989.28461,0.02540
987.35618,0.02507
985.42775,0.02365
983.49932,0.02190
981.57089,0.02083
979.64246,0.02052
977.71403,0.02100
975.78560,0.02209
973.85717,0.02320
971.92874,0.02352
970.00031,0.02256
968.07188,0.02135
966.14345,0.02123
964.21502,0.02147
962.28659,0.02095
960.35816,0.02044
958.42973,0.02097
956.50130,0.02194
954.57287,0.02196
952.64444,0.02071
950.71601,0.01942
948.78758,0.01903
946.85915,0.01948
944.93072,0.02051
943.00229,0.02103
941.07386,0.02010
939.14543,0.01863
937.21700,0.01769
935.28857,0.01742
933.36014,0.01706
931.43171,0.01608
929.50328,0.01549
927.57485,0.01566
925.64642,0.01562
923.71799,0.01484
921.78956,0.01370
919.86113,0.01277
917.93270,0.01204
916.00427,0.01145
914.07584,0.01122
912.14741,0.01080
910.21898,0.00962
908.29055,0.00858
906.36212,0.00845
904.43368,0.00806
902.50525,0.00658
900.57682,0.00544
898.64839,0.00542
896.71996,0.00500
894.79153,0.00353
892.86310,0.00240
890.93467,0.00236
889.00624,0.00296
887.07781,0.00351
885.14938,0.00361
883.22095,0.00328
881.29252,0.00292
879.36409,0.00275
877.43566,0.00304
875.50723,0.00348
873.57880,0.00379
871.65037,0.00416
869.72194,0.00477
867.79351,0.00515
865.86508,0.00523
863.93665,0.00523
862.00822,0.00487
860.07979,0.00372
858.15136,0.00261
856.22293,0.00292
854.29450,0.00446
852.36607,0.00562
850.43764,0.00561
848.50921,0.00508
846.58078,0.00467
844.65235,0.00453
842.72392,0.00490
840.79549,0.00587
838.86706,0.00653
836.93863,0.00619
835.01020,0.00597
833.08177,0.00665
831.15334,0.00739
829.22491,0.00794
827.29648,0.00837
825.36805,0.00794
823.43962,0.00753
821.51119,0.00927
819.58276,0.01265
817.65433,0.01489
815.72590,0.01471
813.79747,0.01360
811.86904,0.01399
809.94061,0.01601
808.01218,0.01783
806.08375,0.01887
804.15532,0.01961
802.22689,0.02055
800.29846,0.02200
798.37003,0.02329
796.44160,0.02375
794.51317,0.02360
792.58474,0.02358
790.65631,0.02427
788.72788,0.02532
786.79945,0.02597
784.87102,0.02605
782.94259,0.02565
781.01416,0.02483
779.08573,0.02392
777.15730,0.02276
775.22887,0.02032
773.30044,0.01763
771.37201,0.01691
769.44358,0.01740
767.51515,0.01755
765.58672,0.01683
763.65829,0.01497
761.72986,0.01285
759.80143,0.01114
757.87300,0.01029
755.94457,0.01078
754.01614,0.01119
752.08771,0.01011
750.15928,0.00871
748.23085,0.00854
746.30242,0.00966
744.37399,0.01136
742.44556,0.01249
740.51713,0.01222
738.58870,0.01080
736.66027,0.00868
734.73184,0.00668
732.80341,0.00633
730.87498,0.00783
728.94655,0.00937
727.01812,0.01033
725.08969,0.01248
723.16126,0.01682
721.23283,0.01869
719.30440,0.01953
717.37597,0.02035
715.44754,0.01987
713.51911,0.01814
711.59068,0.01696
709.66225,0.01769
707.73382,0.01929
705.80539,0.01969
703.87696,0.01854
701.94853,0.01779
700.02010,0.01829
698.09167,0.01837
696.16324,0.01756
694.23481,0.01734
692.30638,0.01784
690.37795,0.01747
688.44952,0.01516
686.52109,0.01188
684.59266,0.01083
682.66423,0.01325
680.73580,0.01525
678.80737,0.01390
676.87894,0.01172
674.95051,0.01116
673.02208,0.01100
671.09365,0.00890
669.16522,0.00574
667.23679,0.00797
665.30836,0.01767
663.37993,0.02800
661.45150,0.03515
659.52307,0.03837
657.59464,0.03730
655.66621,0.03251
653.73778,0.02602
651.80935,0.02116
649.88092,0.01974
647.95249,0.02000
646.02406,0.01969
644.09563,0.01918
642.16720,0.01960
640.23877,0.02065
638.31034,0.02191
636.38191,0.02385
634.45348,0.02595
632.52505,0.02616
630.59662,0.02455
628.66819,0.02449
626.73976,0.02792
624.81133,0.03192
622.88290,0.03095
620.95447,0.02497
619.02604,0.02030
617.09761,0.01968
615.16918,0.01612
613.24075,0.01297
611.31232,0.01062
609.38389,0.00693
607.45546,0.00270
605.52703,0.00000
603.59860,0.00460
601.67017,0.00725
599.74174,0.00000
