4001.49232,0.00213
3999.56389,0.00379
3997.63546,0.00421
3995.70703,0.00317
3993.77860,0.00194
3991.85017,0.00161
3989.92174,0.00159
3987.99331,0.00125
3986.06488,0.00105
3984.13645,0.00083
3982.20802,0.00017
3980.27959,0.00000
3978.35116,0.00115
3976.42273,0.00284
3974.49430,0.00364
3972.56587,0.00305
3970.63744,0.00183
3968.70901,0.00100
3966.78058,0.00105
3964.85215,0.00178
3962.92372,0.00245
3960.99529,0.00287
3959.06686,0.00338
3957.13843,0.00349
3955.21000,0.00287
3953.28157,0.00224
3951.35314,0.00204
3949.42471,0.00206
3947.49628,0.00222
3945.56785,0.00252
3943.63942,0.00263
3941.71099,0.00204
3939.78256,0.00114
3937.85413,0.00099
3935.92570,0.00181
3933.99727,0.00255
3932.06884,0.00203
3930.14041,0.00085
3928.21198,0.00067
3926.28355,0.00168
3924.35512,0.00277
3922.42669,0.00320
3920.49826,0.00287
3918.56982,0.00195
3916.64139,0.00105
3914.71296,0.00081
3912.78453,0.00128
3910.85610,0.00231
3908.92767,0.00351
3906.99924,0.00396
3905.07081,0.00378
3903.14238,0.00449
3901.21395,0.00564
3899.28552,0.00532
3897.35709,0.00418
3895.42866,0.00376
3893.50023,0.00350
3891.57180,0.00260
3889.64337,0.00225
3887.71494,0.00349
3885.78651,0.00487
3883.85808,0.00501
3881.92965,0.00407
3880.00122,0.00273
3878.07279,0.00272
3876.14436,0.00430
3874.21593,0.00547
3872.28750,0.00534
3870.35907,0.00371
3868.43064,0.00114
3866.50221,0.00000
3864.57378,0.00050
3862.64535,0.00201
3860.71692,0.00437
3858.78849,0.00719
3856.86006,0.00972
3854.93163,0.00946
3853.00320,0.00456
3851.07477,0.00063
3849.14634,0.00176
3847.21791,0.00419
3845.28948,0.00520
3843.36105,0.00536
3841.43262,0.00559
3839.50419,0.00543
3837.57576,0.00472
3835.64733,0.00448
3833.71890,0.00486
3831.79047,0.00488
3829.86204,0.00431
3827.93361,0.00352
3826.00518,0.00310
3824.07675,0.00396
3822.14832,0.00497
3820.21989,0.00441
3818.29146,0.00353
3816.36303,0.00290
3814.43460,0.00190
3812.50617,0.00173
3810.57774,0.00270
3808.64931,0.00358
3806.72088,0.00392
3804.79245,0.00479
3802.86402,0.00565
3800.93559,0.00458
3799.00716,0.00321
3797.07873,0.00309
3795.15030,0.00292
3793.22187,0.00228
3791.29344,0.00175
3789.36501,0.00169
3787.43658,0.00194
3785.50815,0.00163
3783.57972,0.00121
3781.65129,0.00184
3779.72286,0.00253
3777.79443,0.00248
3775.86600,0.00299
3773.93757,0.00431
3772.00914,0.00522
3770.08071,0.00514
3768.15228,0.00435
3766.22385,0.00315
3764.29542,0.00256
3762.36699,0.00367
3760.43856,0.00508
3758.51013,0.00513
3756.58170,0.00525
3754.65327,0.00667
3752.72484,0.00787
3750.79641,0.00780
3748.86798,0.00756
3746.93955,0.00737
3745.01112,0.00600
3743.08269,0.00383
3741.15426,0.00394
3739.22583,0.00699
3737.29740,0.01122
3735.36897,0.01317
3733.44054,0.00980
3731.51211,0.00456
3729.58368,0.00252
3727.65525,0.00384
3725.72682,0.00599
3723.79839,0.00679
3721.86996,0.00557
3719.94153,0.00372
3718.01310,0.00319
3716.08467,0.00442
3714.15624,0.00642
3712.22781,0.00739
3710.29938,0.00596
3708.37095,0.00363
3706.44252,0.00322
3704.51409,0.00482
3702.58566,0.00680
3700.65723,0.00795
3698.72880,0.00786
3696.80037,0.00664
3694.87194,0.00554
3692.94351,0.00561
3691.01508,0.00493
3689.08665,0.00190
3687.15822,0.00000
3685.22979,0.00155
3683.30136,0.00451
3681.37293,0.00683
3679.44450,0.00802
3677.51607,0.00745
3675.58764,0.00499
3673.65921,0.00393
3671.73078,0.00489
3669.80235,0.00359
3667.87392,0.00107
3665.94549,0.00120
3664.01706,0.00289
3662.08863,0.00414
3660.16020,0.00469
3658.23177,0.00460
3656.30334,0.00420
3654.37491,0.00443
3652.44648,0.00485
3650.51805,0.00375
3648.58962,0.00194
3646.66119,0.00167
3644.73276,0.00260
3642.80433,0.00331
3640.87590,0.00358
3638.94747,0.00404
3637.01904,0.00491
3635.09061,0.00592
3633.16218,0.00680
3631.23375,0.00683
3629.30532,0.00516
3627.37689,0.00353
3625.44846,0.00415
3623.52003,0.00536
3621.59160,0.00503
3619.66317,0.00336
3617.73474,0.00224
3615.80631,0.00261
3613.87788,0.00369
3611.94945,0.00510
3610.02102,0.00625
3608.09259,0.00590
3606.16416,0.00503
3604.23573,0.00534
3602.30730,0.00550
3600.37887,0.00393
3598.45044,0.00201
3596.52201,0.00165
3594.59358,0.00282
3592.66515,0.00440
3590.73672,0.00520
3588.80829,0.00431
3586.87986,0.00235
3584.95143,0.00173
3583.02300,0.00281
3581.09457,0.00381
3579.16614,0.00392
3577.23771,0.00367
3575.30928,0.00314
3573.38085,0.00236
3571.45242,0.00212
3569.52399,0.00226
3567.59556,0.00170
3565.66713,0.00130
3563.73870,0.00251
3561.81027,0.00430
3559.88184,0.00522
3557.95341,0.00523
3556.02498,0.00516
3554.09655,0.00515
3552.16812,0.00462
3550.23969,0.00396
3548.31126,0.00413
3546.38283,0.00474
3544.45440,0.00475
3542.52597,0.00398
3540.59754,0.00314
3538.66911,0.00277
3536.74068,0.00295
3534.81225,0.00331
3532.88382,0.00333
3530.95539,0.00319
3529.02696,0.00352
3527.09853,0.00399
3525.17010,0.00404
3523.24167,0.00407
3521.31324,0.00465
3519.38481,0.00544
3517.45638,0.00568
3515.52795,0.00500
3513.59952,0.00352
3511.67109,0.00188
3509.74266,0.00113
3507.81423,0.00185
3505.88580,0.00314
3503.95737,0.00365
3502.02894,0.00349
3500.10051,0.00369
3498.17208,0.00441
3496.24365,0.00518
3494.31522,0.00575
3492.38679,0.00602
3490.45836,0.00574
3488.52993,0.00471
3486.60150,0.00397
3484.67307,0.00492
3482.74464,0.00689
3480.81621,0.00825
3478.88778,0.00872
3476.95935,0.00888
3475.03092,0.00896
3473.10249,0.00888
3471.17406,0.00862
3469.24563,0.00832
3467.31720,0.00808
3465.38877,0.00758
3463.46034,0.00652
3461.53191,0.00528
3459.60348,0.00470
3457.67505,0.00511
3455.74662,0.00564
3453.81819,0.00582
3451.88976,0.00632
3449.96133,0.00710
3448.03290,0.00729
3446.10447,0.00695
3444.17604,0.00667
3442.24761,0.00703
3440.31918,0.00855
3438.39075,0.00979
3436.46232,0.00896
3434.53389,0.00742
3432.60546,0.00690
3430.67703,0.00662
3428.74860,0.00648
3426.82017,0.00731
3424.89174,0.00831
3422.96331,0.00858
3421.03488,0.00837
3419.10645,0.00769
3417.17802,0.00685
3415.24959,0.00665
3413.32116,0.00685
3411.39273,0.00682
3409.46430,0.00656
3407.53587,0.00657
3405.60744,0.00723
3403.67901,0.00775
3401.75058,0.00745
3399.82215,0.00779
3397.89372,0.00870
3395.96529,0.00910
3394.03686,0.00879
3392.10843,0.00893
3390.18000,0.00983
3388.25157,0.01043
3386.32314,0.01007
3384.39471,0.00904
3382.46628,0.00844
3380.53785,0.00891
3378.60942,0.00957
3376.68099,0.00952
3374.75256,0.00891
3372.82413,0.00801
3370.89570,0.00722
3368.96727,0.00727
3367.03884,0.00819
3365.11041,0.00901
3363.18198,0.00949
3361.25355,0.00995
3359.32512,0.00986
3357.39669,0.00937
3355.46826,0.00967
3353.53983,0.01061
3351.61140,0.01096
3349.68297,0.01024
3347.75454,0.00933
3345.82611,0.00919
3343.89768,0.00942
3341.96925,0.00977
3340.04082,0.01040
3338.11239,0.01081
3336.18396,0.01096
3334.25553,0.01133
3332.32710,0.01171
3330.39867,0.01188
3328.47024,0.01213
3326.54181,0.01247
3324.61338,0.01288
3322.68495,0.01329
3320.75652,0.01353
3318.82809,0.01378
3316.89966,0.01408
3314.97122,0.01365
3313.04279,0.01242
3311.11436,0.01152
3309.18593,0.01114
3307.25750,0.01077
3305.32907,0.01057
3303.40064,0.01048
3301.47221,0.01052
3299.54378,0.01137
3297.61535,0.01304
3295.68692,0.01417
3293.75849,0.01375
3291.83006,0.01289
3289.90163,0.01290
3287.97320,0.01318
3286.04477,0.01316
3284.11634,0.01326
3282.18791,0.01333
3280.25948,0.01302
3278.33105,0.01262
3276.40262,0.01213
3274.47419,0.01143
3272.54576,0.01087
3270.61733,0.01076
3268.68890,0.01141
3266.76047,0.01247
3264.83204,0.01242
3262.90361,0.01106
3260.97518,0.00984
3259.04675,0.00924
3257.11832,0.00899
3255.18989,0.00933
3253.26146,0.00998
3251.33303,0.00982
3249.40460,0.00897
3247.47617,0.00895
3245.54774,0.00980
3243.61931,0.01031
3241.69088,0.01017
3239.76245,0.00989
3237.83402,0.01017
3235.90559,0.01114
3233.97716,0.01195
3232.04873,0.01146
3230.12030,0.00999
3228.19187,0.00908
3226.26344,0.00872
3224.33501,0.00800
3222.40658,0.00724
3220.47815,0.00671
3218.54972,0.00621
3216.62129,0.00610
3214.69286,0.00670
3212.76443,0.00768
3210.83600,0.00826
3208.90757,0.00804
3206.97914,0.00766
3205.05071,0.00755
3203.12228,0.00739
3201.19385,0.00737
3199.26542,0.00724
3197.33699,0.00623
3195.40856,0.00509
3193.48013,0.00501
3191.55170,0.00543
3189.62327,0.00554
3187.69484,0.00546
3185.76641,0.00538
3183.83798,0.00560
3181.90955,0.00640
3179.98112,0.00701
3178.05269,0.00649
3176.12426,0.00547
3174.19583,0.00514
3172.26740,0.00532
3170.33897,0.00542
3168.41054,0.00511
3166.48211,0.00444
3164.55368,0.00447
3162.62525,0.00511
3160.69682,0.00474
3158.76839,0.00337
3156.83996,0.00242
3154.91153,0.00253
3152.98310,0.00344
3151.05467,0.00420
3149.12624,0.00425
3147.19781,0.00409
3145.26938,0.00398
3143.34095,0.00355
3141.41252,0.00262
3139.48409,0.00181
3137.55566,0.00196
3135.62723,0.00299
3133.69880,0.00384
3131.77037,0.00356
3129.84194,0.00258
3127.91351,0.00189
3125.98508,0.00185
3124.05665,0.00237
3122.12822,0.00244
3120.19979,0.00157
3118.27136,0.00130
3116.34293,0.00221
3114.41450,0.00286
3112.48607,0.00270
3110.55764,0.00218
3108.62921,0.00181
3106.70078,0.00216
3104.77235,0.00299
3102.84392,0.00309
3100.91549,0.00229
3098.98706,0.00170
3097.05863,0.00171
3095.13020,0.00193
3093.20177,0.00213
3091.27334,0.00218
3089.34491,0.00218
3087.41648,0.00214
3085.48805,0.00200
3083.55962,0.00207
3081.63119,0.00248
3079.70276,0.00286
3077.77433,0.00308
3075.84590,0.00303
3073.91747,0.00268
3071.98904,0.00255
3070.06061,0.00293
3068.13218,0.00349
3066.20375,0.00379
3064.27532,0.00350
3062.34689,0.00255
3060.41846,0.00135
3058.49003,0.00042
3056.56160,0.00000
3054.63317,0.00010
3052.70474,0.00072
3050.77631,0.00139
3048.84788,0.00160
3046.91945,0.00161
3044.99102,0.00179
3043.06259,0.00187
3041.13416,0.00174
3039.20573,0.00146
3037.27730,0.00092
3035.34887,0.00052
3033.42044,0.00085
3031.49201,0.00152
3029.56358,0.00199
3027.63515,0.00249
3025.70672,0.00295
3023.77829,0.00254
3021.84986,0.00124
3019.92143,0.00031
3017.99300,0.00064
3016.06457,0.00169
3014.13614,0.00219
3012.20771,0.00187
3010.27928,0.00180
3008.35085,0.00225
3006.42242,0.00216
3004.49399,0.00122
3002.56556,0.00031
3000.63713,-0.00005
2998.70870,-0.00008
2996.78027,0.00030
2994.85184,0.00083
2992.92341,0.00128
2990.99498,0.00126
2989.06655,0.00060
2987.13812,0.00000
2985.20969,0.00021
2983.28126,0.00096
2981.35283,0.00148
2979.42440,0.00159
2977.49597,0.00163
2975.56754,0.00179
2973.63911,0.00209
2971.71068,0.00255
2969.78225,0.00297
2967.85382,0.00332
2965.92539,0.00386
2963.99696,0.00407
2962.06853,0.00333
2960.14010,0.00272
2958.21167,0.00324
2956.28324,0.00399
2954.35481,0.00382
2952.42638,0.00297
2950.49795,0.00234
2948.56952,0.00217
2946.64109,0.00217
2944.71266,0.00207
2942.78423,0.00222
2940.85580,0.00309
2938.92737,0.00422
2936.99894,0.00477
2935.07051,0.00459
2933.14208,0.00423
2931.21365,0.00397
2929.28522,0.00380
2927.35679,0.00412
2925.42836,0.00480
2923.49993,0.00526
2921.57150,0.00530
2919.64307,0.00490
2917.71464,0.00433
2915.78621,0.00399
2913.85778,0.00396
2911.92935,0.00406
2910.00092,0.00398
2908.07249,0.00386
2906.14406,0.00394
2904.21563,0.00363
2902.28720,0.00268
2900.35877,0.00176
2898.43034,0.00115
2896.50191,0.00106
2894.57348,0.00176
2892.64505,0.00252
2890.71662,0.00255
2888.78819,0.00254
2886.85976,0.00294
2884.93133,0.00278
2883.00290,0.00174
2881.07447,0.00063
2879.14604,0.00000
2877.21761,0.00032
2875.28918,0.00169
2873.36075,0.00297
2871.43232,0.00357
2869.50389,0.00407
2867.57546,0.00434
2865.64703,0.00380
2863.71860,0.00291
2861.79017,0.00243
2859.86174,0.00223
2857.93331,0.00178
2856.00488,0.00136
2854.07645,0.00147
2852.14802,0.00168
2850.21959,0.00176
2848.29116,0.00185
2846.36273,0.00178
2844.43430,0.00158
2842.50587,0.00164
2840.57744,0.00188
2838.64901,0.00182
2836.72058,0.00136
2834.79215,0.00111
2832.86372,0.00152
2830.93529,0.00188
2829.00686,0.00155
2827.07843,0.00098
2825.15000,0.00067
2823.22157,0.00066
2821.29314,0.00086
2819.36471,0.00117
2817.43628,0.00180
2815.50785,0.00235
2813.57942,0.00190
2811.65099,0.00105
2809.72256,0.00073
2807.79413,0.00044
2805.86570,0.00000
2803.93727,0.00014
2802.00884,0.00089
2800.08041,0.00143
2798.15198,0.00146
2796.22355,0.00146
2794.29512,0.00165
2792.36669,0.00148
2790.43826,0.00089
2788.50983,0.00068
2786.58140,0.00086
2784.65297,0.00098
2782.72454,0.00099
2780.79611,0.00090
2778.86768,0.00068
2776.93925,0.00060
2775.01082,0.00098
2773.08239,0.00152
2771.15396,0.00159
2769.22553,0.00114
2767.29710,0.00045
2765.36867,0.00010
2763.44024,0.00021
2761.51181,0.00029
2759.58338,0.00048
2757.65495,0.00096
2755.72652,0.00132
2753.79809,0.00133
2751.86966,0.00109
2749.94123,0.00111
2748.01280,0.00155
2746.08437,0.00168
2744.15594,0.00124
2742.22751,0.00083
2740.29908,0.00109
2738.37065,0.00184
2736.44222,0.00192
2734.51379,0.00123
2732.58536,0.00121
2730.65693,0.00200
2728.72850,0.00225
2726.80007,0.00172
2724.87164,0.00133
2722.94321,0.00105
2721.01478,0.00046
2719.08635,0.00027
2717.15792,0.00071
2715.22949,0.00088
2713.30105,0.00047
2711.37262,0.00021
2709.44419,0.00064
2707.51576,0.00139
2705.58733,0.00194
2703.65890,0.00214
2701.73047,0.00187
2699.80204,0.00141
2697.87361,0.00160
2695.94518,0.00223
2694.01675,0.00222
2692.08832,0.00142
2690.15989,0.00059
2688.23146,0.00018
2686.30303,0.00044
2684.37460,0.00111
2682.44617,0.00136
2680.51774,0.00106
2678.58931,0.00068
2676.66088,0.00028
2674.73245,0.00000
2672.80402,0.00018
2670.87559,0.00068
2668.94716,0.00086
2667.01873,0.00077
2665.09030,0.00110
2663.16187,0.00158
2661.23344,0.00132
2659.30501,0.00079
2657.37658,0.00078
2655.44815,0.00100
2653.51972,0.00086
2651.59129,0.00042
2649.66286,0.00022
2647.73443,0.00048
2645.80600,0.00073
2643.87757,0.00069
2641.94914,0.00062
2640.02071,0.00062
2638.09228,0.00073
2636.16385,0.00082
2634.23542,0.00057
2632.30699,0.00013
2630.37856,0.00000
2628.45013,0.00037
2626.52170,0.00080
2624.59327,0.00077
2622.66484,0.00116
2620.73641,0.00217
2618.80798,0.00213
2616.87955,0.00107
2614.95112,0.00066
2613.02269,0.00092
2611.09426,0.00114
2609.16583,0.00122
2607.23740,0.00098
2605.30897,0.00053
2603.38054,0.00050
2601.45211,0.00096
2599.52368,0.00129
2597.59525,0.00139
2595.66682,0.00139
2593.73839,0.00108
2591.80996,0.00080
2589.88153,0.00088
2587.95310,0.00083
2586.02467,0.00056
2584.09624,0.00055
2582.16781,0.00085
2580.23938,0.00117
2578.31095,0.00127
2576.38252,0.00108
2574.45409,0.00066
2572.52566,0.00017
2570.59723,0.00000
2568.66880,0.00041
2566.74037,0.00080
2564.81194,0.00081
2562.88351,0.00091
2560.95508,0.00109
2559.02665,0.00110
2557.09822,0.00128
2555.16979,0.00146
2553.24136,0.00116
2551.31293,0.00066
2549.38450,0.00059
2547.45607,0.00098
2545.52764,0.00126
2543.59921,0.00122
2541.67078,0.00106
2539.74235,0.00089
2537.81392,0.00071
2535.88549,0.00071
2533.95706,0.00100
2532.02863,0.00124
2530.10020,0.00131
2528.17177,0.00140
2526.24334,0.00128
2524.31491,0.00068
2522.38648,0.00009
2520.45805,0.00000
2518.52962,0.00029
2516.60119,0.00067
2514.67276,0.00096
2512.74433,0.00113
2510.81590,0.00121
2508.88747,0.00127
2506.95904,0.00134
2505.03061,0.00125
2503.10218,0.00123
2501.17375,0.00139
2499.24532,0.00149
2497.31689,0.00158
2495.38846,0.00163
2493.46003,0.00147
2491.53160,0.00126
2489.60317,0.00142
2487.67474,0.00190
2485.74631,0.00198
2483.81788,0.00147
2481.88945,0.00105
2479.96102,0.00133
2478.03259,0.00190
2476.10416,0.00213
2474.17573,0.00208
2472.24730,0.00165
2470.31887,0.00073
2468.39044,-0.00000
2466.46201,0.00000
2464.53358,0.00046
2462.60515,0.00111
2460.67672,0.00172
2458.74829,0.00184
2456.81986,0.00150
2454.89143,0.00125
2452.96300,0.00114
2451.03457,0.00106
2449.10614,0.00114
2447.17771,0.00105
2445.24928,0.00044
2443.32085,0.00007
2441.39242,0.00062
2439.46399,0.00131
2437.53556,0.00142
2435.60713,0.00140
2433.67870,0.00149
2431.75027,0.00145
2429.82184,0.00141
2427.89341,0.00137
2425.96498,0.00133
2424.03655,0.00129
2422.10812,0.00125
2420.17969,0.00122
2418.25126,0.00118
2416.32283,0.00114
2414.39440,0.00111
2412.46597,0.00107
2410.53754,0.00104
2408.60911,0.00100
2406.68068,0.00097
2404.75225,0.00094
2402.82382,0.00091
2400.89539,0.00088
2398.96696,0.00084
2397.03853,0.00081
2395.11010,0.00078
2393.18167,0.00075
2391.25324,0.00072
2389.32481,0.00070
2387.39638,0.00067
2385.46795,0.00064
2383.53952,0.00061
2381.61109,0.00059
2379.68266,0.00056
2377.75423,0.00054
2375.82580,0.00051
2373.89737,0.00049
2371.96894,0.00047
2370.04051,0.00044
2368.11208,0.00042
2366.18365,0.00040
2364.25522,0.00038
2362.32679,0.00036
2360.39836,0.00034
2358.46993,0.00032
2356.54150,0.00030
2354.61307,0.00028
2352.68464,0.00026
2350.75621,0.00024
2348.82778,0.00023
2346.89935,0.00021
2344.97092,0.00020
2343.04249,0.00018
2341.11406,0.00017
2339.18563,0.00015
2337.25720,0.00014
2335.32877,0.00013
2333.40034,0.00011
2331.47191,0.00010
2329.54348,0.00009
2327.61505,0.00008
2325.68662,0.00007
2323.75819,0.00006
2321.82976,0.00005
2319.90133,0.00004
2317.97290,0.00003
2316.04447,0.00003
2314.11604,0.00002
2312.18761,0.00001
2310.25918,0.00001
2308.33075,0.00000
2306.40232,-0.00000
2304.47389,-0.00001
2302.54546,-0.00001
2300.61703,-0.00001
2298.68860,-0.00002
2296.76017,-0.00002
2294.83174,-0.00002
2292.90331,-0.00002
2290.97488,-0.00002
2289.04645,-0.00002
2287.11802,-0.00002
2285.18959,-0.00002
2283.26116,-0.00002
2281.33273,-0.00002
2279.40430,-0.00001
2277.47587,-0.00001
2275.54744,-0.00000
2273.61901,0.00000
2271.69058,-0.00000
2269.76215,0.00000
2267.83372,0.00000
2265.90529,0.00000
2263.97686,0.00001
2262.04843,0.00009
2260.12000,0.00008
2258.19157,0.00002
2256.26314,0.00005
2254.33471,0.00013
2252.40628,0.00025
2250.47785,0.00055
2248.54942,0.00100
2246.62099,0.00076
2244.69256,0.00050
2242.76413,0.00060
2240.83570,0.00084
2238.90727,0.00099
2236.97884,0.00122
2235.05041,0.00137
2233.12198,0.00112
2231.19355,0.00068
2229.26512,0.00046
2227.33669,0.00048
2225.40826,0.00037
2223.47983,0.00009
2221.55140,0.00002
2219.62297,0.00011
2217.69454,0.00011
2215.76611,0.00018
2213.83768,0.00041
2211.90925,0.00061
2209.98082,0.00044
2208.05239,0.00018
2206.12396,0.00055
2204.19553,0.00131
2202.26710,0.00164
2200.33867,0.00164
2198.41024,0.00167
2196.48181,0.00153
2194.55338,0.00136
2192.62495,0.00127
2190.69652,0.00098
2188.76809,0.00059
2186.83966,0.00035
2184.91123,0.00040
2182.98280,0.00074
2181.05437,0.00117
2179.12594,0.00138
2177.19751,0.00125
2175.26908,0.00099
2173.34065,0.00084
2171.41222,0.00086
2169.48379,0.00116
2167.55536,0.00160
2165.62693,0.00152
2163.69850,0.00088
2161.77007,0.00050
2159.84164,0.00069
2157.91321,0.00087
2155.98478,0.00071
2154.05635,0.00056
2152.12792,0.00054
2150.19949,0.00035
2148.27106,0.00018
2146.34263,0.00008
2144.41420,0.00000
2142.48577,0.00021
2140.55734,0.00061
2138.62891,0.00097
2136.70048,0.00134
2134.77205,0.00134
2132.84362,0.00091
2130.91519,0.00065
2128.98676,0.00089
2127.05833,0.00119
2125.12990,0.00117
2123.20147,0.00105
2121.27304,0.00101
2119.34461,0.00090
2117.41618,0.00097
2115.48775,0.00126
2113.55932,0.00108
2111.63089,0.00058
2109.70245,0.00078
2107.77402,0.00141
2105.84559,0.00147
2103.91716,0.00113
2101.98873,0.00078
2100.06030,0.00031
2098.13187,0.00000
2096.20344,0.00018
2094.27501,0.00085
2092.34658,0.00137
2090.41815,0.00115
2088.48972,0.00069
2086.56129,0.00080
2084.63286,0.00123
2082.70443,0.00134
2080.77600,0.00118
2078.84757,0.00106
2076.91914,0.00095
2074.99071,0.00095
2073.06228,0.00112
2071.13385,0.00121
2069.20542,0.00129
2067.27699,0.00167
2065.34856,0.00199
2063.42013,0.00185
2061.49170,0.00164
2059.56327,0.00148
2057.63484,0.00119
2055.70641,0.00108
2053.77798,0.00123
2051.84955,0.00116
2049.92112,0.00079
2047.99269,0.00065
2046.06426,0.00094
2044.13583,0.00124
2042.20740,0.00128
2040.27897,0.00116
2038.35054,0.00097
2036.42211,0.00079
2034.49368,0.00065
2032.56525,0.00060
2030.63682,0.00068
2028.70839,0.00087
2026.77996,0.00093
2024.85153,0.00078
2022.92310,0.00078
2020.99467,0.00105
2019.06624,0.00111
2017.13781,0.00088
2015.20938,0.00075
2013.28095,0.00087
2011.35252,0.00114
2009.42409,0.00142
2007.49566,0.00138
2005.56723,0.00111
2003.63880,0.00107
2001.71037,0.00119
1999.78194,0.00124
1997.85351,0.00142
1995.92508,0.00162
1993.99665,0.00149
1992.06822,0.00106
1990.13979,0.00079
1988.21136,0.00093
1986.28293,0.00106
1984.35450,0.00075
1982.42607,0.00035
1980.49764,0.00029
1978.56921,0.00059
1976.64078,0.00110
1974.71235,0.00150
1972.78392,0.00164
1970.85549,0.00164
1968.92706,0.00128
1966.99863,0.00057
1965.07020,0.00022
1963.14177,0.00040
1961.21334,0.00054
1959.28491,0.00033
1957.35648,0.00010
1955.42805,0.00023
1953.49962,0.00063
1951.57119,0.00088
1949.64276,0.00097
1947.71433,0.00106
1945.78590,0.00118
1943.85747,0.00119
1941.92904,0.00097
1940.00061,0.00086
1938.07218,0.00111
1936.14375,0.00126
1934.21532,0.00111
1932.28689,0.00094
1930.35846,0.00082
1928.43003,0.00074
1926.50160,0.00065
1924.57317,0.00033
1922.64474,0.00000
1920.71631,0.00002
1918.78788,0.00028
1916.85945,0.00050
1914.93102,0.00065
1913.00259,0.00076
1911.07416,0.00082
1909.14573,0.00089
1907.21730,0.00101
1905.28887,0.00101
1903.36044,0.00080
1901.43201,0.00062
1899.50358,0.00061
1897.57515,0.00077
1895.64672,0.00113
1893.71829,0.00155
1891.78986,0.00168
1889.86143,0.00136
1887.93300,0.00097
1886.00457,0.00088
1884.07614,0.00100
1882.14771,0.00125
1880.21928,0.00148
1878.29085,0.00144
1876.36242,0.00120
1874.43399,0.00103
1872.50556,0.00115
1870.57713,0.00135
1868.64870,0.00129
1866.72027,0.00102
1864.79184,0.00087
1862.86341,0.00071
1860.93498,0.00044
1859.00655,0.00030
1857.07812,0.00030
1855.14969,0.00020
1853.22126,0.00022
1851.29283,0.00059
1849.36440,0.00087
1847.43597,0.00091
1845.50754,0.00108
1843.57911,0.00124
1841.65068,0.00109
1839.72225,0.00097
1837.79382,0.00110
1835.86539,0.00154
1833.93696,0.00194
1832.00853,0.00160
1830.08010,0.00060
1828.15167,0.00007
1826.22324,0.00029
1824.29481,0.00069
1822.36638,0.00111
1820.43795,0.00138
1818.50952,0.00136
1816.58109,0.00131
1814.65266,0.00140
1812.72423,0.00146
1810.79580,0.00124
1808.86737,0.00086
1806.93894,0.00069
1805.01051,0.00089
1803.08208,0.00097
1801.15365,0.00050
1799.22522,0.00012
1797.29679,0.00059
1795.36836,0.00156
1793.43993,0.00201
1791.51150,0.00173
1789.58307,0.00143
1787.65464,0.00146
1785.72621,0.00153
1783.79778,0.00128
1781.86935,0.00061
1779.94092,0.00000
1778.01249,0.00014
1776.08406,0.00074
1774.15563,0.00105
1772.22720,0.00113
1770.29877,0.00147
1768.37034,0.00171
1766.44191,0.00149
1764.51348,0.00129
1762.58505,0.00145
1760.65662,0.00176
1758.72819,0.00177
1756.79976,0.00138
1754.87133,0.00120
1752.94290,0.00170
1751.01447,0.00220
1749.08604,0.00191
1747.15761,0.00130
1745.22918,0.00114
1743.30075,0.00144
1741.37232,0.00170
1739.44389,0.00162
1737.51546,0.00143
1735.58703,0.00098
1733.65860,0.00026
1731.73017,0.00032
1729.80174,0.00098
1727.87331,0.00147
1725.94488,0.00179
1724.01645,0.00209
1722.08802,0.00227
1720.15959,0.00202
1718.23116,0.00143
1716.30273,0.00149
1714.37430,0.00216
1712.44587,0.00275
1710.51744,0.00332
1708.58901,0.00403
1706.66058,0.00504
1704.73215,0.00656
1702.80372,0.00794
1700.87529,0.00865
1698.94686,0.00970
1697.01843,0.01192
1695.09000,0.01397
1693.16157,0.01513
1691.23314,0.01599
1689.30471,0.01688
1687.37628,0.01799
1685.44785,0.01955
1683.51942,0.02160
1681.59099,0.02323
1679.66256,0.02428
1677.73413,0.02529
1675.80570,0.02659
1673.87727,0.02804
1671.94884,0.02947
1670.02041,0.03127
1668.09198,0.03354
1666.16355,0.03538
1664.23512,0.03652
1662.30669,0.03776
1660.37826,0.04000
1658.44983,0.04281
1656.52140,0.04525
1654.59297,0.04609
1652.66454,0.04438
1650.73611,0.04269
1648.80768,0.04228
1646.87925,0.04098
1644.95082,0.03908
1643.02239,0.03822
1641.09396,0.03790
1639.16553,0.03693
1637.23710,0.03465
1635.30867,0.03211
1633.38024,0.03130
1631.45181,0.03140
1629.52338,0.03048
1627.59495,0.02844
1625.66652,0.02660
1623.73809,0.02524
1621.80966,0.02411
1619.88123,0.02328
1617.95280,0.02197
1616.02437,0.01965
1614.09594,0.01759
1612.16751,0.01620
1610.23908,0.01464
1608.31065,0.01307
1606.38222,0.01232
1604.45379,0.01212
1602.52536,0.01164
1600.59693,0.01087
1598.66850,0.01027
1596.74007,0.00996
1594.81164,0.00974
1592.88321,0.00945
1590.95478,0.00919
1589.02635,0.00923
1587.09792,0.00965
1585.16949,0.01021
1583.24106,0.01082
1581.31263,0.01158
1579.38420,0.01207
1577.45577,0.01157
1575.52734,0.01079
1573.59891,0.01135
1571.67048,0.01265
1569.74205,0.01366
1567.81362,0.01484
1565.88519,0.01660
1563.95676,0.01848
1562.02833,0.01960
1560.09990,0.01954
1558.17147,0.01959
1556.24304,0.02160
1554.31461,0.02436
1552.38618,0.02634
1550.45775,0.02716
1548.52932,0.02745
1546.60089,0.02775
1544.67246,0.02766
1542.74403,0.02605
1540.81560,0.02305
1538.88717,0.02276
1536.95874,0.02563
1535.03031,0.02761
1533.10188,0.02665
1531.17345,0.02457
1529.24502,0.02308
1527.31659,0.02207
1525.38816,0.02162
1523.45973,0.02146
1521.53130,0.02092
1519.60287,0.02037
1517.67444,0.01961
1515.74601,0.01847
1513.81758,0.01805
1511.88915,0.01839
1509.96072,0.01778
1508.03229,0.01458
1506.10385,0.01048
1504.17542,0.00956
1502.24699,0.01063
1500.31856,0.01077
1498.39013,0.00893
1496.46170,0.00633
1494.53327,0.00501
1492.60484,0.00450
1490.67641,0.00305
1488.74798,0.00134
1486.81955,0.00110
1484.89112,0.00175
1482.96269,0.00224
1481.03426,0.00253
1479.10583,0.00274
1477.17740,0.00236
1475.24897,0.00100
1473.32054,0.00003
1471.39211,0.00125
1469.46368,0.00338
1467.53525,0.00444
1465.60682,0.00414
1463.67839,0.00386
1461.74996,0.00455
1459.82153,0.00522
1457.89310,0.00474
1455.96467,0.00390
1454.03624,0.00380
1452.10781,0.00381
1450.17938,0.00314
1448.25095,0.00241
1446.32252,0.00267
1444.39409,0.00379
1442.46566,0.00488
1440.53723,0.00540
1438.60880,0.00502
1436.68037,0.00367
1434.75194,0.00234
1432.82351,0.00179
1430.89508,0.00149
1428.96665,0.00128
1427.03822,0.00147
1425.10979,0.00191
1423.18136,0.00245
1421.25293,0.00308
1419.32450,0.00330
1417.39607,0.00286
1415.46764,0.00261
1413.53921,0.00300
1411.61078,0.00369
1409.68235,0.00418
1407.75392,0.00410
1405.82549,0.00365
1403.89706,0.00360
1401.96863,0.00430
1400.04020,0.00511
1398.11177,0.00525
1396.18334,0.00478
1394.25491,0.00470
1392.32648,0.00522
1390.39805,0.00518
1388.46962,0.00398
1386.54119,0.00267
1384.61276,0.00233
1382.68433,0.00261
1380.75590,0.00292
1378.82747,0.00294
1376.89904,0.00222
1374.97061,0.00093
1373.04218,0.00007
1371.11375,0.00000
1369.18532,0.00014
1367.25689,0.00050
1365.32846,0.00105
1363.40003,0.00116
1361.47160,0.00065
1359.54317,0.00013
1357.61474,-0.00006
1355.68631,-0.00003
1353.75788,0.00016
1351.82945,0.00031
1349.90102,0.00021
1347.97259,0.00000
1346.04416,0.00000
1344.11573,0.00028
1342.18730,0.00071
1340.25887,0.00076
1338.33044,0.00029
1336.40201,0.00000
1334.47358,0.00041
1332.54515,0.00122
1330.61672,0.00169
1328.68829,0.00135
1326.75986,0.00067
1324.83143,0.00038
1322.90300,0.00053
1320.97457,0.00077
1319.04614,0.00105
1317.11771,0.00138
1315.18928,0.00165
1313.26085,0.00183
1311.33242,0.00189
1309.40399,0.00166
1307.47556,0.00127
1305.54713,0.00102
1303.61870,0.00070
1301.69027,0.00030
1299.76184,0.00052
1297.83341,0.00147
1295.90498,0.00236
1293.97655,0.00264
1292.04812,0.00234
1290.11969,0.00171
1288.19126,0.00111
1286.26283,0.00106
1284.33440,0.00151
1282.40597,0.00203
1280.47754,0.00249
1278.54911,0.00297
1276.62068,0.00356
1274.69225,0.00411
1272.76382,0.00444
1270.83539,0.00462
1268.90696,0.00484
1266.97853,0.00552
1265.05010,0.00674
1263.12167,0.00768
1261.19324,0.00786
1259.26481,0.00809
1257.33638,0.00919
1255.40795,0.01096
1253.47952,0.01267
1251.55109,0.01396
1249.62266,0.01488
1247.69423,0.01561
1245.76580,0.01663
1243.83737,0.01843
1241.90894,0.02054
1239.98051,0.02183
1238.05208,0.02212
1236.12365,0.02260
1234.19522,0.02393
1232.26679,0.02562
1230.33836,0.02730
1228.40993,0.02873
1226.48150,0.02978
1224.55307,0.03076
1222.62464,0.03168
1220.69621,0.03242
1218.76778,0.03337
1216.83935,0.03465
1214.91092,0.03582
1212.98249,0.03687
1211.05406,0.03789
1209.12563,0.03868
1207.19720,0.03922
1205.26877,0.03952
1203.34034,0.03965
1201.41191,0.04008
1199.48348,0.04136
1197.55505,0.04300
1195.62662,0.04445
1193.69819,0.04582
1191.76976,0.04720
1189.84133,0.04845
1187.91290,0.04976
1185.98447,0.05136
1184.05604,0.05288
1182.12761,0.05405
1180.19918,0.05568
1178.27075,0.05795
1176.34232,0.06033
1174.41389,0.06297
1172.48546,0.06588
1170.55703,0.06839
1168.62860,0.07001
1166.70017,0.07097
1164.77174,0.07224
1162.84331,0.07428
1160.91488,0.07673
1158.98645,0.07937
1157.05802,0.08186
1155.12959,0.08348
1153.20116,0.08426
1151.27273,0.08482
1149.34430,0.08579
1147.41587,0.08762
1145.48744,0.08925
1143.55901,0.08925
1141.63058,0.08850
1139.70215,0.08889
1137.77372,0.09060
1135.84529,0.09227
1133.91686,0.09315
1131.98843,0.09411
1130.06000,0.09611
1128.13157,0.09843
1126.20314,0.09947
1124.27471,0.09937
1122.34628,0.10019
1120.41785,0.10301
1118.48942,0.10683
1116.56099,0.11044
1114.63256,0.11382
1112.70413,0.11715
1110.77570,0.11977
1108.84727,0.12217
1106.91884,0.12601
1104.99041,0.13057
1103.06198,0.13377
1101.13355,0.13639
1099.20512,0.14061
1097.27669,0.14593
1095.34826,0.15090
1093.41983,0.15508
1091.49140,0.15772
1089.56297,0.15874
1087.63454,0.15938
1085.70611,0.15985
1083.77768,0.15987
1081.84925,0.15970
1079.92082,0.15896
1077.99239,0.15753
1076.06396,0.15621
1074.13553,0.15537
1072.20710,0.15469
1070.27867,0.15371
1068.35024,0.15272
1066.42181,0.15221
1064.49338,0.15172
1062.56495,0.15100
1060.63652,0.14989
1058.70809,0.14818
1056.77966,0.14638
1054.85123,0.14472
1052.92280,0.14297
1050.99437,0.14101
1049.06594,0.13851
1047.13751,0.13498
1045.20908,0.13080
1043.28065,0.12732
1041.35222,0.12473
1039.42379,0.12132
1037.49536,0.11696
1035.56693,0.11308
1033.63850,0.10924
1031.71007,0.10440
1029.78164,0.09897
1027.85321,0.09322
1025.92478,0.08717
1023.99635,0.08168
1022.06792,0.07751
1020.13949,0.07413
1018.21106,0.07057
1016.28263,0.06651
1014.35420,0.06241
1012.42577,0.05887
1010.49734,0.05580
1008.56891,0.05221
1006.64048,0.04745
1004.71205,0.04253
1002.78362,0.03859
1000.85519,0.03541
998.92676,0.03266
996.99833,0.03045
995.06990,0.02885
993.14147,0.02766
991.21304,0.02639
989.28461,0.02510
987.35618,0.02392
985.42775,0.02264
983.49932,0.02194
981.57089,0.02296
979.64246,0.02489
977.71403,0.02570
975.78560,0.02571
973.85717,0.02617
971.92874,0.02645
970.00031,0.02573
968.07188,0.02442
966.14345,0.02386
964.21502,0.02439
962.28659,0.02451
960.35816,0.02367
958.42973,0.02301
956.50130,0.02269
954.57287,0.02212
952.64444,0.02141
950.71601,0.02061
948.78758,0.01960
946.85915,0.01909
944.93072,0.01970
943.00229,0.02040
941.07386,0.01978
939.14543,0.01817
937.21700,0.01699
935.28857,0.01687
933.36014,0.01706
931.43171,0.01631
929.50328,0.01470
927.57485,0.01333
925.64642,0.01280
923.71799,0.01270
921.78956,0.01229
919.86113,0.01153
917.93270,0.01099
916.00427,0.01055
914.07584,0.00971
912.14741,0.00854
910.21898,0.00745
908.29055,0.00724
906.36212,0.00788
904.43368,0.00743
902.50525,0.00537
900.57682,0.00399
898.64839,0.00426
896.71996,0.00434
894.79153,0.00296
892.86310,0.00147
890.93467,0.00113
889.00624,0.00152
887.07781,0.00187
885.14938,0.00166
883.22095,0.00084
881.29252,0.00032
879.36409,0.00064
877.43566,0.00156
875.50723,0.00163
873.57880,0.00102
871.65037,0.00096
869.72194,0.00128
867.79351,0.00139
865.86508,0.00139
863.93665,0.00117
862.00822,0.00070
860.07979,0.00018
858.15136,0.00000
856.22293,0.00075
854.29450,0.00197
852.36607,0.00247
850.43764,0.00261
848.50921,0.00318
846.58078,0.00343
844.65235,0.00297
842.72392,0.00276
840.79549,0.00328
838.86706,0.00384
836.93863,0.00426
835.01020,0.00548
833.08177,0.00721
831.15334,0.00819
829.22491,0.00831
827.29648,0.00821
825.36805,0.00794
823.43962,0.00786
821.51119,0.00933
819.58276,0.01245
817.65433,0.01516
815.72590,0.01600
813.79747,0.01548
811.86904,0.01542
809.94061,0.01680
808.01218,0.01847
806.08375,0.01966
804.15532,0.02078
802.22689,0.02154
800.29846,0.02168
798.37003,0.02195
796.44160,0.02228
794.51317,0.02136
792.58474,0.01956
790.65631,0.01907
788.72788,0.02036
786.79945,0.02139
784.87102,0.02028
782.94259,0.01767
781.01416,0.01582
779.08573,0.01536
777.15730,0.01429
775.22887,0.01181
773.30044,0.01017
771.37201,0.00984
769.44358,0.00876
767.51515,0.00709
765.58672,0.00570
763.65829,0.00467
761.72986,0.00504
759.80143,0.00553
757.87300,0.00363
755.94457,0.00131
754.01614,0.00124
752.08771,0.00216
750.15928,0.00251
748.23085,0.00290
746.30242,0.00348
744.37399,0.00368
742.44556,0.00340
740.51713,0.00379
738.58870,0.00513
736.66027,0.00497
734.73184,0.00260
732.80341,0.00056
730.87498,0.00008
728.94655,0.00006
727.01812,0.00000
725.08969,0.00088
723.16126,0.00288
721.23283,0.00357
719.30440,0.00406
717.37597,0.00539
715.44754,0.00650
713.51911,0.00666
711.59068,0.00643
709.66225,0.00614
707.73382,0.00519
705.80539,0.00400
703.87696,0.00414
701.94853,0.00607
700.02010,0.00790
698.09167,0.00731
696.16324,0.00525
694.23481,0.00439
692.30638,0.00435
690.37795,0.00343
688.44952,0.00242
686.52109,0.00323
684.59266,0.00629
682.66423,0.00977
680.73580,0.01066
678.80737,0.00790
676.87894,0.00435
674.95051,0.00376
673.02208,0.00631
671.09365,0.00944
669.16522,0.01097
667.23679,0.01119
665.30836,0.01398
663.37993,0.02049
661.45150,0.02756
659.52307,0.02956
657.59464,0.02469
655.66621,0.01687
653.73778,0.00942
651.80935,0.00382
649.88092,0.00169
647.95249,0.00218
646.02406,0.00246
644.09563,0.00161
642.16720,0.00146
640.23877,0.00245
638.31034,0.00403
636.38191,0.00570
634.45348,0.00576
632.52505,0.00290
630.59662,0.00002
628.66819,0.00166
626.73976,0.00782
624.81133,0.01365
622.88290,0.01579
620.95447,0.01188
619.02604,0.00536
617.09761,0.00195
615.16918,0.00027
613.24075,0.00259
611.31232,0.00490
609.38389,0.00305
607.45546,0.00000
605.52703,0.00218
603.59860,0.00851
601.67017,0.00706
599.74174,0.00000
