4001.49232,0.00574
3999.56389,0.00907
3997.63546,0.00910
3995.70703,0.00818
3993.77860,0.00754
3991.85017,0.00637
3989.92174,0.00452
3987.99331,0.00309
3986.06488,0.00285
3984.13645,0.00288
3982.20802,0.00223
3980.27959,0.00178
3978.35116,0.00223
3976.42273,0.00322
3974.49430,0.00421
3972.56587,0.00449
3970.63744,0.00354
3968.70901,0.00199
3966.78058,0.00135
3964.85215,0.00250
3962.92372,0.00438
3960.99529,0.00519
3959.06686,0.00484
3957.13843,0.00358
3955.21000,0.00145
3953.28157,0.00000
3951.35314,0.00089
3949.42471,0.00352
3947.49628,0.00490
3945.56785,0.00335
3943.63942,0.00124
3941.71099,0.00058
3939.78256,0.00094
3937.85413,0.00199
3935.92570,0.00342
3933.99727,0.00400
3932.06884,0.00311
3930.14041,0.00177
3928.21198,0.00096
3926.28355,0.00061
3924.35512,0.00106
3922.42669,0.00251
3920.49826,0.00395
3918.56982,0.00470
3916.64139,0.00417
3914.71296,0.00237
3912.78453,0.00121
3910.85610,0.00153
3908.92767,0.00179
3906.99924,0.00104
3905.07081,0.00216
3903.14238,0.00792
3901.21395,0.01286
3899.28552,0.01192
3897.35709,0.00789
3895.42866,0.00460
3893.50023,0.00327
3891.57180,0.00427
3889.64337,0.00580
3887.71494,0.00588
3885.78651,0.00537
3883.85808,0.00586
3881.92965,0.00698
3880.00122,0.00712
3878.07279,0.00612
3876.14436,0.00550
3874.21593,0.00569
3872.28750,0.00664
3870.35907,0.00707
3868.43064,0.00562
3866.50221,0.00419
3864.57378,0.00592
3862.64535,0.01050
3860.71692,0.01295
3858.78849,0.01231
3856.86006,0.01142
3854.93163,0.01179
3853.00320,0.01320
3851.07477,0.01312
3849.14634,0.01155
3847.21791,0.01027
3845.28948,0.00908
3843.36105,0.00762
3841.43262,0.00632
3839.50419,0.00626
3837.57576,0.00818
3835.64733,0.00968
3833.71890,0.00926
3831.79047,0.00721
3829.86204,0.00444
3827.93361,0.00223
3826.00518,0.00194
3824.07675,0.00419
3822.14832,0.00790
3820.21989,0.01102
3818.29146,0.01075
3816.36303,0.00889
3814.43460,0.00750
3812.50617,0.00622
3810.57774,0.00461
3808.64931,0.00301
3806.72088,0.00279
3804.79245,0.00363
3802.86402,0.00433
3800.93559,0.00573
3799.00716,0.00732
3797.07873,0.00701
3795.15030,0.00500
3793.22187,0.00296
3791.29344,0.00160
3789.36501,0.00049
3787.43658,0.00011
3785.50815,0.00099
3783.57972,0.00232
3781.65129,0.00283
3779.72286,0.00295
3777.79443,0.00329
3775.86600,0.00317
3773.93757,0.00247
3772.00914,0.00232
3770.08071,0.00397
3768.15228,0.00565
3766.22385,0.00491
3764.29542,0.00364
3762.36699,0.00382
3760.43856,0.00512
3758.51013,0.00749
3756.58170,0.00972
3754.65327,0.00966
3752.72484,0.00888
3750.79641,0.01339
3748.86798,0.02189
3746.93955,0.02501
3745.01112,0.02396
3743.08269,0.02004
3741.15426,0.01588
3739.22583,0.01413
3737.29740,0.01465
3735.36897,0.01575
3733.44054,0.01451
3731.51211,0.01141
3729.58368,0.00956
3727.65525,0.00965
3725.72682,0.01084
3723.79839,0.01187
3721.86996,0.01094
3719.94153,0.00863
3718.01310,0.00703
3716.08467,0.00608
3714.15624,0.00467
3712.22781,0.00436
3710.29938,0.00773
3708.37095,0.00998
3706.44252,0.00947
3704.51409,0.00844
3702.58566,0.00800
3700.65723,0.00814
3698.72880,0.00804
3696.80037,0.00742
3694.87194,0.00663
3692.94351,0.00568
3691.01508,0.00491
3689.08665,0.00621
3687.15822,0.00804
3685.22979,0.00844
3683.30136,0.00784
3681.37293,0.00641
3679.44450,0.00515
3677.51607,0.00544
3675.58764,0.00745
3673.65921,0.00937
3671.73078,0.00981
3669.80235,0.00909
3667.87392,0.00865
3665.94549,0.00857
3664.01706,0.00832
3662.08863,0.00756
3660.16020,0.00680
3658.23177,0.00656
3656.30334,0.00719
3654.37491,0.00723
3652.44648,0.00396
3650.51805,0.00000
3648.58962,0.00362
3646.66119,0.00924
3644.73276,0.00967
3642.80433,0.00925
3640.87590,0.01023
3638.94747,0.01059
3637.01904,0.00936
3635.09061,0.00797
3633.16218,0.00756
3631.23375,0.00798
3629.30532,0.00956
3627.37689,0.01232
3625.44846,0.01307
3623.52003,0.01200
3621.59160,0.01026
3619.66317,0.00980
3617.73474,0.01139
3615.80631,0.01213
3613.87788,0.01215
3611.94945,0.01295
3610.02102,0.01343
3608.09259,0.01281
3606.16416,0.01182
3604.23573,0.01070
3602.30730,0.00871
3600.37887,0.00606
3598.45044,0.00445
3596.52201,0.00504
3594.59358,0.00727
3592.66515,0.00846
3590.73672,0.00744
3588.80829,0.00595
3586.87986,0.00546
3584.95143,0.00488
3583.02300,0.00379
3581.09457,0.00292
3579.16614,0.00266
3577.23771,0.00309
3575.30928,0.00378
3573.38085,0.00401
3571.45242,0.00304
3569.52399,0.00140
3567.59556,0.00168
3565.66713,0.00495
3563.73870,0.00683
3561.81027,0.00663
3559.88184,0.00621
3557.95341,0.00589
3556.02498,0.00579
3554.09655,0.00614
3552.16812,0.00610
3550.23969,0.00473
3548.31126,0.00355
3546.38283,0.00478
3544.45440,0.00742
3542.52597,0.00791
3540.59754,0.00553
3538.66911,0.00271
3536.74068,0.00157
3534.81225,0.00137
3532.88382,0.00061
3530.95539,0.00000
3529.02696,0.00117
3527.09853,0.00392
3525.17010,0.00605
3523.24167,0.00673
3521.31324,0.00647
3519.38481,0.00572
3517.45638,0.00486
3515.52795,0.00374
3513.59952,0.00219
3511.67109,0.00126
3509.74266,0.00198
3507.81423,0.00385
3505.88580,0.00585
3503.95737,0.00757
3502.02894,0.00796
3500.10051,0.00614
3498.17208,0.00402
3496.24365,0.00361
3494.31522,0.00426
3492.38679,0.00458
3490.45836,0.00447
3488.52993,0.00412
3486.60150,0.00362
3484.67307,0.00364
3482.74464,0.00459
3480.81621,0.00547
3478.88778,0.00504
3476.95935,0.00380
3475.03092,0.00288
3473.10249,0.00261
3471.17406,0.00328
3469.24563,0.00471
3467.31720,0.00563
3465.38877,0.00486
3463.46034,0.00304
3461.53191,0.00215
3459.60348,0.00281
3457.67505,0.00397
3455.74662,0.00480
3453.81819,0.00532
3451.88976,0.00539
3449.96133,0.00409
3448.03290,0.00228
3446.10447,0.00268
3444.17604,0.00494
3442.24761,0.00687
3440.31918,0.00801
3438.39075,0.00814
3436.46232,0.00713
3434.53389,0.00595
3432.60546,0.00550
3430.67703,0.00586
3428.74860,0.00706
3426.82017,0.00804
3424.89174,0.00784
3422.96331,0.00792
3421.03488,0.00904
3419.10645,0.00923
3417.17802,0.00824
3415.24959,0.00795
3413.32116,0.00852
3411.39273,0.00898
3409.46430,0.00926
3407.53587,0.00958
3405.60744,0.01004
3403.67901,0.01055
3401.75058,0.01082
3399.82215,0.01239
3397.89372,0.01314
3395.96529,0.01277
3394.03686,0.01222
3392.10843,0.01213
3390.18000,0.01191
3388.25157,0.01160
3386.32314,0.01180
3384.39471,0.01239
3382.46628,0.01278
3380.53785,0.01271
3378.60942,0.01232
3376.68099,0.01191
3374.75256,0.01188
3372.82413,0.01184
3370.89570,0.01161
3368.96727,0.01186
3367.03884,0.01277
3365.11041,0.01377
3363.18198,0.01463
3361.25355,0.01550
3359.32512,0.01605
3357.39669,0.01608
3355.46826,0.01597
3353.53983,0.01624
3351.61140,0.01712
3349.68297,0.01755
3347.75454,0.01641
3345.82611,0.01490
3343.89768,0.01523
3341.96925,0.01784
3340.04082,0.02057
3338.11239,0.02111
3336.18396,0.01991
3334.25553,0.01928
3332.32710,0.02052
3330.39867,0.02268
3328.47024,0.02383
3326.54181,0.02352
3324.61338,0.02347
3322.68495,0.02497
3320.75652,0.02668
3318.82809,0.02722
3316.89966,0.02726
3314.97122,0.02749
3313.04279,0.02758
3311.11436,0.02746
3309.18593,0.02728
3307.25750,0.02714
3305.32907,0.02756
3303.40064,0.02852
3301.47221,0.02921
3299.54378,0.02995
3297.61535,0.03149
3295.68692,0.03256
3293.75849,0.03181
3291.83006,0.03064
3289.90163,0.03044
3287.97320,0.03049
3286.04477,0.03077
3284.11634,0.03182
3282.18791,0.03243
3280.25948,0.03166
3278.33105,0.03052
3276.40262,0.02993
3274.47419,0.02996
3272.54576,0.03041
3270.61733,0.03059
3268.68890,0.03048
3266.76047,0.03044
3264.83204,0.02985
3262.90361,0.02850
3260.97518,0.02734
3259.04675,0.02647
3257.11832,0.02559
3255.18989,0.02554
3253.26146,0.02641
3251.33303,0.02575
3249.40460,0.02323
3247.47617,0.02229
3245.54774,0.02403
3243.61931,0.02586
3241.69088,0.02614
3239.76245,0.02548
3237.83402,0.02473
3235.90559,0.02435
3233.97716,0.02431
3232.04873,0.02305
3230.12030,0.02036
3228.19187,0.01849
3226.26344,0.01769
3224.33501,0.01699
3222.40658,0.01708
3220.47815,0.01752
3218.54972,0.01703
3216.62129,0.01668
3214.69286,0.01770
3212.76443,0.01849
3210.83600,0.01787
3208.90757,0.01685
3206.97914,0.01647
3205.05071,0.01682
3203.12228,0.01732
3201.19385,0.01770
3199.26542,0.01797
3197.33699,0.01734
3195.40856,0.01583
3193.48013,0.01441
3191.55170,0.01287
3189.62327,0.01157
3187.69484,0.01175
3185.76641,0.01271
3183.83798,0.01314
3181.90955,0.01326
3179.98112,0.01318
3178.05269,0.01245
3176.12426,0.01172
3174.19583,0.01184
3172.26740,0.01210
3170.33897,0.01165
3168.41054,0.01066
3166.48211,0.00986
3164.55368,0.01011
3162.62525,0.01053
3160.69682,0.00950
3158.76839,0.00756
3156.83996,0.00614
3154.91153,0.00592
3152.98310,0.00644
3151.05467,0.00628
3149.12624,0.00561
3147.19781,0.00582
3145.26938,0.00615
3143.34095,0.00521
3141.41252,0.00364
3139.48409,0.00290
3137.55566,0.00335
3135.62723,0.00441
3133.69880,0.00561
3131.77037,0.00614
3129.84194,0.00526
3127.91351,0.00377
3125.98508,0.00278
3124.05665,0.00238
3122.12822,0.00197
3120.19979,0.00166
3118.27136,0.00262
3116.34293,0.00469
3114.41450,0.00573
3112.48607,0.00448
3110.55764,0.00231
3108.62921,0.00130
3106.70078,0.00171
3104.77235,0.00241
3102.84392,0.00299
3100.91549,0.00356
3098.98706,0.00374
3097.05863,0.00314
3095.13020,0.00210
3093.20177,0.00128
3091.27334,0.00131
3089.34491,0.00244
3087.41648,0.00353
3085.48805,0.00348
3083.55962,0.00315
3081.63119,0.00330
3079.70276,0.00348
3077.77433,0.00357
3075.84590,0.00357
3073.91747,0.00346
3071.98904,0.00357
3070.06061,0.00378
3068.13218,0.00431
3066.20375,0.00570
3064.27532,0.00656
3062.34689,0.00566
3060.41846,0.00459
3058.49003,0.00459
3056.56160,0.00442
3054.63317,0.00348
3052.70474,0.00284
3050.77631,0.00294
3048.84788,0.00347
3046.91945,0.00418
3044.99102,0.00442
3043.06259,0.00340
3041.13416,0.00149
3039.20573,0.00006
3037.27730,0.00000
3035.34887,0.00115
3033.42044,0.00287
3031.49201,0.00367
3029.56358,0.00319
3027.63515,0.00303
3025.70672,0.00375
3023.77829,0.00385
3021.84986,0.00308
3019.92143,0.00252
3017.99300,0.00222
3016.06457,0.00171
3014.13614,0.00091
3012.20771,0.00066
3010.27928,0.00137
3008.35085,0.00180
3006.42242,0.00149
3004.49399,0.00132
3002.56556,0.00112
3000.63713,0.00062
2998.70870,0.00018
2996.78027,0.00059
2994.85184,0.00066
2992.92341,0.00091
2990.99498,0.00142
2989.06655,0.00135
2987.13812,0.00093
2985.20969,0.00107
2983.28126,0.00215
2981.35283,0.00350
2979.42440,0.00413
2977.49597,0.00415
2975.56754,0.00436
2973.63911,0.00483
2971.71068,0.00547
2969.78225,0.00678
2967.85382,0.00826
2965.92539,0.00884
2963.99696,0.00857
2962.06853,0.00766
2960.14010,0.00719
2958.21167,0.00829
2956.28324,0.00947
2954.35481,0.00929
2952.42638,0.00825
2950.49795,0.00714
2948.56952,0.00651
2946.64109,0.00618
2944.71266,0.00612
2942.78423,0.00683
2940.85580,0.00813
2938.92737,0.00928
2936.99894,0.01013
2935.07051,0.01039
2933.14208,0.00948
2931.21365,0.00837
2929.28522,0.00837
2927.35679,0.00894
2925.42836,0.00938
2923.49993,0.00985
2921.57150,0.00999
2919.64307,0.00909
2917.71464,0.00744
2915.78621,0.00627
2913.85778,0.00665
2911.92935,0.00782
2910.00092,0.00778
2908.07249,0.00635
2906.14406,0.00502
2904.21563,0.00417
2902.28720,0.00351
2900.35877,0.00301
2898.43034,0.00278
2896.50191,0.00338
2894.57348,0.00462
2892.64505,0.00505
2890.71662,0.00431
2888.78819,0.00352
2886.85976,0.00327
2884.93133,0.00323
2883.00290,0.00331
2881.07447,0.00313
2879.14604,0.00274
2877.21761,0.00341
2875.28918,0.00496
2873.36075,0.00568
2871.43232,0.00523
2869.50389,0.00446
2867.57546,0.00394
2865.64703,0.00364
2863.71860,0.00332
2861.79017,0.00292
2859.86174,0.00259
2857.93331,0.00242
2856.00488,0.00239
2854.07645,0.00242
2852.14802,0.00207
2850.21959,0.00122
2848.29116,0.00060
2846.36273,0.00058
2844.43430,0.00090
2842.50587,0.00165
2840.57744,0.00269
2838.64901,0.00307
2836.72058,0.00240
2834.79215,0.00162
2832.86372,0.00139
2830.93529,0.00103
2829.00686,0.00016
2827.07843,0.00000
2825.15000,0.00084
2823.22157,0.00152
2821.29314,0.00159
2819.36471,0.00149
2817.43628,0.00176
2815.50785,0.00263
2813.57942,0.00313
2811.65099,0.00272
2809.72256,0.00209
2807.79413,0.00157
2805.86570,0.00088
2803.93727,0.00037
2802.00884,0.00049
2800.08041,0.00065
2798.15198,0.00058
2796.22355,0.00110
2794.29512,0.00213
2792.36669,0.00267
2790.43826,0.00255
2788.50983,0.00208
2786.58140,0.00142
2784.65297,0.00100
2782.72454,0.00108
2780.79611,0.00122
2778.86768,0.00109
2776.93925,0.00125
2775.01082,0.00181
2773.08239,0.00198
2771.15396,0.00174
2769.22553,0.00135
2767.29710,0.00057
2765.36867,0.00000
2763.44024,0.00015
2761.51181,0.00048
2759.58338,0.00080
2757.65495,0.00143
2755.72652,0.00206
2753.79809,0.00229
2751.86966,0.00179
2749.94123,0.00100
2748.01280,0.00106
2746.08437,0.00147
2744.15594,0.00111
2742.22751,0.00050
2740.29908,0.00081
2738.37065,0.00203
2736.44222,0.00268
2734.51379,0.00225
2732.58536,0.00205
2730.65693,0.00248
2728.72850,0.00254
2726.80007,0.00194
2724.87164,0.00147
2722.94321,0.00145
2721.01478,0.00162
2719.08635,0.00190
2717.15792,0.00211
2715.22949,0.00180
2713.30105,0.00104
2711.37262,0.00053
2709.44419,0.00088
2707.51576,0.00178
2705.58733,0.00238
2703.65890,0.00237
2701.73047,0.00179
2699.80204,0.00111
2697.87361,0.00140
2695.94518,0.00230
2694.01675,0.00241
2692.08832,0.00198
2690.15989,0.00187
2688.23146,0.00189
2686.30303,0.00179
2684.37460,0.00167
2682.44617,0.00172
2680.51774,0.00184
2678.58931,0.00146
2676.66088,0.00056
2674.73245,0.00000
2672.80402,0.00063
2670.87559,0.00221
2668.94716,0.00310
2667.01873,0.00284
2665.09030,0.00245
2663.16187,0.00198
2661.23344,0.00113
2659.30501,0.00089
2657.37658,0.00167
2655.44815,0.00256
2653.51972,0.00264
2651.59129,0.00185
2649.66286,0.00090
2647.73443,0.00053
2645.80600,0.00053
2643.87757,0.00053
2641.94914,0.00069
2640.02071,0.00130
2638.09228,0.00203
2636.16385,0.00222
2634.23542,0.00178
2632.30699,0.00087
2630.37856,0.00000
2628.45013,0.00033
2626.52170,0.00178
2624.59327,0.00254
2622.66484,0.00241
2620.73641,0.00276
2618.80798,0.00330
2616.87955,0.00305
2614.95112,0.00230
2613.02269,0.00175
2611.09426,0.00182
2609.16583,0.00223
2607.23740,0.00218
2605.30897,0.00180
2603.38054,0.00150
2601.45211,0.00118
2599.52368,0.00092
2597.59525,0.00117
2595.66682,0.00171
2593.73839,0.00166
2591.80996,0.00136
2589.88153,0.00145
2587.95310,0.00144
2586.02467,0.00151
2584.09624,0.00206
2582.16781,0.00203
2580.23938,0.00131
2578.31095,0.00151
2576.38252,0.00258
2574.45409,0.00287
2572.52566,0.00216
2570.59723,0.00153
2568.66880,0.00150
2566.74037,0.00145
2564.81194,0.00116
2562.88351,0.00126
2560.95508,0.00165
2559.02665,0.00193
2557.09822,0.00199
2555.16979,0.00164
2553.24136,0.00113
2551.31293,0.00084
2549.38450,0.00091
2547.45607,0.00121
2545.52764,0.00154
2543.59921,0.00174
2541.67078,0.00133
2539.74235,0.00042
2537.81392,0.00000
2535.88549,0.00004
2533.95706,0.00024
2532.02863,0.00070
2530.10020,0.00121
2528.17177,0.00158
2526.24334,0.00164
2524.31491,0.00107
2522.38648,0.00033
2520.45805,0.00021
2518.52962,0.00079
2516.60119,0.00171
2514.67276,0.00229
2512.74433,0.00207
2510.81590,0.00129
2508.88747,0.00075
2506.95904,0.00081
2505.03061,0.00103
2503.10218,0.00117
2501.17375,0.00124
2499.24532,0.00134
2497.31689,0.00149
2495.38846,0.00130
2493.46003,0.00077
2491.53160,0.00071
2489.60317,0.00136
2487.67474,0.00189
2485.74631,0.00177
2483.81788,0.00154
2481.88945,0.00173
2479.96102,0.00222
2478.03259,0.00256
2476.10416,0.00219
2474.17573,0.00117
2472.24730,0.00053
2470.31887,0.00080
2468.39044,0.00109
2466.46201,0.00077
2464.53358,0.00024
2462.60515,0.00000
2460.67672,0.00011
2458.74829,0.00022
2456.81986,0.00004
2454.89143,0.00003
2452.96300,0.00052
2451.03457,0.00106
2449.10614,0.00146
2447.17771,0.00154
2445.24928,0.00099
2443.32085,0.00031
2441.39242,0.00006
2439.46399,-0.00002
2437.53556,0.00005
2435.60713,0.00031
2433.67870,0.00043
2431.75027,0.00039
2429.82184,0.00036
2427.89341,0.00032
2425.96498,0.00029
2424.03655,0.00026
2422.10812,0.00023
2420.17969,0.00020
2418.25126,0.00017
2416.32283,0.00015
2414.39440,0.00013
2412.46597,0.00010
2410.53754,0.00008
2408.60911,0.00006
2406.68068,0.00004
2404.75225,0.00003
2402.82382,0.00001
2400.89539,0.00000
2398.96696,-0.00005
2397.03853,-0.00009
2395.11010,-0.00014
2393.18167,-0.00018
2391.25324,-0.00023
2389.32481,-0.00027
2387.39638,-0.00031
2385.46795,-0.00034
2383.53952,-0.00038
2381.61109,-0.00041
2379.68266,-0.00045
2377.75423,-0.00048
2375.82580,-0.00051
2373.89737,-0.00054
2371.96894,-0.00057
2370.04051,-0.00059
2368.11208,-0.00062
2366.18365,-0.00064
2364.25522,-0.00066
2362.32679,-0.00068
2360.39836,-0.00070
2358.46993,-0.00072
2356.54150,-0.00073
2354.61307,-0.00075
2352.68464,-0.00076
2350.75621,-0.00077
2348.82778,-0.00078
2346.89935,-0.00079
2344.97092,-0.00080
2343.04249,-0.00080
2341.11406,-0.00080
2339.18563,-0.00081
2337.25720,-0.00081
2335.32877,-0.00081
2333.40034,-0.00080
2331.47191,-0.00080
2329.54348,-0.00080
2327.61505,-0.00079
2325.68662,-0.00078
2323.75819,-0.00077
2321.82976,-0.00076
2319.90133,-0.00075
2317.97290,-0.00073
2316.04447,-0.00072
2314.11604,-0.00070
2312.18761,-0.00068
2310.25918,-0.00066
2308.33075,-0.00064
2306.40232,-0.00062
2304.47389,-0.00060
2302.54546,-0.00057
2300.61703,-0.00054
2298.68860,-0.00051
2296.76017,-0.00048
2294.83174,-0.00045
2292.90331,-0.00042
2290.97488,-0.00038
2289.04645,-0.00035
2287.11802,-0.00031
2285.18959,-0.00027
2283.26116,-0.00023
2281.33273,-0.00019
2279.40430,-0.00015
2277.47587,-0.00010
2275.54744,-0.00005
2273.61901,-0.00001
2271.69058,-0.00001
2269.76215,-0.00000
2267.83372,0.00000
2265.90529,-0.00000
2263.97686,0.00000
2262.04843,0.00054
2260.12000,0.00070
2258.19157,0.00058
2256.26314,0.00049
2254.33471,0.00043
2252.40628,0.00044
2250.47785,0.00103
2248.54942,0.00226
2246.62099,0.00207
2244.69256,0.00198
2242.76413,0.00184
2240.83570,0.00093
2238.90727,-0.00002
2236.97884,0.00063
2235.05041,0.00190
2233.12198,0.00163
2231.19355,0.00071
2229.26512,0.00089
2227.33669,0.00169
2225.40826,0.00202
2223.47983,0.00180
2221.55140,0.00145
2219.62297,0.00104
2217.69454,0.00049
2215.76611,0.00000
2213.83768,-0.00001
2211.90925,0.00037
2209.98082,0.00052
2208.05239,0.00064
2206.12396,0.00151
2204.19553,0.00257
2202.26710,0.00270
2200.33867,0.00229
2198.41024,0.00223
2196.48181,0.00233
2194.55338,0.00201
2192.62495,0.00138
2190.69652,0.00117
2188.76809,0.00138
2186.83966,0.00131
2184.91123,0.00098
2182.98280,0.00082
2181.05437,0.00105
2179.12594,0.00146
2177.19751,0.00146
2175.26908,0.00090
2173.34065,0.00024
2171.41222,0.00000
2169.48379,0.00045
2167.55536,0.00153
2165.62693,0.00211
2163.69850,0.00139
2161.77007,0.00044
2159.84164,0.00034
2157.91321,0.00083
2155.98478,0.00112
2154.05635,0.00102
2152.12792,0.00080
2150.19949,0.00049
2148.27106,0.00022
2146.34263,0.00009
2144.41420,-0.00010
2142.48577,0.00003
2140.55734,0.00068
2138.62891,0.00141
2136.70048,0.00195
2134.77205,0.00197
2132.84362,0.00133
2130.91519,0.00067
2128.98676,0.00044
2127.05833,0.00030
2125.12990,0.00000
2123.20147,-0.00001
2121.27304,0.00034
2119.34461,0.00053
2117.41618,0.00068
2115.48775,0.00113
2113.55932,0.00128
2111.63089,0.00082
2109.70245,0.00069
2107.77402,0.00110
2105.84559,0.00115
2103.91716,0.00072
2101.98873,0.00035
2100.06030,0.00019
2098.13187,0.00009
2096.20344,-0.00010
2094.27501,0.00017
2092.34658,0.00099
2090.41815,0.00153
2088.48972,0.00174
2086.56129,0.00198
2084.63286,0.00175
2082.70443,0.00095
2080.77600,0.00051
2078.84757,0.00047
2076.91914,0.00039
2074.99071,0.00065
2073.06228,0.00112
2071.13385,0.00081
2069.20542,0.00000
2067.27699,-0.00000
2065.34856,0.00101
2063.42013,0.00155
2061.49170,0.00090
2059.56327,0.00013
2057.63484,0.00005
2055.70641,0.00030
2053.77798,0.00060
2051.84955,0.00102
2049.92112,0.00122
2047.99269,0.00099
2046.06426,0.00097
2044.13583,0.00149
2042.20740,0.00193
2040.27897,0.00170
2038.35054,0.00111
2036.42211,0.00077
2034.49368,0.00069
2032.56525,0.00066
2030.63682,0.00072
2028.70839,0.00098
2026.77996,0.00141
2024.85153,0.00148
2022.92310,0.00099
2020.99467,0.00051
2019.06624,0.00064
2017.13781,0.00121
2015.20938,0.00145
2013.28095,0.00131
2011.35252,0.00155
2009.42409,0.00228
2007.49566,0.00260
2005.56723,0.00223
2003.63880,0.00180
2001.71037,0.00156
1999.78194,0.00150
1997.85351,0.00188
1995.92508,0.00254
1993.99665,0.00309
1992.06822,0.00334
1990.13979,0.00299
1988.21136,0.00244
1986.28293,0.00213
1984.35450,0.00171
1982.42607,0.00094
1980.49764,0.00007
1978.56921,0.00000
1976.64078,0.00110
1974.71235,0.00251
1972.78392,0.00317
1970.85549,0.00330
1968.92706,0.00320
1966.99863,0.00270
1965.07020,0.00188
1963.14177,0.00103
1961.21334,0.00052
1959.28491,0.00037
1957.35648,0.00047
1955.42805,0.00088
1953.49962,0.00132
1951.57119,0.00148
1949.64276,0.00156
1947.71433,0.00174
1945.78590,0.00204
1943.85747,0.00251
1941.92904,0.00272
1940.00061,0.00260
1938.07218,0.00241
1936.14375,0.00193
1934.21532,0.00121
1932.28689,0.00057
1930.35846,0.00016
1928.43003,0.00030
1926.50160,0.00090
1924.57317,0.00133
1922.64474,0.00140
1920.71631,0.00108
1918.78788,0.00055
1916.85945,0.00050
1914.93102,0.00092
1913.00259,0.00112
1911.07416,0.00113
1909.14573,0.00151
1907.21730,0.00181
1905.28887,0.00150
1903.36044,0.00101
1901.43201,0.00091
1899.50358,0.00099
1897.57515,0.00097
1895.64672,0.00106
1893.71829,0.00138
1891.78986,0.00151
1889.86143,0.00139
1887.93300,0.00134
1886.00457,0.00124
1884.07614,0.00102
1882.14771,0.00098
1880.21928,0.00119
1878.29085,0.00152
1876.36242,0.00176
1874.43399,0.00168
1872.50556,0.00118
1870.57713,0.00052
1868.64870,0.00036
1866.72027,0.00094
1864.79184,0.00156
1862.86341,0.00153
1860.93498,0.00092
1859.00655,0.00042
1857.07812,0.00039
1855.14969,0.00070
1853.22126,0.00127
1851.29283,0.00186
1849.36440,0.00181
1847.43597,0.00109
1845.50754,0.00085
1843.57911,0.00171
1841.65068,0.00241
1839.72225,0.00251
1837.79382,0.00283
1835.86539,0.00351
1833.93696,0.00323
1832.00853,0.00145
1830.08010,0.00000
1828.15167,0.00036
1826.22324,0.00111
1824.29481,0.00164
1822.36638,0.00227
1820.43795,0.00254
1818.50952,0.00233
1816.58109,0.00200
1814.65266,0.00163
1812.72423,0.00133
1810.79580,0.00144
1808.86737,0.00190
1806.93894,0.00207
1805.01051,0.00187
1803.08208,0.00143
1801.15365,0.00104
1799.22522,0.00137
1797.29679,0.00246
1795.36836,0.00308
1793.43993,0.00267
1791.51150,0.00256
1789.58307,0.00310
1787.65464,0.00343
1785.72621,0.00343
1783.79778,0.00292
1781.86935,0.00162
1779.94092,0.00070
1778.01249,0.00099
1776.08406,0.00097
1774.15563,0.00000
1772.22720,0.00027
1770.29877,0.00281
1768.37034,0.00432
1766.44191,0.00365
1764.51348,0.00214
1762.58505,0.00155
1760.65662,0.00243
1758.72819,0.00328
1756.79976,0.00312
1754.87133,0.00267
1752.94290,0.00247
1751.01447,0.00202
1749.08604,0.00144
1747.15761,0.00166
1745.22918,0.00228
1743.30075,0.00260
1741.37232,0.00286
1739.44389,0.00339
1737.51546,0.00360
1735.58703,0.00283
1733.65860,0.00209
1731.73017,0.00273
1729.80174,0.00345
1727.87331,0.00338
1725.94488,0.00281
1724.01645,0.00257
1722.08802,0.00251
1720.15959,0.00129
1718.23116,0.00000
1716.30273,0.00254
1714.37430,0.00652
1712.44587,0.00856
1710.51744,0.00913
1708.58901,0.00968
1706.66058,0.01206
1704.73215,0.01664
1702.80372,0.02003
1700.87529,0.02168
1698.94686,0.02523
1697.01843,0.03175
1695.09000,0.03828
1693.16157,0.04247
1691.23314,0.04502
1689.30471,0.04698
1687.37628,0.04863
1685.44785,0.05200
1683.51942,0.06053
1681.59099,0.06902
1679.66256,0.07287
1677.73413,0.07396
1675.80570,0.07553
1673.87727,0.07874
1671.94884,0.08279
1670.02041,0.08833
1668.09198,0.09482
1666.16355,0.09897
1664.23512,0.10239
1662.30669,0.10857
1660.37826,0.11643
1658.44983,0.12194
1656.52140,0.12404
1654.59297,0.12489
1652.66454,0.12784
1650.73611,0.13154
1648.80768,0.13152
1646.87925,0.12850
1644.95082,0.12728
1643.02239,0.12752
1641.09396,0.12639
1639.16553,0.12213
1637.23710,0.11550
1635.30867,0.11014
1633.38024,0.10720
1631.45181,0.10423
1629.52338,0.09934
1627.59495,0.09294
1625.66652,0.08669
1623.73809,0.08126
1621.80966,0.07677
1619.88123,0.07180
1617.95280,0.06507
1616.02437,0.05870
1614.09594,0.05489
1612.16751,0.05120
1610.23908,0.04553
1608.31065,0.03973
1606.38222,0.03634
1604.45379,0.03472
1602.52536,0.03304
1600.59693,0.03078
1598.66850,0.02857
1596.74007,0.02722
1594.81164,0.02696
1592.88321,0.02725
1590.95478,0.02746
1589.02635,0.02776
1587.09792,0.02847
1585.16949,0.02939
1583.24106,0.03022
1581.31263,0.03063
1579.38420,0.03030
1577.45577,0.03037
1575.52734,0.03316
1573.59891,0.03692
1571.67048,0.03900
1569.74205,0.04027
1567.81362,0.04246
1565.88519,0.04525
1563.95676,0.04748
1562.02833,0.04771
1560.09990,0.04857
1558.17147,0.05587
1556.24304,0.06578
1554.31461,0.07229
1552.38618,0.07644
1550.45775,0.07949
1548.52932,0.08146
1546.60089,0.08118
1544.67246,0.07860
1542.74403,0.07806
1540.81560,0.08350
1538.88717,0.08997
1536.95874,0.09113
1535.03031,0.08816
1533.10188,0.08320
1531.17345,0.07908
1529.24502,0.07586
1527.31659,0.07296
1525.38816,0.07118
1523.45973,0.06967
1521.53130,0.06857
1519.60287,0.06884
1517.67444,0.06775
1515.74601,0.06512
1513.81758,0.06316
1511.88915,0.06171
1509.96072,0.05869
1508.03229,0.05180
1506.10385,0.04297
1504.17542,0.03896
1502.24699,0.03854
1500.31856,0.03607
1498.39013,0.03028
1496.46170,0.02432
1494.53327,0.02030
1492.60484,0.01665
1490.67641,0.01175
1488.74798,0.00767
1486.81955,0.00621
1484.89112,0.00635
1482.96269,0.00675
1481.03426,0.00694
1479.10583,0.00656
1477.17740,0.00514
1475.24897,0.00298
1473.32054,0.00237
1471.39211,0.00490
1469.46368,0.00773
1467.53525,0.00880
1465.60682,0.00906
1463.67839,0.00992
1461.74996,0.00964
1459.82153,0.00705
1457.89310,0.00609
1455.96467,0.01064
1454.03624,0.01405
1452.10781,0.01373
1450.17938,0.01148
1448.25095,0.00997
1446.32252,0.01029
1444.39409,0.01131
1442.46566,0.01174
1440.53723,0.01117
1438.60880,0.01009
1436.68037,0.00913
1434.75194,0.00793
1432.82351,0.00618
1430.89508,0.00479
1428.96665,0.00444
1427.03822,0.00449
1425.10979,0.00463
1423.18136,0.00542
1421.25293,0.00674
1419.32450,0.00799
1417.39607,0.00866
1415.46764,0.00850
1413.53921,0.00820
1411.61078,0.00849
1409.68235,0.00917
1407.75392,0.00936
1405.82549,0.00916
1403.89706,0.00934
1401.96863,0.01005
1400.04020,0.01124
1398.11177,0.01264
1396.18334,0.01382
1394.25491,0.01495
1392.32648,0.01567
1390.39805,0.01498
1388.46962,0.01291
1386.54119,0.01078
1384.61276,0.00964
1382.68433,0.00934
1380.75590,0.00934
1378.82747,0.00871
1376.89904,0.00681
1374.97061,0.00477
1373.04218,0.00420
1371.11375,0.00424
1369.18532,0.00349
1367.25689,0.00255
1365.32846,0.00268
1363.40003,0.00341
1361.47160,0.00320
1359.54317,0.00195
1357.61474,0.00069
1355.68631,0.00000
1353.75788,-0.00001
1351.82945,0.00043
1349.90102,0.00061
1347.97259,0.00041
1346.04416,0.00020
1344.11573,0.00053
1342.18730,0.00157
1340.25887,0.00261
1338.33044,0.00235
1336.40201,0.00103
1334.47358,0.00042
1332.54515,0.00080
1330.61672,0.00114
1328.68829,0.00092
1326.75986,0.00070
1324.83143,0.00109
1322.90300,0.00207
1320.97457,0.00334
1319.04614,0.00460
1317.11771,0.00533
1315.18928,0.00547
1313.26085,0.00536
1311.33242,0.00514
1309.40399,0.00503
1307.47556,0.00565
1305.54713,0.00647
1303.61870,0.00624
1301.69027,0.00552
1299.76184,0.00592
1297.83341,0.00726
1295.90498,0.00809
1293.97655,0.00785
1292.04812,0.00743
1290.11969,0.00792
1288.19126,0.00927
1286.26283,0.01074
1284.33440,0.01158
1282.40597,0.01148
1280.47754,0.01103
1278.54911,0.01132
1276.62068,0.01293
1274.69225,0.01490
1272.76382,0.01587
1270.83539,0.01605
1268.90696,0.01673
1266.97853,0.01837
1265.05010,0.01997
1263.12167,0.02065
1261.19324,0.02114
1259.26481,0.02289
1257.33638,0.02593
1255.40795,0.02906
1253.47952,0.03159
1251.55109,0.03420
1249.62266,0.03738
1247.69423,0.04035
1245.76580,0.04311
1243.83737,0.04632
1241.90894,0.04935
1239.98051,0.05135
1238.05208,0.05266
1236.12365,0.05409
1234.19522,0.05596
1232.26679,0.05826
1230.33836,0.06100
1228.40993,0.06350
1226.48150,0.06527
1224.55307,0.06706
1222.62464,0.06900
1220.69621,0.07044
1218.76778,0.07231
1216.83935,0.07520
1214.91092,0.07782
1212.98249,0.07995
1211.05406,0.08223
1209.12563,0.08449
1207.19720,0.08629
1205.26877,0.08702
1203.34034,0.08692
1201.41191,0.08739
1199.48348,0.08923
1197.55505,0.09170
1195.62662,0.09430
1193.69819,0.09637
1191.76976,0.09820
1189.84133,0.10107
1187.91290,0.10543
1185.98447,0.10981
1184.05604,0.11322
1182.12761,0.11627
1180.19918,0.11925
1178.27075,0.12184
1176.34232,0.12449
1174.41389,0.12835
1172.48546,0.13280
1170.55703,0.13666
1168.62860,0.14052
1166.70017,0.14480
1164.77174,0.14910
1162.84331,0.15338
1160.91488,0.15803
1158.98645,0.16427
1157.05802,0.17256
1155.12959,0.18126
1153.20116,0.18890
1151.27273,0.19519
1149.34430,0.20024
1147.41587,0.20433
1145.48744,0.20759
1143.55901,0.21007
1141.63058,0.21133
1139.70215,0.21151
1137.77372,0.21270
1135.84529,0.21447
1133.91686,0.21462
1131.98843,0.21575
1130.06000,0.22035
1128.13157,0.22518
1126.20314,0.22743
1124.27471,0.22875
1122.34628,0.23234
1120.41785,0.23821
1118.48942,0.24467
1116.56099,0.25293
1114.63256,0.26204
1112.70413,0.26904
1110.77570,0.27580
1108.84727,0.28341
1106.91884,0.28867
1104.99041,0.29141
1103.06198,0.29524
1101.13355,0.30291
1099.20512,0.31328
1097.27669,0.32258
1095.34826,0.33100
1093.41983,0.34081
1091.49140,0.34883
1089.56297,0.35169
1087.63454,0.35205
1085.70611,0.35310
1083.77768,0.35560
1081.84925,0.35945
1079.92082,0.36254
1077.99239,0.36307
1076.06396,0.36236
1074.13553,0.36231
1072.20710,0.36342
1070.27867,0.36348
1068.35024,0.36155
1066.42181,0.36135
1064.49338,0.36306
1062.56495,0.36297
1060.63652,0.36080
1058.70809,0.35671
1056.77966,0.35001
1054.85123,0.34367
1052.92280,0.33970
1050.99437,0.33568
1049.06594,0.33103
1047.13751,0.32722
1045.20908,0.32292
1043.28065,0.31808
1041.35222,0.31481
1039.42379,0.30962
1037.49536,0.29831
1035.56693,0.28389
1033.63850,0.26915
1031.71007,0.25472
1029.78164,0.24202
1027.85321,0.22990
1025.92478,0.21585
1023.99635,0.20057
1022.06792,0.18675
1020.13949,0.17464
1018.21106,0.16365
1016.28263,0.15428
1014.35420,0.14601
1012.42577,0.13790
1010.49734,0.12966
1008.56891,0.12067
1006.64048,0.11033
1004.71205,0.09924
1002.78362,0.08940
1000.85519,0.08201
998.92676,0.07606
996.99833,0.07101
995.06990,0.06773
993.14147,0.06555
991.21304,0.06346
989.28461,0.06202
987.35618,0.06141
985.42775,0.06107
983.49932,0.06050
981.57089,0.06047
979.64246,0.06219
977.71403,0.06439
975.78560,0.06507
973.85717,0.06427
971.92874,0.06323
970.00031,0.06194
968.07188,0.05981
966.14345,0.05785
964.21502,0.05676
962.28659,0.05539
960.35816,0.05314
958.42973,0.05094
956.50130,0.04932
954.57287,0.04770
952.64444,0.04593
950.71601,0.04455
948.78758,0.04331
946.85915,0.04193
944.93072,0.04153
943.00229,0.04149
941.07386,0.03978
939.14543,0.03762
937.21700,0.03651
935.28857,0.03554
933.36014,0.03404
931.43171,0.03214
929.50328,0.03061
927.57485,0.02955
925.64642,0.02810
923.71799,0.02635
921.78956,0.02424
919.86113,0.02169
917.93270,0.02031
916.00427,0.02111
914.07584,0.02268
912.14741,0.02296
910.21898,0.02150
908.29055,0.02004
906.36212,0.01949
904.43368,0.01784
902.50525,0.01479
900.57682,0.01326
898.64839,0.01360
896.71996,0.01349
894.79153,0.01225
892.86310,0.01114
890.93467,0.01165
889.00624,0.01294
887.07781,0.01294
885.14938,0.01152
883.22095,0.00928
881.29252,0.00612
879.36409,0.00298
877.43566,0.00147
875.50723,0.00128
873.57880,0.00231
871.65037,0.00522
869.72194,0.00750
867.79351,0.00724
865.86508,0.00564
863.93665,0.00396
862.00822,0.00259
860.07979,0.00078
858.15136,0.00000
856.22293,0.00320
854.29450,0.00771
852.36607,0.00970
850.43764,0.01096
848.50921,0.01230
846.58078,0.01352
844.65235,0.01592
842.72392,0.01836
840.79549,0.01973
838.86706,0.02100
836.93863,0.02297
835.01020,0.02603
833.08177,0.02940
831.15334,0.03242
829.22491,0.03578
827.29648,0.03946
825.36805,0.04290
823.43962,0.04598
821.51119,0.04808
819.58276,0.04911
817.65433,0.05006
815.72590,0.05157
813.79747,0.05408
811.86904,0.05722
809.94061,0.05891
808.01218,0.05794
806.08375,0.05613
804.15532,0.05514
802.22689,0.05461
800.29846,0.05433
798.37003,0.05474
796.44160,0.05479
794.51317,0.05301
792.58474,0.05092
790.65631,0.04997
788.72788,0.04796
786.79945,0.04374
784.87102,0.03876
782.94259,0.03409
781.01416,0.03071
779.08573,0.02922
777.15730,0.02786
775.22887,0.02417
773.30044,0.01961
771.37201,0.01747
769.44358,0.01738
767.51515,0.01751
765.58672,0.01780
763.65829,0.01805
761.72986,0.01796
759.80143,0.01842
757.87300,0.02000
755.94457,0.02253
754.01614,0.02437
752.08771,0.02381
750.15928,0.02345
748.23085,0.02579
746.30242,0.02832
744.37399,0.02803
742.44556,0.02507
740.51713,0.02212
738.58870,0.02097
736.66027,0.01909
734.73184,0.01543
732.80341,0.01498
730.87498,0.01831
728.94655,0.01969
727.01812,0.01915
725.08969,0.02057
723.16126,0.02457
721.23283,0.02548
719.30440,0.02246
717.37597,0.01723
715.44754,0.01305
713.51911,0.01308
711.59068,0.01668
709.66225,0.02002
707.73382,0.02053
705.80539,0.01914
703.87696,0.01753
701.94853,0.01666
700.02010,0.01664
698.09167,0.01585
696.16324,0.01461
694.23481,0.01651
692.30638,0.02164
690.37795,0.02513
688.44952,0.02345
686.52109,0.01889
684.59266,0.01790
682.66423,0.02308
680.73580,0.02847
678.80737,0.02798
676.87894,0.02321
674.95051,0.01826
673.02208,0.01781
671.09365,0.02657
669.16522,0.03890
667.23679,0.04299
665.30836,0.04511
663.37993,0.05477
661.45150,0.06991
659.52307,0.07935
657.59464,0.07254
655.66621,0.05353
653.73778,0.03668
651.80935,0.02959
649.88092,0.02933
647.95249,0.02966
646.02406,0.02921
644.09563,0.02897
642.16720,0.02698
640.23877,0.02327
638.31034,0.02038
636.38191,0.01888
634.45348,0.01801
632.52505,0.01728
630.59662,0.01789
628.66819,0.02595
626.73976,0.03876
624.81133,0.04235
622.88290,0.03566
620.95447,0.03005
619.02604,0.02780
617.09761,0.02330
615.16918,0.01908
613.24075,0.01569
611.31232,0.00993
609.38389,0.00127
607.45546,0.00000
605.52703,0.00575
603.59860,0.00652
601.67017,0.00398
599.74174,0.00000
