4001.49232,0.00280
3999.56389,0.00658
3997.63546,0.00623
3995.70703,0.00421
3993.77860,0.00284
3991.85017,0.00221
3989.92174,0.00151
3987.99331,0.00095
3986.06488,0.00113
3984.13645,0.00130
3982.20802,0.00084
3980.27959,0.00100
3978.35116,0.00242
3976.42273,0.00379
3974.49430,0.00387
3972.56587,0.00289
3970.63744,0.00165
3968.70901,0.00052
3966.78058,0.00000
3964.85215,0.00072
3962.92372,0.00205
3960.99529,0.00264
3959.06686,0.00240
3957.13843,0.00162
3955.21000,0.00065
3953.28157,0.00061
3951.35314,0.00179
3949.42471,0.00302
3947.49628,0.00311
3945.56785,0.00219
3943.63942,0.00109
3941.71099,0.00026
3939.78256,0.00000
3937.85413,0.00036
3935.92570,0.00125
3933.99727,0.00226
3932.06884,0.00205
3930.14041,0.00078
3928.21198,0.00056
3926.28355,0.00153
3924.35512,0.00222
3922.42669,0.00276
3920.49826,0.00368
3918.56982,0.00416
3916.64139,0.00344
3914.71296,0.00221
3912.78453,0.00178
3910.85610,0.00224
3908.92767,0.00295
3906.99924,0.00365
3905.07081,0.00535
3903.14238,0.00882
3901.21395,0.01067
3899.28552,0.00825
3897.35709,0.00496
3895.42866,0.00419
3893.50023,0.00463
3891.57180,0.00413
3889.64337,0.00412
3887.71494,0.00619
3885.78651,0.00788
3883.85808,0.00770
3881.92965,0.00706
3880.00122,0.00570
3878.07279,0.00498
3876.14436,0.00626
3874.21593,0.00742
3872.28750,0.00782
3870.35907,0.00760
3868.43064,0.00678
3866.50221,0.00711
3864.57378,0.00767
3862.64535,0.00765
3860.71692,0.00861
3858.78849,0.01092
3856.86006,0.01416
3854.93163,0.01566
3853.00320,0.01167
3851.07477,0.00732
3849.14634,0.00749
3847.21791,0.00919
3845.28948,0.00950
3843.36105,0.00882
3841.43262,0.00855
3839.50419,0.00817
3837.57576,0.00708
3835.64733,0.00681
3833.71890,0.00742
3831.79047,0.00705
3829.86204,0.00586
3827.93361,0.00525
3826.00518,0.00578
3824.07675,0.00790
3822.14832,0.00924
3820.21989,0.00756
3818.29146,0.00661
3816.36303,0.00714
3814.43460,0.00667
3812.50617,0.00635
3810.57774,0.00663
3808.64931,0.00612
3806.72088,0.00487
3804.79245,0.00521
3802.86402,0.00647
3800.93559,0.00544
3799.00716,0.00436
3797.07873,0.00401
3795.15030,0.00260
3793.22187,0.00145
3791.29344,0.00146
3789.36501,0.00175
3787.43658,0.00191
3785.50815,0.00155
3783.57972,0.00115
3781.65129,0.00147
3779.72286,0.00154
3777.79443,0.00148
3775.86600,0.00275
3773.93757,0.00455
3772.00914,0.00527
3770.08071,0.00490
3768.15228,0.00488
3766.22385,0.00543
3764.29542,0.00591
3762.36699,0.00734
3760.43856,0.00904
3758.51013,0.00921
3756.58170,0.00960
3754.65327,0.01165
3752.72484,0.01299
3750.79641,0.01224
3748.86798,0.01272
3746.93955,0.01481
3745.01112,0.01500
3743.08269,0.01210
3741.15426,0.01081
3739.22583,0.01324
3737.29740,0.01693
3735.36897,0.01719
3733.44054,0.01220
3731.51211,0.00818
3729.58368,0.00858
3727.65525,0.01100
3725.72682,0.01177
3723.79839,0.01014
3721.86996,0.00759
3719.94153,0.00555
3718.01310,0.00493
3716.08467,0.00559
3714.15624,0.00656
3712.22781,0.00629
3710.29938,0.00480
3708.37095,0.00372
3706.44252,0.00399
3704.51409,0.00523
3702.58566,0.00579
3700.65723,0.00487
3698.72880,0.00403
3696.80037,0.00382
3694.87194,0.00398
3692.94351,0.00454
3691.01508,0.00423
3689.08665,0.00246
3687.15822,0.00193
3685.22979,0.00312
3683.30136,0.00428
3681.37293,0.00455
3679.44450,0.00514
3677.51607,0.00702
3675.58764,0.00809
3673.65921,0.00816
3671.73078,0.00878
3669.80235,0.00651
3667.87392,0.00312
3665.94549,0.00255
3664.01706,0.00341
3662.08863,0.00371
3660.16020,0.00361
3658.23177,0.00340
3656.30334,0.00289
3654.37491,0.00272
3652.44648,0.00299
3650.51805,0.00183
3648.58962,0.00000
3646.66119,0.00008
3644.73276,0.00175
3642.80433,0.00334
3640.87590,0.00382
3638.94747,0.00365
3637.01904,0.00407
3635.09061,0.00505
3633.16218,0.00551
3631.23375,0.00517
3629.30532,0.00385
3627.37689,0.00339
3625.44846,0.00558
3623.52003,0.00826
3621.59160,0.00893
3619.66317,0.00722
3617.73474,0.00568
3615.80631,0.00670
3613.87788,0.00913
3611.94945,0.01167
3610.02102,0.01330
3608.09259,0.01190
3606.16416,0.00885
3604.23573,0.00774
3602.30730,0.00761
3600.37887,0.00605
3598.45044,0.00427
3596.52201,0.00415
3594.59358,0.00510
3592.66515,0.00598
3590.73672,0.00691
3588.80829,0.00724
3586.87986,0.00622
3584.95143,0.00573
3583.02300,0.00619
3581.09457,0.00588
3579.16614,0.00474
3577.23771,0.00411
3575.30928,0.00409
3573.38085,0.00416
3571.45242,0.00479
3569.52399,0.00610
3567.59556,0.00682
3565.66713,0.00673
3563.73870,0.00693
3561.81027,0.00710
3559.88184,0.00680
3557.95341,0.00661
3556.02498,0.00690
3554.09655,0.00704
3552.16812,0.00657
3550.23969,0.00644
3548.31126,0.00742
3546.38283,0.00799
3544.45440,0.00697
3542.52597,0.00589
3540.59754,0.00601
3538.66911,0.00644
3536.74068,0.00609
3534.81225,0.00522
3532.88382,0.00470
3530.95539,0.00485
3529.02696,0.00570
3527.09853,0.00692
3525.17010,0.00755
3523.24167,0.00746
3521.31324,0.00748
3519.38481,0.00744
3517.45638,0.00658
3515.52795,0.00529
3513.59952,0.00460
3511.67109,0.00465
3509.74266,0.00499
3507.81423,0.00602
3505.88580,0.00786
3503.95737,0.00884
3502.02894,0.00810
3500.10051,0.00698
3498.17208,0.00638
3496.24365,0.00619
3494.31522,0.00653
3492.38679,0.00755
3490.45836,0.00856
3488.52993,0.00845
3486.60150,0.00781
3484.67307,0.00829
3482.74464,0.00945
3480.81621,0.00995
3478.88778,0.00975
3476.95935,0.00922
3475.03092,0.00869
3473.10249,0.00852
3471.17406,0.00872
3469.24563,0.00888
3467.31720,0.00854
3465.38877,0.00761
3463.46034,0.00652
3461.53191,0.00578
3459.60348,0.00588
3457.67505,0.00708
3455.74662,0.00845
3453.81819,0.00888
3451.88976,0.00858
3449.96133,0.00812
3448.03290,0.00757
3446.10447,0.00757
3444.17604,0.00867
3442.24761,0.00969
3440.31918,0.00980
3438.39075,0.00920
3436.46232,0.00817
3434.53389,0.00748
3432.60546,0.00737
3430.67703,0.00744
3428.74860,0.00797
3426.82017,0.00879
3424.89174,0.00911
3422.96331,0.00929
3421.03488,0.00982
3419.10645,0.00990
3417.17802,0.00957
3415.24959,0.00936
3413.32116,0.00877
3411.39273,0.00794
3409.46430,0.00794
3407.53587,0.00885
3405.60744,0.00973
3403.67901,0.00981
3401.75058,0.00969
3399.82215,0.01111
3397.89372,0.01153
3395.96529,0.01136
3394.03686,0.01102
3392.10843,0.01074
3390.18000,0.01081
3388.25157,0.01159
3386.32314,0.01222
3384.39471,0.01171
3382.46628,0.01058
3380.53785,0.00981
3378.60942,0.00948
3376.68099,0.00913
3374.75256,0.00876
3372.82413,0.00861
3370.89570,0.00907
3368.96727,0.01042
3367.03884,0.01187
3365.11041,0.01202
3363.18198,0.01124
3361.25355,0.01094
3359.32512,0.01120
3357.39669,0.01139
3355.46826,0.01158
3353.53983,0.01195
3351.61140,0.01174
3349.68297,0.01041
3347.75454,0.00908
3345.82611,0.00890
3343.89768,0.00960
3341.96925,0.01089
3340.04082,0.01271
3338.11239,0.01416
3336.18396,0.01426
3334.25553,0.01324
3332.32710,0.01221
3330.39867,0.01206
3328.47024,0.01264
3326.54181,0.01301
3324.61338,0.01290
3322.68495,0.01282
3320.75652,0.01292
3318.82809,0.01316
3316.89966,0.01338
3314.97122,0.01274
3313.04279,0.01148
3311.11436,0.01104
3309.18593,0.01132
3307.25750,0.01133
3305.32907,0.01108
3303.40064,0.01097
3301.47221,0.01132
3299.54378,0.01228
3297.61535,0.01322
3295.68692,0.01337
3293.75849,0.01287
3291.83006,0.01265
3289.90163,0.01289
3287.97320,0.01276
3286.04477,0.01254
3284.11634,0.01330
3282.18791,0.01430
3280.25948,0.01430
3278.33105,0.01385
3276.40262,0.01366
3274.47419,0.01341
3272.54576,0.01303
3270.61733,0.01293
3268.68890,0.01345
3266.76047,0.01417
3264.83204,0.01407
3262.90361,0.01322
3260.97518,0.01257
3259.04675,0.01202
3257.11832,0.01133
3255.18989,0.01114
3253.26146,0.01145
3251.33303,0.01113
3249.40460,0.01019
3247.47617,0.01033
3245.54774,0.01190
3243.61931,0.01326
3241.69088,0.01362
3239.76245,0.01352
3237.83402,0.01356
3235.90559,0.01394
3233.97716,0.01411
3232.04873,0.01322
3230.12030,0.01178
3228.19187,0.01104
3226.26344,0.01056
3224.33501,0.00973
3222.40658,0.00923
3220.47815,0.00905
3218.54972,0.00878
3216.62129,0.00921
3214.69286,0.01046
3212.76443,0.01129
3210.83600,0.01104
3208.90757,0.01014
3206.97914,0.00956
3205.05071,0.00963
3203.12228,0.00957
3201.19385,0.00933
3199.26542,0.00926
3197.33699,0.00903
3195.40856,0.00867
3193.48013,0.00834
3191.55170,0.00755
3189.62327,0.00678
3187.69484,0.00689
3185.76641,0.00742
3183.83798,0.00780
3181.90955,0.00819
3179.98112,0.00835
3178.05269,0.00768
3176.12426,0.00659
3174.19583,0.00630
3172.26740,0.00699
3170.33897,0.00756
3168.41054,0.00711
3166.48211,0.00618
3164.55368,0.00593
3162.62525,0.00617
3160.69682,0.00600
3158.76839,0.00541
3156.83996,0.00474
3154.91153,0.00419
3152.98310,0.00431
3151.05467,0.00496
3149.12624,0.00534
3147.19781,0.00518
3145.26938,0.00460
3143.34095,0.00382
3141.41252,0.00292
3139.48409,0.00214
3137.55566,0.00215
3135.62723,0.00318
3133.69880,0.00435
3131.77037,0.00458
3129.84194,0.00415
3127.91351,0.00376
3125.98508,0.00337
3124.05665,0.00299
3122.12822,0.00235
3120.19979,0.00126
3118.27136,0.00103
3116.34293,0.00217
3114.41450,0.00317
3112.48607,0.00323
3110.55764,0.00272
3108.62921,0.00211
3106.70078,0.00196
3104.77235,0.00236
3102.84392,0.00269
3100.91549,0.00258
3098.98706,0.00253
3097.05863,0.00278
3095.13020,0.00252
3093.20177,0.00148
3091.27334,0.00072
3089.34491,0.00083
3087.41648,0.00122
3085.48805,0.00156
3083.55962,0.00211
3081.63119,0.00255
3079.70276,0.00236
3077.77433,0.00178
3075.84590,0.00106
3073.91747,0.00040
3071.98904,0.00043
3070.06061,0.00129
3068.13218,0.00238
3066.20375,0.00306
3064.27532,0.00293
3062.34689,0.00224
3060.41846,0.00183
3058.49003,0.00173
3056.56160,0.00119
3054.63317,0.00027
3052.70474,0.00002
3050.77631,0.00067
3048.84788,0.00132
3046.91945,0.00147
3044.99102,0.00133
3043.06259,0.00087
3041.13416,0.00026
3039.20573,0.00000
3037.27730,0.00004
3035.34887,0.00059
3033.42044,0.00176
3031.49201,0.00276
3029.56358,0.00292
3027.63515,0.00276
3025.70672,0.00268
3023.77829,0.00221
3021.84986,0.00131
3019.92143,0.00087
3017.99300,0.00129
3016.06457,0.00198
3014.13614,0.00230
3012.20771,0.00220
3010.27928,0.00219
3008.35085,0.00243
3006.42242,0.00241
3004.49399,0.00179
3002.56556,0.00075
3000.63713,0.00000
2998.70870,0.00028
2996.78027,0.00102
2994.85184,0.00154
2992.92341,0.00171
2990.99498,0.00143
2989.06655,0.00084
2987.13812,0.00063
2985.20969,0.00102
2983.28126,0.00131
2981.35283,0.00135
2979.42440,0.00143
2977.49597,0.00143
2975.56754,0.00121
2973.63911,0.00095
2971.71068,0.00098
2969.78225,0.00164
2967.85382,0.00275
2965.92539,0.00354
2963.99696,0.00322
2962.06853,0.00189
2960.14010,0.00097
2958.21167,0.00128
2956.28324,0.00193
2954.35481,0.00201
2952.42638,0.00183
2950.49795,0.00172
2948.56952,0.00154
2946.64109,0.00157
2944.71266,0.00178
2942.78423,0.00174
2940.85580,0.00166
2938.92737,0.00186
2936.99894,0.00229
2935.07051,0.00272
2933.14208,0.00269
2931.21365,0.00215
2929.28522,0.00188
2927.35679,0.00237
2925.42836,0.00292
2923.49993,0.00305
2921.57150,0.00281
2919.64307,0.00228
2917.71464,0.00186
2915.78621,0.00197
2913.85778,0.00243
2911.92935,0.00255
2910.00092,0.00225
2908.07249,0.00231
2906.14406,0.00259
2904.21563,0.00227
2902.28720,0.00154
2900.35877,0.00099
2898.43034,0.00077
2896.50191,0.00088
2894.57348,0.00131
2892.64505,0.00164
2890.71662,0.00131
2888.78819,0.00099
2886.85976,0.00142
2884.93133,0.00177
2883.00290,0.00132
2881.07447,0.00052
2879.14604,0.00007
2877.21761,0.00032
2875.28918,0.00093
2873.36075,0.00129
2871.43232,0.00138
2869.50389,0.00173
2867.57546,0.00232
2865.64703,0.00248
2863.71860,0.00214
2861.79017,0.00178
2859.86174,0.00162
2857.93331,0.00150
2856.00488,0.00135
2854.07645,0.00106
2852.14802,0.00064
2850.21959,0.00034
2848.29116,0.00038
2846.36273,0.00065
2844.43430,0.00097
2842.50587,0.00124
2840.57744,0.00157
2838.64901,0.00182
2836.72058,0.00145
2834.79215,0.00075
2832.86372,0.00046
2830.93529,0.00051
2829.00686,0.00058
2827.07843,0.00077
2825.15000,0.00090
2823.22157,0.00081
2821.29314,0.00071
2819.36471,0.00069
2817.43628,0.00101
2815.50785,0.00136
2813.57942,0.00082
2811.65099,0.00003
2809.72256,0.00000
2807.79413,0.00026
2805.86570,0.00046
2803.93727,0.00072
2802.00884,0.00092
2800.08041,0.00099
2798.15198,0.00098
2796.22355,0.00114
2794.29512,0.00150
2792.36669,0.00168
2790.43826,0.00182
2788.50983,0.00202
2786.58140,0.00178
2784.65297,0.00126
2782.72454,0.00089
2780.79611,0.00058
2778.86768,0.00025
2776.93925,0.00015
2775.01082,0.00036
2773.08239,0.00070
2771.15396,0.00102
2769.22553,0.00097
2767.29710,0.00041
2765.36867,0.00000
2763.44024,0.00018
2761.51181,0.00053
2759.58338,0.00087
2757.65495,0.00120
2755.72652,0.00138
2753.79809,0.00145
2751.86966,0.00121
2749.94123,0.00097
2748.01280,0.00135
2746.08437,0.00161
2744.15594,0.00118
2742.22751,0.00106
2740.29908,0.00188
2738.37065,0.00253
2736.44222,0.00196
2734.51379,0.00109
2732.58536,0.00132
2730.65693,0.00211
2728.72850,0.00222
2726.80007,0.00176
2724.87164,0.00144
2722.94321,0.00110
2721.01478,0.00058
2719.08635,0.00046
2717.15792,0.00086
2715.22949,0.00100
2713.30105,0.00053
2711.37262,0.00021
2709.44419,0.00062
2707.51576,0.00119
2705.58733,0.00139
2703.65890,0.00131
2701.73047,0.00101
2699.80204,0.00064
2697.87361,0.00081
2695.94518,0.00136
2694.01675,0.00131
2692.08832,0.00068
2690.15989,0.00026
2688.23146,0.00018
2686.30303,0.00047
2684.37460,0.00096
2682.44617,0.00109
2680.51774,0.00090
2678.58931,0.00070
2676.66088,0.00038
2674.73245,0.00005
2672.80402,0.00016
2670.87559,0.00077
2668.94716,0.00118
2667.01873,0.00107
2665.09030,0.00103
2663.16187,0.00110
2661.23344,0.00098
2659.30501,0.00102
2657.37658,0.00131
2655.44815,0.00128
2653.51972,0.00091
2651.59129,0.00071
2649.66286,0.00082
2647.73443,0.00105
2645.80600,0.00110
2643.87757,0.00077
2641.94914,0.00032
2640.02071,0.00005
2638.09228,0.00000
2636.16385,0.00003
2634.23542,0.00019
2632.30699,0.00032
2630.37856,0.00023
2628.45013,0.00035
2626.52170,0.00080
2624.59327,0.00102
2622.66484,0.00118
2620.73641,0.00160
2618.80798,0.00162
2616.87955,0.00123
2614.95112,0.00105
2613.02269,0.00104
2611.09426,0.00103
2609.16583,0.00119
2607.23740,0.00134
2605.30897,0.00118
2603.38054,0.00093
2601.45211,0.00100
2599.52368,0.00136
2597.59525,0.00159
2595.66682,0.00145
2593.73839,0.00110
2591.80996,0.00083
2589.88153,0.00084
2587.95310,0.00100
2586.02467,0.00101
2584.09624,0.00086
2582.16781,0.00073
2580.23938,0.00065
2578.31095,0.00055
2576.38252,0.00041
2574.45409,0.00027
2572.52566,0.00029
2570.59723,0.00059
2568.66880,0.00094
2566.74037,0.00083
2564.81194,0.00057
2562.88351,0.00089
2560.95508,0.00134
2559.02665,0.00125
2557.09822,0.00112
2555.16979,0.00119
2553.24136,0.00107
2551.31293,0.00083
2549.38450,0.00068
2547.45607,0.00060
2545.52764,0.00063
2543.59921,0.00076
2541.67078,0.00068
2539.74235,0.00030
2537.81392,0.00020
2535.88549,0.00077
2533.95706,0.00148
2532.02863,0.00162
2530.10020,0.00142
2528.17177,0.00152
2526.24334,0.00168
2524.31491,0.00122
2522.38648,0.00040
2520.45805,0.00000
2518.52962,0.00029
2516.60119,0.00091
2514.67276,0.00114
2512.74433,0.00089
2510.81590,0.00059
2508.88747,0.00052
2506.95904,0.00068
2505.03061,0.00090
2503.10218,0.00121
2501.17375,0.00146
2499.24532,0.00135
2497.31689,0.00100
2495.38846,0.00069
2493.46003,0.00069
2491.53160,0.00106
2489.60317,0.00142
2487.67474,0.00139
2485.74631,0.00098
2483.81788,0.00055
2481.88945,0.00051
2479.96102,0.00087
2478.03259,0.00109
2476.10416,0.00106
2474.17573,0.00113
2472.24730,0.00105
2470.31887,0.00052
2468.39044,0.00000
2466.46201,0.00005
2464.53358,0.00059
2462.60515,0.00119
2460.67672,0.00145
2458.74829,0.00123
2456.81986,0.00087
2454.89143,0.00084
2452.96300,0.00097
2451.03457,0.00090
2449.10614,0.00080
2447.17771,0.00073
2445.24928,0.00045
2443.32085,0.00037
2441.39242,0.00093
2439.46399,0.00154
2437.53556,0.00155
2435.60713,0.00122
2433.67870,0.00082
2431.75027,0.00079
2429.82184,0.00076
2427.89341,0.00074
2425.96498,0.00071
2424.03655,0.00068
2422.10812,0.00066
2420.17969,0.00063
2418.25126,0.00061
2416.32283,0.00058
2414.39440,0.00056
2412.46597,0.00054
2410.53754,0.00051
2408.60911,0.00049
2406.68068,0.00047
2404.75225,0.00045
2402.82382,0.00043
2400.89539,0.00041
2398.96696,0.00038
2397.03853,0.00036
2395.11010,0.00035
2393.18167,0.00033
2391.25324,0.00031
2389.32481,0.00029
2387.39638,0.00027
2385.46795,0.00025
2383.53952,0.00024
2381.61109,0.00022
2379.68266,0.00021
2377.75423,0.00019
2375.82580,0.00018
2373.89737,0.00016
2371.96894,0.00015
2370.04051,0.00013
2368.11208,0.00012
2366.18365,0.00011
2364.25522,0.00009
2362.32679,0.00008
2360.39836,0.00007
2358.46993,0.00006
2356.54150,0.00005
2354.61307,0.00004
2352.68464,0.00003
2350.75621,0.00002
2348.82778,0.00001
2346.89935,0.00000
2344.97092,-0.00001
2343.04249,-0.00001
2341.11406,-0.00002
2339.18563,-0.00003
2337.25720,-0.00003
2335.32877,-0.00004
2333.40034,-0.00005
2331.47191,-0.00005
2329.54348,-0.00006
2327.61505,-0.00006
2325.68662,-0.00006
2323.75819,-0.00007
2321.82976,-0.00007
2319.90133,-0.00007
2317.97290,-0.00007
2316.04447,-0.00008
2314.11604,-0.00008
2312.18761,-0.00008
2310.25918,-0.00008
2308.33075,-0.00008
2306.40232,-0.00008
2304.47389,-0.00008
2302.54546,-0.00007
2300.61703,-0.00007
2298.68860,-0.00007
2296.76017,-0.00007
2294.83174,-0.00006
2292.90331,-0.00006
2290.97488,-0.00006
2289.04645,-0.00005
2287.11802,-0.00005
2285.18959,-0.00004
2283.26116,-0.00004
2281.33273,-0.00003
2279.40430,-0.00002
2277.47587,-0.00002
2275.54744,-0.00001
2273.61901,0.00000
2271.69058,0.00000
2269.76215,0.00001
2267.83372,0.00001
2265.90529,0.00001
2263.97686,0.00002
2262.04843,0.00010
2260.12000,0.00020
2258.19157,0.00027
2256.26314,0.00018
2254.33471,-0.00001
2252.40628,0.00003
2250.47785,0.00078
2248.54942,0.00240
2246.62099,0.00210
2244.69256,0.00164
2242.76413,0.00129
2240.83570,0.00099
2238.90727,0.00105
2236.97884,0.00171
2235.05041,0.00210
2233.12198,0.00160
2231.19355,0.00098
2229.26512,0.00094
2227.33669,0.00097
2225.40826,0.00072
2223.47983,0.00044
2221.55140,0.00029
2219.62297,0.00022
2217.69454,0.00025
2215.76611,0.00044
2213.83768,0.00072
2211.90925,0.00076
2209.98082,0.00043
2208.05239,0.00024
2206.12396,0.00076
2204.19553,0.00150
2202.26710,0.00155
2200.33867,0.00104
2198.41024,0.00075
2196.48181,0.00090
2194.55338,0.00115
2192.62495,0.00109
2190.69652,0.00080
2188.76809,0.00052
2186.83966,0.00033
2184.91123,0.00034
2182.98280,0.00048
2181.05437,0.00056
2179.12594,0.00078
2177.19751,0.00104
2175.26908,0.00092
2173.34065,0.00040
2171.41222,0.00000
2169.48379,0.00023
2167.55536,0.00078
2165.62693,0.00082
2163.69850,0.00040
2161.77007,0.00024
2159.84164,0.00054
2157.91321,0.00081
2155.98478,0.00068
2154.05635,0.00040
2152.12792,0.00040
2150.19949,0.00050
2148.27106,0.00045
2146.34263,0.00029
2144.41420,0.00016
2142.48577,0.00038
2140.55734,0.00082
2138.62891,0.00114
2136.70048,0.00132
2134.77205,0.00120
2132.84362,0.00084
2130.91519,0.00075
2128.98676,0.00098
2127.05833,0.00104
2125.12990,0.00074
2123.20147,0.00046
2121.27304,0.00041
2119.34461,0.00051
2117.41618,0.00082
2115.48775,0.00114
2113.55932,0.00073
2111.63089,0.00000
2109.70245,0.00002
2107.77402,0.00048
2105.84559,0.00067
2103.91716,0.00071
2101.98873,0.00065
2100.06030,0.00043
2098.13187,0.00022
2096.20344,0.00012
2094.27501,0.00036
2092.34658,0.00091
2090.41815,0.00122
2088.48972,0.00122
2086.56129,0.00124
2084.63286,0.00107
2082.70443,0.00062
2080.77600,0.00043
2078.84757,0.00060
2076.91914,0.00076
2074.99071,0.00081
2073.06228,0.00078
2071.13385,0.00074
2069.20542,0.00115
2067.27699,0.00198
2065.34856,0.00234
2063.42013,0.00189
2061.49170,0.00131
2059.56327,0.00091
2057.63484,0.00061
2055.70641,0.00051
2053.77798,0.00061
2051.84955,0.00069
2049.92112,0.00062
2047.99269,0.00061
2046.06426,0.00085
2044.13583,0.00115
2042.20740,0.00115
2040.27897,0.00081
2038.35054,0.00058
2036.42211,0.00055
2034.49368,0.00033
2032.56525,0.00000
2030.63682,0.00009
2028.70839,0.00061
2026.77996,0.00105
2024.85153,0.00110
2022.92310,0.00109
2020.99467,0.00125
2019.06624,0.00130
2017.13781,0.00109
2015.20938,0.00098
2013.28095,0.00111
2011.35252,0.00134
2009.42409,0.00162
2007.49566,0.00158
2005.56723,0.00123
2003.63880,0.00116
2001.71037,0.00138
1999.78194,0.00138
1997.85351,0.00118
1995.92508,0.00128
1993.99665,0.00152
1992.06822,0.00132
1990.13979,0.00076
1988.21136,0.00048
1986.28293,0.00061
1984.35450,0.00070
1982.42607,0.00061
1980.49764,0.00055
1978.56921,0.00078
1976.64078,0.00115
1974.71235,0.00105
1972.78392,0.00059
1970.85549,0.00054
1968.92706,0.00069
1966.99863,0.00036
1965.07020,0.00004
1963.14177,0.00006
1961.21334,0.00005
1959.28491,0.00000
1957.35648,0.00011
1955.42805,0.00041
1953.49962,0.00072
1951.57119,0.00090
1949.64276,0.00104
1947.71433,0.00109
1945.78590,0.00120
1943.85747,0.00153
1941.92904,0.00160
1940.00061,0.00157
1938.07218,0.00169
1936.14375,0.00148
1934.21532,0.00098
1932.28689,0.00074
1930.35846,0.00085
1928.43003,0.00103
1926.50160,0.00109
1924.57317,0.00092
1922.64474,0.00081
1920.71631,0.00104
1918.78788,0.00107
1916.85945,0.00072
1914.93102,0.00074
1913.00259,0.00096
1911.07416,0.00077
1909.14573,0.00037
1907.21730,0.00016
1905.28887,0.00016
1903.36044,0.00031
1901.43201,0.00067
1899.50358,0.00108
1897.57515,0.00127
1895.64672,0.00133
1893.71829,0.00156
1891.78986,0.00178
1889.86143,0.00152
1887.93300,0.00118
1886.00457,0.00115
1884.07614,0.00112
1882.14771,0.00113
1880.21928,0.00126
1878.29085,0.00128
1876.36242,0.00115
1874.43399,0.00116
1872.50556,0.00153
1870.57713,0.00173
1868.64870,0.00100
1866.72027,0.00024
1864.79184,0.00050
1862.86341,0.00095
1860.93498,0.00103
1859.00655,0.00106
1857.07812,0.00110
1855.14969,0.00103
1853.22126,0.00109
1851.29283,0.00143
1849.36440,0.00176
1847.43597,0.00210
1845.50754,0.00257
1843.57911,0.00263
1841.65068,0.00237
1839.72225,0.00233
1837.79382,0.00254
1835.86539,0.00309
1833.93696,0.00340
1832.00853,0.00240
1830.08010,0.00058
1828.15167,0.00000
1826.22324,0.00061
1824.29481,0.00116
1822.36638,0.00150
1820.43795,0.00173
1818.50952,0.00173
1816.58109,0.00148
1814.65266,0.00117
1812.72423,0.00087
1810.79580,0.00053
1808.86737,0.00040
1806.93894,0.00072
1805.01051,0.00129
1803.08208,0.00158
1801.15365,0.00128
1799.22522,0.00130
1797.29679,0.00227
1795.36836,0.00302
1793.43993,0.00245
1791.51150,0.00165
1789.58307,0.00227
1787.65464,0.00346
1785.72621,0.00382
1783.79778,0.00316
1781.86935,0.00210
1779.94092,0.00156
1778.01249,0.00204
1776.08406,0.00265
1774.15563,0.00234
1772.22720,0.00165
1770.29877,0.00214
1768.37034,0.00307
1766.44191,0.00320
1764.51348,0.00297
1762.58505,0.00284
1760.65662,0.00293
1758.72819,0.00312
1756.79976,0.00294
1754.87133,0.00322
1752.94290,0.00465
1751.01447,0.00560
1749.08604,0.00464
1747.15761,0.00360
1745.22918,0.00362
1743.30075,0.00384
1741.37232,0.00365
1739.44389,0.00323
1737.51546,0.00308
1735.58703,0.00275
1733.65860,0.00186
1731.73017,0.00215
1729.80174,0.00325
1727.87331,0.00392
1725.94488,0.00426
1724.01645,0.00449
1722.08802,0.00454
1720.15959,0.00408
1718.23116,0.00286
1716.30273,0.00246
1714.37430,0.00409
1712.44587,0.00652
1710.51744,0.00836
1708.58901,0.00933
1706.66058,0.00995
1704.73215,0.01156
1702.80372,0.01435
1700.87529,0.01676
1698.94686,0.01793
1697.01843,0.01897
1695.09000,0.02033
1693.16157,0.02182
1691.23314,0.02319
1689.30471,0.02385
1687.37628,0.02429
1685.44785,0.02516
1683.51942,0.02701
1681.59099,0.02947
1679.66256,0.03165
1677.73413,0.03304
1675.80570,0.03368
1673.87727,0.03385
1671.94884,0.03402
1670.02041,0.03449
1668.09198,0.03654
1666.16355,0.03973
1664.23512,0.04216
1662.30669,0.04388
1660.37826,0.04685
1658.44983,0.05069
1656.52140,0.05360
1654.59297,0.05429
1652.66454,0.05295
1650.73611,0.05348
1648.80768,0.05368
1646.87925,0.04994
1644.95082,0.04768
1643.02239,0.04898
1641.09396,0.04981
1639.16553,0.04797
1637.23710,0.04396
1635.30867,0.04068
1633.38024,0.04095
1631.45181,0.04204
1629.52338,0.04096
1627.59495,0.03823
1625.66652,0.03588
1623.73809,0.03419
1621.80966,0.03347
1619.88123,0.03325
1617.95280,0.03107
1616.02437,0.02727
1614.09594,0.02554
1612.16751,0.02482
1610.23908,0.02251
1608.31065,0.01942
1606.38222,0.01756
1604.45379,0.01663
1602.52536,0.01560
1600.59693,0.01464
1598.66850,0.01416
1596.74007,0.01384
1594.81164,0.01322
1592.88321,0.01249
1590.95478,0.01204
1589.02635,0.01205
1587.09792,0.01252
1585.16949,0.01330
1583.24106,0.01456
1581.31263,0.01622
1579.38420,0.01729
1577.45577,0.01684
1575.52734,0.01646
1573.59891,0.01873
1571.67048,0.02143
1569.74205,0.02223
1567.81362,0.02302
1565.88519,0.02525
1563.95676,0.02731
1562.02833,0.02769
1560.09990,0.02693
1558.17147,0.02789
1556.24304,0.03294
1554.31461,0.03806
1552.38618,0.04085
1550.45775,0.04188
1548.52932,0.04257
1546.60089,0.04320
1544.67246,0.04262
1542.74403,0.03978
1540.81560,0.03575
1538.88717,0.03741
1536.95874,0.04235
1535.03031,0.04383
1533.10188,0.04042
1531.17345,0.03755
1529.24502,0.03718
1527.31659,0.03692
1525.38816,0.03613
1523.45973,0.03479
1521.53130,0.03298
1519.60287,0.03254
1517.67444,0.03225
1515.74601,0.03147
1513.81758,0.03190
1511.88915,0.03278
1509.96072,0.03132
1508.03229,0.02536
1506.10385,0.01861
1504.17542,0.01846
1502.24699,0.02107
1500.31856,0.02098
1498.39013,0.01765
1496.46170,0.01428
1494.53327,0.01335
1492.60484,0.01285
1490.67641,0.01001
1488.74798,0.00657
1486.81955,0.00623
1484.89112,0.00800
1482.96269,0.00917
1481.03426,0.00934
1479.10583,0.00941
1477.17740,0.00927
1475.24897,0.00772
1473.32054,0.00548
1471.39211,0.00594
1469.46368,0.00910
1467.53525,0.01154
1465.60682,0.01169
1463.67839,0.01133
1461.74996,0.01171
1459.82153,0.01105
1457.89310,0.00844
1455.96467,0.00718
1454.03624,0.00857
1452.10781,0.00969
1450.17938,0.00892
1448.25095,0.00728
1446.32252,0.00660
1444.39409,0.00721
1442.46566,0.00793
1440.53723,0.00813
1438.60880,0.00794
1436.68037,0.00710
1434.75194,0.00590
1432.82351,0.00500
1430.89508,0.00417
1428.96665,0.00397
1427.03822,0.00483
1425.10979,0.00579
1423.18136,0.00664
1421.25293,0.00784
1419.32450,0.00825
1417.39607,0.00712
1415.46764,0.00648
1413.53921,0.00691
1411.61078,0.00745
1409.68235,0.00763
1407.75392,0.00733
1405.82549,0.00666
1403.89706,0.00630
1401.96863,0.00705
1400.04020,0.00847
1398.11177,0.00922
1396.18334,0.00854
1394.25491,0.00761
1392.32648,0.00787
1390.39805,0.00831
1388.46962,0.00732
1386.54119,0.00532
1384.61276,0.00409
1382.68433,0.00399
1380.75590,0.00442
1378.82747,0.00473
1376.89904,0.00393
1374.97061,0.00193
1373.04218,0.00044
1371.11375,0.00042
1369.18532,0.00066
1367.25689,0.00081
1365.32846,0.00138
1363.40003,0.00176
1361.47160,0.00128
1359.54317,0.00064
1357.61474,0.00025
1355.68631,0.00000
1353.75788,0.00012
1351.82945,0.00056
1349.90102,0.00072
1347.97259,0.00058
1346.04416,0.00058
1344.11573,0.00116
1342.18730,0.00243
1340.25887,0.00351
1338.33044,0.00344
1336.40201,0.00282
1334.47358,0.00281
1332.54515,0.00327
1330.61672,0.00332
1328.68829,0.00265
1326.75986,0.00197
1324.83143,0.00202
1322.90300,0.00271
1320.97457,0.00345
1319.04614,0.00384
1317.11771,0.00384
1315.18928,0.00366
1313.26085,0.00344
1311.33242,0.00323
1309.40399,0.00305
1307.47556,0.00294
1305.54713,0.00281
1303.61870,0.00249
1301.69027,0.00222
1299.76184,0.00249
1297.83341,0.00317
1295.90498,0.00345
1293.97655,0.00296
1292.04812,0.00235
1290.11969,0.00231
1288.19126,0.00268
1286.26283,0.00303
1284.33440,0.00320
1282.40597,0.00319
1280.47754,0.00324
1278.54911,0.00369
1276.62068,0.00456
1274.69225,0.00520
1272.76382,0.00512
1270.83539,0.00473
1268.90696,0.00467
1266.97853,0.00502
1265.05010,0.00535
1263.12167,0.00539
1261.19324,0.00559
1259.26481,0.00656
1257.33638,0.00794
1255.40795,0.00922
1253.47952,0.01000
1251.55109,0.01017
1249.62266,0.01037
1247.69423,0.01108
1245.76580,0.01200
1243.83737,0.01281
1241.90894,0.01343
1239.98051,0.01363
1238.05208,0.01314
1236.12365,0.01245
1234.19522,0.01232
1232.26679,0.01270
1230.33836,0.01326
1228.40993,0.01378
1226.48150,0.01396
1224.55307,0.01363
1222.62464,0.01280
1220.69621,0.01201
1218.76778,0.01217
1216.83935,0.01309
1214.91092,0.01390
1212.98249,0.01456
1211.05406,0.01497
1209.12563,0.01494
1207.19720,0.01464
1205.26877,0.01397
1203.34034,0.01336
1201.41191,0.01383
1199.48348,0.01444
1197.55505,0.01513
1195.62662,0.01614
1193.69819,0.01740
1191.76976,0.01846
1189.84133,0.01960
1187.91290,0.02135
1185.98447,0.02343
1184.05604,0.02510
1182.12761,0.02636
1180.19918,0.02805
1178.27075,0.03032
1176.34232,0.03277
1174.41389,0.03531
1172.48546,0.03792
1170.55703,0.04054
1168.62860,0.04285
1166.70017,0.04429
1164.77174,0.04531
1162.84331,0.04674
1160.91488,0.04886
1158.98645,0.05195
1157.05802,0.05559
1155.12959,0.05885
1153.20116,0.06194
1151.27273,0.06473
1149.34430,0.06636
1147.41587,0.06723
1145.48744,0.06806
1143.55901,0.06854
1141.63058,0.06805
1139.70215,0.06689
1137.77372,0.06624
1135.84529,0.06600
1133.91686,0.06514
1131.98843,0.06429
1130.06000,0.06449
1128.13157,0.06528
1126.20314,0.06558
1124.27471,0.06493
1122.34628,0.06425
1120.41785,0.06463
1118.48942,0.06612
1116.56099,0.06846
1114.63256,0.07087
1112.70413,0.07244
1110.77570,0.07289
1108.84727,0.07258
1106.91884,0.07219
1104.99041,0.07213
1103.06198,0.07261
1101.13355,0.07380
1099.20512,0.07636
1097.27669,0.08028
1095.34826,0.08413
1093.41983,0.08732
1091.49140,0.08987
1089.56297,0.09075
1087.63454,0.08939
1085.70611,0.08693
1083.77768,0.08477
1081.84925,0.08298
1079.92082,0.08058
1077.99239,0.07723
1076.06396,0.07415
1074.13553,0.07225
1072.20710,0.07085
1070.27867,0.06937
1068.35024,0.06786
1066.42181,0.06618
1064.49338,0.06420
1062.56495,0.06235
1060.63652,0.06065
1058.70809,0.05847
1056.77966,0.05608
1054.85123,0.05434
1052.92280,0.05333
1050.99437,0.05239
1049.06594,0.05059
1047.13751,0.04777
1045.20908,0.04501
1043.28065,0.04349
1041.35222,0.04262
1039.42379,0.04070
1037.49536,0.03845
1035.56693,0.03748
1033.63850,0.03642
1031.71007,0.03388
1029.78164,0.03098
1027.85321,0.02842
1025.92478,0.02607
1023.99635,0.02431
1022.06792,0.02291
1020.13949,0.02126
1018.21106,0.01958
1016.28263,0.01840
1014.35420,0.01787
1012.42577,0.01755
1010.49734,0.01707
1008.56891,0.01617
1006.64048,0.01440
1004.71205,0.01232
1002.78362,0.01085
1000.85519,0.00981
998.92676,0.00839
996.99833,0.00632
995.06990,0.00450
993.14147,0.00362
991.21304,0.00313
989.28461,0.00270
987.35618,0.00223
985.42775,0.00138
983.49932,0.00045
981.57089,0.00000
979.64246,-0.00002
977.71403,0.00032
975.78560,0.00115
973.85717,0.00218
971.92874,0.00260
970.00031,0.00240
968.07188,0.00253
966.14345,0.00316
964.21502,0.00341
962.28659,0.00299
960.35816,0.00281
958.42973,0.00346
956.50130,0.00441
954.57287,0.00486
952.64444,0.00488
950.71601,0.00509
948.78758,0.00546
946.85915,0.00612
944.93072,0.00766
943.00229,0.00886
941.07386,0.00818
939.14543,0.00674
937.21700,0.00598
935.28857,0.00600
933.36014,0.00641
931.43171,0.00648
929.50328,0.00617
927.57485,0.00603
925.64642,0.00605
923.71799,0.00592
921.78956,0.00541
919.86113,0.00460
917.93270,0.00393
916.00427,0.00366
914.07584,0.00350
912.14741,0.00313
910.21898,0.00246
908.29055,0.00208
906.36212,0.00243
904.43368,0.00248
902.50525,0.00161
900.57682,0.00121
898.64839,0.00197
896.71996,0.00244
894.79153,0.00152
892.86310,0.00029
890.93467,0.00000
889.00624,0.00092
887.07781,0.00217
885.14938,0.00293
883.22095,0.00304
881.29252,0.00303
879.36409,0.00351
877.43566,0.00438
875.50723,0.00482
873.57880,0.00477
871.65037,0.00501
869.72194,0.00538
867.79351,0.00549
865.86508,0.00565
863.93665,0.00613
862.00822,0.00657
860.07979,0.00612
858.15136,0.00478
856.22293,0.00401
854.29450,0.00472
852.36607,0.00590
850.43764,0.00612
848.50921,0.00547
846.58078,0.00515
844.65235,0.00541
842.72392,0.00596
840.79549,0.00654
838.86706,0.00646
836.93863,0.00611
835.01020,0.00641
833.08177,0.00686
831.15334,0.00695
829.22491,0.00700
827.29648,0.00705
825.36805,0.00654
823.43962,0.00571
821.51119,0.00639
819.58276,0.00883
817.65433,0.01054
815.72590,0.01023
813.79747,0.00962
811.86904,0.01046
809.94061,0.01202
808.01218,0.01309
806.08375,0.01385
804.15532,0.01448
802.22689,0.01508
800.29846,0.01640
798.37003,0.01800
796.44160,0.01861
794.51317,0.01828
792.58474,0.01864
790.65631,0.02081
788.72788,0.02321
786.79945,0.02397
784.87102,0.02394
782.94259,0.02376
781.01416,0.02318
779.08573,0.02345
777.15730,0.02401
775.22887,0.02215
773.30044,0.01931
771.37201,0.01837
769.44358,0.01851
767.51515,0.01861
765.58672,0.01777
763.65829,0.01573
761.72986,0.01429
759.80143,0.01351
757.87300,0.01220
755.94457,0.01094
754.01614,0.01033
752.08771,0.01008
750.15928,0.00977
748.23085,0.00956
746.30242,0.01012
744.37399,0.01119
742.44556,0.01177
740.51713,0.01226
738.58870,0.01302
736.66027,0.01228
734.73184,0.01018
732.80341,0.00970
730.87498,0.01078
728.94655,0.01106
727.01812,0.01132
725.08969,0.01369
723.16126,0.01869
721.23283,0.02070
719.30440,0.02107
717.37597,0.02114
715.44754,0.02063
713.51911,0.01991
711.59068,0.01977
709.66225,0.02001
707.73382,0.01941
705.80539,0.01810
703.87696,0.01795
701.94853,0.01958
700.02010,0.02076
698.09167,0.01940
696.16324,0.01705
694.23481,0.01636
692.30638,0.01674
690.37795,0.01622
688.44952,0.01447
686.52109,0.01237
684.59266,0.01173
682.66423,0.01355
680.73580,0.01496
678.80737,0.01252
676.87894,0.00760
674.95051,0.00389
673.02208,0.00326
671.09365,0.00504
669.16522,0.00604
667.23679,0.00575
665.30836,0.00981
663.37993,0.01838
661.45150,0.02687
659.52307,0.03103
657.59464,0.03017
655.66621,0.02514
653.73778,0.01745
651.80935,0.01128
649.88092,0.00893
647.95249,0.00791
646.02406,0.00664
644.09563,0.00755
642.16720,0.01218
640.23877,0.01742
638.31034,0.01905
636.38191,0.01723
634.45348,0.01467
632.52505,0.01068
630.59662,0.00596
628.66819,0.00638
626.73976,0.01368
624.81133,0.01923
622.88290,0.01768
620.95447,0.01180
619.02604,0.00977
617.09761,0.01181
615.16918,0.01073
613.24075,0.00734
611.31232,0.00488
609.38389,0.00000
607.45546,0.00049
605.52703,0.00717
603.59860,0.01200
601.67017,0.00848
599.74174,0.00000
