4001.49232,0.00276
3999.56389,0.00482
3997.63546,0.00480
3995.70703,0.00368
3993.77860,0.00287
3991.85017,0.00239
3989.92174,0.00167
3987.99331,0.00119
3986.06488,0.00139
3984.13645,0.00144
3982.20802,0.00089
3980.27959,0.00084
3978.35116,0.00162
3976.42273,0.00234
3974.49430,0.00248
3972.56587,0.00221
3970.63744,0.00155
3968.70901,0.00054
3966.78058,0.00000
3964.85215,0.00063
3962.92372,0.00165
3960.99529,0.00220
3959.06686,0.00231
3957.13843,0.00189
3955.21000,0.00127
3953.28157,0.00109
3951.35314,0.00113
3949.42471,0.00118
3947.49628,0.00153
3945.56785,0.00176
3943.63942,0.00135
3941.71099,0.00098
3939.78256,0.00108
3937.85413,0.00127
3935.92570,0.00152
3933.99727,0.00144
3932.06884,0.00076
3930.14041,0.00023
3928.21198,0.00054
3926.28355,0.00066
3924.35512,0.00038
3922.42669,0.00086
3920.49826,0.00173
3918.56982,0.00185
3916.64139,0.00113
3914.71296,0.00073
3912.78453,0.00111
3910.85610,0.00217
3908.92767,0.00331
3906.99924,0.00340
3905.07081,0.00309
3903.14238,0.00499
3901.21395,0.00717
3899.28552,0.00622
3897.35709,0.00474
3895.42866,0.00465
3893.50023,0.00402
3891.57180,0.00245
3889.64337,0.00294
3887.71494,0.00469
3885.78651,0.00539
3883.85808,0.00601
3881.92965,0.00545
3880.00122,0.00301
3878.07279,0.00216
3876.14436,0.00282
3874.21593,0.00321
3872.28750,0.00339
3870.35907,0.00275
3868.43064,0.00339
3866.50221,0.00518
3864.57378,0.00527
3862.64535,0.00456
3860.71692,0.00520
3858.78849,0.00707
3856.86006,0.00866
3854.93163,0.00752
3853.00320,0.00364
3851.07477,0.00273
3849.14634,0.00427
3847.21791,0.00517
3845.28948,0.00455
3843.36105,0.00433
3841.43262,0.00538
3839.50419,0.00531
3837.57576,0.00429
3835.64733,0.00481
3833.71890,0.00523
3831.79047,0.00382
3829.86204,0.00237
3827.93361,0.00154
3826.00518,0.00178
3824.07675,0.00330
3822.14832,0.00321
3820.21989,0.00235
3818.29146,0.00281
3816.36303,0.00240
3814.43460,0.00218
3812.50617,0.00291
3810.57774,0.00319
3808.64931,0.00228
3806.72088,0.00207
3804.79245,0.00437
3802.86402,0.00511
3800.93559,0.00374
3799.00716,0.00402
3797.07873,0.00359
3795.15030,0.00192
3793.22187,0.00094
3791.29344,0.00066
3789.36501,0.00066
3787.43658,0.00055
3785.50815,-0.00006
3783.57972,0.00000
3781.65129,0.00058
3779.72286,0.00024
3777.79443,0.00025
3775.86600,0.00159
3773.93757,0.00321
3772.00914,0.00369
3770.08071,0.00318
3768.15228,0.00319
3766.22385,0.00291
3764.29542,0.00289
3762.36699,0.00396
3760.43856,0.00411
3758.51013,0.00319
3756.58170,0.00365
3754.65327,0.00456
3752.72484,0.00312
3750.79641,0.00167
3748.86798,0.00510
3746.93955,0.00799
3745.01112,0.00578
3743.08269,0.00357
3741.15426,0.00441
3739.22583,0.00588
3737.29740,0.00604
3735.36897,0.00517
3733.44054,0.00382
3731.51211,0.00279
3729.58368,0.00341
3727.65525,0.00457
3725.72682,0.00525
3723.79839,0.00496
3721.86996,0.00334
3719.94153,0.00151
3718.01310,0.00119
3716.08467,0.00249
3714.15624,0.00330
3712.22781,0.00216
3710.29938,0.00076
3708.37095,0.00090
3706.44252,0.00185
3704.51409,0.00262
3702.58566,0.00251
3700.65723,0.00238
3698.72880,0.00255
3696.80037,0.00209
3694.87194,0.00175
3692.94351,0.00169
3691.01508,0.00049
3689.08665,-0.00114
3687.15822,-0.00008
3685.22979,0.00211
3683.30136,0.00316
3681.37293,0.00297
3679.44450,0.00244
3677.51607,0.00201
3675.58764,0.00243
3673.65921,0.00596
3671.73078,0.00706
3669.80235,0.00294
3667.87392,0.00115
3665.94549,0.00246
3664.01706,0.00324
3662.08863,0.00319
3660.16020,0.00336
3658.23177,0.00286
3656.30334,0.00175
3654.37491,0.00255
3652.44648,0.00337
3650.51805,0.00151
3648.58962,0.00000
3646.66119,0.00136
3644.73276,0.00345
3642.80433,0.00404
3640.87590,0.00342
3638.94747,0.00259
3637.01904,0.00231
3635.09061,0.00271
3633.16218,0.00387
3631.23375,0.00448
3629.30532,0.00304
3627.37689,0.00320
3625.44846,0.00573
3623.52003,0.00738
3621.59160,0.00660
3619.66317,0.00455
3617.73474,0.00464
3615.80631,0.00658
3613.87788,0.00730
3611.94945,0.00753
3610.02102,0.00780
3608.09259,0.00678
3606.16416,0.00583
3604.23573,0.00602
3602.30730,0.00569
3600.37887,0.00418
3598.45044,0.00319
3596.52201,0.00315
3594.59358,0.00340
3592.66515,0.00419
3590.73672,0.00499
3588.80829,0.00421
3586.87986,0.00306
3584.95143,0.00401
3583.02300,0.00519
3581.09457,0.00488
3579.16614,0.00411
3577.23771,0.00372
3575.30928,0.00324
3573.38085,0.00295
3571.45242,0.00379
3569.52399,0.00495
3567.59556,0.00484
3565.66713,0.00472
3563.73870,0.00554
3561.81027,0.00581
3559.88184,0.00550
3557.95341,0.00577
3556.02498,0.00643
3554.09655,0.00624
3552.16812,0.00524
3550.23969,0.00495
3548.31126,0.00567
3546.38283,0.00622
3544.45440,0.00603
3542.52597,0.00556
3540.59754,0.00533
3538.66911,0.00531
3536.74068,0.00523
3534.81225,0.00518
3532.88382,0.00516
3530.95539,0.00513
3529.02696,0.00543
3527.09853,0.00614
3525.17010,0.00671
3523.24167,0.00707
3521.31324,0.00773
3519.38481,0.00796
3517.45638,0.00717
3515.52795,0.00606
3513.59952,0.00539
3511.67109,0.00506
3509.74266,0.00492
3507.81423,0.00591
3505.88580,0.00768
3503.95737,0.00833
3502.02894,0.00793
3500.10051,0.00777
3498.17208,0.00779
3496.24365,0.00769
3494.31522,0.00798
3492.38679,0.00897
3490.45836,0.00979
3488.52993,0.00926
3486.60150,0.00846
3484.67307,0.00899
3482.74464,0.00989
3480.81621,0.01019
3478.88778,0.01059
3476.95935,0.01114
3475.03092,0.01116
3473.10249,0.01071
3471.17406,0.01044
3469.24563,0.01030
3467.31720,0.00991
3465.38877,0.00923
3463.46034,0.00831
3461.53191,0.00763
3459.60348,0.00786
3457.67505,0.00895
3455.74662,0.00992
3453.81819,0.01004
3451.88976,0.00984
3449.96133,0.00963
3448.03290,0.00906
3446.10447,0.00908
3444.17604,0.01004
3442.24761,0.01095
3440.31918,0.01167
3438.39075,0.01167
3436.46232,0.01053
3434.53389,0.00954
3432.60546,0.00978
3430.67703,0.01059
3428.74860,0.01125
3426.82017,0.01151
3424.89174,0.01133
3422.96331,0.01126
3421.03488,0.01164
3419.10645,0.01207
3417.17802,0.01258
3415.24959,0.01315
3413.32116,0.01297
3411.39273,0.01202
3409.46430,0.01142
3407.53587,0.01168
3405.60744,0.01249
3403.67901,0.01295
3401.75058,0.01297
3399.82215,0.01391
3397.89372,0.01432
3395.96529,0.01420
3394.03686,0.01396
3392.10843,0.01449
3390.18000,0.01562
3388.25157,0.01635
3386.32314,0.01603
3384.39471,0.01493
3382.46628,0.01416
3380.53785,0.01427
3378.60942,0.01484
3376.68099,0.01516
3374.75256,0.01503
3372.82413,0.01469
3370.89570,0.01478
3368.96727,0.01582
3367.03884,0.01713
3365.11041,0.01769
3363.18198,0.01772
3361.25355,0.01793
3359.32512,0.01802
3357.39669,0.01787
3355.46826,0.01840
3353.53983,0.01944
3351.61140,0.01944
3349.68297,0.01826
3347.75454,0.01731
3345.82611,0.01754
3343.89768,0.01875
3341.96925,0.02028
3340.04082,0.02160
3338.11239,0.02232
3336.18396,0.02230
3334.25553,0.02206
3332.32710,0.02235
3330.39867,0.02308
3328.47024,0.02359
3326.54181,0.02353
3324.61338,0.02328
3322.68495,0.02349
3320.75652,0.02419
3318.82809,0.02493
3316.89966,0.02538
3314.97122,0.02516
3313.04279,0.02457
3311.11436,0.02448
3309.18593,0.02464
3307.25750,0.02462
3305.32907,0.02469
3303.40064,0.02483
3301.47221,0.02511
3299.54378,0.02587
3297.61535,0.02663
3295.68692,0.02665
3293.75849,0.02601
3291.83006,0.02559
3289.90163,0.02579
3287.97320,0.02593
3286.04477,0.02586
3284.11634,0.02612
3282.18791,0.02644
3280.25948,0.02643
3278.33105,0.02618
3276.40262,0.02573
3274.47419,0.02510
3272.54576,0.02452
3270.61733,0.02443
3268.68890,0.02508
3266.76047,0.02567
3264.83204,0.02467
3262.90361,0.02275
3260.97518,0.02175
3259.04675,0.02127
3257.11832,0.02044
3255.18989,0.01994
3253.26146,0.02001
3251.33303,0.01942
3249.40460,0.01811
3247.47617,0.01759
3245.54774,0.01795
3243.61931,0.01829
3241.69088,0.01820
3239.76245,0.01794
3237.83402,0.01791
3235.90559,0.01827
3233.97716,0.01852
3232.04873,0.01766
3230.12030,0.01613
3228.19187,0.01528
3226.26344,0.01484
3224.33501,0.01380
3222.40658,0.01263
3220.47815,0.01181
3218.54972,0.01134
3216.62129,0.01181
3214.69286,0.01325
3212.76443,0.01465
3210.83600,0.01473
3208.90757,0.01359
3206.97914,0.01263
3205.05071,0.01243
3203.12228,0.01234
3201.19385,0.01178
3199.26542,0.01074
3197.33699,0.00968
3195.40856,0.00937
3193.48013,0.00973
3191.55170,0.00975
3189.62327,0.00916
3187.69484,0.00875
3185.76641,0.00875
3183.83798,0.00868
3181.90955,0.00872
3179.98112,0.00908
3178.05269,0.00910
3176.12426,0.00860
3174.19583,0.00800
3172.26740,0.00751
3170.33897,0.00700
3168.41054,0.00631
3166.48211,0.00582
3164.55368,0.00585
3162.62525,0.00568
3160.69682,0.00494
3158.76839,0.00449
3156.83996,0.00444
3154.91153,0.00417
3152.98310,0.00391
3151.05467,0.00398
3149.12624,0.00411
3147.19781,0.00399
3145.26938,0.00328
3143.34095,0.00218
3141.41252,0.00140
3139.48409,0.00140
3137.55566,0.00198
3135.62723,0.00262
3133.69880,0.00292
3131.77037,0.00283
3129.84194,0.00252
3127.91351,0.00213
3125.98508,0.00179
3124.05665,0.00160
3122.12822,0.00110
3120.19979,0.00016
3118.27136,0.00000
3116.34293,0.00104
3114.41450,0.00209
3112.48607,0.00224
3110.55764,0.00191
3108.62921,0.00188
3106.70078,0.00229
3104.77235,0.00260
3102.84392,0.00226
3100.91549,0.00159
3098.98706,0.00141
3097.05863,0.00153
3095.13020,0.00134
3093.20177,0.00091
3091.27334,0.00087
3089.34491,0.00142
3087.41648,0.00192
3085.48805,0.00210
3083.55962,0.00208
3081.63119,0.00175
3079.70276,0.00128
3077.77433,0.00120
3075.84590,0.00132
3073.91747,0.00127
3071.98904,0.00166
3070.06061,0.00278
3068.13218,0.00384
3066.20375,0.00425
3064.27532,0.00397
3062.34689,0.00325
3060.41846,0.00259
3058.49003,0.00193
3056.56160,0.00102
3054.63317,0.00058
3052.70474,0.00099
3050.77631,0.00142
3048.84788,0.00135
3046.91945,0.00125
3044.99102,0.00134
3043.06259,0.00108
3041.13416,0.00052
3039.20573,0.00013
3037.27730,0.00000
3035.34887,0.00034
3033.42044,0.00113
3031.49201,0.00165
3029.56358,0.00168
3027.63515,0.00173
3025.70672,0.00198
3023.77829,0.00182
3021.84986,0.00099
3019.92143,0.00038
3017.99300,0.00062
3016.06457,0.00119
3014.13614,0.00132
3012.20771,0.00110
3010.27928,0.00136
3008.35085,0.00201
3006.42242,0.00209
3004.49399,0.00142
3002.56556,0.00053
3000.63713,0.00000
2998.70870,0.00040
2996.78027,0.00092
2994.85184,0.00122
2992.92341,0.00151
2990.99498,0.00176
2989.06655,0.00176
2987.13812,0.00196
2985.20969,0.00269
2983.28126,0.00322
2981.35283,0.00312
2979.42440,0.00303
2977.49597,0.00370
2975.56754,0.00478
2973.63911,0.00540
2971.71068,0.00576
2969.78225,0.00650
2967.85382,0.00752
2965.92539,0.00832
2963.99696,0.00854
2962.06853,0.00803
2960.14010,0.00749
2958.21167,0.00765
2956.28324,0.00788
2954.35481,0.00762
2952.42638,0.00734
2950.49795,0.00712
2948.56952,0.00661
2946.64109,0.00629
2944.71266,0.00648
2942.78423,0.00674
2940.85580,0.00676
2938.92737,0.00675
2936.99894,0.00718
2935.07051,0.00795
2933.14208,0.00831
2931.21365,0.00789
2929.28522,0.00731
2927.35679,0.00713
2925.42836,0.00697
2923.49993,0.00672
2921.57150,0.00649
2919.64307,0.00610
2917.71464,0.00571
2915.78621,0.00542
2913.85778,0.00511
2911.92935,0.00489
2910.00092,0.00476
2908.07249,0.00469
2906.14406,0.00459
2904.21563,0.00414
2902.28720,0.00334
2900.35877,0.00241
2898.43034,0.00167
2896.50191,0.00157
2894.57348,0.00209
2892.64505,0.00250
2890.71662,0.00232
2888.78819,0.00226
2886.85976,0.00280
2884.93133,0.00327
2883.00290,0.00321
2881.07447,0.00253
2879.14604,0.00160
2877.21761,0.00151
2875.28918,0.00243
2873.36075,0.00333
2871.43232,0.00367
2869.50389,0.00384
2867.57546,0.00403
2865.64703,0.00397
2863.71860,0.00358
2861.79017,0.00308
2859.86174,0.00249
2857.93331,0.00168
2856.00488,0.00113
2854.07645,0.00116
2852.14802,0.00121
2850.21959,0.00108
2848.29116,0.00109
2846.36273,0.00119
2844.43430,0.00120
2842.50587,0.00128
2840.57744,0.00144
2838.64901,0.00140
2836.72058,0.00101
2834.79215,0.00058
2832.86372,0.00047
2830.93529,0.00049
2829.00686,0.00031
2827.07843,0.00030
2825.15000,0.00060
2823.22157,0.00088
2821.29314,0.00103
2819.36471,0.00120
2817.43628,0.00149
2815.50785,0.00144
2813.57942,0.00065
2811.65099,0.00000
2809.72256,0.00016
2807.79413,0.00068
2805.86570,0.00106
2803.93727,0.00116
2802.00884,0.00093
2800.08041,0.00062
2798.15198,0.00054
2796.22355,0.00093
2794.29512,0.00140
2792.36669,0.00145
2790.43826,0.00138
2788.50983,0.00144
2786.58140,0.00133
2784.65297,0.00110
2782.72454,0.00078
2780.79611,0.00034
2778.86768,0.00006
2776.93925,0.00024
2775.01082,0.00085
2773.08239,0.00148
2771.15396,0.00175
2769.22553,0.00142
2767.29710,0.00052
2765.36867,0.00000
2763.44024,0.00029
2761.51181,0.00068
2759.58338,0.00104
2757.65495,0.00157
2755.72652,0.00187
2753.79809,0.00169
2751.86966,0.00117
2749.94123,0.00084
2748.01280,0.00107
2746.08437,0.00134
2744.15594,0.00118
2742.22751,0.00099
2740.29908,0.00129
2738.37065,0.00169
2736.44222,0.00139
2734.51379,0.00085
2732.58536,0.00105
2730.65693,0.00169
2728.72850,0.00192
2726.80007,0.00179
2724.87164,0.00175
2722.94321,0.00150
2721.01478,0.00088
2719.08635,0.00051
2717.15792,0.00063
2715.22949,0.00062
2713.30105,0.00013
2711.37262,0.00000
2709.44419,0.00070
2707.51576,0.00147
2705.58733,0.00178
2703.65890,0.00177
2701.73047,0.00150
2699.80204,0.00109
2697.87361,0.00103
2695.94518,0.00133
2694.01675,0.00128
2692.08832,0.00075
2690.15989,0.00026
2688.23146,0.00009
2686.30303,0.00024
2684.37460,0.00046
2682.44617,0.00043
2680.51774,0.00029
2678.58931,0.00033
2676.66088,0.00028
2674.73245,0.00004
2672.80402,0.00000
2670.87559,0.00036
2668.94716,0.00074
2667.01873,0.00090
2665.09030,0.00111
2663.16187,0.00128
2661.23344,0.00116
2659.30501,0.00105
2657.37658,0.00112
2655.44815,0.00114
2653.51972,0.00102
2651.59129,0.00083
2649.66286,0.00068
2647.73443,0.00076
2645.80600,0.00096
2643.87757,0.00098
2641.94914,0.00092
2640.02071,0.00092
2638.09228,0.00079
2636.16385,0.00054
2634.23542,0.00039
2632.30699,0.00022
2630.37856,0.00000
2628.45013,0.00012
2626.52170,0.00065
2624.59327,0.00109
2622.66484,0.00161
2620.73641,0.00220
2618.80798,0.00214
2616.87955,0.00148
2614.95112,0.00090
2613.02269,0.00063
2611.09426,0.00072
2609.16583,0.00103
2607.23740,0.00108
2605.30897,0.00088
2603.38054,0.00090
2601.45211,0.00130
2599.52368,0.00180
2597.59525,0.00202
2595.66682,0.00170
2593.73839,0.00101
2591.80996,0.00064
2589.88153,0.00080
2587.95310,0.00095
2586.02467,0.00088
2584.09624,0.00069
2582.16781,0.00033
2580.23938,0.00009
2578.31095,0.00032
2576.38252,0.00070
2574.45409,0.00060
2572.52566,0.00010
2570.59723,0.00000
2568.66880,0.00034
2566.74037,0.00040
2564.81194,0.00026
2562.88351,0.00054
2560.95508,0.00087
2559.02665,0.00072
2557.09822,0.00053
2555.16979,0.00060
2553.24136,0.00058
2551.31293,0.00047
2549.38450,0.00045
2547.45607,0.00040
2545.52764,0.00032
2543.59921,0.00040
2541.67078,0.00034
2539.74235,0.00003
2537.81392,0.00005
2535.88549,0.00054
2533.95706,0.00103
2532.02863,0.00123
2530.10020,0.00116
2528.17177,0.00090
2526.24334,0.00059
2524.31491,0.00028
2522.38648,0.00006
2520.45805,-0.00001
2518.52962,0.00000
2516.60119,0.00006
2514.67276,0.00021
2512.74433,0.00031
2510.81590,0.00037
2508.88747,0.00065
2506.95904,0.00102
2505.03061,0.00108
2503.10218,0.00098
2501.17375,0.00100
2499.24532,0.00101
2497.31689,0.00084
2495.38846,0.00061
2493.46003,0.00069
2491.53160,0.00099
2489.60317,0.00111
2487.67474,0.00111
2485.74631,0.00112
2483.81788,0.00107
2481.88945,0.00107
2479.96102,0.00126
2478.03259,0.00145
2476.10416,0.00147
2474.17573,0.00132
2472.24730,0.00086
2470.31887,0.00027
2468.39044,-0.00007
2466.46201,-0.00006
2464.53358,0.00021
2462.60515,0.00069
2460.67672,0.00100
2458.74829,0.00096
2456.81986,0.00098
2454.89143,0.00125
2452.96300,0.00139
2451.03457,0.00123
2449.10614,0.00108
2447.17771,0.00092
2445.24928,0.00037
2443.32085,0.00001
2441.39242,0.00055
2439.46399,0.00134
2437.53556,0.00144
2435.60713,0.00106
2433.67870,0.00051
2431.75027,0.00047
2429.82184,0.00043
2427.89341,0.00039
2425.96498,0.00036
2424.03655,0.00032
2422.10812,0.00029
2420.17969,0.00025
2418.25126,0.00022
2416.32283,0.00019
2414.39440,0.00016
2412.46597,0.00013
2410.53754,0.00011
2408.60911,0.00008
2406.68068,0.00006
2404.75225,0.00004
2402.82382,0.00002
2400.89539,0.00000
2398.96696,-0.00005
2397.03853,-0.00009
2395.11010,-0.00013
2393.18167,-0.00018
2391.25324,-0.00022
2389.32481,-0.00025
2387.39638,-0.00029
2385.46795,-0.00033
2383.53952,-0.00036
2381.61109,-0.00040
2379.68266,-0.00043
2377.75423,-0.00046
2375.82580,-0.00049
2373.89737,-0.00052
2371.96894,-0.00054
2370.04051,-0.00057
2368.11208,-0.00059
2366.18365,-0.00061
2364.25522,-0.00063
2362.32679,-0.00065
2360.39836,-0.00067
2358.46993,-0.00069
2356.54150,-0.00070
2354.61307,-0.00071
2352.68464,-0.00073
2350.75621,-0.00074
2348.82778,-0.00075
2346.89935,-0.00075
2344.97092,-0.00076
2343.04249,-0.00076
2341.11406,-0.00077
2339.18563,-0.00077
2337.25720,-0.00077
2335.32877,-0.00077
2333.40034,-0.00077
2331.47191,-0.00076
2329.54348,-0.00076
2327.61505,-0.00075
2325.68662,-0.00075
2323.75819,-0.00074
2321.82976,-0.00073
2319.90133,-0.00071
2317.97290,-0.00070
2316.04447,-0.00069
2314.11604,-0.00067
2312.18761,-0.00065
2310.25918,-0.00063
2308.33075,-0.00061
2306.40232,-0.00059
2304.47389,-0.00057
2302.54546,-0.00054
2300.61703,-0.00052
2298.68860,-0.00049
2296.76017,-0.00046
2294.83174,-0.00043
2292.90331,-0.00040
2290.97488,-0.00036
2289.04645,-0.00033
2287.11802,-0.00029
2285.18959,-0.00025
2283.26116,-0.00022
2281.33273,-0.00018
2279.40430,-0.00013
2277.47587,-0.00009
2275.54744,-0.00005
2273.61901,0.00000
2271.69058,0.00001
2269.76215,0.00001
2267.83372,0.00001
2265.90529,0.00000
2263.97686,-0.00000
2262.04843,0.00029
2260.12000,0.00063
2258.19157,0.00071
2256.26314,0.00042
2254.33471,0.00008
2252.40628,0.00005
2250.47785,0.00038
2248.54942,0.00109
2246.62099,0.00061
2244.69256,0.00044
2242.76413,0.00059
2240.83570,0.00058
2238.90727,0.00061
2236.97884,0.00117
2235.05041,0.00158
2233.12198,0.00116
2231.19355,0.00068
2229.26512,0.00071
2227.33669,0.00071
2225.40826,0.00036
2223.47983,0.00010
2221.55140,0.00027
2219.62297,0.00053
2217.69454,0.00042
2215.76611,0.00025
2213.83768,0.00036
2211.90925,0.00041
2209.98082,0.00016
2208.05239,0.00000
2206.12396,0.00043
2204.19553,0.00111
2202.26710,0.00118
2200.33867,0.00090
2198.41024,0.00078
2196.48181,0.00067
2194.55338,0.00057
2192.62495,0.00048
2190.69652,0.00031
2188.76809,0.00016
2186.83966,0.00004
2184.91123,0.00000
2182.98280,0.00010
2181.05437,0.00021
2179.12594,0.00031
2177.19751,0.00039
2175.26908,0.00036
2173.34065,0.00020
2171.41222,0.00000
2169.48379,0.00014
2167.55536,0.00060
2165.62693,0.00071
2163.69850,0.00038
2161.77007,0.00024
2159.84164,0.00040
2157.91321,0.00044
2155.98478,0.00024
2154.05635,0.00011
2152.12792,0.00018
2150.19949,0.00030
2148.27106,0.00040
2146.34263,0.00037
2144.41420,0.00022
2142.48577,0.00028
2140.55734,0.00050
2138.62891,0.00078
2136.70048,0.00111
2134.77205,0.00100
2132.84362,0.00040
2130.91519,0.00015
2128.98676,0.00051
2127.05833,0.00076
2125.12990,0.00056
2123.20147,0.00028
2121.27304,0.00007
2119.34461,0.00000
2117.41618,0.00047
2115.48775,0.00107
2113.55932,0.00074
2111.63089,-0.00004
2109.70245,-0.00005
2107.77402,0.00035
2105.84559,0.00041
2103.91716,0.00047
2101.98873,0.00067
2100.06030,0.00057
2098.13187,0.00026
2096.20344,0.00023
2094.27501,0.00067
2092.34658,0.00115
2090.41815,0.00104
2088.48972,0.00078
2086.56129,0.00090
2084.63286,0.00100
2082.70443,0.00071
2080.77600,0.00041
2078.84757,0.00040
2076.91914,0.00056
2074.99071,0.00075
2073.06228,0.00074
2071.13385,0.00045
2069.20542,0.00052
2067.27699,0.00120
2065.34856,0.00167
2063.42013,0.00152
2061.49170,0.00111
2059.56327,0.00067
2057.63484,0.00034
2055.70641,0.00034
2053.77798,0.00060
2051.84955,0.00073
2049.92112,0.00065
2047.99269,0.00064
2046.06426,0.00086
2044.13583,0.00108
2042.20740,0.00094
2040.27897,0.00065
2038.35054,0.00054
2036.42211,0.00035
2034.49368,0.00004
2032.56525,0.00000
2030.63682,0.00033
2028.70839,0.00079
2026.77996,0.00111
2024.85153,0.00115
2022.92310,0.00118
2020.99467,0.00137
2019.06624,0.00129
2017.13781,0.00111
2015.20938,0.00144
2013.28095,0.00173
2011.35252,0.00166
2009.42409,0.00164
2007.49566,0.00156
2005.56723,0.00135
2003.63880,0.00131
2001.71037,0.00136
1999.78194,0.00115
1997.85351,0.00101
1995.92508,0.00138
1993.99665,0.00149
1992.06822,0.00108
1990.13979,0.00083
1988.21136,0.00066
1986.28293,0.00051
1984.35450,0.00029
1982.42607,0.00006
1980.49764,0.00015
1978.56921,0.00061
1976.64078,0.00107
1974.71235,0.00104
1972.78392,0.00077
1970.85549,0.00096
1968.92706,0.00100
1966.99863,0.00041
1965.07020,0.00017
1963.14177,0.00019
1961.21334,0.00006
1959.28491,0.00000
1957.35648,0.00005
1955.42805,0.00025
1953.49962,0.00049
1951.57119,0.00056
1949.64276,0.00062
1947.71433,0.00090
1945.78590,0.00135
1943.85747,0.00138
1941.92904,0.00106
1940.00061,0.00116
1938.07218,0.00119
1936.14375,0.00074
1934.21532,0.00011
1932.28689,-0.00029
1930.35846,-0.00031
1928.43003,-0.00000
1926.50160,0.00040
1924.57317,0.00027
1922.64474,0.00020
1920.71631,0.00069
1918.78788,0.00042
1916.85945,0.00005
1914.93102,0.00053
1913.00259,0.00098
1911.07416,0.00084
1909.14573,0.00051
1907.21730,0.00044
1905.28887,0.00043
1903.36044,0.00038
1901.43201,0.00054
1899.50358,0.00081
1897.57515,0.00079
1895.64672,0.00063
1893.71829,0.00109
1891.78986,0.00151
1889.86143,0.00107
1887.93300,0.00090
1886.00457,0.00107
1884.07614,0.00100
1882.14771,0.00104
1880.21928,0.00106
1878.29085,0.00083
1876.36242,0.00059
1874.43399,0.00082
1872.50556,0.00149
1870.57713,0.00148
1868.64870,0.00072
1866.72027,0.00084
1864.79184,0.00145
1862.86341,0.00112
1860.93498,0.00028
1859.00655,0.00000
1857.07812,0.00026
1855.14969,0.00046
1853.22126,0.00051
1851.29283,0.00073
1849.36440,0.00115
1847.43597,0.00165
1845.50754,0.00155
1843.57911,0.00108
1841.65068,0.00140
1839.72225,0.00154
1837.79382,0.00124
1835.86539,0.00165
1833.93696,0.00238
1832.00853,0.00157
1830.08010,-0.00014
1828.15167,0.00021
1826.22324,0.00102
1824.29481,0.00085
1822.36638,0.00092
1820.43795,0.00094
1818.50952,0.00055
1816.58109,0.00032
1814.65266,0.00057
1812.72423,0.00058
1810.79580,0.00021
1808.86737,0.00014
1806.93894,0.00057
1805.01051,0.00119
1803.08208,0.00121
1801.15365,0.00039
1799.22522,0.00033
1797.29679,0.00162
1795.36836,0.00243
1793.43993,0.00117
1791.51150,-0.00011
1789.58307,0.00094
1787.65464,0.00196
1785.72621,0.00169
1783.79778,0.00123
1781.86935,0.00057
1779.94092,0.00014
1778.01249,0.00098
1776.08406,0.00204
1774.15563,0.00178
1772.22720,0.00099
1770.29877,0.00162
1768.37034,0.00188
1766.44191,0.00162
1764.51348,0.00147
1762.58505,0.00095
1760.65662,0.00120
1758.72819,0.00135
1756.79976,0.00064
1754.87133,0.00122
1752.94290,0.00235
1751.01447,0.00234
1749.08604,0.00194
1747.15761,0.00233
1745.22918,0.00284
1743.30075,0.00288
1741.37232,0.00242
1739.44389,0.00229
1737.51546,0.00314
1735.58703,0.00201
1733.65860,0.00000
1731.73017,0.00087
1729.80174,0.00182
1727.87331,0.00194
1725.94488,0.00186
1724.01645,0.00186
1722.08802,0.00269
1720.15959,0.00269
1718.23116,0.00097
1716.30273,0.00117
1714.37430,0.00393
1712.44587,0.00655
1710.51744,0.00812
1708.58901,0.00900
1706.66058,0.00992
1704.73215,0.01300
1702.80372,0.01702
1700.87529,0.01959
1698.94686,0.02371
1697.01843,0.02814
1695.09000,0.03186
1693.16157,0.03599
1691.23314,0.03887
1689.30471,0.04150
1687.37628,0.04488
1685.44785,0.04769
1683.51942,0.05284
1681.59099,0.05986
1679.66256,0.06439
1677.73413,0.06714
1675.80570,0.06996
1673.87727,0.07459
1671.94884,0.07909
1670.02041,0.08271
1668.09198,0.08907
1666.16355,0.09594
1664.23512,0.10007
1662.30669,0.10419
1660.37826,0.11121
1658.44983,0.11841
1656.52140,0.12244
1654.59297,0.12199
1652.66454,0.12304
1650.73611,0.12954
1648.80768,0.13069
1646.87925,0.12419
1644.95082,0.12047
1643.02239,0.12041
1641.09396,0.11975
1639.16553,0.11662
1637.23710,0.10928
1635.30867,0.10148
1633.38024,0.09954
1631.45181,0.09833
1629.52338,0.09341
1627.59495,0.08695
1625.66652,0.08120
1623.73809,0.07528
1621.80966,0.07150
1619.88123,0.06932
1617.95280,0.06355
1616.02437,0.05651
1614.09594,0.05344
1612.16751,0.05082
1610.23908,0.04610
1608.31065,0.04141
1606.38222,0.03881
1604.45379,0.03721
1602.52536,0.03528
1600.59693,0.03351
1598.66850,0.03226
1596.74007,0.03107
1594.81164,0.02981
1592.88321,0.02893
1590.95478,0.02839
1589.02635,0.02818
1587.09792,0.02839
1585.16949,0.02894
1583.24106,0.03000
1581.31263,0.03185
1579.38420,0.03318
1577.45577,0.03220
1575.52734,0.03247
1573.59891,0.03684
1571.67048,0.03946
1569.74205,0.03947
1567.81362,0.04172
1565.88519,0.04560
1563.95676,0.04939
1562.02833,0.05112
1560.09990,0.05009
1558.17147,0.05469
1556.24304,0.06486
1554.31461,0.07121
1552.38618,0.07432
1550.45775,0.07648
1548.52932,0.07949
1546.60089,0.08255
1544.67246,0.08411
1542.74403,0.08402
1540.81560,0.08123
1538.88717,0.08248
1536.95874,0.08720
1535.03031,0.08651
1533.10188,0.08144
1531.17345,0.07948
1529.24502,0.07871
1527.31659,0.07660
1525.38816,0.07520
1523.45973,0.07330
1521.53130,0.06981
1519.60287,0.06817
1517.67444,0.06549
1515.74601,0.06219
1513.81758,0.06137
1511.88915,0.06123
1509.96072,0.05828
1508.03229,0.04914
1506.10385,0.04008
1504.17542,0.03979
1502.24699,0.04081
1500.31856,0.03811
1498.39013,0.03244
1496.46170,0.02747
1494.53327,0.02641
1492.60484,0.02534
1490.67641,0.02011
1488.74798,0.01455
1486.81955,0.01315
1484.89112,0.01362
1482.96269,0.01295
1481.03426,0.01203
1479.10583,0.01246
1477.17740,0.01296
1475.24897,0.01188
1473.32054,0.00999
1471.39211,0.01157
1469.46368,0.01567
1467.53525,0.01707
1465.60682,0.01555
1463.67839,0.01577
1461.74996,0.01815
1459.82153,0.01798
1457.89310,0.01468
1455.96467,0.01445
1454.03624,0.01684
1452.10781,0.01741
1450.17938,0.01589
1448.25095,0.01382
1446.32252,0.01310
1444.39409,0.01351
1442.46566,0.01373
1440.53723,0.01378
1438.60880,0.01286
1436.68037,0.01103
1434.75194,0.01044
1432.82351,0.00978
1430.89508,0.00793
1428.96665,0.00724
1427.03822,0.00804
1425.10979,0.00839
1423.18136,0.00911
1421.25293,0.01012
1419.32450,0.00969
1417.39607,0.00939
1415.46764,0.00997
1413.53921,0.01032
1411.61078,0.01053
1409.68235,0.01117
1407.75392,0.01156
1405.82549,0.01118
1403.89706,0.01164
1401.96863,0.01322
1400.04020,0.01430
1398.11177,0.01483
1396.18334,0.01444
1394.25491,0.01381
1392.32648,0.01442
1390.39805,0.01426
1388.46962,0.01180
1386.54119,0.00926
1384.61276,0.00836
1382.68433,0.00784
1380.75590,0.00726
1378.82747,0.00700
1376.89904,0.00605
1374.97061,0.00366
1373.04218,0.00212
1371.11375,0.00222
1369.18532,0.00205
1367.25689,0.00190
1365.32846,0.00192
1363.40003,0.00121
1361.47160,0.00070
1359.54317,0.00081
1357.61474,0.00049
1355.68631,0.00000
1353.75788,-0.00004
1351.82945,0.00030
1349.90102,0.00019
1347.97259,-0.00015
1346.04416,0.00000
1344.11573,0.00101
1342.18730,0.00219
1340.25887,0.00241
1338.33044,0.00213
1336.40201,0.00219
1334.47358,0.00252
1332.54515,0.00265
1330.61672,0.00221
1328.68829,0.00135
1326.75986,0.00073
1324.83143,0.00087
1322.90300,0.00154
1320.97457,0.00212
1319.04614,0.00245
1317.11771,0.00263
1315.18928,0.00242
1313.26085,0.00194
1311.33242,0.00177
1309.40399,0.00167
1307.47556,0.00141
1305.54713,0.00123
1303.61870,0.00099
1301.69027,0.00068
1299.76184,0.00071
1297.83341,0.00112
1295.90498,0.00141
1293.97655,0.00124
1292.04812,0.00087
1290.11969,0.00077
1288.19126,0.00100
1286.26283,0.00145
1284.33440,0.00178
1282.40597,0.00191
1280.47754,0.00216
1278.54911,0.00279
1276.62068,0.00388
1274.69225,0.00506
1272.76382,0.00566
1270.83539,0.00598
1268.90696,0.00669
1266.97853,0.00803
1265.05010,0.00969
1263.12167,0.01115
1261.19324,0.01261
1259.26481,0.01490
1257.33638,0.01786
1255.40795,0.02094
1253.47952,0.02384
1251.55109,0.02623
1249.62266,0.02831
1247.69423,0.03058
1245.76580,0.03321
1243.83737,0.03604
1241.90894,0.03872
1239.98051,0.04075
1238.05208,0.04192
1236.12365,0.04299
1234.19522,0.04467
1232.26679,0.04658
1230.33836,0.04827
1228.40993,0.04973
1226.48150,0.05075
1224.55307,0.05122
1222.62464,0.05120
1220.69621,0.05114
1218.76778,0.05198
1216.83935,0.05375
1214.91092,0.05556
1212.98249,0.05710
1211.05406,0.05833
1209.12563,0.05921
1207.19720,0.05976
1205.26877,0.06000
1203.34034,0.06043
1201.41191,0.06188
1199.48348,0.06349
1197.55505,0.06531
1195.62662,0.06707
1193.69819,0.06869
1191.76976,0.06990
1189.84133,0.07121
1187.91290,0.07331
1185.98447,0.07568
1184.05604,0.07740
1182.12761,0.07891
1180.19918,0.08128
1178.27075,0.08454
1176.34232,0.08805
1174.41389,0.09134
1172.48546,0.09417
1170.55703,0.09669
1168.62860,0.09889
1166.70017,0.10055
1164.77174,0.10218
1162.84331,0.10425
1160.91488,0.10658
1158.98645,0.10920
1157.05802,0.11184
1155.12959,0.11394
1153.20116,0.11586
1151.27273,0.11795
1149.34430,0.11996
1147.41587,0.12177
1145.48744,0.12344
1143.55901,0.12507
1141.63058,0.12641
1139.70215,0.12761
1137.77372,0.12961
1135.84529,0.13226
1133.91686,0.13480
1131.98843,0.13774
1130.06000,0.14153
1128.13157,0.14550
1126.20314,0.14885
1124.27471,0.15184
1122.34628,0.15569
1120.41785,0.16120
1118.48942,0.16822
1116.56099,0.17627
1114.63256,0.18459
1112.70413,0.19308
1110.77570,0.20221
1108.84727,0.21187
1106.91884,0.22182
1104.99041,0.23169
1103.06198,0.24115
1101.13355,0.25135
1099.20512,0.26347
1097.27669,0.27599
1095.34826,0.28667
1093.41983,0.29544
1091.49140,0.30321
1089.56297,0.31018
1087.63454,0.31555
1085.70611,0.31962
1083.77768,0.32476
1081.84925,0.33103
1079.92082,0.33560
1077.99239,0.33791
1076.06396,0.33976
1074.13553,0.34189
1072.20710,0.34456
1070.27867,0.34785
1068.35024,0.35100
1066.42181,0.35376
1064.49338,0.35658
1062.56495,0.35859
1060.63652,0.35853
1058.70809,0.35746
1056.77966,0.35676
1054.85123,0.35578
1052.92280,0.35448
1050.99437,0.35388
1049.06594,0.35317
1047.13751,0.35045
1045.20908,0.34579
1043.28065,0.34111
1041.35222,0.33654
1039.42379,0.33078
1037.49536,0.32440
1035.56693,0.31766
1033.63850,0.30929
1031.71007,0.29935
1029.78164,0.28861
1027.85321,0.27735
1025.92478,0.26570
1023.99635,0.25373
1022.06792,0.24156
1020.13949,0.22924
1018.21106,0.21704
1016.28263,0.20509
1014.35420,0.19305
1012.42577,0.18063
1010.49734,0.16821
1008.56891,0.15641
1006.64048,0.14466
1004.71205,0.13302
1002.78362,0.12268
1000.85519,0.11334
998.92676,0.10396
996.99833,0.09482
995.06990,0.08707
993.14147,0.08082
991.21304,0.07563
989.28461,0.07184
987.35618,0.06917
985.42775,0.06642
983.49932,0.06344
981.57089,0.06132
979.64246,0.06061
977.71403,0.06091
975.78560,0.06176
973.85717,0.06249
971.92874,0.06226
970.00031,0.06099
968.07188,0.05956
966.14345,0.05896
964.21502,0.05885
962.28659,0.05840
960.35816,0.05768
958.42973,0.05705
956.50130,0.05637
954.57287,0.05546
952.64444,0.05465
950.71601,0.05395
948.78758,0.05284
946.85915,0.05193
944.93072,0.05220
943.00229,0.05226
941.07386,0.05047
939.14543,0.04806
937.21700,0.04661
935.28857,0.04563
933.36014,0.04406
931.43171,0.04204
929.50328,0.04012
927.57485,0.03808
925.64642,0.03594
923.71799,0.03387
921.78956,0.03134
919.86113,0.02835
917.93270,0.02566
916.00427,0.02376
914.07584,0.02244
912.14741,0.02065
910.21898,0.01790
908.29055,0.01577
906.36212,0.01531
904.43368,0.01450
902.50525,0.01183
900.57682,0.00913
898.64839,0.00811
896.71996,0.00766
894.79153,0.00621
892.86310,0.00429
890.93467,0.00314
889.00624,0.00277
887.07781,0.00266
885.14938,0.00239
883.22095,0.00163
881.29252,0.00055
879.36409,0.00000
877.43566,0.00012
875.50723,0.00049
873.57880,0.00035
871.65037,0.00038
869.72194,0.00087
867.79351,0.00133
865.86508,0.00128
863.93665,0.00087
862.00822,0.00073
860.07979,0.00057
858.15136,0.00006
856.22293,0.00013
854.29450,0.00133
852.36607,0.00290
850.43764,0.00429
848.50921,0.00609
846.58078,0.00849
844.65235,0.01068
842.72392,0.01237
840.79549,0.01418
838.86706,0.01630
836.93863,0.01846
835.01020,0.02072
833.08177,0.02320
831.15334,0.02550
829.22491,0.02774
827.29648,0.03015
825.36805,0.03165
823.43962,0.03255
821.51119,0.03541
819.58276,0.04042
817.65433,0.04486
815.72590,0.04706
813.79747,0.04792
811.86904,0.04954
809.94061,0.05235
808.01218,0.05497
806.08375,0.05699
804.15532,0.05903
802.22689,0.06124
800.29846,0.06318
798.37003,0.06417
796.44160,0.06432
794.51317,0.06430
792.58474,0.06470
790.65631,0.06549
788.72788,0.06570
786.79945,0.06457
784.87102,0.06207
782.94259,0.05839
781.01416,0.05452
779.08573,0.05175
777.15730,0.04865
775.22887,0.04315
773.30044,0.03768
771.37201,0.03454
769.44358,0.03221
767.51515,0.02966
765.58672,0.02677
763.65829,0.02369
761.72986,0.02155
759.80143,0.02000
757.87300,0.01761
755.94457,0.01534
754.01614,0.01473
752.08771,0.01488
750.15928,0.01501
748.23085,0.01567
746.30242,0.01661
744.37399,0.01711
742.44556,0.01706
740.51713,0.01666
738.58870,0.01593
736.66027,0.01418
734.73184,0.01127
732.80341,0.00949
730.87498,0.01071
728.94655,0.01271
727.01812,0.01352
725.08969,0.01491
723.16126,0.01807
721.23283,0.01908
719.30440,0.01929
717.37597,0.01974
715.44754,0.01966
713.51911,0.01947
711.59068,0.02028
709.66225,0.02152
707.73382,0.02166
705.80539,0.02064
703.87696,0.01974
701.94853,0.02016
700.02010,0.02100
698.09167,0.01998
696.16324,0.01812
694.23481,0.01847
692.30638,0.01997
690.37795,0.01915
688.44952,0.01541
686.52109,0.01096
684.59266,0.00868
682.66423,0.00978
680.73580,0.01156
678.80737,0.01088
676.87894,0.00850
674.95051,0.00555
673.02208,0.00110
671.09365,-0.00449
669.16522,-0.00753
667.23679,-0.00302
665.30836,0.00643
663.37993,0.01507
661.45150,0.02124
659.52307,0.02362
657.59464,0.02076
655.66621,0.01392
653.73778,0.00668
651.80935,0.00234
649.88092,0.00245
647.95249,0.00582
646.02406,0.00952
644.09563,0.01233
642.16720,0.01401
640.23877,0.01344
638.31034,0.01172
636.38191,0.01185
634.45348,0.01288
632.52505,0.01038
630.59662,0.00549
628.66819,0.00583
626.73976,0.01362
624.81133,0.01747
622.88290,0.01547
620.95447,0.01225
619.02604,0.00808
617.09761,0.00481
615.16918,0.00520
613.24075,0.00541
611.31232,0.00186
609.38389,0.00000
607.45546,0.00114
605.52703,0.00786
603.59860,0.01274
601.67017,0.00941
599.74174,0.00000
