4001.49232,0.00168
3999.56389,0.00513
3997.63546,0.00524
3995.70703,0.00330
3993.77860,0.00167
3991.85017,0.00121
3989.92174,0.00112
3987.99331,0.00086
3986.06488,0.00075
3984.13645,0.00056
3982.20802,0.00000
3980.27959,0.00012
3978.35116,0.00130
3976.42273,0.00252
3974.49430,0.00305
3972.56587,0.00311
3970.63744,0.00267
3968.70901,0.00171
3966.78058,0.00114
3964.85215,0.00171
3962.92372,0.00259
3960.99529,0.00287
3959.06686,0.00282
3957.13843,0.00252
3955.21000,0.00199
3953.28157,0.00190
3951.35314,0.00245
3949.42471,0.00331
3947.49628,0.00413
3945.56785,0.00428
3943.63942,0.00330
3941.71099,0.00204
3939.78256,0.00160
3937.85413,0.00192
3935.92570,0.00277
3933.99727,0.00344
3932.06884,0.00331
3930.14041,0.00277
3928.21198,0.00270
3926.28355,0.00231
3924.35512,0.00172
3922.42669,0.00260
3920.49826,0.00425
3918.56982,0.00472
3916.64139,0.00361
3914.71296,0.00235
3912.78453,0.00197
3910.85610,0.00264
3908.92767,0.00414
3906.99924,0.00528
3905.07081,0.00621
3903.14238,0.00907
3901.21395,0.01133
3899.28552,0.00956
3897.35709,0.00728
3895.42866,0.00712
3893.50023,0.00675
3891.57180,0.00506
3889.64337,0.00564
3887.71494,0.00804
3885.78651,0.00858
3883.85808,0.00809
3881.92965,0.00714
3880.00122,0.00511
3878.07279,0.00480
3876.14436,0.00573
3874.21593,0.00589
3872.28750,0.00595
3870.35907,0.00537
3868.43064,0.00581
3866.50221,0.00734
3864.57378,0.00707
3862.64535,0.00675
3860.71692,0.00890
3858.78849,0.01214
3856.86006,0.01379
3854.93163,0.01091
3853.00320,0.00525
3851.07477,0.00545
3849.14634,0.00885
3847.21791,0.01020
3845.28948,0.00868
3843.36105,0.00722
3841.43262,0.00738
3839.50419,0.00669
3837.57576,0.00543
3835.64733,0.00653
3833.71890,0.00799
3831.79047,0.00714
3829.86204,0.00543
3827.93361,0.00399
3826.00518,0.00390
3824.07675,0.00607
3822.14832,0.00724
3820.21989,0.00744
3818.29146,0.00874
3816.36303,0.00817
3814.43460,0.00643
3812.50617,0.00581
3810.57774,0.00559
3808.64931,0.00437
3806.72088,0.00352
3804.79245,0.00524
3802.86402,0.00572
3800.93559,0.00437
3799.00716,0.00525
3797.07873,0.00518
3795.15030,0.00319
3793.22187,0.00168
3791.29344,0.00110
3789.36501,0.00138
3787.43658,0.00203
3785.50815,0.00168
3783.57972,0.00122
3781.65129,0.00126
3779.72286,0.00067
3777.79443,0.00081
3775.86600,0.00243
3773.93757,0.00421
3772.00914,0.00498
3770.08071,0.00503
3768.15228,0.00534
3766.22385,0.00483
3764.29542,0.00463
3762.36699,0.00621
3760.43856,0.00736
3758.51013,0.00729
3756.58170,0.00845
3754.65327,0.01038
3752.72484,0.00992
3750.79641,0.00839
3748.86798,0.01108
3746.93955,0.01391
3745.01112,0.01228
3743.08269,0.01013
3741.15426,0.01082
3739.22583,0.01280
3737.29740,0.01397
3735.36897,0.01322
3733.44054,0.01033
3731.51211,0.00801
3729.58368,0.00843
3727.65525,0.00957
3725.72682,0.00983
3723.79839,0.00911
3721.86996,0.00722
3719.94153,0.00496
3718.01310,0.00384
3716.08467,0.00432
3714.15624,0.00478
3712.22781,0.00416
3710.29938,0.00394
3708.37095,0.00460
3706.44252,0.00542
3704.51409,0.00620
3702.58566,0.00601
3700.65723,0.00528
3698.72880,0.00507
3696.80037,0.00497
3694.87194,0.00538
3692.94351,0.00563
3691.01508,0.00340
3689.08665,-0.00001
3687.15822,0.00057
3685.22979,0.00340
3683.30136,0.00509
3681.37293,0.00506
3679.44450,0.00475
3677.51607,0.00501
3675.58764,0.00578
3673.65921,0.00916
3671.73078,0.01022
3669.80235,0.00550
3667.87392,0.00309
3665.94549,0.00418
3664.01706,0.00473
3662.08863,0.00432
3660.16020,0.00424
3658.23177,0.00379
3656.30334,0.00306
3654.37491,0.00450
3652.44648,0.00554
3650.51805,0.00262
3648.58962,0.00000
3646.66119,0.00197
3644.73276,0.00520
3642.80433,0.00634
3640.87590,0.00586
3638.94747,0.00531
3637.01904,0.00561
3635.09061,0.00626
3633.16218,0.00684
3631.23375,0.00645
3629.30532,0.00405
3627.37689,0.00369
3625.44846,0.00616
3623.52003,0.00773
3621.59160,0.00679
3619.66317,0.00472
3617.73474,0.00500
3615.80631,0.00732
3613.87788,0.00855
3611.94945,0.00961
3610.02102,0.01052
3608.09259,0.00907
3606.16416,0.00740
3604.23573,0.00769
3602.30730,0.00755
3600.37887,0.00523
3598.45044,0.00301
3596.52201,0.00274
3594.59358,0.00403
3592.66515,0.00618
3590.73672,0.00785
3588.80829,0.00670
3586.87986,0.00386
3584.95143,0.00389
3583.02300,0.00565
3581.09457,0.00602
3579.16614,0.00525
3577.23771,0.00479
3575.30928,0.00444
3573.38085,0.00394
3571.45242,0.00406
3569.52399,0.00461
3567.59556,0.00437
3565.66713,0.00433
3563.73870,0.00513
3561.81027,0.00537
3559.88184,0.00487
3557.95341,0.00452
3556.02498,0.00462
3554.09655,0.00443
3552.16812,0.00377
3550.23969,0.00380
3548.31126,0.00477
3546.38283,0.00537
3544.45440,0.00504
3542.52597,0.00447
3540.59754,0.00418
3538.66911,0.00393
3536.74068,0.00352
3534.81225,0.00330
3532.88382,0.00318
3530.95539,0.00279
3529.02696,0.00268
3527.09853,0.00345
3525.17010,0.00443
3523.24167,0.00511
3521.31324,0.00596
3519.38481,0.00604
3517.45638,0.00472
3515.52795,0.00322
3513.59952,0.00244
3511.67109,0.00186
3509.74266,0.00132
3507.81423,0.00208
3505.88580,0.00378
3503.95737,0.00446
3502.02894,0.00425
3500.10051,0.00435
3498.17208,0.00433
3496.24365,0.00380
3494.31522,0.00360
3492.38679,0.00415
3490.45836,0.00452
3488.52993,0.00380
3486.60150,0.00338
3484.67307,0.00455
3482.74464,0.00568
3480.81621,0.00571
3478.88778,0.00561
3476.95935,0.00575
3475.03092,0.00573
3473.10249,0.00553
3471.17406,0.00554
3469.24563,0.00567
3467.31720,0.00540
3465.38877,0.00469
3463.46034,0.00374
3461.53191,0.00295
3459.60348,0.00296
3457.67505,0.00375
3455.74662,0.00451
3453.81819,0.00473
3451.88976,0.00483
3449.96133,0.00466
3448.03290,0.00358
3446.10447,0.00301
3444.17604,0.00401
3442.24761,0.00508
3440.31918,0.00557
3438.39075,0.00551
3436.46232,0.00534
3434.53389,0.00553
3432.60546,0.00531
3430.67703,0.00435
3428.74860,0.00405
3426.82017,0.00481
3424.89174,0.00563
3422.96331,0.00596
3421.03488,0.00589
3419.10645,0.00577
3417.17802,0.00598
3415.24959,0.00616
3413.32116,0.00553
3411.39273,0.00465
3409.46430,0.00455
3407.53587,0.00496
3405.60744,0.00564
3403.67901,0.00613
3401.75058,0.00603
3399.82215,0.00688
3397.89372,0.00706
3395.96529,0.00688
3394.03686,0.00637
3392.10843,0.00638
3390.18000,0.00714
3388.25157,0.00783
3386.32314,0.00771
3384.39471,0.00661
3382.46628,0.00561
3380.53785,0.00558
3378.60942,0.00591
3376.68099,0.00573
3374.75256,0.00521
3372.82413,0.00473
3370.89570,0.00475
3368.96727,0.00578
3367.03884,0.00705
3365.11041,0.00739
3363.18198,0.00712
3361.25355,0.00708
3359.32512,0.00702
3357.39669,0.00666
3355.46826,0.00670
3353.53983,0.00708
3351.61140,0.00674
3349.68297,0.00556
3347.75454,0.00456
3345.82611,0.00441
3343.89768,0.00507
3341.96925,0.00627
3340.04082,0.00751
3338.11239,0.00816
3336.18396,0.00806
3334.25553,0.00762
3332.32710,0.00715
3330.39867,0.00700
3328.47024,0.00750
3326.54181,0.00813
3324.61338,0.00816
3322.68495,0.00787
3320.75652,0.00784
3318.82809,0.00827
3316.89966,0.00891
3314.97122,0.00870
3313.04279,0.00749
3311.11436,0.00664
3309.18593,0.00632
3307.25750,0.00578
3305.32907,0.00530
3303.40064,0.00527
3301.47221,0.00561
3299.54378,0.00628
3297.61535,0.00693
3295.68692,0.00711
3293.75849,0.00690
3291.83006,0.00687
3289.90163,0.00720
3287.97320,0.00736
3286.04477,0.00753
3284.11634,0.00814
3282.18791,0.00842
3280.25948,0.00799
3278.33105,0.00764
3276.40262,0.00786
3274.47419,0.00816
3272.54576,0.00812
3270.61733,0.00803
3268.68890,0.00838
3266.76047,0.00873
3264.83204,0.00816
3262.90361,0.00731
3260.97518,0.00735
3259.04675,0.00749
3257.11832,0.00702
3255.18989,0.00677
3253.26146,0.00686
3251.33303,0.00613
3249.40460,0.00511
3247.47617,0.00557
3245.54774,0.00701
3243.61931,0.00787
3241.69088,0.00782
3239.76245,0.00754
3237.83402,0.00776
3235.90559,0.00861
3233.97716,0.00943
3232.04873,0.00907
3230.12030,0.00752
3228.19187,0.00632
3226.26344,0.00589
3224.33501,0.00547
3222.40658,0.00513
3220.47815,0.00479
3218.54972,0.00442
3216.62129,0.00505
3214.69286,0.00643
3212.76443,0.00701
3210.83600,0.00622
3208.90757,0.00501
3206.97914,0.00472
3205.05071,0.00528
3203.12228,0.00555
3201.19385,0.00531
3199.26542,0.00484
3197.33699,0.00408
3195.40856,0.00361
3193.48013,0.00383
3191.55170,0.00400
3189.62327,0.00381
3187.69484,0.00367
3185.76641,0.00348
3183.83798,0.00330
3181.90955,0.00366
3179.98112,0.00424
3178.05269,0.00406
3176.12426,0.00331
3174.19583,0.00299
3172.26740,0.00315
3170.33897,0.00307
3168.41054,0.00256
3166.48211,0.00233
3164.55368,0.00302
3162.62525,0.00381
3160.69682,0.00351
3158.76839,0.00260
3156.83996,0.00194
3154.91153,0.00173
3152.98310,0.00214
3151.05467,0.00276
3149.12624,0.00291
3147.19781,0.00258
3145.26938,0.00191
3143.34095,0.00110
3141.41252,0.00053
3139.48409,0.00044
3137.55566,0.00080
3135.62723,0.00139
3133.69880,0.00172
3131.77037,0.00136
3129.84194,0.00073
3127.91351,0.00060
3125.98508,0.00108
3124.05665,0.00149
3122.12822,0.00098
3120.19979,0.00000
3118.27136,0.00009
3116.34293,0.00130
3114.41450,0.00210
3112.48607,0.00185
3110.55764,0.00104
3108.62921,0.00044
3106.70078,0.00047
3104.77235,0.00101
3102.84392,0.00130
3100.91549,0.00101
3098.98706,0.00096
3097.05863,0.00146
3095.13020,0.00162
3093.20177,0.00085
3091.27334,-0.00004
3089.34491,-0.00006
3087.41648,0.00045
3085.48805,0.00092
3083.55962,0.00137
3081.63119,0.00146
3079.70276,0.00107
3077.77433,0.00077
3075.84590,0.00051
3073.91747,0.00012
3071.98904,0.00019
3070.06061,0.00086
3068.13218,0.00161
3066.20375,0.00216
3064.27532,0.00229
3062.34689,0.00185
3060.41846,0.00122
3058.49003,0.00069
3056.56160,0.00015
3054.63317,-0.00019
3052.70474,-0.00004
3050.77631,0.00032
3048.84788,0.00061
3046.91945,0.00088
3044.99102,0.00105
3043.06259,0.00069
3041.13416,0.00010
3039.20573,0.00000
3037.27730,0.00007
3035.34887,0.00026
3033.42044,0.00082
3031.49201,0.00140
3029.56358,0.00165
3027.63515,0.00187
3025.70672,0.00220
3023.77829,0.00216
3021.84986,0.00157
3019.92143,0.00109
3017.99300,0.00111
3016.06457,0.00129
3014.13614,0.00140
3012.20771,0.00148
3010.27928,0.00167
3008.35085,0.00205
3006.42242,0.00220
3004.49399,0.00170
3002.56556,0.00094
3000.63713,0.00067
2998.70870,0.00110
2996.78027,0.00117
2994.85184,0.00096
2992.92341,0.00113
2990.99498,0.00129
2989.06655,0.00097
2987.13812,0.00080
2985.20969,0.00113
2983.28126,0.00137
2981.35283,0.00135
2979.42440,0.00133
2977.49597,0.00134
2975.56754,0.00134
2973.63911,0.00131
2971.71068,0.00133
2969.78225,0.00152
2967.85382,0.00175
2965.92539,0.00197
2963.99696,0.00198
2962.06853,0.00145
2960.14010,0.00102
2958.21167,0.00138
2956.28324,0.00186
2954.35481,0.00168
2952.42638,0.00135
2950.49795,0.00134
2948.56952,0.00118
2946.64109,0.00081
2944.71266,0.00070
2942.78423,0.00101
2940.85580,0.00154
2938.92737,0.00178
2936.99894,0.00169
2935.07051,0.00157
2933.14208,0.00137
2931.21365,0.00107
2929.28522,0.00103
2927.35679,0.00144
2925.42836,0.00180
2923.49993,0.00192
2921.57150,0.00198
2919.64307,0.00192
2917.71464,0.00184
2915.78621,0.00198
2913.85778,0.00238
2911.92935,0.00273
2910.00092,0.00279
2908.07249,0.00273
2906.14406,0.00246
2904.21563,0.00194
2902.28720,0.00149
2900.35877,0.00122
2898.43034,0.00105
2896.50191,0.00117
2894.57348,0.00167
2892.64505,0.00205
2890.71662,0.00190
2888.78819,0.00181
2886.85976,0.00223
2884.93133,0.00237
2883.00290,0.00164
2881.07447,0.00054
2879.14604,0.00000
2877.21761,0.00049
2875.28918,0.00156
2873.36075,0.00208
2871.43232,0.00194
2869.50389,0.00199
2867.57546,0.00247
2865.64703,0.00272
2863.71860,0.00249
2861.79017,0.00213
2859.86174,0.00177
2857.93331,0.00121
2856.00488,0.00078
2854.07645,0.00082
2852.14802,0.00102
2850.21959,0.00111
2848.29116,0.00123
2846.36273,0.00143
2844.43430,0.00155
2842.50587,0.00166
2840.57744,0.00180
2838.64901,0.00166
2836.72058,0.00110
2834.79215,0.00067
2832.86372,0.00074
2830.93529,0.00093
2829.00686,0.00098
2827.07843,0.00123
2825.15000,0.00142
2823.22157,0.00124
2821.29314,0.00112
2819.36471,0.00121
2817.43628,0.00142
2815.50785,0.00150
2813.57942,0.00093
2811.65099,0.00018
2809.72256,0.00002
2807.79413,0.00026
2805.86570,0.00069
2803.93727,0.00113
2802.00884,0.00120
2800.08041,0.00110
2798.15198,0.00114
2796.22355,0.00124
2794.29512,0.00128
2792.36669,0.00128
2790.43826,0.00132
2788.50983,0.00134
2786.58140,0.00113
2784.65297,0.00086
2782.72454,0.00083
2780.79611,0.00091
2778.86768,0.00081
2776.93925,0.00074
2775.01082,0.00100
2773.08239,0.00128
2771.15396,0.00132
2769.22553,0.00106
2767.29710,0.00045
2765.36867,0.00000
2763.44024,0.00015
2761.51181,0.00064
2759.58338,0.00117
2757.65495,0.00159
2755.72652,0.00162
2753.79809,0.00132
2751.86966,0.00102
2749.94123,0.00096
2748.01280,0.00124
2746.08437,0.00155
2744.15594,0.00156
2742.22751,0.00159
2740.29908,0.00205
2738.37065,0.00248
2736.44222,0.00206
2734.51379,0.00135
2732.58536,0.00146
2730.65693,0.00203
2728.72850,0.00203
2726.80007,0.00161
2724.87164,0.00160
2722.94321,0.00169
2721.01478,0.00133
2719.08635,0.00101
2717.15792,0.00100
2715.22949,0.00072
2713.30105,0.00009
2711.37262,0.00000
2709.44419,0.00080
2707.51576,0.00164
2705.58733,0.00183
2703.65890,0.00156
2701.73047,0.00120
2699.80204,0.00107
2697.87361,0.00145
2695.94518,0.00190
2694.01675,0.00167
2692.08832,0.00104
2690.15989,0.00070
2688.23146,0.00069
2686.30303,0.00093
2684.37460,0.00125
2682.44617,0.00124
2680.51774,0.00095
2678.58931,0.00064
2676.66088,0.00027
2674.73245,0.00000
2672.80402,0.00017
2670.87559,0.00073
2668.94716,0.00112
2667.01873,0.00116
2665.09030,0.00131
2663.16187,0.00153
2661.23344,0.00139
2659.30501,0.00109
2657.37658,0.00094
2655.44815,0.00080
2653.51972,0.00054
2651.59129,0.00028
2649.66286,0.00027
2647.73443,0.00070
2645.80600,0.00104
2643.87757,0.00095
2641.94914,0.00089
2640.02071,0.00094
2638.09228,0.00073
2636.16385,0.00040
2634.23542,0.00027
2632.30699,0.00019
2630.37856,0.00000
2628.45013,0.00015
2626.52170,0.00064
2624.59327,0.00084
2622.66484,0.00113
2620.73641,0.00174
2618.80798,0.00180
2616.87955,0.00128
2614.95112,0.00090
2613.02269,0.00074
2611.09426,0.00082
2609.16583,0.00106
2607.23740,0.00101
2605.30897,0.00067
2603.38054,0.00063
2601.45211,0.00116
2599.52368,0.00177
2597.59525,0.00190
2595.66682,0.00155
2593.73839,0.00101
2591.80996,0.00069
2589.88153,0.00076
2587.95310,0.00082
2586.02467,0.00064
2584.09624,0.00055
2582.16781,0.00064
2580.23938,0.00070
2578.31095,0.00070
2576.38252,0.00070
2574.45409,0.00058
2572.52566,0.00036
2570.59723,0.00035
2568.66880,0.00051
2566.74037,0.00047
2564.81194,0.00037
2562.88351,0.00062
2560.95508,0.00091
2559.02665,0.00101
2557.09822,0.00117
2555.16979,0.00119
2553.24136,0.00084
2551.31293,0.00064
2549.38450,0.00081
2547.45607,0.00090
2545.52764,0.00082
2543.59921,0.00084
2541.67078,0.00078
2539.74235,0.00042
2537.81392,0.00019
2535.88549,0.00055
2533.95706,0.00120
2532.02863,0.00152
2530.10020,0.00137
2528.17177,0.00119
2526.24334,0.00108
2524.31491,0.00074
2522.38648,0.00023
2520.45805,0.00000
2518.52962,0.00026
2516.60119,0.00091
2514.67276,0.00141
2512.74433,0.00136
2510.81590,0.00106
2508.88747,0.00098
2506.95904,0.00115
2505.03061,0.00127
2503.10218,0.00128
2501.17375,0.00133
2499.24532,0.00149
2497.31689,0.00159
2495.38846,0.00154
2493.46003,0.00171
2491.53160,0.00187
2489.60317,0.00157
2487.67474,0.00124
2485.74631,0.00117
2483.81788,0.00099
2481.88945,0.00078
2479.96102,0.00092
2478.03259,0.00119
2476.10416,0.00132
2474.17573,0.00141
2472.24730,0.00115
2470.31887,0.00048
2468.39044,0.00000
2466.46201,0.00006
2464.53358,0.00060
2462.60515,0.00133
2460.67672,0.00171
2458.74829,0.00150
2456.81986,0.00113
2454.89143,0.00093
2452.96300,0.00086
2451.03457,0.00085
2449.10614,0.00087
2447.17771,0.00080
2445.24928,0.00045
2443.32085,0.00018
2441.39242,0.00053
2439.46399,0.00124
2437.53556,0.00174
2435.60713,0.00180
2433.67870,0.00129
2431.75027,0.00124
2429.82184,0.00120
2427.89341,0.00116
2425.96498,0.00111
2424.03655,0.00107
2422.10812,0.00103
2420.17969,0.00099
2418.25126,0.00096
2416.32283,0.00092
2414.39440,0.00088
2412.46597,0.00085
2410.53754,0.00081
2408.60911,0.00078
2406.68068,0.00075
2404.75225,0.00071
2402.82382,0.00068
2400.89539,0.00065
2398.96696,0.00062
2397.03853,0.00059
2395.11010,0.00057
2393.18167,0.00054
2391.25324,0.00051
2389.32481,0.00049
2387.39638,0.00046
2385.46795,0.00044
2383.53952,0.00042
2381.61109,0.00040
2379.68266,0.00038
2377.75423,0.00036
2375.82580,0.00034
2373.89737,0.00032
2371.96894,0.00030
2370.04051,0.00029
2368.11208,0.00027
2366.18365,0.00026
2364.25522,0.00024
2362.32679,0.00023
2360.39836,0.00022
2358.46993,0.00021
2356.54150,0.00020
2354.61307,0.00019
2352.68464,0.00018
2350.75621,0.00017
2348.82778,0.00017
2346.89935,0.00016
2344.97092,0.00016
2343.04249,0.00015
2341.11406,0.00015
2339.18563,0.00015
2337.25720,0.00015
2335.32877,0.00015
2333.40034,0.00015
2331.47191,0.00015
2329.54348,0.00015
2327.61505,0.00016
2325.68662,0.00016
2323.75819,0.00017
2321.82976,0.00017
2319.90133,0.00018
2317.97290,0.00019
2316.04447,0.00019
2314.11604,0.00020
2312.18761,0.00021
2310.25918,0.00023
2308.33075,0.00024
2306.40232,0.00025
2304.47389,0.00026
2302.54546,0.00028
2300.61703,0.00030
2298.68860,0.00031
2296.76017,0.00033
2294.83174,0.00035
2292.90331,0.00037
2290.97488,0.00039
2289.04645,0.00041
2287.11802,0.00043
2285.18959,0.00045
2283.26116,0.00048
2281.33273,0.00050
2279.40430,0.00053
2277.47587,0.00055
2275.54744,0.00058
2273.61901,0.00061
2271.69058,0.00064
2269.76215,0.00067
2267.83372,0.00070
2265.90529,0.00073
2263.97686,0.00076
2262.04843,0.00098
2260.12000,0.00087
2258.19157,0.00059
2256.26314,0.00028
2254.33471,0.00001
2252.40628,0.00000
2250.47785,0.00066
2248.54942,0.00228
2246.62099,0.00177
2244.69256,0.00144
2242.76413,0.00135
2240.83570,0.00114
2238.90727,0.00111
2236.97884,0.00164
2235.05041,0.00193
2233.12198,0.00136
2231.19355,0.00070
2229.26512,0.00048
2227.33669,0.00047
2225.40826,0.00054
2223.47983,0.00058
2221.55140,0.00067
2219.62297,0.00070
2217.69454,0.00050
2215.76611,0.00033
2213.83768,0.00034
2211.90925,0.00035
2209.98082,0.00024
2208.05239,0.00024
2206.12396,0.00064
2204.19553,0.00117
2202.26710,0.00114
2200.33867,0.00080
2198.41024,0.00068
2196.48181,0.00074
2194.55338,0.00091
2192.62495,0.00096
2190.69652,0.00082
2188.76809,0.00066
2186.83966,0.00038
2184.91123,0.00017
2182.98280,0.00029
2181.05437,0.00054
2179.12594,0.00072
2177.19751,0.00065
2175.26908,0.00030
2173.34065,0.00000
2171.41222,-0.00001
2169.48379,0.00018
2167.55536,0.00046
2165.62693,0.00061
2163.69850,0.00038
2161.77007,0.00011
2159.84164,0.00022
2157.91321,0.00037
2155.98478,0.00021
2154.05635,0.00005
2152.12792,0.00016
2150.19949,0.00026
2148.27106,0.00033
2146.34263,0.00053
2144.41420,0.00062
2142.48577,0.00055
2140.55734,0.00055
2138.62891,0.00090
2136.70048,0.00134
2134.77205,0.00112
2132.84362,0.00049
2130.91519,0.00036
2128.98676,0.00074
2127.05833,0.00097
2125.12990,0.00075
2123.20147,0.00034
2121.27304,0.00002
2119.34461,0.00000
2117.41618,0.00059
2115.48775,0.00138
2113.55932,0.00116
2111.63089,0.00018
2109.70245,-0.00003
2107.77402,0.00054
2105.84559,0.00092
2103.91716,0.00093
2101.98873,0.00084
2100.06030,0.00064
2098.13187,0.00044
2096.20344,0.00036
2094.27501,0.00058
2092.34658,0.00099
2090.41815,0.00100
2088.48972,0.00078
2086.56129,0.00081
2084.63286,0.00084
2082.70443,0.00054
2080.77600,0.00026
2078.84757,0.00028
2076.91914,0.00049
2074.99071,0.00065
2073.06228,0.00058
2071.13385,0.00033
2069.20542,0.00053
2067.27699,0.00127
2065.34856,0.00169
2063.42013,0.00148
2061.49170,0.00110
2059.56327,0.00074
2057.63484,0.00044
2055.70641,0.00021
2053.77798,0.00022
2051.84955,0.00043
2049.92112,0.00065
2047.99269,0.00086
2046.06426,0.00123
2044.13583,0.00161
2042.20740,0.00146
2040.27897,0.00104
2038.35054,0.00083
2036.42211,0.00063
2034.49368,0.00026
2032.56525,0.00000
2030.63682,0.00007
2028.70839,0.00039
2026.77996,0.00074
2024.85153,0.00095
2022.92310,0.00119
2020.99467,0.00156
2019.06624,0.00155
2017.13781,0.00127
2015.20938,0.00141
2013.28095,0.00158
2011.35252,0.00160
2009.42409,0.00183
2007.49566,0.00185
2005.56723,0.00146
2003.63880,0.00119
2001.71037,0.00113
1999.78194,0.00096
1997.85351,0.00104
1995.92508,0.00163
1993.99665,0.00177
1992.06822,0.00122
1990.13979,0.00095
1988.21136,0.00095
1986.28293,0.00095
1984.35450,0.00081
1982.42607,0.00054
1980.49764,0.00040
1978.56921,0.00056
1976.64078,0.00092
1974.71235,0.00096
1972.78392,0.00081
1970.85549,0.00108
1968.92706,0.00104
1966.99863,0.00031
1965.07020,0.00014
1963.14177,0.00032
1961.21334,0.00021
1959.28491,0.00007
1957.35648,0.00000
1955.42805,0.00002
1953.49962,0.00034
1951.57119,0.00076
1949.64276,0.00104
1947.71433,0.00117
1945.78590,0.00136
1943.85747,0.00130
1941.92904,0.00110
1940.00061,0.00149
1938.07218,0.00171
1936.14375,0.00114
1934.21532,0.00029
1932.28689,-0.00014
1930.35846,-0.00005
1928.43003,0.00041
1926.50160,0.00092
1924.57317,0.00084
1922.64474,0.00090
1920.71631,0.00162
1918.78788,0.00135
1916.85945,0.00064
1914.93102,0.00074
1913.00259,0.00088
1911.07416,0.00049
1909.14573,0.00013
1907.21730,0.00030
1905.28887,0.00064
1903.36044,0.00080
1901.43201,0.00090
1899.50358,0.00097
1897.57515,0.00080
1895.64672,0.00062
1893.71829,0.00118
1891.78986,0.00165
1889.86143,0.00106
1887.93300,0.00079
1886.00457,0.00101
1884.07614,0.00093
1882.14771,0.00094
1880.21928,0.00103
1878.29085,0.00098
1876.36242,0.00087
1874.43399,0.00111
1872.50556,0.00174
1870.57713,0.00149
1868.64870,0.00038
1866.72027,0.00055
1864.79184,0.00160
1862.86341,0.00157
1860.93498,0.00081
1859.00655,0.00051
1857.07812,0.00071
1855.14969,0.00084
1853.22126,0.00094
1851.29283,0.00131
1849.36440,0.00183
1847.43597,0.00248
1845.50754,0.00262
1843.57911,0.00240
1841.65068,0.00296
1839.72225,0.00308
1837.79382,0.00252
1835.86539,0.00285
1833.93696,0.00360
1832.00853,0.00241
1830.08010,0.00000
1828.15167,0.00004
1826.22324,0.00109
1824.29481,0.00139
1822.36638,0.00195
1820.43795,0.00221
1818.50952,0.00172
1816.58109,0.00124
1814.65266,0.00108
1812.72423,0.00058
1810.79580,0.00000
1808.86737,0.00039
1806.93894,0.00142
1805.01051,0.00234
1803.08208,0.00244
1801.15365,0.00171
1799.22522,0.00179
1797.29679,0.00321
1795.36836,0.00405
1793.43993,0.00276
1791.51150,0.00145
1789.58307,0.00265
1787.65464,0.00385
1785.72621,0.00357
1783.79778,0.00282
1781.86935,0.00176
1779.94092,0.00121
1778.01249,0.00220
1776.08406,0.00301
1774.15563,0.00188
1772.22720,0.00058
1770.29877,0.00208
1768.37034,0.00343
1766.44191,0.00336
1764.51348,0.00274
1762.58505,0.00184
1760.65662,0.00239
1758.72819,0.00320
1756.79976,0.00270
1754.87133,0.00309
1752.94290,0.00408
1751.01447,0.00383
1749.08604,0.00280
1747.15761,0.00268
1745.22918,0.00308
1743.30075,0.00306
1741.37232,0.00251
1739.44389,0.00244
1737.51546,0.00355
1735.58703,0.00250
1733.65860,0.00031
1731.73017,0.00145
1729.80174,0.00276
1727.87331,0.00305
1725.94488,0.00303
1724.01645,0.00307
1722.08802,0.00382
1720.15959,0.00323
1718.23116,0.00039
1716.30273,0.00000
1714.37430,0.00315
1712.44587,0.00612
1710.51744,0.00728
1708.58901,0.00705
1706.66058,0.00663
1704.73215,0.00882
1702.80372,0.01218
1700.87529,0.01306
1698.94686,0.01419
1697.01843,0.01513
1695.09000,0.01560
1693.16157,0.01728
1691.23314,0.01782
1689.30471,0.01740
1687.37628,0.01717
1685.44785,0.01544
1683.51942,0.01596
1681.59099,0.02043
1679.66256,0.02333
1677.73413,0.02363
1675.80570,0.02293
1673.87727,0.02380
1671.94884,0.02460
1670.02041,0.02365
1668.09198,0.02551
1666.16355,0.02910
1664.23512,0.02967
1662.30669,0.02918
1660.37826,0.03201
1658.44983,0.03602
1656.52140,0.03697
1654.59297,0.03308
1652.66454,0.03125
1650.73611,0.03727
1648.80768,0.03884
1646.87925,0.03316
1644.95082,0.03189
1643.02239,0.03442
1641.09396,0.03523
1639.16553,0.03293
1637.23710,0.02752
1635.30867,0.02421
1633.38024,0.02742
1631.45181,0.03008
1629.52338,0.02851
1627.59495,0.02582
1625.66652,0.02410
1623.73809,0.02235
1621.80966,0.02275
1619.88123,0.02371
1617.95280,0.02042
1616.02437,0.01654
1614.09594,0.01690
1612.16751,0.01689
1610.23908,0.01406
1608.31065,0.01116
1606.38222,0.01031
1604.45379,0.01004
1602.52536,0.00911
1600.59693,0.00839
1598.66850,0.00812
1596.74007,0.00760
1594.81164,0.00681
1592.88321,0.00629
1590.95478,0.00590
1589.02635,0.00570
1587.09792,0.00593
1585.16949,0.00639
1583.24106,0.00731
1581.31263,0.00896
1579.38420,0.00984
1577.45577,0.00822
1575.52734,0.00823
1573.59891,0.01279
1571.67048,0.01498
1569.74205,0.01360
1567.81362,0.01455
1565.88519,0.01735
1563.95676,0.01956
1562.02833,0.01909
1560.09990,0.01510
1558.17147,0.01638
1556.24304,0.02470
1554.31461,0.02955
1552.38618,0.03035
1550.45775,0.02953
1548.52932,0.02968
1546.60089,0.03002
1544.67246,0.02822
1542.74403,0.02471
1540.81560,0.02079
1538.88717,0.02452
1536.95874,0.03165
1535.03031,0.03176
1533.10188,0.02684
1531.17345,0.02560
1529.24502,0.02587
1527.31659,0.02484
1525.38816,0.02488
1523.45973,0.02456
1521.53130,0.02289
1519.60287,0.02356
1517.67444,0.02335
1515.74601,0.02268
1513.81758,0.02416
1511.88915,0.02538
1509.96072,0.02299
1508.03229,0.01518
1506.10385,0.00996
1504.17542,0.01397
1502.24699,0.01781
1500.31856,0.01654
1498.39013,0.01201
1496.46170,0.00912
1494.53327,0.01054
1492.60484,0.01099
1490.67641,0.00685
1488.74798,0.00347
1486.81955,0.00470
1484.89112,0.00701
1482.96269,0.00725
1481.03426,0.00667
1479.10583,0.00715
1477.17740,0.00747
1475.24897,0.00596
1473.32054,0.00342
1471.39211,0.00451
1469.46368,0.00853
1467.53525,0.00982
1465.60682,0.00798
1463.67839,0.00797
1461.74996,0.00983
1459.82153,0.00821
1457.89310,0.00334
1455.96467,0.00334
1454.03624,0.00690
1452.10781,0.00793
1450.17938,0.00603
1448.25095,0.00370
1446.32252,0.00349
1444.39409,0.00479
1442.46566,0.00562
1440.53723,0.00583
1438.60880,0.00493
1436.68037,0.00354
1434.75194,0.00405
1432.82351,0.00445
1430.89508,0.00307
1428.96665,0.00265
1427.03822,0.00389
1425.10979,0.00462
1423.18136,0.00567
1421.25293,0.00702
1419.32450,0.00659
1417.39607,0.00582
1415.46764,0.00596
1413.53921,0.00596
1411.61078,0.00573
1409.68235,0.00593
1407.75392,0.00581
1405.82549,0.00479
1403.89706,0.00472
1401.96863,0.00602
1400.04020,0.00680
1398.11177,0.00700
1396.18334,0.00638
1394.25491,0.00572
1392.32648,0.00658
1390.39805,0.00671
1388.46962,0.00443
1386.54119,0.00221
1384.61276,0.00218
1382.68433,0.00289
1380.75590,0.00345
1378.82747,0.00388
1376.89904,0.00313
1374.97061,0.00092
1373.04218,0.00000
1371.11375,0.00049
1369.18532,0.00045
1367.25689,0.00059
1365.32846,0.00120
1363.40003,0.00094
1361.47160,0.00049
1359.54317,0.00061
1357.61474,0.00037
1355.68631,-0.00017
1353.75788,-0.00009
1351.82945,0.00035
1349.90102,0.00028
1347.97259,-0.00010
1346.04416,0.00000
1344.11573,0.00098
1342.18730,0.00225
1340.25887,0.00252
1338.33044,0.00218
1336.40201,0.00217
1334.47358,0.00246
1332.54515,0.00280
1330.61672,0.00287
1328.68829,0.00241
1326.75986,0.00182
1324.83143,0.00175
1322.90300,0.00210
1320.97457,0.00217
1319.04614,0.00202
1317.11771,0.00210
1315.18928,0.00215
1313.26085,0.00197
1311.33242,0.00183
1309.40399,0.00151
1307.47556,0.00104
1305.54713,0.00079
1303.61870,0.00055
1301.69027,0.00040
1299.76184,0.00088
1297.83341,0.00186
1295.90498,0.00251
1293.97655,0.00234
1292.04812,0.00192
1290.11969,0.00182
1288.19126,0.00202
1286.26283,0.00248
1284.33440,0.00299
1282.40597,0.00331
1280.47754,0.00355
1278.54911,0.00406
1276.62068,0.00521
1274.69225,0.00649
1272.76382,0.00699
1270.83539,0.00708
1268.90696,0.00769
1266.97853,0.00899
1265.05010,0.01044
1263.12167,0.01151
1261.19324,0.01238
1259.26481,0.01403
1257.33638,0.01650
1255.40795,0.01904
1253.47952,0.02115
1251.55109,0.02278
1249.62266,0.02441
1247.69423,0.02637
1245.76580,0.02855
1243.83737,0.03061
1241.90894,0.03245
1239.98051,0.03396
1238.05208,0.03491
1236.12365,0.03567
1234.19522,0.03685
1232.26679,0.03848
1230.33836,0.04018
1228.40993,0.04154
1226.48150,0.04233
1224.55307,0.04269
1222.62464,0.04277
1220.69621,0.04300
1218.76778,0.04399
1216.83935,0.04566
1214.91092,0.04747
1212.98249,0.04900
1211.05406,0.05006
1209.12563,0.05098
1207.19720,0.05189
1205.26877,0.05222
1203.34034,0.05216
1201.41191,0.05296
1199.48348,0.05421
1197.55505,0.05574
1195.62662,0.05703
1193.69819,0.05821
1191.76976,0.05938
1189.84133,0.06076
1187.91290,0.06259
1185.98447,0.06442
1184.05604,0.06573
1182.12761,0.06699
1180.19918,0.06887
1178.27075,0.07128
1176.34232,0.07403
1174.41389,0.07692
1172.48546,0.07943
1170.55703,0.08132
1168.62860,0.08235
1166.70017,0.08252
1164.77174,0.08274
1162.84331,0.08379
1160.91488,0.08560
1158.98645,0.08793
1157.05802,0.09023
1155.12959,0.09158
1153.20116,0.09214
1151.27273,0.09290
1149.34430,0.09422
1147.41587,0.09618
1145.48744,0.09820
1143.55901,0.09953
1141.63058,0.10045
1139.70215,0.10185
1137.77372,0.10408
1135.84529,0.10638
1133.91686,0.10821
1131.98843,0.11037
1130.06000,0.11356
1128.13157,0.11730
1126.20314,0.12067
1124.27471,0.12315
1122.34628,0.12566
1120.41785,0.12956
1118.48942,0.13455
1116.56099,0.13958
1114.63256,0.14482
1112.70413,0.15074
1110.77570,0.15644
1108.84727,0.16141
1106.91884,0.16681
1104.99041,0.17291
1103.06198,0.17892
1101.13355,0.18485
1099.20512,0.19121
1097.27669,0.19772
1095.34826,0.20378
1093.41983,0.20904
1091.49140,0.21356
1089.56297,0.21775
1087.63454,0.22123
1085.70611,0.22402
1083.77768,0.22726
1081.84925,0.23012
1079.92082,0.23070
1077.99239,0.22992
1076.06396,0.22987
1074.13553,0.23073
1072.20710,0.23154
1070.27867,0.23174
1068.35024,0.23132
1066.42181,0.23042
1064.49338,0.22914
1062.56495,0.22785
1060.63652,0.22646
1058.70809,0.22423
1056.77966,0.22106
1054.85123,0.21722
1052.92280,0.21295
1050.99437,0.20874
1049.06594,0.20402
1047.13751,0.19742
1045.20908,0.18919
1043.28065,0.18118
1041.35222,0.17380
1039.42379,0.16582
1037.49536,0.15743
1035.56693,0.14940
1033.63850,0.14061
1031.71007,0.13055
1029.78164,0.12036
1027.85321,0.11060
1025.92478,0.10141
1023.99635,0.09302
1022.06792,0.08517
1020.13949,0.07761
1018.21106,0.07060
1016.28263,0.06424
1014.35420,0.05820
1012.42577,0.05232
1010.49734,0.04680
1008.56891,0.04154
1006.64048,0.03629
1004.71205,0.03170
1002.78362,0.02832
1000.85519,0.02550
998.92676,0.02246
996.99833,0.01917
995.06990,0.01630
993.14147,0.01420
991.21304,0.01313
989.28461,0.01324
987.35618,0.01333
985.42775,0.01239
983.49932,0.01139
981.57089,0.01144
979.64246,0.01222
977.71403,0.01314
975.78560,0.01455
973.85717,0.01620
971.92874,0.01696
970.00031,0.01683
968.07188,0.01676
966.14345,0.01727
964.21502,0.01790
962.28659,0.01800
960.35816,0.01793
958.42973,0.01834
956.50130,0.01908
954.57287,0.01941
952.64444,0.01931
950.71601,0.01925
948.78758,0.01905
946.85915,0.01896
944.93072,0.01973
943.00229,0.02045
941.07386,0.01971
939.14543,0.01817
937.21700,0.01712
935.28857,0.01684
933.36014,0.01670
931.43171,0.01603
929.50328,0.01498
927.57485,0.01400
925.64642,0.01340
923.71799,0.01287
921.78956,0.01161
919.86113,0.00983
917.93270,0.00847
916.00427,0.00796
914.07584,0.00806
912.14741,0.00791
910.21898,0.00678
908.29055,0.00563
906.36212,0.00554
904.43368,0.00523
902.50525,0.00354
900.57682,0.00203
898.64839,0.00196
896.71996,0.00204
894.79153,0.00105
892.86310,0.00005
890.93467,0.00000
889.00624,0.00031
887.07781,0.00061
885.14938,0.00115
883.22095,0.00138
881.29252,0.00077
879.36409,0.00043
877.43566,0.00125
875.50723,0.00222
873.57880,0.00276
871.65037,0.00355
869.72194,0.00438
867.79351,0.00477
865.86508,0.00498
863.93665,0.00534
862.00822,0.00552
860.07979,0.00463
858.15136,0.00313
856.22293,0.00266
854.29450,0.00354
852.36607,0.00456
850.43764,0.00489
848.50921,0.00497
846.58078,0.00549
844.65235,0.00647
842.72392,0.00750
840.79549,0.00842
838.86706,0.00922
836.93863,0.01004
835.01020,0.01114
833.08177,0.01250
831.15334,0.01383
829.22491,0.01513
827.29648,0.01643
825.36805,0.01683
823.43962,0.01656
821.51119,0.01838
819.58276,0.02256
817.65433,0.02569
815.72590,0.02637
813.79747,0.02662
811.86904,0.02840
809.94061,0.03120
808.01218,0.03325
806.08375,0.03447
804.15532,0.03581
802.22689,0.03748
800.29846,0.03944
798.37003,0.04117
796.44160,0.04164
794.51317,0.04070
792.58474,0.03986
790.65631,0.04065
788.72788,0.04174
786.79945,0.04121
784.87102,0.04001
782.94259,0.03901
781.01416,0.03730
779.08573,0.03516
777.15730,0.03302
775.22887,0.02946
773.30044,0.02511
771.37201,0.02265
769.44358,0.02200
767.51515,0.02136
765.58672,0.01959
763.65829,0.01696
761.72986,0.01538
759.80143,0.01481
757.87300,0.01343
755.94457,0.01166
754.01614,0.01052
752.08771,0.00932
750.15928,0.00793
748.23085,0.00758
746.30242,0.00880
744.37399,0.01093
742.44556,0.01256
740.51713,0.01272
738.58870,0.01199
736.66027,0.01050
734.73184,0.00810
732.80341,0.00692
730.87498,0.00817
728.94655,0.00978
727.01812,0.01080
725.08969,0.01268
723.16126,0.01755
721.23283,0.01941
719.30440,0.01943
717.37597,0.01880
715.44754,0.01779
713.51911,0.01755
711.59068,0.01845
709.66225,0.01936
707.73382,0.01871
705.80539,0.01694
703.87696,0.01626
701.94853,0.01748
700.02010,0.01843
698.09167,0.01663
696.16324,0.01407
694.23481,0.01473
692.30638,0.01735
690.37795,0.01733
688.44952,0.01336
686.52109,0.00814
684.59266,0.00541
682.66423,0.00661
680.73580,0.00911
678.80737,0.00890
676.87894,0.00572
674.95051,0.00271
673.02208,0.00146
671.09365,0.00167
669.16522,0.00300
667.23679,0.00559
665.30836,0.01026
663.37993,0.01588
661.45150,0.01981
659.52307,0.01933
657.59464,0.01515
655.66621,0.01064
653.73778,0.00754
651.80935,0.00633
649.88092,0.00738
647.95249,0.00952
646.02406,0.01088
644.09563,0.01163
642.16720,0.01238
640.23877,0.01266
638.31034,0.01292
636.38191,0.01485
634.45348,0.01745
632.52505,0.01683
630.59662,0.01328
628.66819,0.01222
626.73976,0.01546
624.81133,0.01775
622.88290,0.01618
620.95447,0.01244
619.02604,0.01073
617.09761,0.01104
615.16918,0.00941
613.24075,0.00841
611.31232,0.00694
609.38389,0.00357
607.45546,0.00000
605.52703,0.00108
603.59860,0.00789
601.67017,0.00892
599.74174,0.00000
