4001.49232,0.00403
3999.56389,0.00726
3997.63546,0.00727
3995.70703,0.00556
3993.77860,0.00406
3991.85017,0.00328
3989.92174,0.00253
3987.99331,0.00185
3986.06488,0.00199
3984.13645,0.00237
3982.20802,0.00192
3980.27959,0.00145
3978.35116,0.00194
3976.42273,0.00290
3974.49430,0.00328
3972.56587,0.00286
3970.63744,0.00181
3968.70901,0.00049
3966.78058,0.00000
3964.85215,0.00116
3962.92372,0.00265
3960.99529,0.00300
3959.06686,0.00276
3957.13843,0.00242
3955.21000,0.00197
3953.28157,0.00211
3951.35314,0.00300
3949.42471,0.00373
3947.49628,0.00368
3945.56785,0.00343
3943.63942,0.00309
3941.71099,0.00223
3939.78256,0.00168
3937.85413,0.00211
3935.92570,0.00330
3933.99727,0.00470
3932.06884,0.00490
3930.14041,0.00371
3928.21198,0.00311
3926.28355,0.00356
3924.35512,0.00373
3922.42669,0.00395
3920.49826,0.00481
3918.56982,0.00495
3916.64139,0.00365
3914.71296,0.00238
3912.78453,0.00236
3910.85610,0.00323
3908.92767,0.00454
3906.99924,0.00606
3905.07081,0.00768
3903.14238,0.00987
3901.21395,0.01104
3899.28552,0.00897
3897.35709,0.00616
3895.42866,0.00585
3893.50023,0.00640
3891.57180,0.00508
3889.64337,0.00441
3887.71494,0.00695
3885.78651,0.00921
3883.85808,0.00930
3881.92965,0.00907
3880.00122,0.00721
3878.07279,0.00555
3876.14436,0.00684
3874.21593,0.00872
3872.28750,0.00984
3870.35907,0.00948
3868.43064,0.00779
3866.50221,0.00823
3864.57378,0.00947
3862.64535,0.00916
3860.71692,0.00922
3858.78849,0.01078
3856.86006,0.01332
3854.93163,0.01436
3853.00320,0.01088
3851.07477,0.00766
3849.14634,0.00831
3847.21791,0.00979
3845.28948,0.00994
3843.36105,0.00965
3841.43262,0.01039
3839.50419,0.01115
3837.57576,0.01051
3835.64733,0.01014
3833.71890,0.01040
3831.79047,0.00950
3829.86204,0.00801
3827.93361,0.00713
3826.00518,0.00694
3824.07675,0.00871
3822.14832,0.01051
3820.21989,0.00910
3818.29146,0.00859
3816.36303,0.00950
3814.43460,0.00874
3812.50617,0.00832
3810.57774,0.00925
3808.64931,0.00963
3806.72088,0.00846
3804.79245,0.00849
3802.86402,0.01010
3800.93559,0.00963
3799.00716,0.00910
3797.07873,0.00907
3795.15030,0.00732
3793.22187,0.00568
3791.29344,0.00524
3789.36501,0.00522
3787.43658,0.00540
3785.50815,0.00502
3783.57972,0.00452
3781.65129,0.00532
3779.72286,0.00593
3777.79443,0.00557
3775.86600,0.00642
3773.93757,0.00837
3772.00914,0.00952
3770.08071,0.00906
3768.15228,0.00838
3766.22385,0.00826
3764.29542,0.00829
3762.36699,0.00978
3760.43856,0.01167
3758.51013,0.01136
3756.58170,0.01087
3754.65327,0.01264
3752.72484,0.01457
3750.79641,0.01406
3748.86798,0.01383
3746.93955,0.01594
3745.01112,0.01643
3743.08269,0.01328
3741.15426,0.01158
3739.22583,0.01346
3737.29740,0.01643
3735.36897,0.01674
3733.44054,0.01312
3731.51211,0.00983
3729.58368,0.01000
3727.65525,0.01212
3725.72682,0.01288
3723.79839,0.01174
3721.86996,0.01005
3719.94153,0.00828
3718.01310,0.00727
3716.08467,0.00808
3714.15624,0.01062
3712.22781,0.01223
3710.29938,0.01065
3708.37095,0.00816
3706.44252,0.00749
3704.51409,0.00872
3702.58566,0.00979
3700.65723,0.00927
3698.72880,0.00855
3696.80037,0.00817
3694.87194,0.00817
3692.94351,0.00927
3691.01508,0.00982
3689.08665,0.00770
3687.15822,0.00599
3685.22979,0.00685
3683.30136,0.00847
3681.37293,0.00891
3679.44450,0.00881
3677.51607,0.00995
3675.58764,0.01118
3673.65921,0.01202
3671.73078,0.01294
3669.80235,0.01009
3667.87392,0.00658
3665.94549,0.00689
3664.01706,0.00836
3662.08863,0.00849
3660.16020,0.00801
3658.23177,0.00740
3656.30334,0.00617
3654.37491,0.00578
3652.44648,0.00723
3650.51805,0.00754
3648.58962,0.00558
3646.66119,0.00493
3644.73276,0.00668
3642.80433,0.00860
3640.87590,0.00899
3638.94747,0.00845
3637.01904,0.00829
3635.09061,0.00854
3633.16218,0.00908
3631.23375,0.01021
3629.30532,0.00986
3627.37689,0.00776
3625.44846,0.00781
3623.52003,0.00932
3621.59160,0.00963
3619.66317,0.00823
3617.73474,0.00751
3615.80631,0.00944
3613.87788,0.01165
3611.94945,0.01273
3610.02102,0.01347
3608.09259,0.01252
3606.16416,0.01056
3604.23573,0.01062
3602.30730,0.01119
3600.37887,0.00926
3598.45044,0.00668
3596.52201,0.00649
3594.59358,0.00783
3592.66515,0.00889
3590.73672,0.00970
3588.80829,0.00924
3586.87986,0.00690
3584.95143,0.00625
3583.02300,0.00808
3581.09457,0.00944
3579.16614,0.00937
3577.23771,0.00902
3575.30928,0.00851
3573.38085,0.00752
3571.45242,0.00715
3569.52399,0.00810
3567.59556,0.00881
3565.66713,0.00867
3563.73870,0.00900
3561.81027,0.00931
3559.88184,0.00898
3557.95341,0.00902
3556.02498,0.01008
3554.09655,0.01093
3552.16812,0.01021
3550.23969,0.00920
3548.31126,0.00997
3546.38283,0.01115
3544.45440,0.01051
3542.52597,0.00901
3540.59754,0.00848
3538.66911,0.00881
3536.74068,0.00888
3534.81225,0.00839
3532.88382,0.00791
3530.95539,0.00788
3529.02696,0.00831
3527.09853,0.00890
3525.17010,0.00908
3523.24167,0.00890
3521.31324,0.00908
3519.38481,0.00932
3517.45638,0.00871
3515.52795,0.00755
3513.59952,0.00676
3511.67109,0.00645
3509.74266,0.00637
3507.81423,0.00714
3505.88580,0.00898
3503.95737,0.01008
3502.02894,0.00955
3500.10051,0.00900
3498.17208,0.00912
3496.24365,0.00933
3494.31522,0.00963
3492.38679,0.01031
3490.45836,0.01082
3488.52993,0.01033
3486.60150,0.00959
3484.67307,0.01006
3482.74464,0.01102
3480.81621,0.01111
3478.88778,0.01082
3476.95935,0.01085
3475.03092,0.01084
3473.10249,0.01065
3471.17406,0.01079
3469.24563,0.01111
3467.31720,0.01079
3465.38877,0.00988
3463.46034,0.00917
3461.53191,0.00864
3459.60348,0.00847
3457.67505,0.00935
3455.74662,0.01043
3453.81819,0.01055
3451.88976,0.01014
3449.96133,0.00979
3448.03290,0.00905
3446.10447,0.00833
3444.17604,0.00893
3442.24761,0.01032
3440.31918,0.01109
3438.39075,0.01065
3436.46232,0.00938
3434.53389,0.00861
3432.60546,0.00872
3430.67703,0.00875
3428.74860,0.00871
3426.82017,0.00893
3424.89174,0.00918
3422.96331,0.00960
3421.03488,0.01002
3419.10645,0.00988
3417.17802,0.00967
3415.24959,0.00965
3413.32116,0.00924
3411.39273,0.00859
3409.46430,0.00820
3407.53587,0.00813
3405.60744,0.00849
3403.67901,0.00893
3401.75058,0.00915
3399.82215,0.01031
3397.89372,0.01071
3395.96529,0.01063
3394.03686,0.01020
3392.10843,0.00986
3390.18000,0.01019
3388.25157,0.01110
3386.32314,0.01125
3384.39471,0.01004
3382.46628,0.00886
3380.53785,0.00895
3378.60942,0.00962
3376.68099,0.00946
3374.75256,0.00834
3372.82413,0.00711
3370.89570,0.00677
3368.96727,0.00784
3367.03884,0.00948
3365.11041,0.01017
3363.18198,0.00986
3361.25355,0.00966
3359.32512,0.00969
3357.39669,0.00948
3355.46826,0.00913
3353.53983,0.00897
3351.61140,0.00861
3349.68297,0.00765
3347.75454,0.00677
3345.82611,0.00675
3343.89768,0.00743
3341.96925,0.00828
3340.04082,0.00915
3338.11239,0.01002
3336.18396,0.01057
3334.25553,0.01062
3332.32710,0.01010
3330.39867,0.00916
3328.47024,0.00854
3326.54181,0.00843
3324.61338,0.00829
3322.68495,0.00826
3320.75652,0.00870
3318.82809,0.00947
3316.89966,0.01006
3314.97122,0.00957
3313.04279,0.00808
3311.11436,0.00713
3309.18593,0.00711
3307.25750,0.00707
3305.32907,0.00678
3303.40064,0.00642
3301.47221,0.00655
3299.54378,0.00758
3297.61535,0.00863
3295.68692,0.00870
3293.75849,0.00816
3291.83006,0.00804
3289.90163,0.00847
3287.97320,0.00863
3286.04477,0.00842
3284.11634,0.00852
3282.18791,0.00879
3280.25948,0.00868
3278.33105,0.00841
3276.40262,0.00839
3274.47419,0.00845
3272.54576,0.00830
3270.61733,0.00825
3268.68890,0.00889
3266.76047,0.00984
3264.83204,0.00983
3262.90361,0.00886
3260.97518,0.00835
3259.04675,0.00832
3257.11832,0.00807
3255.18989,0.00791
3253.26146,0.00771
3251.33303,0.00663
3249.40460,0.00563
3247.47617,0.00650
3245.54774,0.00847
3243.61931,0.00947
3241.69088,0.00928
3239.76245,0.00905
3237.83402,0.00942
3235.90559,0.01021
3233.97716,0.01080
3232.04873,0.01044
3230.12030,0.00940
3228.19187,0.00875
3226.26344,0.00827
3224.33501,0.00732
3222.40658,0.00654
3220.47815,0.00625
3218.54972,0.00616
3216.62129,0.00661
3214.69286,0.00745
3212.76443,0.00783
3210.83600,0.00766
3208.90757,0.00728
3206.97914,0.00725
3205.05071,0.00766
3203.12228,0.00787
3201.19385,0.00791
3199.26542,0.00783
3197.33699,0.00717
3195.40856,0.00641
3193.48013,0.00622
3191.55170,0.00602
3189.62327,0.00568
3187.69484,0.00561
3185.76641,0.00551
3183.83798,0.00546
3181.90955,0.00595
3179.98112,0.00652
3178.05269,0.00634
3176.12426,0.00580
3174.19583,0.00567
3172.26740,0.00568
3170.33897,0.00545
3168.41054,0.00510
3166.48211,0.00491
3164.55368,0.00510
3162.62525,0.00535
3160.69682,0.00514
3158.76839,0.00473
3156.83996,0.00440
3154.91153,0.00400
3152.98310,0.00378
3151.05467,0.00368
3149.12624,0.00340
3147.19781,0.00309
3145.26938,0.00283
3143.34095,0.00247
3141.41252,0.00213
3139.48409,0.00222
3137.55566,0.00280
3135.62723,0.00352
3133.69880,0.00399
3131.77037,0.00385
3129.84194,0.00335
3127.91351,0.00311
3125.98508,0.00324
3124.05665,0.00337
3122.12822,0.00290
3120.19979,0.00202
3118.27136,0.00199
3116.34293,0.00308
3114.41450,0.00402
3112.48607,0.00407
3110.55764,0.00365
3108.62921,0.00341
3106.70078,0.00362
3104.77235,0.00393
3102.84392,0.00388
3100.91549,0.00343
3098.98706,0.00297
3097.05863,0.00265
3095.13020,0.00231
3093.20177,0.00191
3091.27334,0.00175
3089.34491,0.00192
3087.41648,0.00207
3085.48805,0.00221
3083.55962,0.00259
3081.63119,0.00272
3079.70276,0.00241
3077.77433,0.00210
3075.84590,0.00186
3073.91747,0.00174
3071.98904,0.00203
3070.06061,0.00260
3068.13218,0.00310
3066.20375,0.00346
3064.27532,0.00330
3062.34689,0.00255
3060.41846,0.00188
3058.49003,0.00137
3056.56160,0.00061
3054.63317,0.00000
3052.70474,0.00014
3050.77631,0.00075
3048.84788,0.00107
3046.91945,0.00118
3044.99102,0.00130
3043.06259,0.00106
3041.13416,0.00063
3039.20573,0.00051
3037.27730,0.00055
3035.34887,0.00066
3033.42044,0.00109
3031.49201,0.00146
3029.56358,0.00148
3027.63515,0.00165
3025.70672,0.00209
3023.77829,0.00217
3021.84986,0.00163
3019.92143,0.00118
3017.99300,0.00147
3016.06457,0.00220
3014.13614,0.00260
3012.20771,0.00251
3010.27928,0.00246
3008.35085,0.00269
3006.42242,0.00273
3004.49399,0.00229
3002.56556,0.00148
3000.63713,0.00078
2998.70870,0.00100
2996.78027,0.00148
2994.85184,0.00158
2992.92341,0.00141
2990.99498,0.00132
2989.06655,0.00128
2987.13812,0.00128
2985.20969,0.00139
2983.28126,0.00142
2981.35283,0.00129
2979.42440,0.00121
2977.49597,0.00130
2975.56754,0.00133
2973.63911,0.00097
2971.71068,0.00042
2969.78225,0.00045
2967.85382,0.00121
2965.92539,0.00197
2963.99696,0.00184
2962.06853,0.00076
2960.14010,0.00004
2958.21167,0.00058
2956.28324,0.00121
2954.35481,0.00093
2952.42638,0.00040
2950.49795,0.00021
2948.56952,0.00027
2946.64109,0.00052
2944.71266,0.00085
2942.78423,0.00100
2940.85580,0.00102
2938.92737,0.00111
2936.99894,0.00137
2935.07051,0.00160
2933.14208,0.00126
2931.21365,0.00049
2929.28522,0.00027
2927.35679,0.00064
2925.42836,0.00084
2923.49993,0.00087
2921.57150,0.00101
2919.64307,0.00105
2917.71464,0.00111
2915.78621,0.00146
2913.85778,0.00193
2911.92935,0.00227
2910.00092,0.00240
2908.07249,0.00249
2906.14406,0.00250
2904.21563,0.00212
2902.28720,0.00154
2900.35877,0.00111
2898.43034,0.00082
2896.50191,0.00079
2894.57348,0.00124
2892.64505,0.00172
2890.71662,0.00185
2888.78819,0.00207
2886.85976,0.00241
2884.93133,0.00237
2883.00290,0.00185
2881.07447,0.00088
2879.14604,0.00000
2877.21761,0.00012
2875.28918,0.00103
2873.36075,0.00156
2871.43232,0.00150
2869.50389,0.00154
2867.57546,0.00199
2865.64703,0.00240
2863.71860,0.00235
2861.79017,0.00189
2859.86174,0.00136
2857.93331,0.00102
2856.00488,0.00120
2854.07645,0.00177
2852.14802,0.00197
2850.21959,0.00177
2848.29116,0.00173
2846.36273,0.00189
2844.43430,0.00214
2842.50587,0.00250
2840.57744,0.00287
2838.64901,0.00285
2836.72058,0.00226
2834.79215,0.00165
2832.86372,0.00174
2830.93529,0.00218
2829.00686,0.00238
2827.07843,0.00253
2825.15000,0.00260
2823.22157,0.00243
2821.29314,0.00235
2819.36471,0.00239
2817.43628,0.00258
2815.50785,0.00264
2813.57942,0.00200
2811.65099,0.00126
2809.72256,0.00118
2807.79413,0.00141
2805.86570,0.00158
2803.93727,0.00170
2802.00884,0.00177
2800.08041,0.00179
2798.15198,0.00192
2796.22355,0.00231
2794.29512,0.00262
2792.36669,0.00243
2790.43826,0.00218
2788.50983,0.00220
2786.58140,0.00214
2784.65297,0.00193
2782.72454,0.00167
2780.79611,0.00125
2778.86768,0.00089
2776.93925,0.00108
2775.01082,0.00182
2773.08239,0.00253
2771.15396,0.00295
2769.22553,0.00282
2767.29710,0.00200
2765.36867,0.00117
2763.44024,0.00099
2761.51181,0.00130
2759.58338,0.00171
2757.65495,0.00194
2755.72652,0.00194
2753.79809,0.00182
2751.86966,0.00166
2749.94123,0.00170
2748.01280,0.00203
2746.08437,0.00207
2744.15594,0.00165
2742.22751,0.00153
2740.29908,0.00205
2738.37065,0.00238
2736.44222,0.00183
2734.51379,0.00129
2732.58536,0.00182
2730.65693,0.00267
2728.72850,0.00274
2726.80007,0.00243
2724.87164,0.00249
2722.94321,0.00268
2721.01478,0.00242
2719.08635,0.00184
2717.15792,0.00148
2715.22949,0.00137
2713.30105,0.00113
2711.37262,0.00103
2709.44419,0.00148
2707.51576,0.00210
2705.58733,0.00249
2703.65890,0.00258
2701.73047,0.00221
2699.80204,0.00170
2697.87361,0.00184
2695.94518,0.00241
2694.01675,0.00231
2692.08832,0.00147
2690.15989,0.00071
2688.23146,0.00054
2686.30303,0.00099
2684.37460,0.00148
2682.44617,0.00147
2680.51774,0.00126
2678.58931,0.00119
2676.66088,0.00099
2674.73245,0.00064
2672.80402,0.00065
2670.87559,0.00104
2668.94716,0.00120
2667.01873,0.00101
2665.09030,0.00098
2663.16187,0.00112
2661.23344,0.00112
2659.30501,0.00121
2657.37658,0.00135
2655.44815,0.00118
2653.51972,0.00086
2651.59129,0.00061
2649.66286,0.00049
2647.73443,0.00074
2645.80600,0.00114
2643.87757,0.00118
2641.94914,0.00094
2640.02071,0.00078
2638.09228,0.00068
2636.16385,0.00052
2634.23542,0.00028
2632.30699,0.00009
2630.37856,0.00000
2628.45013,0.00025
2626.52170,0.00077
2624.59327,0.00116
2622.66484,0.00172
2620.73641,0.00245
2618.80798,0.00257
2616.87955,0.00210
2614.95112,0.00173
2613.02269,0.00150
2611.09426,0.00127
2609.16583,0.00108
2607.23740,0.00087
2605.30897,0.00068
2603.38054,0.00076
2601.45211,0.00118
2599.52368,0.00168
2597.59525,0.00203
2595.66682,0.00210
2593.73839,0.00176
2591.80996,0.00125
2589.88153,0.00108
2587.95310,0.00121
2586.02467,0.00120
2584.09624,0.00099
2582.16781,0.00081
2580.23938,0.00090
2578.31095,0.00122
2576.38252,0.00134
2574.45409,0.00102
2572.52566,0.00067
2570.59723,0.00072
2568.66880,0.00093
2566.74037,0.00082
2564.81194,0.00073
2562.88351,0.00116
2560.95508,0.00156
2559.02665,0.00147
2557.09822,0.00138
2555.16979,0.00141
2553.24136,0.00114
2551.31293,0.00086
2549.38450,0.00100
2547.45607,0.00134
2545.52764,0.00156
2543.59921,0.00169
2541.67078,0.00155
2539.74235,0.00106
2537.81392,0.00077
2535.88549,0.00102
2533.95706,0.00151
2532.02863,0.00176
2530.10020,0.00168
2528.17177,0.00159
2526.24334,0.00148
2524.31491,0.00107
2522.38648,0.00048
2520.45805,0.00019
2518.52962,0.00043
2516.60119,0.00086
2514.67276,0.00104
2512.74433,0.00091
2510.81590,0.00073
2508.88747,0.00084
2506.95904,0.00116
2505.03061,0.00130
2503.10218,0.00149
2501.17375,0.00187
2499.24532,0.00207
2497.31689,0.00202
2495.38846,0.00177
2493.46003,0.00149
2491.53160,0.00137
2489.60317,0.00126
2487.67474,0.00116
2485.74631,0.00111
2483.81788,0.00101
2481.88945,0.00101
2479.96102,0.00128
2478.03259,0.00152
2476.10416,0.00167
2474.17573,0.00179
2472.24730,0.00138
2470.31887,0.00049
2468.39044,0.00000
2466.46201,0.00024
2464.53358,0.00081
2462.60515,0.00150
2460.67672,0.00200
2458.74829,0.00197
2456.81986,0.00173
2454.89143,0.00167
2452.96300,0.00161
2451.03457,0.00140
2449.10614,0.00128
2447.17771,0.00121
2445.24928,0.00082
2443.32085,0.00058
2441.39242,0.00113
2439.46399,0.00187
2437.53556,0.00212
2435.60713,0.00206
2433.67870,0.00160
2431.75027,0.00157
2429.82184,0.00154
2427.89341,0.00152
2425.96498,0.00149
2424.03655,0.00147
2422.10812,0.00144
2420.17969,0.00141
2418.25126,0.00139
2416.32283,0.00136
2414.39440,0.00134
2412.46597,0.00131
2410.53754,0.00129
2408.60911,0.00126
2406.68068,0.00124
2404.75225,0.00122
2402.82382,0.00119
2400.89539,0.00117
2398.96696,0.00115
2397.03853,0.00113
2395.11010,0.00110
2393.18167,0.00108
2391.25324,0.00106
2389.32481,0.00104
2387.39638,0.00102
2385.46795,0.00100
2383.53952,0.00098
2381.61109,0.00095
2379.68266,0.00093
2377.75423,0.00091
2375.82580,0.00090
2373.89737,0.00088
2371.96894,0.00086
2370.04051,0.00084
2368.11208,0.00082
2366.18365,0.00080
2364.25522,0.00078
2362.32679,0.00077
2360.39836,0.00075
2358.46993,0.00073
2356.54150,0.00071
2354.61307,0.00070
2352.68464,0.00068
2350.75621,0.00066
2348.82778,0.00065
2346.89935,0.00063
2344.97092,0.00062
2343.04249,0.00060
2341.11406,0.00059
2339.18563,0.00057
2337.25720,0.00056
2335.32877,0.00054
2333.40034,0.00053
2331.47191,0.00052
2329.54348,0.00050
2327.61505,0.00049
2325.68662,0.00048
2323.75819,0.00047
2321.82976,0.00045
2319.90133,0.00044
2317.97290,0.00043
2316.04447,0.00042
2314.11604,0.00041
2312.18761,0.00040
2310.25918,0.00039
2308.33075,0.00038
2306.40232,0.00037
2304.47389,0.00036
2302.54546,0.00035
2300.61703,0.00034
2298.68860,0.00033
2296.76017,0.00032
2294.83174,0.00031
2292.90331,0.00030
2290.97488,0.00029
2289.04645,0.00029
2287.11802,0.00028
2285.18959,0.00027
2283.26116,0.00027
2281.33273,0.00026
2279.40430,0.00025
2277.47587,0.00025
2275.54744,0.00024
2273.61901,0.00024
2271.69058,0.00023
2269.76215,0.00023
2267.83372,0.00022
2265.90529,0.00022
2263.97686,0.00021
2262.04843,0.00021
2260.12000,0.00032
2258.19157,0.00034
2256.26314,0.00017
2254.33471,0.00000
2252.40628,0.00008
2250.47785,0.00058
2248.54942,0.00172
2246.62099,0.00157
2244.69256,0.00153
2242.76413,0.00145
2240.83570,0.00120
2238.90727,0.00128
2236.97884,0.00197
2235.05041,0.00241
2233.12198,0.00198
2231.19355,0.00132
2229.26512,0.00102
2227.33669,0.00087
2225.40826,0.00065
2223.47983,0.00054
2221.55140,0.00065
2219.62297,0.00081
2217.69454,0.00084
2215.76611,0.00076
2213.83768,0.00062
2211.90925,0.00039
2209.98082,0.00014
2208.05239,0.00017
2206.12396,0.00065
2204.19553,0.00111
2202.26710,0.00112
2200.33867,0.00095
2198.41024,0.00094
2196.48181,0.00101
2194.55338,0.00110
2192.62495,0.00096
2190.69652,0.00053
2188.76809,0.00019
2186.83966,0.00011
2184.91123,0.00031
2182.98280,0.00064
2181.05437,0.00088
2179.12594,0.00095
2177.19751,0.00078
2175.26908,0.00054
2173.34065,0.00044
2171.41222,0.00039
2169.48379,0.00039
2167.55536,0.00051
2165.62693,0.00057
2163.69850,0.00048
2161.77007,0.00042
2159.84164,0.00052
2157.91321,0.00064
2155.98478,0.00067
2154.05635,0.00066
2152.12792,0.00064
2150.19949,0.00045
2148.27106,0.00032
2146.34263,0.00043
2144.41420,0.00050
2142.48577,0.00056
2140.55734,0.00082
2138.62891,0.00124
2136.70048,0.00157
2134.77205,0.00130
2132.84362,0.00067
2130.91519,0.00057
2128.98676,0.00103
2127.05833,0.00118
2125.12990,0.00076
2123.20147,0.00037
2121.27304,0.00027
2119.34461,0.00036
2117.41618,0.00072
2115.48775,0.00109
2113.55932,0.00072
2111.63089,0.00000
2109.70245,0.00000
2107.77402,0.00051
2105.84559,0.00095
2103.91716,0.00129
2101.98873,0.00137
2100.06030,0.00101
2098.13187,0.00049
2096.20344,0.00020
2094.27501,0.00059
2092.34658,0.00133
2090.41815,0.00150
2088.48972,0.00123
2086.56129,0.00127
2084.63286,0.00144
2082.70443,0.00132
2080.77600,0.00117
2078.84757,0.00111
2076.91914,0.00106
2074.99071,0.00113
2073.06228,0.00119
2071.13385,0.00108
2069.20542,0.00122
2067.27699,0.00188
2065.34856,0.00227
2063.42013,0.00182
2061.49170,0.00113
2059.56327,0.00074
2057.63484,0.00060
2055.70641,0.00066
2053.77798,0.00088
2051.84955,0.00110
2049.92112,0.00114
2047.99269,0.00116
2046.06426,0.00137
2044.13583,0.00158
2042.20740,0.00132
2040.27897,0.00076
2038.35054,0.00064
2036.42211,0.00080
2034.49368,0.00061
2032.56525,0.00029
2030.63682,0.00031
2028.70839,0.00070
2026.77996,0.00118
2024.85153,0.00130
2022.92310,0.00126
2020.99467,0.00151
2019.06624,0.00166
2017.13781,0.00131
2015.20938,0.00109
2013.28095,0.00128
2011.35252,0.00143
2009.42409,0.00144
2007.49566,0.00129
2005.56723,0.00112
2003.63880,0.00120
2001.71037,0.00133
1999.78194,0.00132
1997.85351,0.00139
1995.92508,0.00169
1993.99665,0.00183
1992.06822,0.00141
1990.13979,0.00080
1988.21136,0.00062
1986.28293,0.00074
1984.35450,0.00076
1982.42607,0.00055
1980.49764,0.00029
1978.56921,0.00046
1976.64078,0.00103
1974.71235,0.00113
1972.78392,0.00074
1970.85549,0.00075
1968.92706,0.00091
1966.99863,0.00045
1965.07020,0.00003
1963.14177,0.00014
1961.21334,0.00020
1959.28491,0.00001
1957.35648,0.00000
1955.42805,0.00035
1953.49962,0.00080
1951.57119,0.00107
1949.64276,0.00122
1947.71433,0.00134
1945.78590,0.00153
1943.85747,0.00168
1941.92904,0.00134
1940.00061,0.00107
1938.07218,0.00124
1936.14375,0.00113
1934.21532,0.00063
1932.28689,0.00026
1930.35846,0.00022
1928.43003,0.00039
1926.50160,0.00065
1924.57317,0.00077
1922.64474,0.00078
1920.71631,0.00108
1918.78788,0.00123
1916.85945,0.00079
1914.93102,0.00059
1913.00259,0.00086
1911.07416,0.00101
1909.14573,0.00094
1907.21730,0.00086
1905.28887,0.00082
1903.36044,0.00081
1901.43201,0.00089
1899.50358,0.00106
1897.57515,0.00116
1895.64672,0.00112
1893.71829,0.00122
1891.78986,0.00144
1889.86143,0.00109
1887.93300,0.00044
1886.00457,0.00035
1884.07614,0.00061
1882.14771,0.00086
1880.21928,0.00098
1878.29085,0.00091
1876.36242,0.00069
1874.43399,0.00057
1872.50556,0.00091
1870.57713,0.00134
1868.64870,0.00105
1866.72027,0.00063
1864.79184,0.00093
1862.86341,0.00111
1860.93498,0.00077
1859.00655,0.00057
1857.07812,0.00065
1855.14969,0.00063
1853.22126,0.00059
1851.29283,0.00083
1849.36440,0.00128
1847.43597,0.00192
1845.50754,0.00255
1843.57911,0.00240
1841.65068,0.00196
1839.72225,0.00206
1837.79382,0.00243
1835.86539,0.00292
1833.93696,0.00320
1832.00853,0.00243
1830.08010,0.00073
1828.15167,0.00000
1826.22324,0.00054
1824.29481,0.00107
1822.36638,0.00143
1820.43795,0.00174
1818.50952,0.00166
1816.58109,0.00135
1814.65266,0.00126
1812.72423,0.00125
1810.79580,0.00098
1808.86737,0.00086
1806.93894,0.00122
1805.01051,0.00184
1803.08208,0.00223
1801.15365,0.00200
1799.22522,0.00187
1797.29679,0.00272
1795.36836,0.00383
1793.43993,0.00389
1791.51150,0.00310
1789.58307,0.00312
1787.65464,0.00396
1785.72621,0.00434
1783.79778,0.00387
1781.86935,0.00299
1779.94092,0.00233
1778.01249,0.00260
1776.08406,0.00355
1774.15563,0.00404
1772.22720,0.00377
1770.29877,0.00381
1768.37034,0.00389
1766.44191,0.00340
1764.51348,0.00322
1762.58505,0.00356
1760.65662,0.00398
1758.72819,0.00427
1756.79976,0.00389
1754.87133,0.00385
1752.94290,0.00515
1751.01447,0.00605
1749.08604,0.00508
1747.15761,0.00408
1745.22918,0.00408
1743.30075,0.00430
1741.37232,0.00404
1739.44389,0.00344
1737.51546,0.00355
1735.58703,0.00402
1733.65860,0.00350
1731.73017,0.00342
1729.80174,0.00412
1727.87331,0.00458
1725.94488,0.00485
1724.01645,0.00486
1722.08802,0.00471
1720.15959,0.00469
1718.23116,0.00436
1716.30273,0.00410
1714.37430,0.00486
1712.44587,0.00633
1710.51744,0.00763
1708.58901,0.00834
1706.66058,0.00839
1704.73215,0.00898
1702.80372,0.01103
1700.87529,0.01294
1698.94686,0.01337
1697.01843,0.01324
1695.09000,0.01269
1693.16157,0.01239
1691.23314,0.01240
1689.30471,0.01167
1687.37628,0.01101
1685.44785,0.01096
1683.51942,0.01103
1681.59099,0.01158
1679.66256,0.01247
1677.73413,0.01293
1675.80570,0.01241
1673.87727,0.01133
1671.94884,0.01088
1670.02041,0.01040
1668.09198,0.01025
1666.16355,0.01139
1664.23512,0.01212
1662.30669,0.01146
1660.37826,0.01173
1658.44983,0.01372
1656.52140,0.01581
1654.59297,0.01594
1652.66454,0.01356
1650.73611,0.01356
1648.80768,0.01482
1646.87925,0.01283
1644.95082,0.01105
1643.02239,0.01215
1641.09396,0.01336
1639.16553,0.01284
1637.23710,0.01069
1635.30867,0.00889
1633.38024,0.01009
1631.45181,0.01228
1629.52338,0.01254
1627.59495,0.01116
1625.66652,0.01026
1623.73809,0.00982
1621.80966,0.00960
1619.88123,0.00993
1617.95280,0.00936
1616.02437,0.00770
1614.09594,0.00755
1612.16751,0.00815
1610.23908,0.00724
1608.31065,0.00551
1606.38222,0.00495
1604.45379,0.00530
1602.52536,0.00522
1600.59693,0.00468
1598.66850,0.00438
1596.74007,0.00423
1594.81164,0.00374
1592.88321,0.00310
1590.95478,0.00262
1589.02635,0.00243
1587.09792,0.00263
1585.16949,0.00320
1583.24106,0.00405
1581.31263,0.00507
1579.38420,0.00582
1577.45577,0.00547
1575.52734,0.00479
1573.59891,0.00643
1571.67048,0.00893
1569.74205,0.00950
1567.81362,0.00947
1565.88519,0.01075
1563.95676,0.01228
1562.02833,0.01285
1560.09990,0.01217
1558.17147,0.01149
1556.24304,0.01385
1554.31461,0.01669
1552.38618,0.01787
1550.45775,0.01762
1548.52932,0.01707
1546.60089,0.01688
1544.67246,0.01625
1542.74403,0.01436
1540.81560,0.01156
1538.88717,0.01208
1536.95874,0.01577
1535.03031,0.01768
1533.10188,0.01553
1531.17345,0.01336
1529.24502,0.01331
1527.31659,0.01355
1525.38816,0.01354
1523.45973,0.01314
1521.53130,0.01194
1519.60287,0.01167
1517.67444,0.01188
1515.74601,0.01185
1513.81758,0.01299
1511.88915,0.01495
1509.96072,0.01585
1508.03229,0.01370
1506.10385,0.00948
1504.17542,0.00899
1502.24699,0.01115
1500.31856,0.01201
1498.39013,0.01045
1496.46170,0.00829
1494.53327,0.00786
1492.60484,0.00809
1490.67641,0.00659
1488.74798,0.00455
1486.81955,0.00489
1484.89112,0.00668
1482.96269,0.00773
1481.03426,0.00781
1479.10583,0.00784
1477.17740,0.00780
1475.24897,0.00651
1473.32054,0.00432
1471.39211,0.00416
1469.46368,0.00658
1467.53525,0.00879
1465.60682,0.00880
1463.67839,0.00779
1461.74996,0.00764
1459.82153,0.00747
1457.89310,0.00593
1455.96467,0.00477
1454.03624,0.00536
1452.10781,0.00583
1450.17938,0.00508
1448.25095,0.00388
1446.32252,0.00343
1444.39409,0.00397
1442.46566,0.00457
1440.53723,0.00495
1438.60880,0.00537
1436.68037,0.00510
1434.75194,0.00404
1432.82351,0.00324
1430.89508,0.00252
1428.96665,0.00222
1427.03822,0.00281
1425.10979,0.00347
1423.18136,0.00414
1421.25293,0.00543
1419.32450,0.00595
1417.39607,0.00479
1415.46764,0.00408
1413.53921,0.00445
1411.61078,0.00492
1409.68235,0.00501
1407.75392,0.00470
1405.82549,0.00400
1403.89706,0.00351
1401.96863,0.00420
1400.04020,0.00545
1398.11177,0.00576
1396.18334,0.00478
1394.25491,0.00370
1392.32648,0.00377
1390.39805,0.00421
1388.46962,0.00354
1386.54119,0.00207
1384.61276,0.00142
1382.68433,0.00181
1380.75590,0.00255
1378.82747,0.00311
1376.89904,0.00271
1374.97061,0.00115
1373.04218,0.00000
1371.11375,0.00011
1369.18532,0.00041
1367.25689,0.00049
1365.32846,0.00119
1363.40003,0.00195
1361.47160,0.00184
1359.54317,0.00146
1357.61474,0.00118
1355.68631,0.00087
1353.75788,0.00089
1351.82945,0.00127
1349.90102,0.00147
1347.97259,0.00130
1346.04416,0.00127
1344.11573,0.00203
1342.18730,0.00350
1340.25887,0.00454
1338.33044,0.00433
1336.40201,0.00380
1334.47358,0.00400
1332.54515,0.00460
1330.61672,0.00480
1328.68829,0.00436
1326.75986,0.00383
1324.83143,0.00376
1322.90300,0.00415
1320.97457,0.00467
1319.04614,0.00499
1317.11771,0.00502
1315.18928,0.00501
1313.26085,0.00510
1311.33242,0.00512
1309.40399,0.00485
1307.47556,0.00453
1305.54713,0.00446
1303.61870,0.00447
1301.69027,0.00450
1299.76184,0.00502
1297.83341,0.00600
1295.90498,0.00669
1293.97655,0.00660
1292.04812,0.00614
1290.11969,0.00597
1288.19126,0.00622
1286.26283,0.00673
1284.33440,0.00723
1282.40597,0.00756
1280.47754,0.00787
1278.54911,0.00849
1276.62068,0.00947
1274.69225,0.01026
1272.76382,0.01039
1270.83539,0.01030
1268.90696,0.01058
1266.97853,0.01133
1265.05010,0.01214
1263.12167,0.01249
1261.19324,0.01259
1259.26481,0.01327
1257.33638,0.01458
1255.40795,0.01598
1253.47952,0.01705
1251.55109,0.01768
1249.62266,0.01812
1247.69423,0.01869
1245.76580,0.01945
1243.83737,0.02027
1241.90894,0.02108
1239.98051,0.02146
1238.05208,0.02098
1236.12365,0.02019
1234.19522,0.02002
1232.26679,0.02046
1230.33836,0.02098
1228.40993,0.02124
1226.48150,0.02119
1224.55307,0.02097
1222.62464,0.02040
1220.69621,0.01959
1218.76778,0.01935
1216.83935,0.01979
1214.91092,0.02040
1212.98249,0.02096
1211.05406,0.02118
1209.12563,0.02103
1207.19720,0.02077
1205.26877,0.02025
1203.34034,0.01967
1201.41191,0.01979
1199.48348,0.01999
1197.55505,0.02064
1195.62662,0.02130
1193.69819,0.02150
1191.76976,0.02136
1189.84133,0.02149
1187.91290,0.02207
1185.98447,0.02278
1184.05604,0.02323
1182.12761,0.02344
1180.19918,0.02385
1178.27075,0.02468
1176.34232,0.02582
1174.41389,0.02687
1172.48546,0.02743
1170.55703,0.02771
1168.62860,0.02775
1166.70017,0.02719
1164.77174,0.02646
1162.84331,0.02628
1160.91488,0.02674
1158.98645,0.02774
1157.05802,0.02879
1155.12959,0.02889
1153.20116,0.02812
1151.27273,0.02759
1149.34430,0.02789
1147.41587,0.02890
1145.48744,0.02966
1143.55901,0.02929
1141.63058,0.02831
1139.70215,0.02801
1137.77372,0.02879
1135.84529,0.02941
1133.91686,0.02913
1131.98843,0.02900
1130.06000,0.02961
1128.13157,0.03034
1126.20314,0.03058
1124.27471,0.02992
1122.34628,0.02893
1120.41785,0.02897
1118.48942,0.03025
1116.56099,0.03195
1114.63256,0.03346
1112.70413,0.03456
1110.77570,0.03534
1108.84727,0.03629
1106.91884,0.03768
1104.99041,0.03927
1103.06198,0.04048
1101.13355,0.04113
1099.20512,0.04204
1097.27669,0.04349
1095.34826,0.04459
1093.41983,0.04498
1091.49140,0.04493
1089.56297,0.04480
1087.63454,0.04468
1085.70611,0.04476
1083.77768,0.04544
1081.84925,0.04572
1079.92082,0.04447
1077.99239,0.04260
1076.06396,0.04158
1074.13553,0.04157
1072.20710,0.04191
1070.27867,0.04185
1068.35024,0.04106
1066.42181,0.03993
1064.49338,0.03888
1062.56495,0.03794
1060.63652,0.03660
1058.70809,0.03463
1056.77966,0.03281
1054.85123,0.03157
1052.92280,0.03096
1050.99437,0.03085
1049.06594,0.02984
1047.13751,0.02721
1045.20908,0.02446
1043.28065,0.02331
1041.35222,0.02301
1039.42379,0.02174
1037.49536,0.02035
1035.56693,0.02009
1033.63850,0.01937
1031.71007,0.01724
1029.78164,0.01498
1027.85321,0.01344
1025.92478,0.01230
1023.99635,0.01127
1022.06792,0.01043
1020.13949,0.00990
1018.21106,0.00946
1016.28263,0.00893
1014.35420,0.00844
1012.42577,0.00788
1010.49734,0.00711
1008.56891,0.00623
1006.64048,0.00512
1004.71205,0.00409
1002.78362,0.00388
1000.85519,0.00438
998.92676,0.00464
996.99833,0.00400
995.06990,0.00294
993.14147,0.00236
991.21304,0.00243
989.28461,0.00263
987.35618,0.00242
985.42775,0.00160
983.49932,0.00049
981.57089,0.00000
979.64246,0.00035
977.71403,0.00148
975.78560,0.00323
973.85717,0.00492
971.92874,0.00574
970.00031,0.00577
968.07188,0.00578
966.14345,0.00641
964.21502,0.00736
962.28659,0.00808
960.35816,0.00877
958.42973,0.00972
956.50130,0.01057
954.57287,0.01091
952.64444,0.01126
950.71601,0.01211
948.78758,0.01294
946.85915,0.01355
944.93072,0.01474
943.00229,0.01591
941.07386,0.01570
939.14543,0.01486
937.21700,0.01443
935.28857,0.01433
933.36014,0.01433
931.43171,0.01419
929.50328,0.01396
927.57485,0.01370
925.64642,0.01327
923.71799,0.01302
921.78956,0.01299
919.86113,0.01260
917.93270,0.01196
916.00427,0.01160
914.07584,0.01132
912.14741,0.01094
910.21898,0.01059
908.29055,0.01073
906.36212,0.01128
904.43368,0.01085
902.50525,0.00924
900.57682,0.00848
898.64839,0.00954
896.71996,0.01050
894.79153,0.00954
892.86310,0.00795
890.93467,0.00795
889.00624,0.00947
887.07781,0.01124
885.14938,0.01247
883.22095,0.01270
881.29252,0.01214
879.36409,0.01199
877.43566,0.01289
875.50723,0.01393
873.57880,0.01473
871.65037,0.01575
869.72194,0.01672
867.79351,0.01725
865.86508,0.01743
863.93665,0.01757
862.00822,0.01765
860.07979,0.01705
858.15136,0.01595
856.22293,0.01584
854.29450,0.01715
852.36607,0.01814
850.43764,0.01792
848.50921,0.01769
846.58078,0.01782
844.65235,0.01754
842.72392,0.01716
840.79549,0.01746
838.86706,0.01802
836.93863,0.01797
835.01020,0.01753
833.08177,0.01713
831.15334,0.01674
829.22491,0.01678
827.29648,0.01725
825.36805,0.01669
823.43962,0.01529
821.51119,0.01551
819.58276,0.01768
817.65433,0.01958
815.72590,0.02000
813.79747,0.01961
811.86904,0.01994
809.94061,0.02130
808.01218,0.02261
806.08375,0.02390
804.15532,0.02547
802.22689,0.02650
800.29846,0.02723
798.37003,0.02877
796.44160,0.03047
794.51317,0.03097
792.58474,0.03088
790.65631,0.03170
788.72788,0.03306
786.79945,0.03361
784.87102,0.03344
782.94259,0.03310
781.01416,0.03254
779.08573,0.03233
777.15730,0.03185
775.22887,0.02951
773.30044,0.02729
771.37201,0.02759
769.44358,0.02855
767.51515,0.02818
765.58672,0.02652
763.65829,0.02445
761.72986,0.02359
759.80143,0.02320
757.87300,0.02113
755.94457,0.01864
754.01614,0.01788
752.08771,0.01802
750.15928,0.01766
748.23085,0.01700
746.30242,0.01718
744.37399,0.01891
742.44556,0.02093
740.51713,0.02156
738.58870,0.02104
736.66027,0.01961
734.73184,0.01721
732.80341,0.01593
730.87498,0.01702
728.94655,0.01829
727.01812,0.01869
725.08969,0.02017
723.16126,0.02403
721.23283,0.02592
719.30440,0.02679
717.37597,0.02727
715.44754,0.02700
713.51911,0.02676
711.59068,0.02740
709.66225,0.02820
707.73382,0.02731
705.80539,0.02494
703.87696,0.02371
701.94853,0.02487
700.02010,0.02626
698.09167,0.02534
696.16324,0.02335
694.23481,0.02323
692.30638,0.02416
690.37795,0.02346
688.44952,0.02080
686.52109,0.01744
684.59266,0.01516
682.66423,0.01480
680.73580,0.01434
678.80737,0.01213
676.87894,0.00989
674.95051,0.00892
673.02208,0.00882
671.09365,0.01012
669.16522,0.01112
667.23679,0.00865
665.30836,0.00701
663.37993,0.00919
661.45150,0.01268
659.52307,0.01370
657.59464,0.01140
655.66621,0.00823
653.73778,0.00645
651.80935,0.00709
649.88092,0.01026
647.95249,0.01435
646.02406,0.01759
644.09563,0.01999
642.16720,0.02171
640.23877,0.02211
638.31034,0.02133
636.38191,0.02109
634.45348,0.02166
632.52505,0.02030
630.59662,0.01711
628.66819,0.01654
626.73976,0.01913
624.81133,0.01864
622.88290,0.01543
620.95447,0.01172
619.02604,0.00815
617.09761,0.00477
615.16918,0.00259
613.24075,0.00423
611.31232,0.00662
609.38389,0.00422
607.45546,0.00143
605.52703,0.00623
603.59860,0.01288
601.67017,0.00919
599.74174,0.00000
