4001.49232,0.00466
3999.56389,0.00616
3997.63546,0.00580
3995.70703,0.00427
3993.77860,0.00305
3991.85017,0.00280
3989.92174,0.00258
3987.99331,0.00228
3986.06488,0.00262
3984.13645,0.00287
3982.20802,0.00225
3980.27959,0.00183
3978.35116,0.00252
3976.42273,0.00361
3974.49430,0.00396
3972.56587,0.00343
3970.63744,0.00234
3968.70901,0.00094
3966.78058,0.00000
3964.85215,0.00035
3962.92372,0.00142
3960.99529,0.00221
3959.06686,0.00271
3957.13843,0.00258
3955.21000,0.00182
3953.28157,0.00159
3951.35314,0.00229
3949.42471,0.00280
3947.49628,0.00244
3945.56785,0.00200
3943.63942,0.00161
3941.71099,0.00082
3939.78256,0.00043
3937.85413,0.00066
3935.92570,0.00109
3933.99727,0.00161
3932.06884,0.00142
3930.14041,0.00036
3928.21198,-0.00004
3926.28355,0.00035
3924.35512,0.00043
3922.42669,0.00086
3920.49826,0.00207
3918.56982,0.00229
3916.64139,0.00097
3914.71296,0.00000
3912.78453,0.00042
3910.85610,0.00137
3908.92767,0.00224
3906.99924,0.00292
3905.07081,0.00299
3903.14238,0.00324
3901.21395,0.00394
3899.28552,0.00293
3897.35709,0.00126
3895.42866,0.00172
3893.50023,0.00266
3891.57180,0.00113
3889.64337,0.00001
3887.71494,0.00232
3885.78651,0.00444
3883.85808,0.00440
3881.92965,0.00395
3880.00122,0.00179
3878.07279,0.00011
3876.14436,0.00145
3874.21593,0.00279
3872.28750,0.00287
3870.35907,0.00207
3868.43064,0.00097
3866.50221,0.00232
3864.57378,0.00395
3862.64535,0.00337
3860.71692,0.00343
3858.78849,0.00562
3856.86006,0.00870
3854.93163,0.00937
3853.00320,0.00485
3851.07477,0.00116
3849.14634,0.00198
3847.21791,0.00372
3845.28948,0.00417
3843.36105,0.00440
3841.43262,0.00556
3839.50419,0.00571
3837.57576,0.00333
3835.64733,0.00174
3833.71890,0.00209
3831.79047,0.00202
3829.86204,0.00126
3827.93361,0.00061
3826.00518,0.00041
3824.07675,0.00228
3822.14832,0.00433
3820.21989,0.00334
3818.29146,0.00352
3816.36303,0.00468
3814.43460,0.00342
3812.50617,0.00251
3810.57774,0.00339
3808.64931,0.00380
3806.72088,0.00229
3804.79245,0.00216
3802.86402,0.00437
3800.93559,0.00437
3799.00716,0.00362
3797.07873,0.00336
3795.15030,0.00168
3793.22187,0.00043
3791.29344,0.00047
3789.36501,0.00066
3787.43658,0.00080
3785.50815,0.00040
3783.57972,0.00000
3781.65129,0.00092
3779.72286,0.00156
3777.79443,0.00102
3775.86600,0.00158
3773.93757,0.00350
3772.00914,0.00500
3770.08071,0.00481
3768.15228,0.00382
3766.22385,0.00299
3764.29542,0.00231
3762.36699,0.00320
3760.43856,0.00435
3758.51013,0.00297
3756.58170,0.00178
3754.65327,0.00364
3752.72484,0.00570
3750.79641,0.00452
3748.86798,0.00363
3746.93955,0.00567
3745.01112,0.00548
3743.08269,0.00187
3741.15426,0.00097
3739.22583,0.00391
3737.29740,0.00713
3735.36897,0.00713
3733.44054,0.00366
3731.51211,0.00096
3729.58368,0.00183
3727.65525,0.00442
3725.72682,0.00526
3723.79839,0.00406
3721.86996,0.00239
3719.94153,0.00072
3718.01310,-0.00013
3716.08467,0.00088
3714.15624,0.00342
3712.22781,0.00450
3710.29938,0.00216
3708.37095,0.00000
3706.44252,0.00051
3704.51409,0.00284
3702.58566,0.00434
3700.65723,0.00366
3698.72880,0.00247
3696.80037,0.00154
3694.87194,0.00110
3692.94351,0.00206
3691.01508,0.00287
3689.08665,0.00121
3687.15822,-0.00027
3685.22979,0.00053
3683.30136,0.00187
3681.37293,0.00236
3679.44450,0.00291
3677.51607,0.00408
3675.58764,0.00368
3673.65921,0.00315
3671.73078,0.00468
3669.80235,0.00343
3667.87392,0.00075
3665.94549,0.00101
3664.01706,0.00197
3662.08863,0.00166
3660.16020,0.00128
3658.23177,0.00117
3656.30334,0.00017
3654.37491,-0.00007
3652.44648,0.00251
3650.51805,0.00431
3648.58962,0.00210
3646.66119,0.00000
3644.73276,0.00072
3642.80433,0.00245
3640.87590,0.00315
3638.94747,0.00278
3637.01904,0.00240
3635.09061,0.00238
3633.16218,0.00271
3631.23375,0.00342
3629.30532,0.00259
3627.37689,0.00054
3625.44846,0.00115
3623.52003,0.00342
3621.59160,0.00453
3619.66317,0.00356
3617.73474,0.00262
3615.80631,0.00419
3613.87788,0.00618
3611.94945,0.00704
3610.02102,0.00734
3608.09259,0.00588
3606.16416,0.00362
3604.23573,0.00342
3602.30730,0.00376
3600.37887,0.00208
3598.45044,0.00017
3596.52201,0.00035
3594.59358,0.00146
3592.66515,0.00232
3590.73672,0.00357
3588.80829,0.00407
3586.87986,0.00263
3584.95143,0.00202
3583.02300,0.00310
3581.09457,0.00371
3579.16614,0.00352
3577.23771,0.00334
3575.30928,0.00272
3573.38085,0.00164
3571.45242,0.00166
3569.52399,0.00300
3567.59556,0.00314
3565.66713,0.00174
3563.73870,0.00175
3561.81027,0.00299
3559.88184,0.00361
3557.95341,0.00356
3556.02498,0.00391
3554.09655,0.00442
3552.16812,0.00381
3550.23969,0.00289
3548.31126,0.00342
3546.38283,0.00453
3544.45440,0.00461
3542.52597,0.00399
3540.59754,0.00368
3538.66911,0.00358
3536.74068,0.00303
3534.81225,0.00230
3532.88382,0.00209
3530.95539,0.00231
3529.02696,0.00271
3527.09853,0.00342
3525.17010,0.00423
3523.24167,0.00460
3521.31324,0.00443
3519.38481,0.00373
3517.45638,0.00259
3515.52795,0.00181
3513.59952,0.00183
3511.67109,0.00196
3509.74266,0.00186
3507.81423,0.00256
3505.88580,0.00426
3503.95737,0.00516
3502.02894,0.00463
3500.10051,0.00422
3498.17208,0.00435
3496.24365,0.00446
3494.31522,0.00478
3492.38679,0.00557
3490.45836,0.00620
3488.52993,0.00584
3486.60150,0.00541
3484.67307,0.00639
3482.74464,0.00765
3480.81621,0.00753
3478.88778,0.00688
3476.95935,0.00672
3475.03092,0.00661
3473.10249,0.00642
3471.17406,0.00651
3469.24563,0.00664
3467.31720,0.00620
3465.38877,0.00511
3463.46034,0.00380
3461.53191,0.00276
3459.60348,0.00269
3457.67505,0.00390
3455.74662,0.00539
3453.81819,0.00589
3451.88976,0.00541
3449.96133,0.00483
3448.03290,0.00425
3446.10447,0.00367
3444.17604,0.00387
3442.24761,0.00469
3440.31918,0.00536
3438.39075,0.00556
3436.46232,0.00511
3434.53389,0.00456
3432.60546,0.00444
3430.67703,0.00466
3428.74860,0.00514
3426.82017,0.00534
3424.89174,0.00502
3422.96331,0.00519
3421.03488,0.00601
3419.10645,0.00610
3417.17802,0.00572
3415.24959,0.00590
3413.32116,0.00595
3411.39273,0.00530
3409.46430,0.00480
3407.53587,0.00517
3405.60744,0.00617
3403.67901,0.00686
3401.75058,0.00706
3399.82215,0.00789
3397.89372,0.00799
3395.96529,0.00727
3394.03686,0.00645
3392.10843,0.00638
3390.18000,0.00691
3388.25157,0.00748
3386.32314,0.00745
3384.39471,0.00658
3382.46628,0.00563
3380.53785,0.00540
3378.60942,0.00565
3376.68099,0.00574
3374.75256,0.00564
3372.82413,0.00523
3370.89570,0.00473
3368.96727,0.00524
3367.03884,0.00653
3365.11041,0.00710
3363.18198,0.00719
3361.25355,0.00756
3359.32512,0.00765
3357.39669,0.00752
3355.46826,0.00788
3353.53983,0.00841
3351.61140,0.00812
3349.68297,0.00695
3347.75454,0.00614
3345.82611,0.00635
3343.89768,0.00698
3341.96925,0.00770
3340.04082,0.00850
3338.11239,0.00908
3336.18396,0.00927
3334.25553,0.00910
3332.32710,0.00865
3330.39867,0.00841
3328.47024,0.00872
3326.54181,0.00913
3324.61338,0.00921
3322.68495,0.00931
3320.75652,0.00965
3318.82809,0.00995
3316.89966,0.01019
3314.97122,0.00995
3313.04279,0.00903
3311.11436,0.00849
3309.18593,0.00868
3307.25750,0.00889
3305.32907,0.00886
3303.40064,0.00847
3301.47221,0.00809
3299.54378,0.00864
3297.61535,0.00977
3295.68692,0.01028
3293.75849,0.01002
3291.83006,0.00984
3289.90163,0.01013
3287.97320,0.01028
3286.04477,0.01018
3284.11634,0.01036
3282.18791,0.01059
3280.25948,0.01033
3278.33105,0.00976
3276.40262,0.00944
3274.47419,0.00935
3272.54576,0.00901
3270.61733,0.00858
3268.68890,0.00885
3266.76047,0.00949
3264.83204,0.00908
3262.90361,0.00793
3260.97518,0.00744
3259.04675,0.00724
3257.11832,0.00667
3255.18989,0.00647
3253.26146,0.00688
3251.33303,0.00680
3249.40460,0.00590
3247.47617,0.00559
3245.54774,0.00637
3243.61931,0.00711
3241.69088,0.00718
3239.76245,0.00709
3237.83402,0.00731
3235.90559,0.00774
3233.97716,0.00822
3232.04873,0.00825
3230.12030,0.00746
3228.19187,0.00651
3226.26344,0.00567
3224.33501,0.00472
3222.40658,0.00409
3220.47815,0.00375
3218.54972,0.00339
3216.62129,0.00373
3214.69286,0.00472
3212.76443,0.00516
3210.83600,0.00482
3208.90757,0.00424
3206.97914,0.00404
3205.05071,0.00433
3203.12228,0.00449
3201.19385,0.00428
3199.26542,0.00399
3197.33699,0.00365
3195.40856,0.00365
3193.48013,0.00413
3191.55170,0.00424
3189.62327,0.00383
3187.69484,0.00341
3185.76641,0.00300
3183.83798,0.00300
3181.90955,0.00370
3179.98112,0.00414
3178.05269,0.00354
3176.12426,0.00271
3174.19583,0.00269
3172.26740,0.00334
3170.33897,0.00382
3168.41054,0.00348
3166.48211,0.00274
3164.55368,0.00259
3162.62525,0.00279
3160.69682,0.00252
3158.76839,0.00189
3156.83996,0.00142
3154.91153,0.00128
3152.98310,0.00156
3151.05467,0.00200
3149.12624,0.00213
3147.19781,0.00197
3145.26938,0.00170
3143.34095,0.00132
3141.41252,0.00091
3139.48409,0.00077
3137.55566,0.00105
3135.62723,0.00174
3133.69880,0.00236
3131.77037,0.00220
3129.84194,0.00162
3127.91351,0.00135
3125.98508,0.00133
3124.05665,0.00130
3122.12822,0.00079
3120.19979,0.00000
3118.27136,0.00007
3116.34293,0.00127
3114.41450,0.00230
3112.48607,0.00243
3110.55764,0.00193
3108.62921,0.00149
3106.70078,0.00165
3104.77235,0.00228
3102.84392,0.00247
3100.91549,0.00194
3098.98706,0.00160
3097.05863,0.00164
3095.13020,0.00126
3093.20177,0.00063
3091.27334,0.00062
3089.34491,0.00113
3087.41648,0.00138
3085.48805,0.00139
3083.55962,0.00159
3081.63119,0.00170
3079.70276,0.00149
3077.77433,0.00135
3075.84590,0.00130
3073.91747,0.00118
3071.98904,0.00136
3070.06061,0.00189
3068.13218,0.00228
3066.20375,0.00254
3064.27532,0.00252
3062.34689,0.00192
3060.41846,0.00127
3058.49003,0.00084
3056.56160,0.00025
3054.63317,-0.00022
3052.70474,-0.00001
3050.77631,0.00064
3048.84788,0.00121
3046.91945,0.00169
3044.99102,0.00202
3043.06259,0.00171
3041.13416,0.00086
3039.20573,0.00021
3037.27730,0.00000
3035.34887,0.00016
3033.42044,0.00082
3031.49201,0.00133
3029.56358,0.00130
3027.63515,0.00138
3025.70672,0.00180
3023.77829,0.00183
3021.84986,0.00132
3019.92143,0.00097
3017.99300,0.00115
3016.06457,0.00156
3014.13614,0.00177
3012.20771,0.00168
3010.27928,0.00158
3008.35085,0.00170
3006.42242,0.00174
3004.49399,0.00133
3002.56556,0.00051
3000.63713,0.00000
2998.70870,0.00056
2996.78027,0.00089
2994.85184,0.00074
2992.92341,0.00080
2990.99498,0.00115
2989.06655,0.00125
2987.13812,0.00131
2985.20969,0.00160
2983.28126,0.00161
2981.35283,0.00140
2979.42440,0.00166
2977.49597,0.00225
2975.56754,0.00244
2973.63911,0.00201
2971.71068,0.00152
2969.78225,0.00169
2967.85382,0.00254
2965.92539,0.00339
2963.99696,0.00347
2962.06853,0.00261
2960.14010,0.00193
2958.21167,0.00233
2956.28324,0.00292
2954.35481,0.00272
2952.42638,0.00211
2950.49795,0.00160
2948.56952,0.00128
2946.64109,0.00137
2944.71266,0.00188
2942.78423,0.00242
2940.85580,0.00278
2938.92737,0.00294
2936.99894,0.00303
2935.07051,0.00313
2933.14208,0.00279
2931.21365,0.00209
2929.28522,0.00194
2927.35679,0.00241
2925.42836,0.00258
2923.49993,0.00244
2921.57150,0.00243
2919.64307,0.00246
2917.71464,0.00249
2915.78621,0.00256
2913.85778,0.00256
2911.92935,0.00245
2910.00092,0.00221
2908.07249,0.00219
2906.14406,0.00244
2904.21563,0.00234
2902.28720,0.00165
2900.35877,0.00095
2898.43034,0.00061
2896.50191,0.00058
2894.57348,0.00068
2892.64505,0.00066
2890.71662,0.00049
2888.78819,0.00083
2886.85976,0.00172
2884.93133,0.00214
2883.00290,0.00169
2881.07447,0.00072
2879.14604,0.00000
2877.21761,0.00037
2875.28918,0.00145
2873.36075,0.00192
2871.43232,0.00166
2869.50389,0.00170
2867.57546,0.00217
2865.64703,0.00228
2863.71860,0.00197
2861.79017,0.00184
2859.86174,0.00178
2857.93331,0.00140
2856.00488,0.00092
2854.07645,0.00065
2852.14802,0.00052
2850.21959,0.00060
2848.29116,0.00081
2846.36273,0.00098
2844.43430,0.00114
2842.50587,0.00133
2840.57744,0.00156
2838.64901,0.00168
2836.72058,0.00134
2834.79215,0.00081
2832.86372,0.00081
2830.93529,0.00114
2829.00686,0.00131
2827.07843,0.00145
2825.15000,0.00145
2823.22157,0.00109
2821.29314,0.00078
2819.36471,0.00077
2817.43628,0.00109
2815.50785,0.00132
2813.57942,0.00081
2811.65099,0.00010
2809.72256,0.00000
2807.79413,0.00024
2805.86570,0.00064
2803.93727,0.00100
2802.00884,0.00113
2800.08041,0.00127
2798.15198,0.00153
2796.22355,0.00181
2794.29512,0.00209
2792.36669,0.00211
2790.43826,0.00190
2788.50983,0.00181
2786.58140,0.00163
2784.65297,0.00126
2782.72454,0.00099
2780.79611,0.00079
2778.86768,0.00060
2776.93925,0.00074
2775.01082,0.00121
2773.08239,0.00147
2771.15396,0.00143
2769.22553,0.00126
2767.29710,0.00063
2765.36867,0.00000
2763.44024,0.00017
2761.51181,0.00076
2759.58338,0.00120
2757.65495,0.00150
2755.72652,0.00150
2753.79809,0.00120
2751.86966,0.00097
2749.94123,0.00106
2748.01280,0.00132
2746.08437,0.00139
2744.15594,0.00125
2742.22751,0.00129
2740.29908,0.00175
2738.37065,0.00205
2736.44222,0.00159
2734.51379,0.00105
2732.58536,0.00142
2730.65693,0.00215
2728.72850,0.00211
2726.80007,0.00166
2724.87164,0.00159
2722.94321,0.00150
2721.01478,0.00106
2719.08635,0.00074
2717.15792,0.00064
2715.22949,0.00035
2713.30105,0.00000
2711.37262,0.00010
2709.44419,0.00070
2707.51576,0.00124
2705.58733,0.00152
2703.65890,0.00159
2701.73047,0.00130
2699.80204,0.00099
2697.87361,0.00128
2695.94518,0.00177
2694.01675,0.00158
2692.08832,0.00093
2690.15989,0.00043
2688.23146,0.00019
2686.30303,0.00028
2684.37460,0.00060
2682.44617,0.00066
2680.51774,0.00048
2678.58931,0.00033
2676.66088,0.00014
2674.73245,0.00000
2672.80402,0.00024
2670.87559,0.00076
2668.94716,0.00106
2667.01873,0.00114
2665.09030,0.00127
2663.16187,0.00121
2661.23344,0.00102
2659.30501,0.00116
2657.37658,0.00129
2655.44815,0.00112
2653.51972,0.00096
2651.59129,0.00082
2649.66286,0.00056
2647.73443,0.00044
2645.80600,0.00054
2643.87757,0.00057
2641.94914,0.00058
2640.02071,0.00062
2638.09228,0.00047
2636.16385,0.00029
2634.23542,0.00030
2632.30699,0.00025
2630.37856,0.00000
2628.45013,0.00006
2626.52170,0.00068
2624.59327,0.00116
2622.66484,0.00146
2620.73641,0.00194
2618.80798,0.00197
2616.87955,0.00134
2614.95112,0.00081
2613.02269,0.00070
2611.09426,0.00083
2609.16583,0.00101
2607.23740,0.00099
2605.30897,0.00071
2603.38054,0.00053
2601.45211,0.00081
2599.52368,0.00132
2597.59525,0.00167
2595.66682,0.00162
2593.73839,0.00100
2591.80996,0.00039
2589.88153,0.00037
2587.95310,0.00048
2586.02467,0.00039
2584.09624,0.00039
2582.16781,0.00051
2580.23938,0.00065
2578.31095,0.00079
2576.38252,0.00078
2574.45409,0.00057
2572.52566,0.00045
2570.59723,0.00060
2568.66880,0.00089
2566.74037,0.00097
2564.81194,0.00096
2562.88351,0.00115
2560.95508,0.00102
2559.02665,0.00047
2557.09822,0.00032
2555.16979,0.00056
2553.24136,0.00070
2551.31293,0.00077
2549.38450,0.00079
2547.45607,0.00069
2545.52764,0.00056
2543.59921,0.00052
2541.67078,0.00033
2539.74235,0.00000
2537.81392,0.00003
2535.88549,0.00053
2533.95706,0.00100
2532.02863,0.00123
2530.10020,0.00125
2528.17177,0.00115
2526.24334,0.00099
2524.31491,0.00072
2522.38648,0.00037
2520.45805,0.00014
2518.52962,0.00025
2516.60119,0.00054
2514.67276,0.00063
2512.74433,0.00066
2510.81590,0.00087
2508.88747,0.00116
2506.95904,0.00145
2505.03061,0.00153
2503.10218,0.00155
2501.17375,0.00173
2499.24532,0.00195
2497.31689,0.00200
2495.38846,0.00182
2493.46003,0.00165
2491.53160,0.00153
2489.60317,0.00138
2487.67474,0.00131
2485.74631,0.00117
2483.81788,0.00085
2481.88945,0.00081
2479.96102,0.00127
2478.03259,0.00167
2476.10416,0.00187
2474.17573,0.00205
2472.24730,0.00170
2470.31887,0.00073
2468.39044,0.00000
2466.46201,0.00000
2464.53358,0.00056
2462.60515,0.00132
2460.67672,0.00179
2458.74829,0.00170
2456.81986,0.00142
2454.89143,0.00137
2452.96300,0.00143
2451.03457,0.00135
2449.10614,0.00129
2447.17771,0.00118
2445.24928,0.00075
2443.32085,0.00048
2441.39242,0.00090
2439.46399,0.00148
2437.53556,0.00176
2435.60713,0.00186
2433.67870,0.00151
2431.75027,0.00144
2429.82184,0.00138
2427.89341,0.00131
2425.96498,0.00125
2424.03655,0.00119
2422.10812,0.00113
2420.17969,0.00107
2418.25126,0.00101
2416.32283,0.00095
2414.39440,0.00089
2412.46597,0.00084
2410.53754,0.00078
2408.60911,0.00073
2406.68068,0.00068
2404.75225,0.00063
2402.82382,0.00058
2400.89539,0.00053
2398.96696,0.00049
2397.03853,0.00044
2395.11010,0.00040
2393.18167,0.00035
2391.25324,0.00031
2389.32481,0.00027
2387.39638,0.00023
2385.46795,0.00019
2383.53952,0.00015
2381.61109,0.00012
2379.68266,0.00008
2377.75423,0.00005
2375.82580,0.00002
2373.89737,-0.00001
2371.96894,-0.00004
2370.04051,-0.00007
2368.11208,-0.00010
2366.18365,-0.00013
2364.25522,-0.00015
2362.32679,-0.00018
2360.39836,-0.00020
2358.46993,-0.00022
2356.54150,-0.00024
2354.61307,-0.00026
2352.68464,-0.00028
2350.75621,-0.00030
2348.82778,-0.00031
2346.89935,-0.00033
2344.97092,-0.00034
2343.04249,-0.00035
2341.11406,-0.00036
2339.18563,-0.00037
2337.25720,-0.00038
2335.32877,-0.00039
2333.40034,-0.00040
2331.47191,-0.00040
2329.54348,-0.00040
2327.61505,-0.00041
2325.68662,-0.00041
2323.75819,-0.00041
2321.82976,-0.00041
2319.90133,-0.00041
2317.97290,-0.00040
2316.04447,-0.00040
2314.11604,-0.00039
2312.18761,-0.00039
2310.25918,-0.00038
2308.33075,-0.00037
2306.40232,-0.00036
2304.47389,-0.00035
2302.54546,-0.00033
2300.61703,-0.00032
2298.68860,-0.00031
2296.76017,-0.00029
2294.83174,-0.00027
2292.90331,-0.00025
2290.97488,-0.00023
2289.04645,-0.00021
2287.11802,-0.00019
2285.18959,-0.00017
2283.26116,-0.00014
2281.33273,-0.00012
2279.40430,-0.00009
2277.47587,-0.00006
2275.54744,-0.00003
2273.61901,0.00000
2271.69058,-0.00000
2269.76215,-0.00000
2267.83372,-0.00000
2265.90529,0.00000
2263.97686,0.00000
2262.04843,0.00008
2260.12000,0.00018
2258.19157,0.00028
2256.26314,0.00023
2254.33471,0.00004
2252.40628,-0.00003
2250.47785,0.00019
2248.54942,0.00091
2246.62099,0.00074
2244.69256,0.00069
2242.76413,0.00070
2240.83570,0.00051
2238.90727,0.00051
2236.97884,0.00108
2235.05041,0.00153
2233.12198,0.00127
2231.19355,0.00091
2229.26512,0.00084
2227.33669,0.00074
2225.40826,0.00051
2223.47983,0.00034
2221.55140,0.00040
2219.62297,0.00048
2217.69454,0.00023
2215.76611,0.00005
2213.83768,0.00020
2211.90925,0.00025
2209.98082,0.00004
2208.05239,0.00000
2206.12396,0.00046
2204.19553,0.00102
2202.26710,0.00103
2200.33867,0.00074
2198.41024,0.00055
2196.48181,0.00043
2194.55338,0.00044
2192.62495,0.00043
2190.69652,0.00032
2188.76809,0.00023
2186.83966,0.00009
2184.91123,0.00008
2182.98280,0.00027
2181.05437,0.00046
2179.12594,0.00060
2177.19751,0.00061
2175.26908,0.00043
2173.34065,0.00019
2171.41222,0.00000
2169.48379,0.00002
2167.55536,0.00036
2165.62693,0.00062
2163.69850,0.00048
2161.77007,0.00025
2159.84164,0.00037
2157.91321,0.00064
2155.98478,0.00065
2154.05635,0.00038
2152.12792,0.00013
2150.19949,0.00005
2148.27106,0.00023
2146.34263,0.00042
2144.41420,0.00029
2142.48577,0.00015
2140.55734,0.00032
2138.62891,0.00078
2136.70048,0.00120
2134.77205,0.00106
2132.84362,0.00061
2130.91519,0.00062
2128.98676,0.00111
2127.05833,0.00123
2125.12990,0.00072
2123.20147,0.00020
2121.27304,0.00000
2119.34461,0.00008
2117.41618,0.00066
2115.48775,0.00132
2113.55932,0.00112
2111.63089,0.00042
2109.70245,0.00025
2107.77402,0.00041
2105.84559,0.00048
2103.91716,0.00070
2101.98873,0.00083
2100.06030,0.00045
2098.13187,-0.00002
2096.20344,-0.00007
2094.27501,0.00030
2092.34658,0.00083
2090.41815,0.00091
2088.48972,0.00071
2086.56129,0.00082
2084.63286,0.00100
2082.70443,0.00085
2080.77600,0.00059
2078.84757,0.00048
2076.91914,0.00049
2074.99071,0.00051
2073.06228,0.00039
2071.13385,0.00012
2069.20542,0.00026
2067.27699,0.00102
2065.34856,0.00146
2063.42013,0.00097
2061.49170,0.00032
2059.56327,0.00004
2057.63484,0.00000
2055.70641,0.00010
2053.77798,0.00024
2051.84955,0.00029
2049.92112,0.00031
2047.99269,0.00044
2046.06426,0.00072
2044.13583,0.00090
2042.20740,0.00074
2040.27897,0.00037
2038.35054,0.00021
2036.42211,0.00014
2034.49368,-0.00006
2032.56525,-0.00014
2030.63682,0.00002
2028.70839,0.00035
2026.77996,0.00073
2024.85153,0.00086
2022.92310,0.00080
2020.99467,0.00092
2019.06624,0.00103
2017.13781,0.00078
2015.20938,0.00061
2013.28095,0.00088
2011.35252,0.00124
2009.42409,0.00147
2007.49566,0.00141
2005.56723,0.00108
2003.63880,0.00094
2001.71037,0.00104
1999.78194,0.00108
1997.85351,0.00104
1995.92508,0.00115
1993.99665,0.00119
1992.06822,0.00079
1990.13979,0.00043
1988.21136,0.00059
1986.28293,0.00082
1984.35450,0.00072
1982.42607,0.00043
1980.49764,0.00026
1978.56921,0.00048
1976.64078,0.00095
1974.71235,0.00106
1972.78392,0.00081
1970.85549,0.00089
1968.92706,0.00105
1966.99863,0.00057
1965.07020,0.00013
1963.14177,0.00033
1961.21334,0.00049
1959.28491,0.00023
1957.35648,0.00000
1955.42805,0.00020
1953.49962,0.00081
1951.57119,0.00136
1949.64276,0.00151
1947.71433,0.00132
1945.78590,0.00121
1943.85747,0.00124
1941.92904,0.00091
1940.00061,0.00064
1938.07218,0.00071
1936.14375,0.00057
1934.21532,0.00022
1932.28689,0.00008
1930.35846,0.00020
1928.43003,0.00044
1926.50160,0.00074
1924.57317,0.00083
1922.64474,0.00058
1920.71631,0.00057
1918.78788,0.00063
1916.85945,0.00021
1914.93102,0.00000
1913.00259,0.00032
1911.07416,0.00062
1909.14573,0.00062
1907.21730,0.00055
1905.28887,0.00055
1903.36044,0.00056
1901.43201,0.00063
1899.50358,0.00081
1897.57515,0.00092
1895.64672,0.00082
1893.71829,0.00088
1891.78986,0.00121
1889.86143,0.00107
1887.93300,0.00058
1886.00457,0.00049
1884.07614,0.00067
1882.14771,0.00096
1880.21928,0.00122
1878.29085,0.00114
1876.36242,0.00080
1874.43399,0.00066
1872.50556,0.00107
1870.57713,0.00153
1868.64870,0.00112
1866.72027,0.00059
1864.79184,0.00087
1862.86341,0.00104
1860.93498,0.00067
1859.00655,0.00043
1857.07812,0.00052
1855.14969,0.00058
1853.22126,0.00053
1851.29283,0.00053
1849.36440,0.00059
1847.43597,0.00094
1845.50754,0.00149
1843.57911,0.00144
1841.65068,0.00114
1839.72225,0.00130
1837.79382,0.00143
1835.86539,0.00140
1833.93696,0.00151
1832.00853,0.00130
1830.08010,0.00040
1828.15167,0.00000
1826.22324,0.00040
1824.29481,0.00056
1822.36638,0.00061
1820.43795,0.00084
1818.50952,0.00084
1816.58109,0.00067
1814.65266,0.00075
1812.72423,0.00084
1810.79580,0.00046
1808.86737,0.00000
1806.93894,0.00001
1805.01051,0.00045
1803.08208,0.00070
1801.15365,0.00030
1799.22522,0.00001
1797.29679,0.00067
1795.36836,0.00164
1793.43993,0.00167
1791.51150,0.00076
1789.58307,0.00051
1787.65464,0.00118
1785.72621,0.00151
1783.79778,0.00121
1781.86935,0.00065
1779.94092,-0.00002
1778.01249,-0.00008
1776.08406,0.00074
1774.15563,0.00151
1772.22720,0.00130
1770.29877,0.00084
1768.37034,0.00056
1766.44191,0.00023
1764.51348,0.00037
1762.58505,0.00069
1760.65662,0.00066
1758.72819,0.00053
1756.79976,0.00004
1754.87133,0.00000
1752.94290,0.00125
1751.01447,0.00221
1749.08604,0.00161
1747.15761,0.00084
1745.22918,0.00078
1743.30075,0.00103
1741.37232,0.00091
1739.44389,0.00013
1737.51546,-0.00020
1735.58703,0.00011
1733.65860,-0.00024
1731.73017,-0.00032
1729.80174,0.00008
1727.87331,0.00035
1725.94488,0.00072
1724.01645,0.00086
1722.08802,0.00076
1720.15959,0.00099
1718.23116,0.00095
1716.30273,0.00052
1714.37430,0.00097
1712.44587,0.00218
1710.51744,0.00333
1708.58901,0.00417
1706.66058,0.00464
1704.73215,0.00539
1702.80372,0.00714
1700.87529,0.00903
1698.94686,0.01062
1697.01843,0.01254
1695.09000,0.01383
1693.16157,0.01496
1691.23314,0.01649
1689.30471,0.01776
1687.37628,0.01953
1685.44785,0.02218
1683.51942,0.02430
1681.59099,0.02565
1679.66256,0.02721
1677.73413,0.02904
1675.80570,0.03041
1673.87727,0.03124
1671.94884,0.03274
1670.02041,0.03468
1668.09198,0.03673
1666.16355,0.03951
1664.23512,0.04224
1662.30669,0.04398
1660.37826,0.04582
1658.44983,0.04852
1656.52140,0.05147
1654.59297,0.05297
1652.66454,0.05172
1650.73611,0.05158
1648.80768,0.05258
1646.87925,0.05041
1644.95082,0.04735
1643.02239,0.04680
1641.09396,0.04713
1639.16553,0.04662
1637.23710,0.04426
1635.30867,0.04047
1633.38024,0.03873
1631.45181,0.03881
1629.52338,0.03779
1627.59495,0.03516
1625.66652,0.03271
1623.73809,0.03057
1621.80966,0.02874
1619.88123,0.02814
1617.95280,0.02688
1616.02437,0.02353
1614.09594,0.02107
1612.16751,0.02001
1610.23908,0.01836
1608.31065,0.01621
1606.38222,0.01500
1604.45379,0.01457
1602.52536,0.01379
1600.59693,0.01270
1598.66850,0.01196
1596.74007,0.01147
1594.81164,0.01071
1592.88321,0.00989
1590.95478,0.00946
1589.02635,0.00950
1587.09792,0.00980
1585.16949,0.01002
1583.24106,0.01026
1581.31263,0.01100
1579.38420,0.01210
1577.45577,0.01230
1575.52734,0.01169
1573.59891,0.01302
1571.67048,0.01552
1569.74205,0.01645
1567.81362,0.01662
1565.88519,0.01794
1563.95676,0.01984
1562.02833,0.02161
1560.09990,0.02264
1558.17147,0.02312
1556.24304,0.02565
1554.31461,0.02887
1552.38618,0.03106
1550.45775,0.03196
1548.52932,0.03226
1546.60089,0.03295
1544.67246,0.03403
1542.74403,0.03457
1540.81560,0.03290
1538.88717,0.03097
1536.95874,0.03207
1535.03031,0.03311
1533.10188,0.03084
1531.17345,0.02815
1529.24502,0.02744
1527.31659,0.02707
1525.38816,0.02653
1523.45973,0.02608
1521.53130,0.02484
1519.60287,0.02383
1517.67444,0.02292
1515.74601,0.02135
1513.81758,0.02068
1511.88915,0.02126
1509.96072,0.02161
1508.03229,0.01918
1506.10385,0.01376
1504.17542,0.01154
1502.24699,0.01237
1500.31856,0.01238
1498.39013,0.01018
1496.46170,0.00741
1494.53327,0.00653
1492.60484,0.00683
1490.67641,0.00560
1488.74798,0.00310
1486.81955,0.00226
1484.89112,0.00295
1482.96269,0.00337
1481.03426,0.00317
1479.10583,0.00315
1477.17740,0.00327
1475.24897,0.00264
1473.32054,0.00159
1471.39211,0.00202
1469.46368,0.00423
1467.53525,0.00636
1465.60682,0.00666
1463.67839,0.00589
1461.74996,0.00624
1459.82153,0.00724
1457.89310,0.00655
1455.96467,0.00465
1454.03624,0.00430
1452.10781,0.00471
1450.17938,0.00444
1448.25095,0.00358
1446.32252,0.00309
1444.39409,0.00342
1442.46566,0.00387
1440.53723,0.00418
1438.60880,0.00458
1436.68037,0.00435
1434.75194,0.00349
1432.82351,0.00296
1430.89508,0.00247
1428.96665,0.00209
1427.03822,0.00248
1425.10979,0.00309
1423.18136,0.00367
1421.25293,0.00478
1419.32450,0.00537
1417.39607,0.00457
1415.46764,0.00420
1413.53921,0.00479
1411.61078,0.00539
1409.68235,0.00565
1407.75392,0.00570
1405.82549,0.00538
1403.89706,0.00506
1401.96863,0.00571
1400.04020,0.00700
1398.11177,0.00767
1396.18334,0.00716
1394.25491,0.00600
1392.32648,0.00539
1390.39805,0.00527
1388.46962,0.00444
1386.54119,0.00307
1384.61276,0.00246
1382.68433,0.00261
1380.75590,0.00276
1378.82747,0.00271
1376.89904,0.00228
1374.97061,0.00122
1373.04218,0.00031
1371.11375,0.00026
1369.18532,0.00038
1367.25689,0.00028
1365.32846,0.00063
1363.40003,0.00100
1361.47160,0.00069
1359.54317,0.00028
1357.61474,0.00008
1355.68631,0.00000
1353.75788,0.00008
1351.82945,0.00039
1349.90102,0.00044
1347.97259,0.00024
1346.04416,0.00031
1344.11573,0.00091
1342.18730,0.00192
1340.25887,0.00248
1338.33044,0.00211
1336.40201,0.00173
1334.47358,0.00210
1332.54515,0.00278
1330.61672,0.00297
1328.68829,0.00247
1326.75986,0.00186
1324.83143,0.00173
1322.90300,0.00210
1320.97457,0.00251
1319.04614,0.00261
1317.11771,0.00255
1315.18928,0.00264
1313.26085,0.00274
1311.33242,0.00255
1309.40399,0.00205
1307.47556,0.00160
1305.54713,0.00150
1303.61870,0.00147
1301.69027,0.00134
1299.76184,0.00159
1297.83341,0.00240
1295.90498,0.00311
1293.97655,0.00312
1292.04812,0.00269
1290.11969,0.00241
1288.19126,0.00248
1286.26283,0.00290
1284.33440,0.00359
1282.40597,0.00417
1280.47754,0.00447
1278.54911,0.00488
1276.62068,0.00583
1274.69225,0.00701
1272.76382,0.00781
1270.83539,0.00835
1268.90696,0.00921
1266.97853,0.01063
1265.05010,0.01221
1263.12167,0.01363
1261.19324,0.01534
1259.26481,0.01773
1257.33638,0.02036
1255.40795,0.02293
1253.47952,0.02545
1251.55109,0.02779
1249.62266,0.02993
1247.69423,0.03217
1245.76580,0.03462
1243.83737,0.03709
1241.90894,0.03950
1239.98051,0.04149
1238.05208,0.04272
1236.12365,0.04393
1234.19522,0.04582
1232.26679,0.04798
1230.33836,0.05006
1228.40993,0.05200
1226.48150,0.05361
1224.55307,0.05469
1222.62464,0.05514
1220.69621,0.05549
1218.76778,0.05664
1216.83935,0.05856
1214.91092,0.06055
1212.98249,0.06244
1211.05406,0.06408
1209.12563,0.06518
1207.19720,0.06581
1205.26877,0.06621
1203.34034,0.06693
1201.41191,0.06860
1199.48348,0.07013
1197.55505,0.07171
1195.62662,0.07308
1193.69819,0.07426
1191.76976,0.07539
1189.84133,0.07698
1187.91290,0.07919
1185.98447,0.08137
1184.05604,0.08308
1182.12761,0.08473
1180.19918,0.08693
1178.27075,0.08947
1176.34232,0.09204
1174.41389,0.09482
1172.48546,0.09746
1170.55703,0.09954
1168.62860,0.10111
1166.70017,0.10219
1164.77174,0.10331
1162.84331,0.10504
1160.91488,0.10734
1158.98645,0.11001
1157.05802,0.11248
1155.12959,0.11433
1153.20116,0.11617
1151.27273,0.11845
1149.34430,0.12095
1147.41587,0.12355
1145.48744,0.12576
1143.55901,0.12723
1141.63058,0.12863
1139.70215,0.13071
1137.77372,0.13356
1135.84529,0.13663
1133.91686,0.13950
1131.98843,0.14268
1130.06000,0.14663
1128.13157,0.15083
1126.20314,0.15466
1124.27471,0.15823
1122.34628,0.16225
1120.41785,0.16771
1118.48942,0.17466
1116.56099,0.18195
1114.63256,0.18920
1112.70413,0.19718
1110.77570,0.20551
1108.84727,0.21365
1106.91884,0.22212
1104.99041,0.23071
1103.06198,0.23862
1101.13355,0.24607
1099.20512,0.25422
1097.27669,0.26318
1095.34826,0.27139
1093.41983,0.27799
1091.49140,0.28367
1089.56297,0.28907
1087.63454,0.29404
1085.70611,0.29878
1083.77768,0.30388
1081.84925,0.30859
1079.92082,0.31185
1077.99239,0.31423
1076.06396,0.31681
1074.13553,0.31918
1072.20710,0.32088
1070.27867,0.32223
1068.35024,0.32289
1066.42181,0.32228
1064.49338,0.32095
1062.56495,0.32007
1060.63652,0.31913
1058.70809,0.31621
1056.77966,0.31117
1054.85123,0.30528
1052.92280,0.29927
1050.99437,0.29307
1049.06594,0.28589
1047.13751,0.27726
1045.20908,0.26724
1043.28065,0.25615
1041.35222,0.24433
1039.42379,0.23165
1037.49536,0.21852
1035.56693,0.20553
1033.63850,0.19228
1031.71007,0.17888
1029.78164,0.16574
1027.85321,0.15238
1025.92478,0.13892
1023.99635,0.12611
1022.06792,0.11414
1020.13949,0.10309
1018.21106,0.09293
1016.28263,0.08360
1014.35420,0.07515
1012.42577,0.06713
1010.49734,0.05918
1008.56891,0.05179
1006.64048,0.04534
1004.71205,0.03991
1002.78362,0.03548
1000.85519,0.03182
998.92676,0.02864
996.99833,0.02559
995.06990,0.02269
993.14147,0.02056
991.21304,0.01969
989.28461,0.01976
987.35618,0.01990
985.42775,0.01984
983.49932,0.01997
981.57089,0.02061
979.64246,0.02180
977.71403,0.02346
975.78560,0.02535
973.85717,0.02681
971.92874,0.02735
970.00031,0.02719
968.07188,0.02711
966.14345,0.02763
964.21502,0.02791
962.28659,0.02721
960.35816,0.02650
958.42973,0.02674
956.50130,0.02751
954.57287,0.02797
952.64444,0.02788
950.71601,0.02738
948.78758,0.02650
946.85915,0.02613
944.93072,0.02694
943.00229,0.02737
941.07386,0.02614
939.14543,0.02449
937.21700,0.02362
935.28857,0.02327
933.36014,0.02252
931.43171,0.02109
929.50328,0.01961
927.57485,0.01826
925.64642,0.01712
923.71799,0.01630
921.78956,0.01482
919.86113,0.01256
917.93270,0.01100
916.00427,0.01051
914.07584,0.01030
912.14741,0.00950
910.21898,0.00773
908.29055,0.00637
906.36212,0.00654
904.43368,0.00643
902.50525,0.00457
900.57682,0.00273
898.64839,0.00255
896.71996,0.00287
894.79153,0.00209
892.86310,0.00077
890.93467,0.00034
889.00624,0.00074
887.07781,0.00138
885.14938,0.00168
883.22095,0.00120
881.29252,0.00020
879.36409,0.00000
877.43566,0.00108
875.50723,0.00223
873.57880,0.00253
871.65037,0.00285
869.72194,0.00373
867.79351,0.00452
865.86508,0.00485
863.93665,0.00482
862.00822,0.00449
860.07979,0.00383
858.15136,0.00333
856.22293,0.00354
854.29450,0.00442
852.36607,0.00541
850.43764,0.00607
848.50921,0.00657
846.58078,0.00723
844.65235,0.00784
842.72392,0.00845
840.79549,0.00967
838.86706,0.01135
836.93863,0.01265
835.01020,0.01405
833.08177,0.01603
831.15334,0.01759
829.22491,0.01869
827.29648,0.02007
825.36805,0.02109
823.43962,0.02178
821.51119,0.02399
819.58276,0.02818
817.65433,0.03204
815.72590,0.03357
813.79747,0.03359
811.86904,0.03466
809.94061,0.03790
808.01218,0.04166
806.08375,0.04411
804.15532,0.04530
802.22689,0.04622
800.29846,0.04739
798.37003,0.04881
796.44160,0.05009
794.51317,0.05016
792.58474,0.04899
790.65631,0.04841
788.72788,0.04900
786.79945,0.04925
784.87102,0.04806
782.94259,0.04528
781.01416,0.04202
779.08573,0.04008
777.15730,0.03854
775.22887,0.03481
773.30044,0.02990
771.37201,0.02655
769.44358,0.02470
767.51515,0.02301
765.58672,0.02079
763.65829,0.01835
761.72986,0.01678
759.80143,0.01559
757.87300,0.01367
755.94457,0.01219
754.01614,0.01188
752.08771,0.01117
750.15928,0.00977
748.23085,0.00950
746.30242,0.01095
744.37399,0.01277
742.44556,0.01314
740.51713,0.01196
738.58870,0.01092
736.66027,0.00997
734.73184,0.00861
732.80341,0.00886
730.87498,0.01108
728.94655,0.01252
727.01812,0.01252
725.08969,0.01322
723.16126,0.01599
721.23283,0.01768
719.30440,0.01887
717.37597,0.01967
715.44754,0.01958
713.51911,0.01944
711.59068,0.02001
709.66225,0.02054
707.73382,0.01965
705.80539,0.01768
703.87696,0.01652
701.94853,0.01708
700.02010,0.01784
698.09167,0.01677
696.16324,0.01491
694.23481,0.01489
692.30638,0.01625
690.37795,0.01626
688.44952,0.01372
686.52109,0.00990
684.59266,0.00771
682.66423,0.00882
680.73580,0.01072
678.80737,0.00970
676.87894,0.00606
674.95051,0.00248
673.02208,-0.00023
671.09365,-0.00319
669.16522,-0.00587
667.23679,-0.00392
665.30836,0.00295
663.37993,0.00961
661.45150,0.01315
659.52307,0.01261
657.59464,0.00938
655.66621,0.00600
653.73778,0.00262
651.80935,0.00000
649.88092,0.00113
647.95249,0.00578
646.02406,0.00972
644.09563,0.01094
642.16720,0.01088
640.23877,0.01071
638.31034,0.01073
636.38191,0.01182
634.45348,0.01331
632.52505,0.01184
630.59662,0.00745
628.66819,0.00548
626.73976,0.00932
624.81133,0.01359
622.88290,0.01360
620.95447,0.00946
619.02604,0.00595
617.09761,0.00391
615.16918,0.00048
613.24075,0.00000
611.31232,0.00218
609.38389,0.00315
607.45546,0.00454
605.52703,0.01016
603.59860,0.01506
601.67017,0.01075
599.74174,0.00000
