4001.49232,0.00248
3999.56389,0.00548
3997.63546,0.00535
3995.70703,0.00395
3993.77860,0.00315
3991.85017,0.00301
3989.92174,0.00274
3987.99331,0.00229
3986.06488,0.00207
3984.13645,0.00170
3982.20802,0.00089
3980.27959,0.00067
3978.35116,0.00154
3976.42273,0.00274
3974.49430,0.00329
3972.56587,0.00293
3970.63744,0.00188
3968.70901,0.00057
3966.78058,0.00000
3964.85215,0.00102
3962.92372,0.00274
3960.99529,0.00373
3959.06686,0.00372
3957.13843,0.00285
3955.21000,0.00166
3953.28157,0.00119
3951.35314,0.00152
3949.42471,0.00195
3947.49628,0.00217
3945.56785,0.00210
3943.63942,0.00136
3941.71099,0.00041
3939.78256,0.00025
3937.85413,0.00096
3935.92570,0.00224
3933.99727,0.00318
3932.06884,0.00269
3930.14041,0.00142
3928.21198,0.00125
3926.28355,0.00158
3924.35512,0.00175
3922.42669,0.00288
3920.49826,0.00431
3918.56982,0.00428
3916.64139,0.00288
3914.71296,0.00198
3912.78453,0.00216
3910.85610,0.00311
3908.92767,0.00465
3906.99924,0.00574
3905.07081,0.00620
3903.14238,0.00800
3901.21395,0.00933
3899.28552,0.00731
3897.35709,0.00553
3895.42866,0.00631
3893.50023,0.00661
3891.57180,0.00492
3889.64337,0.00534
3887.71494,0.00796
3885.78651,0.00903
3883.85808,0.00914
3881.92965,0.00835
3880.00122,0.00575
3878.07279,0.00516
3876.14436,0.00661
3874.21593,0.00735
3872.28750,0.00765
3870.35907,0.00707
3868.43064,0.00721
3866.50221,0.00832
3864.57378,0.00776
3862.64535,0.00742
3860.71692,0.00956
3858.78849,0.01270
3856.86006,0.01472
3854.93163,0.01304
3853.00320,0.00812
3851.07477,0.00740
3849.14634,0.00991
3847.21791,0.01137
3845.28948,0.01058
3843.36105,0.00983
3841.43262,0.01058
3839.50419,0.01044
3837.57576,0.00896
3835.64733,0.00888
3833.71890,0.00948
3831.79047,0.00892
3829.86204,0.00820
3827.93361,0.00729
3826.00518,0.00675
3824.07675,0.00811
3822.14832,0.00876
3820.21989,0.00876
3818.29146,0.01011
3816.36303,0.00933
3814.43460,0.00738
3812.50617,0.00732
3810.57774,0.00807
3808.64931,0.00754
3806.72088,0.00706
3804.79245,0.00956
3802.86402,0.01093
3800.93559,0.00905
3799.00716,0.00851
3797.07873,0.00755
3795.15030,0.00520
3793.22187,0.00384
3791.29344,0.00381
3789.36501,0.00454
3787.43658,0.00528
3785.50815,0.00476
3783.57972,0.00416
3781.65129,0.00432
3779.72286,0.00373
3777.79443,0.00366
3775.86600,0.00554
3773.93757,0.00780
3772.00914,0.00830
3770.08071,0.00721
3768.15228,0.00691
3766.22385,0.00697
3764.29542,0.00741
3762.36699,0.00920
3760.43856,0.01022
3758.51013,0.00990
3756.58170,0.01132
3754.65327,0.01405
3752.72484,0.01384
3750.79641,0.01140
3748.86798,0.01388
3746.93955,0.01817
3745.01112,0.01764
3743.08269,0.01499
3741.15426,0.01469
3739.22583,0.01611
3737.29740,0.01700
3735.36897,0.01602
3733.44054,0.01305
3731.51211,0.01067
3729.58368,0.01124
3727.65525,0.01292
3725.72682,0.01342
3723.79839,0.01212
3721.86996,0.00962
3719.94153,0.00748
3718.01310,0.00698
3716.08467,0.00815
3714.15624,0.00924
3712.22781,0.00836
3710.29938,0.00673
3708.37095,0.00647
3706.44252,0.00721
3704.51409,0.00793
3702.58566,0.00755
3700.65723,0.00713
3698.72880,0.00757
3696.80037,0.00741
3694.87194,0.00705
3692.94351,0.00698
3691.01508,0.00568
3689.08665,0.00368
3687.15822,0.00478
3685.22979,0.00743
3683.30136,0.00889
3681.37293,0.00896
3679.44450,0.00892
3677.51607,0.00866
3675.58764,0.00758
3673.65921,0.00956
3671.73078,0.01105
3669.80235,0.00728
3667.87392,0.00527
3665.94549,0.00660
3664.01706,0.00728
3662.08863,0.00675
3660.16020,0.00653
3658.23177,0.00596
3656.30334,0.00488
3654.37491,0.00593
3652.44648,0.00743
3650.51805,0.00591
3648.58962,0.00396
3646.66119,0.00485
3644.73276,0.00689
3642.80433,0.00757
3640.87590,0.00690
3638.94747,0.00621
3637.01904,0.00636
3635.09061,0.00691
3633.16218,0.00781
3631.23375,0.00822
3629.30532,0.00600
3627.37689,0.00493
3625.44846,0.00738
3623.52003,0.00970
3621.59160,0.00942
3619.66317,0.00751
3617.73474,0.00787
3615.80631,0.01091
3613.87788,0.01292
3611.94945,0.01373
3610.02102,0.01343
3608.09259,0.01065
3606.16416,0.00834
3604.23573,0.00895
3602.30730,0.00957
3600.37887,0.00790
3598.45044,0.00609
3596.52201,0.00581
3594.59358,0.00640
3592.66515,0.00768
3590.73672,0.00925
3588.80829,0.00869
3586.87986,0.00627
3584.95143,0.00613
3583.02300,0.00763
3581.09457,0.00803
3579.16614,0.00735
3577.23771,0.00665
3575.30928,0.00587
3573.38085,0.00527
3571.45242,0.00598
3569.52399,0.00759
3567.59556,0.00805
3565.66713,0.00790
3563.73870,0.00849
3561.81027,0.00857
3559.88184,0.00770
3557.95341,0.00706
3556.02498,0.00707
3554.09655,0.00687
3552.16812,0.00627
3550.23969,0.00654
3548.31126,0.00793
3546.38283,0.00879
3544.45440,0.00816
3542.52597,0.00700
3540.59754,0.00647
3538.66911,0.00626
3536.74068,0.00576
3534.81225,0.00533
3532.88382,0.00527
3530.95539,0.00531
3529.02696,0.00572
3527.09853,0.00677
3525.17010,0.00747
3523.24167,0.00726
3521.31324,0.00711
3519.38481,0.00687
3517.45638,0.00601
3515.52795,0.00517
3513.59952,0.00488
3511.67109,0.00454
3509.74266,0.00396
3507.81423,0.00464
3505.88580,0.00645
3503.95737,0.00712
3502.02894,0.00669
3500.10051,0.00667
3498.17208,0.00674
3496.24365,0.00638
3494.31522,0.00624
3492.38679,0.00666
3490.45836,0.00683
3488.52993,0.00620
3486.60150,0.00609
3484.67307,0.00756
3482.74464,0.00889
3480.81621,0.00899
3478.88778,0.00881
3476.95935,0.00865
3475.03092,0.00812
3473.10249,0.00750
3471.17406,0.00743
3469.24563,0.00775
3467.31720,0.00771
3465.38877,0.00703
3463.46034,0.00605
3461.53191,0.00540
3459.60348,0.00565
3457.67505,0.00658
3455.74662,0.00737
3453.81819,0.00755
3451.88976,0.00753
3449.96133,0.00738
3448.03290,0.00632
3446.10447,0.00540
3444.17604,0.00592
3442.24761,0.00674
3440.31918,0.00717
3438.39075,0.00724
3436.46232,0.00697
3434.53389,0.00668
3432.60546,0.00635
3430.67703,0.00585
3428.74860,0.00567
3426.82017,0.00604
3424.89174,0.00663
3422.96331,0.00720
3421.03488,0.00757
3419.10645,0.00770
3417.17802,0.00795
3415.24959,0.00833
3413.32116,0.00797
3411.39273,0.00668
3409.46430,0.00557
3407.53587,0.00547
3405.60744,0.00640
3403.67901,0.00727
3401.75058,0.00752
3399.82215,0.00875
3397.89372,0.00898
3395.96529,0.00863
3394.03686,0.00817
3392.10843,0.00824
3390.18000,0.00886
3388.25157,0.00934
3386.32314,0.00882
3384.39471,0.00729
3382.46628,0.00613
3380.53785,0.00587
3378.60942,0.00578
3376.68099,0.00550
3374.75256,0.00543
3372.82413,0.00552
3370.89570,0.00574
3368.96727,0.00651
3367.03884,0.00752
3365.11041,0.00794
3363.18198,0.00777
3361.25355,0.00745
3359.32512,0.00693
3357.39669,0.00634
3355.46826,0.00628
3353.53983,0.00673
3351.61140,0.00688
3349.68297,0.00615
3347.75454,0.00525
3345.82611,0.00501
3343.89768,0.00533
3341.96925,0.00601
3340.04082,0.00700
3338.11239,0.00776
3336.18396,0.00784
3334.25553,0.00745
3332.32710,0.00696
3330.39867,0.00668
3328.47024,0.00674
3326.54181,0.00688
3324.61338,0.00690
3322.68495,0.00699
3320.75652,0.00715
3318.82809,0.00742
3316.89966,0.00787
3314.97122,0.00767
3313.04279,0.00645
3311.11436,0.00542
3309.18593,0.00515
3307.25750,0.00505
3305.32907,0.00492
3303.40064,0.00489
3301.47221,0.00519
3299.54378,0.00604
3297.61535,0.00691
3295.68692,0.00701
3293.75849,0.00638
3291.83006,0.00604
3289.90163,0.00640
3287.97320,0.00640
3286.04477,0.00586
3284.11634,0.00586
3282.18791,0.00644
3280.25948,0.00680
3278.33105,0.00686
3276.40262,0.00693
3274.47419,0.00696
3272.54576,0.00675
3270.61733,0.00650
3268.68890,0.00692
3266.76047,0.00798
3264.83204,0.00831
3262.90361,0.00772
3260.97518,0.00738
3259.04675,0.00721
3257.11832,0.00670
3255.18989,0.00647
3253.26146,0.00669
3251.33303,0.00631
3249.40460,0.00544
3247.47617,0.00565
3245.54774,0.00694
3243.61931,0.00787
3241.69088,0.00792
3239.76245,0.00794
3237.83402,0.00850
3235.90559,0.00928
3233.97716,0.00984
3232.04873,0.00927
3230.12030,0.00766
3228.19187,0.00653
3226.26344,0.00612
3224.33501,0.00549
3222.40658,0.00498
3220.47815,0.00489
3218.54972,0.00500
3216.62129,0.00582
3214.69286,0.00715
3212.76443,0.00792
3210.83600,0.00764
3208.90757,0.00675
3206.97914,0.00617
3205.05071,0.00615
3203.12228,0.00619
3201.19385,0.00622
3199.26542,0.00617
3197.33699,0.00560
3195.40856,0.00502
3193.48013,0.00507
3191.55170,0.00505
3189.62327,0.00459
3187.69484,0.00437
3185.76641,0.00444
3183.83798,0.00456
3181.90955,0.00506
3179.98112,0.00574
3178.05269,0.00562
3176.12426,0.00467
3174.19583,0.00409
3172.26740,0.00432
3170.33897,0.00452
3168.41054,0.00420
3166.48211,0.00384
3164.55368,0.00405
3162.62525,0.00446
3160.69682,0.00434
3158.76839,0.00382
3156.83996,0.00336
3154.91153,0.00300
3152.98310,0.00311
3151.05467,0.00369
3149.12624,0.00400
3147.19781,0.00372
3145.26938,0.00308
3143.34095,0.00243
3141.41252,0.00194
3139.48409,0.00181
3137.55566,0.00222
3135.62723,0.00293
3133.69880,0.00330
3131.77037,0.00303
3129.84194,0.00247
3127.91351,0.00207
3125.98508,0.00208
3124.05665,0.00234
3122.12822,0.00220
3120.19979,0.00151
3118.27136,0.00138
3116.34293,0.00222
3114.41450,0.00297
3112.48607,0.00309
3110.55764,0.00290
3108.62921,0.00260
3106.70078,0.00244
3104.77235,0.00263
3102.84392,0.00275
3100.91549,0.00255
3098.98706,0.00245
3097.05863,0.00237
3095.13020,0.00177
3093.20177,0.00075
3091.27334,0.00030
3089.34491,0.00074
3087.41648,0.00116
3085.48805,0.00132
3083.55962,0.00174
3081.63119,0.00204
3079.70276,0.00181
3077.77433,0.00143
3075.84590,0.00114
3073.91747,0.00100
3071.98904,0.00137
3070.06061,0.00224
3068.13218,0.00301
3066.20375,0.00324
3064.27532,0.00278
3062.34689,0.00191
3060.41846,0.00134
3058.49003,0.00118
3056.56160,0.00081
3054.63317,0.00028
3052.70474,0.00026
3050.77631,0.00066
3048.84788,0.00090
3046.91945,0.00104
3044.99102,0.00117
3043.06259,0.00079
3041.13416,0.00015
3039.20573,0.00000
3037.27730,0.00020
3035.34887,0.00084
3033.42044,0.00200
3031.49201,0.00276
3029.56358,0.00269
3027.63515,0.00262
3025.70672,0.00299
3023.77829,0.00313
3021.84986,0.00255
3019.92143,0.00190
3017.99300,0.00194
3016.06457,0.00257
3014.13614,0.00309
3012.20771,0.00307
3010.27928,0.00290
3008.35085,0.00298
3006.42242,0.00289
3004.49399,0.00223
3002.56556,0.00131
3000.63713,0.00082
2998.70870,0.00136
2996.78027,0.00207
2994.85184,0.00230
2992.92341,0.00219
2990.99498,0.00199
2989.06655,0.00161
2987.13812,0.00117
2985.20969,0.00124
2983.28126,0.00175
2981.35283,0.00195
2979.42440,0.00177
2977.49597,0.00165
2975.56754,0.00157
2973.63911,0.00115
2971.71068,0.00060
2969.78225,0.00059
2967.85382,0.00108
2965.92539,0.00154
2963.99696,0.00157
2962.06853,0.00093
2960.14010,0.00014
2958.21167,0.00008
2956.28324,0.00049
2954.35481,0.00063
2952.42638,0.00061
2950.49795,0.00069
2948.56952,0.00062
2946.64109,0.00058
2944.71266,0.00083
2942.78423,0.00114
2940.85580,0.00129
2938.92737,0.00142
2936.99894,0.00158
2935.07051,0.00136
2933.14208,0.00059
2931.21365,0.00000
2929.28522,0.00024
2927.35679,0.00085
2925.42836,0.00112
2923.49993,0.00116
2921.57150,0.00119
2919.64307,0.00109
2917.71464,0.00116
2915.78621,0.00157
2913.85778,0.00184
2911.92935,0.00176
2910.00092,0.00167
2908.07249,0.00185
2906.14406,0.00216
2904.21563,0.00216
2902.28720,0.00184
2900.35877,0.00142
2898.43034,0.00092
2896.50191,0.00075
2894.57348,0.00128
2892.64505,0.00178
2890.71662,0.00160
2888.78819,0.00153
2886.85976,0.00202
2884.93133,0.00223
2883.00290,0.00167
2881.07447,0.00068
2879.14604,0.00000
2877.21761,0.00030
2875.28918,0.00123
2873.36075,0.00185
2871.43232,0.00193
2869.50389,0.00194
2867.57546,0.00197
2865.64703,0.00165
2863.71860,0.00117
2861.79017,0.00098
2859.86174,0.00086
2857.93331,0.00047
2856.00488,0.00022
2854.07645,0.00046
2852.14802,0.00071
2850.21959,0.00083
2848.29116,0.00114
2846.36273,0.00158
2844.43430,0.00189
2842.50587,0.00195
2840.57744,0.00190
2838.64901,0.00182
2836.72058,0.00145
2834.79215,0.00101
2832.86372,0.00108
2830.93529,0.00148
2829.00686,0.00173
2827.07843,0.00204
2825.15000,0.00225
2823.22157,0.00188
2821.29314,0.00130
2819.36471,0.00113
2817.43628,0.00147
2815.50785,0.00175
2813.57942,0.00141
2811.65099,0.00095
2809.72256,0.00088
2807.79413,0.00089
2805.86570,0.00094
2803.93727,0.00129
2802.00884,0.00165
2800.08041,0.00173
2798.15198,0.00168
2796.22355,0.00183
2794.29512,0.00196
2792.36669,0.00178
2790.43826,0.00183
2788.50983,0.00210
2786.58140,0.00189
2784.65297,0.00148
2782.72454,0.00136
2780.79611,0.00128
2778.86768,0.00107
2776.93925,0.00117
2775.01082,0.00168
2773.08239,0.00207
2771.15396,0.00208
2769.22553,0.00181
2767.29710,0.00120
2765.36867,0.00058
2763.44024,0.00056
2761.51181,0.00097
2759.58338,0.00150
2757.65495,0.00193
2755.72652,0.00198
2753.79809,0.00172
2751.86966,0.00138
2749.94123,0.00129
2748.01280,0.00163
2746.08437,0.00177
2744.15594,0.00143
2742.22751,0.00146
2740.29908,0.00222
2738.37065,0.00274
2736.44222,0.00220
2734.51379,0.00142
2732.58536,0.00156
2730.65693,0.00217
2728.72850,0.00222
2726.80007,0.00184
2724.87164,0.00176
2722.94321,0.00174
2721.01478,0.00145
2719.08635,0.00132
2717.15792,0.00146
2715.22949,0.00145
2713.30105,0.00113
2711.37262,0.00092
2709.44419,0.00115
2707.51576,0.00159
2705.58733,0.00192
2703.65890,0.00192
2701.73047,0.00150
2699.80204,0.00120
2697.87361,0.00162
2695.94518,0.00209
2694.01675,0.00174
2692.08832,0.00104
2690.15989,0.00080
2688.23146,0.00093
2686.30303,0.00118
2684.37460,0.00136
2682.44617,0.00128
2680.51774,0.00114
2678.58931,0.00110
2676.66088,0.00083
2674.73245,0.00038
2672.80402,0.00038
2670.87559,0.00090
2668.94716,0.00127
2667.01873,0.00128
2665.09030,0.00143
2663.16187,0.00167
2661.23344,0.00148
2659.30501,0.00123
2657.37658,0.00120
2655.44815,0.00103
2653.51972,0.00071
2651.59129,0.00052
2649.66286,0.00048
2647.73443,0.00074
2645.80600,0.00120
2643.87757,0.00137
2641.94914,0.00122
2640.02071,0.00099
2638.09228,0.00077
2636.16385,0.00063
2634.23542,0.00058
2632.30699,0.00034
2630.37856,0.00000
2628.45013,0.00021
2626.52170,0.00090
2624.59327,0.00127
2622.66484,0.00156
2620.73641,0.00214
2618.80798,0.00213
2616.87955,0.00141
2614.95112,0.00090
2613.02269,0.00090
2611.09426,0.00121
2609.16583,0.00160
2607.23740,0.00165
2605.30897,0.00134
2603.38054,0.00125
2601.45211,0.00163
2599.52368,0.00218
2597.59525,0.00265
2595.66682,0.00277
2593.73839,0.00229
2591.80996,0.00163
2589.88153,0.00130
2587.95310,0.00116
2586.02467,0.00103
2584.09624,0.00096
2582.16781,0.00092
2580.23938,0.00096
2578.31095,0.00111
2576.38252,0.00117
2574.45409,0.00094
2572.52566,0.00069
2570.59723,0.00087
2568.66880,0.00119
2566.74037,0.00109
2564.81194,0.00095
2562.88351,0.00120
2560.95508,0.00138
2559.02665,0.00130
2557.09822,0.00140
2555.16979,0.00146
2553.24136,0.00115
2551.31293,0.00101
2549.38450,0.00124
2547.45607,0.00132
2545.52764,0.00130
2543.59921,0.00146
2541.67078,0.00146
2539.74235,0.00117
2537.81392,0.00116
2535.88549,0.00158
2533.95706,0.00190
2532.02863,0.00183
2530.10020,0.00164
2528.17177,0.00171
2526.24334,0.00186
2524.31491,0.00158
2522.38648,0.00101
2520.45805,0.00074
2518.52962,0.00106
2516.60119,0.00162
2514.67276,0.00183
2512.74433,0.00159
2510.81590,0.00123
2508.88747,0.00114
2506.95904,0.00139
2505.03061,0.00163
2503.10218,0.00175
2501.17375,0.00179
2499.24532,0.00173
2497.31689,0.00162
2495.38846,0.00149
2493.46003,0.00148
2491.53160,0.00160
2489.60317,0.00158
2487.67474,0.00141
2485.74631,0.00129
2483.81788,0.00123
2481.88945,0.00129
2479.96102,0.00168
2478.03259,0.00207
2476.10416,0.00208
2474.17573,0.00189
2472.24730,0.00143
2470.31887,0.00064
2468.39044,0.00000
2466.46201,0.00000
2464.53358,0.00064
2462.60515,0.00151
2460.67672,0.00204
2458.74829,0.00184
2456.81986,0.00135
2454.89143,0.00127
2452.96300,0.00145
2451.03457,0.00157
2449.10614,0.00166
2447.17771,0.00164
2445.24928,0.00128
2443.32085,0.00091
2441.39242,0.00110
2439.46399,0.00166
2437.53556,0.00208
2435.60713,0.00219
2433.67870,0.00188
2431.75027,0.00184
2429.82184,0.00181
2427.89341,0.00178
2425.96498,0.00175
2424.03655,0.00171
2422.10812,0.00168
2420.17969,0.00165
2418.25126,0.00162
2416.32283,0.00159
2414.39440,0.00156
2412.46597,0.00153
2410.53754,0.00150
2408.60911,0.00147
2406.68068,0.00144
2404.75225,0.00141
2402.82382,0.00138
2400.89539,0.00135
2398.96696,0.00133
2397.03853,0.00130
2395.11010,0.00127
2393.18167,0.00124
2391.25324,0.00122
2389.32481,0.00119
2387.39638,0.00117
2385.46795,0.00114
2383.53952,0.00111
2381.61109,0.00109
2379.68266,0.00106
2377.75423,0.00104
2375.82580,0.00102
2373.89737,0.00099
2371.96894,0.00097
2370.04051,0.00095
2368.11208,0.00092
2366.18365,0.00090
2364.25522,0.00088
2362.32679,0.00086
2360.39836,0.00083
2358.46993,0.00081
2356.54150,0.00079
2354.61307,0.00077
2352.68464,0.00075
2350.75621,0.00073
2348.82778,0.00071
2346.89935,0.00069
2344.97092,0.00067
2343.04249,0.00065
2341.11406,0.00064
2339.18563,0.00062
2337.25720,0.00060
2335.32877,0.00058
2333.40034,0.00056
2331.47191,0.00055
2329.54348,0.00053
2327.61505,0.00052
2325.68662,0.00050
2323.75819,0.00048
2321.82976,0.00047
2319.90133,0.00045
2317.97290,0.00044
2316.04447,0.00042
2314.11604,0.00041
2312.18761,0.00040
2310.25918,0.00038
2308.33075,0.00037
2306.40232,0.00036
2304.47389,0.00034
2302.54546,0.00033
2300.61703,0.00032
2298.68860,0.00031
2296.76017,0.00030
2294.83174,0.00029
2292.90331,0.00028
2290.97488,0.00027
2289.04645,0.00026
2287.11802,0.00025
2285.18959,0.00024
2283.26116,0.00023
2281.33273,0.00022
2279.40430,0.00021
2277.47587,0.00020
2275.54744,0.00020
2273.61901,0.00019
2271.69058,0.00018
2269.76215,0.00017
2267.83372,0.00017
2265.90529,0.00016
2263.97686,0.00016
2262.04843,0.00045
2260.12000,0.00062
2258.19157,0.00058
2256.26314,0.00033
2254.33471,0.00005
2252.40628,0.00000
2250.47785,0.00048
2248.54942,0.00179
2246.62099,0.00153
2244.69256,0.00135
2242.76413,0.00130
2240.83570,0.00112
2238.90727,0.00101
2236.97884,0.00139
2235.05041,0.00171
2233.12198,0.00140
2231.19355,0.00094
2229.26512,0.00075
2227.33669,0.00071
2225.40826,0.00062
2223.47983,0.00047
2221.55140,0.00038
2219.62297,0.00040
2217.69454,0.00041
2215.76611,0.00046
2213.83768,0.00056
2211.90925,0.00051
2209.98082,0.00025
2208.05239,0.00017
2206.12396,0.00073
2204.19553,0.00139
2202.26710,0.00137
2200.33867,0.00103
2198.41024,0.00089
2196.48181,0.00086
2194.55338,0.00083
2192.62495,0.00074
2190.69652,0.00064
2188.76809,0.00050
2186.83966,0.00021
2184.91123,0.00009
2182.98280,0.00022
2181.05437,0.00034
2179.12594,0.00049
2177.19751,0.00054
2175.26908,0.00034
2173.34065,0.00014
2171.41222,0.00014
2169.48379,0.00037
2167.55536,0.00068
2165.62693,0.00067
2163.69850,0.00026
2161.77007,0.00000
2159.84164,0.00012
2157.91321,0.00036
2155.98478,0.00044
2154.05635,0.00036
2152.12792,0.00036
2150.19949,0.00037
2148.27106,0.00034
2146.34263,0.00034
2144.41420,0.00027
2142.48577,0.00031
2140.55734,0.00050
2138.62891,0.00079
2136.70048,0.00115
2134.77205,0.00113
2132.84362,0.00074
2130.91519,0.00064
2128.98676,0.00100
2127.05833,0.00116
2125.12990,0.00080
2123.20147,0.00042
2121.27304,0.00017
2119.34461,0.00000
2117.41618,0.00030
2115.48775,0.00090
2113.55932,0.00081
2111.63089,0.00013
2109.70245,-0.00001
2107.77402,0.00035
2105.84559,0.00055
2103.91716,0.00063
2101.98873,0.00072
2100.06030,0.00053
2098.13187,0.00016
2096.20344,0.00006
2094.27501,0.00047
2092.34658,0.00097
2090.41815,0.00099
2088.48972,0.00087
2086.56129,0.00096
2084.63286,0.00096
2082.70443,0.00078
2080.77600,0.00075
2078.84757,0.00080
2076.91914,0.00076
2074.99071,0.00074
2073.06228,0.00062
2071.13385,0.00036
2069.20542,0.00059
2067.27699,0.00144
2065.34856,0.00198
2063.42013,0.00175
2061.49170,0.00115
2059.56327,0.00056
2057.63484,0.00018
2055.70641,0.00008
2053.77798,0.00023
2051.84955,0.00038
2049.92112,0.00042
2047.99269,0.00055
2046.06426,0.00095
2044.13583,0.00132
2042.20740,0.00116
2040.27897,0.00085
2038.35054,0.00089
2036.42211,0.00089
2034.49368,0.00055
2032.56525,0.00022
2030.63682,0.00021
2028.70839,0.00052
2026.77996,0.00094
2024.85153,0.00121
2022.92310,0.00140
2020.99467,0.00165
2019.06624,0.00156
2017.13781,0.00122
2015.20938,0.00126
2013.28095,0.00136
2011.35252,0.00135
2009.42409,0.00156
2007.49566,0.00158
2005.56723,0.00124
2003.63880,0.00107
2001.71037,0.00114
1999.78194,0.00111
1997.85351,0.00124
1995.92508,0.00176
1993.99665,0.00180
1992.06822,0.00118
1990.13979,0.00090
1988.21136,0.00092
1986.28293,0.00087
1984.35450,0.00064
1982.42607,0.00033
1980.49764,0.00021
1978.56921,0.00048
1976.64078,0.00095
1974.71235,0.00105
1972.78392,0.00085
1970.85549,0.00104
1968.92706,0.00092
1966.99863,0.00015
1965.07020,0.00007
1963.14177,0.00034
1961.21334,0.00018
1959.28491,0.00000
1957.35648,0.00010
1955.42805,0.00041
1953.49962,0.00093
1951.57119,0.00137
1949.64276,0.00155
1947.71433,0.00163
1945.78590,0.00191
1943.85747,0.00199
1941.92904,0.00168
1940.00061,0.00173
1938.07218,0.00171
1936.14375,0.00114
1934.21532,0.00048
1932.28689,0.00017
1930.35846,0.00017
1928.43003,0.00037
1926.50160,0.00065
1924.57317,0.00051
1922.64474,0.00053
1920.71631,0.00120
1918.78788,0.00097
1916.85945,0.00044
1914.93102,0.00087
1913.00259,0.00140
1911.07416,0.00123
1909.14573,0.00079
1907.21730,0.00066
1905.28887,0.00059
1903.36044,0.00037
1901.43201,0.00032
1899.50358,0.00057
1897.57515,0.00067
1895.64672,0.00053
1893.71829,0.00084
1891.78986,0.00104
1889.86143,0.00036
1887.93300,0.00018
1886.00457,0.00057
1884.07614,0.00059
1882.14771,0.00053
1880.21928,0.00053
1878.29085,0.00048
1876.36242,0.00047
1874.43399,0.00074
1872.50556,0.00130
1870.57713,0.00111
1868.64870,0.00019
1866.72027,0.00047
1864.79184,0.00153
1862.86341,0.00147
1860.93498,0.00058
1859.00655,0.00009
1857.07812,0.00014
1855.14969,0.00023
1853.22126,0.00035
1851.29283,0.00079
1849.36440,0.00141
1847.43597,0.00215
1845.50754,0.00234
1843.57911,0.00202
1841.65068,0.00241
1839.72225,0.00258
1837.79382,0.00220
1835.86539,0.00262
1833.93696,0.00346
1832.00853,0.00250
1830.08010,0.00018
1828.15167,0.00000
1826.22324,0.00072
1824.29481,0.00082
1822.36638,0.00134
1820.43795,0.00173
1818.50952,0.00150
1816.58109,0.00125
1814.65266,0.00128
1812.72423,0.00089
1810.79580,0.00021
1808.86737,0.00036
1806.93894,0.00116
1805.01051,0.00199
1803.08208,0.00216
1801.15365,0.00154
1799.22522,0.00177
1797.29679,0.00338
1795.36836,0.00449
1793.43993,0.00339
1791.51150,0.00199
1789.58307,0.00303
1787.65464,0.00428
1785.72621,0.00424
1783.79778,0.00378
1781.86935,0.00291
1779.94092,0.00231
1778.01249,0.00317
1776.08406,0.00414
1774.15563,0.00348
1772.22720,0.00261
1770.29877,0.00410
1768.37034,0.00513
1766.44191,0.00480
1764.51348,0.00413
1762.58505,0.00322
1760.65662,0.00360
1758.72819,0.00421
1756.79976,0.00367
1754.87133,0.00437
1752.94290,0.00606
1751.01447,0.00660
1749.08604,0.00596
1747.15761,0.00568
1745.22918,0.00576
1743.30075,0.00557
1741.37232,0.00492
1739.44389,0.00475
1737.51546,0.00591
1735.58703,0.00508
1733.65860,0.00281
1731.73017,0.00348
1729.80174,0.00442
1727.87331,0.00463
1725.94488,0.00471
1724.01645,0.00484
1722.08802,0.00572
1720.15959,0.00559
1718.23116,0.00341
1716.30273,0.00305
1714.37430,0.00548
1712.44587,0.00780
1710.51744,0.00871
1708.58901,0.00838
1706.66058,0.00770
1704.73215,0.00953
1702.80372,0.01277
1700.87529,0.01368
1698.94686,0.01461
1697.01843,0.01498
1695.09000,0.01430
1693.16157,0.01475
1691.23314,0.01437
1689.30471,0.01313
1687.37628,0.01233
1685.44785,0.01027
1683.51942,0.00992
1681.59099,0.01305
1679.66256,0.01492
1677.73413,0.01441
1675.80570,0.01254
1673.87727,0.01189
1671.94884,0.01139
1670.02041,0.00923
1668.09198,0.00991
1666.16355,0.01278
1664.23512,0.01266
1662.30669,0.01093
1660.37826,0.01251
1658.44983,0.01591
1656.52140,0.01684
1654.59297,0.01309
1652.66454,0.01120
1650.73611,0.01730
1648.80768,0.01934
1646.87925,0.01362
1644.95082,0.01154
1643.02239,0.01357
1641.09396,0.01458
1639.16553,0.01314
1637.23710,0.00928
1635.30867,0.00759
1633.38024,0.01141
1631.45181,0.01414
1629.52338,0.01293
1627.59495,0.01102
1625.66652,0.01028
1623.73809,0.00935
1621.80966,0.01014
1619.88123,0.01142
1617.95280,0.00898
1616.02437,0.00633
1614.09594,0.00779
1612.16751,0.00874
1610.23908,0.00682
1608.31065,0.00456
1606.38222,0.00413
1604.45379,0.00434
1602.52536,0.00386
1600.59693,0.00328
1598.66850,0.00299
1596.74007,0.00257
1594.81164,0.00205
1592.88321,0.00177
1590.95478,0.00148
1589.02635,0.00133
1587.09792,0.00162
1585.16949,0.00224
1583.24106,0.00333
1581.31263,0.00506
1579.38420,0.00602
1577.45577,0.00417
1575.52734,0.00343
1573.59891,0.00754
1571.67048,0.01001
1569.74205,0.00911
1567.81362,0.01012
1565.88519,0.01267
1563.95676,0.01478
1562.02833,0.01436
1560.09990,0.00983
1558.17147,0.00959
1556.24304,0.01671
1554.31461,0.02099
1552.38618,0.02150
1550.45775,0.02028
1548.52932,0.01979
1546.60089,0.01990
1544.67246,0.01866
1542.74403,0.01607
1540.81560,0.01249
1538.88717,0.01549
1536.95874,0.02203
1535.03031,0.02221
1533.10188,0.01742
1531.17345,0.01602
1529.24502,0.01636
1527.31659,0.01611
1525.38816,0.01732
1523.45973,0.01794
1521.53130,0.01668
1519.60287,0.01727
1517.67444,0.01661
1515.74601,0.01551
1513.81758,0.01696
1511.88915,0.01872
1509.96072,0.01772
1508.03229,0.01224
1506.10385,0.00875
1504.17542,0.01278
1502.24699,0.01616
1500.31856,0.01481
1498.39013,0.01071
1496.46170,0.00843
1494.53327,0.01012
1492.60484,0.01083
1490.67641,0.00747
1488.74798,0.00489
1486.81955,0.00623
1484.89112,0.00831
1482.96269,0.00847
1481.03426,0.00795
1479.10583,0.00845
1477.17740,0.00858
1475.24897,0.00653
1473.32054,0.00334
1471.39211,0.00420
1469.46368,0.00840
1467.53525,0.00997
1465.60682,0.00823
1463.67839,0.00806
1461.74996,0.00995
1459.82153,0.00887
1457.89310,0.00459
1455.96467,0.00431
1454.03624,0.00717
1452.10781,0.00781
1450.17938,0.00582
1448.25095,0.00335
1446.32252,0.00274
1444.39409,0.00364
1442.46566,0.00435
1440.53723,0.00479
1438.60880,0.00442
1436.68037,0.00353
1434.75194,0.00412
1432.82351,0.00445
1430.89508,0.00317
1428.96665,0.00283
1427.03822,0.00392
1425.10979,0.00443
1423.18136,0.00533
1421.25293,0.00656
1419.32450,0.00598
1417.39607,0.00507
1415.46764,0.00504
1413.53921,0.00489
1411.61078,0.00457
1409.68235,0.00465
1407.75392,0.00435
1405.82549,0.00322
1403.89706,0.00322
1401.96863,0.00473
1400.04020,0.00570
1398.11177,0.00601
1396.18334,0.00545
1394.25491,0.00478
1392.32648,0.00569
1390.39805,0.00600
1388.46962,0.00388
1386.54119,0.00158
1384.61276,0.00129
1382.68433,0.00184
1380.75590,0.00247
1378.82747,0.00310
1376.89904,0.00259
1374.97061,0.00065
1373.04218,0.00000
1371.11375,0.00091
1369.18532,0.00109
1367.25689,0.00112
1365.32846,0.00167
1363.40003,0.00174
1361.47160,0.00173
1359.54317,0.00197
1357.61474,0.00164
1355.68631,0.00104
1353.75788,0.00118
1351.82945,0.00173
1349.90102,0.00174
1347.97259,0.00147
1346.04416,0.00176
1344.11573,0.00313
1342.18730,0.00487
1340.25887,0.00572
1338.33044,0.00581
1336.40201,0.00583
1334.47358,0.00594
1332.54515,0.00605
1330.61672,0.00591
1328.68829,0.00551
1326.75986,0.00527
1324.83143,0.00562
1322.90300,0.00638
1320.97457,0.00699
1319.04614,0.00729
1317.11771,0.00754
1315.18928,0.00764
1313.26085,0.00751
1311.33242,0.00745
1309.40399,0.00733
1307.47556,0.00723
1305.54713,0.00739
1303.61870,0.00746
1301.69027,0.00748
1299.76184,0.00805
1297.83341,0.00913
1295.90498,0.00985
1293.97655,0.00983
1292.04812,0.00955
1290.11969,0.00958
1288.19126,0.00988
1286.26283,0.01043
1284.33440,0.01105
1282.40597,0.01151
1280.47754,0.01186
1278.54911,0.01240
1276.62068,0.01349
1274.69225,0.01473
1272.76382,0.01527
1270.83539,0.01530
1268.90696,0.01564
1266.97853,0.01645
1265.05010,0.01735
1263.12167,0.01792
1261.19324,0.01838
1259.26481,0.01953
1257.33638,0.02117
1255.40795,0.02258
1253.47952,0.02357
1251.55109,0.02430
1249.62266,0.02499
1247.69423,0.02576
1245.76580,0.02660
1243.83737,0.02748
1241.90894,0.02833
1239.98051,0.02878
1238.05208,0.02842
1236.12365,0.02784
1234.19522,0.02783
1232.26679,0.02832
1230.33836,0.02888
1228.40993,0.02929
1226.48150,0.02940
1224.55307,0.02914
1222.62464,0.02838
1220.69621,0.02743
1218.76778,0.02724
1216.83935,0.02791
1214.91092,0.02871
1212.98249,0.02947
1211.05406,0.02985
1209.12563,0.02954
1207.19720,0.02898
1205.26877,0.02842
1203.34034,0.02797
1201.41191,0.02813
1199.48348,0.02816
1197.55505,0.02849
1195.62662,0.02902
1193.69819,0.02933
1191.76976,0.02932
1189.84133,0.02962
1187.91290,0.03039
1185.98447,0.03099
1184.05604,0.03116
1182.12761,0.03135
1180.19918,0.03201
1178.27075,0.03311
1176.34232,0.03438
1174.41389,0.03544
1172.48546,0.03589
1170.55703,0.03595
1168.62860,0.03572
1166.70017,0.03515
1164.77174,0.03477
1162.84331,0.03494
1160.91488,0.03547
1158.98645,0.03612
1157.05802,0.03638
1155.12959,0.03584
1153.20116,0.03519
1151.27273,0.03517
1149.34430,0.03564
1147.41587,0.03628
1145.48744,0.03668
1143.55901,0.03642
1141.63058,0.03577
1139.70215,0.03557
1137.77372,0.03645
1135.84529,0.03742
1133.91686,0.03743
1131.98843,0.03722
1130.06000,0.03767
1128.13157,0.03832
1126.20314,0.03814
1124.27471,0.03719
1122.34628,0.03696
1120.41785,0.03804
1118.48942,0.03952
1116.56099,0.04085
1114.63256,0.04210
1112.70413,0.04312
1110.77570,0.04385
1108.84727,0.04458
1106.91884,0.04568
1104.99041,0.04711
1103.06198,0.04830
1101.13355,0.04910
1099.20512,0.05001
1097.27669,0.05061
1095.34826,0.05011
1093.41983,0.04917
1091.49140,0.04867
1089.56297,0.04849
1087.63454,0.04803
1085.70611,0.04736
1083.77768,0.04769
1081.84925,0.04852
1079.92082,0.04770
1077.99239,0.04538
1076.06396,0.04386
1074.13553,0.04394
1072.20710,0.04465
1070.27867,0.04512
1068.35024,0.04505
1066.42181,0.04447
1064.49338,0.04365
1062.56495,0.04307
1060.63652,0.04267
1058.70809,0.04204
1056.77966,0.04128
1054.85123,0.04049
1052.92280,0.03980
1050.99437,0.03933
1049.06594,0.03849
1047.13751,0.03703
1045.20908,0.03545
1043.28065,0.03458
1041.35222,0.03409
1039.42379,0.03286
1037.49536,0.03171
1035.56693,0.03142
1033.63850,0.03038
1031.71007,0.02779
1029.78164,0.02482
1027.85321,0.02233
1025.92478,0.02027
1023.99635,0.01851
1022.06792,0.01709
1020.13949,0.01598
1018.21106,0.01490
1016.28263,0.01361
1014.35420,0.01226
1012.42577,0.01094
1010.49734,0.00963
1008.56891,0.00833
1006.64048,0.00694
1004.71205,0.00591
1002.78362,0.00559
1000.85519,0.00554
998.92676,0.00515
996.99833,0.00402
995.06990,0.00244
993.14147,0.00139
991.21304,0.00134
989.28461,0.00176
987.35618,0.00175
985.42775,0.00106
983.49932,0.00021
981.57089,0.00000
979.64246,0.00044
977.71403,0.00149
975.78560,0.00287
973.85717,0.00435
971.92874,0.00544
970.00031,0.00595
968.07188,0.00632
966.14345,0.00714
964.21502,0.00805
962.28659,0.00834
960.35816,0.00872
958.42973,0.01004
956.50130,0.01154
954.57287,0.01238
952.64444,0.01287
950.71601,0.01335
948.78758,0.01372
946.85915,0.01436
944.93072,0.01568
943.00229,0.01660
941.07386,0.01613
939.14543,0.01529
937.21700,0.01512
935.28857,0.01552
933.36014,0.01587
931.43171,0.01572
929.50328,0.01549
927.57485,0.01523
925.64642,0.01478
923.71799,0.01437
921.78956,0.01369
919.86113,0.01271
917.93270,0.01217
916.00427,0.01235
914.07584,0.01285
912.14741,0.01281
910.21898,0.01192
908.29055,0.01122
906.36212,0.01145
904.43368,0.01142
902.50525,0.01039
900.57682,0.00976
898.64839,0.01033
896.71996,0.01066
894.79153,0.00977
892.86310,0.00890
890.93467,0.00920
889.00624,0.01022
887.07781,0.01126
885.14938,0.01192
883.22095,0.01201
881.29252,0.01186
879.36409,0.01236
877.43566,0.01376
875.50723,0.01475
873.57880,0.01485
871.65037,0.01540
869.72194,0.01674
867.79351,0.01790
865.86508,0.01825
863.93665,0.01812
862.00822,0.01796
860.07979,0.01732
858.15136,0.01641
856.22293,0.01655
854.29450,0.01771
852.36607,0.01832
850.43764,0.01779
848.50921,0.01708
846.58078,0.01704
844.65235,0.01736
842.72392,0.01739
840.79549,0.01726
838.86706,0.01699
836.93863,0.01642
835.01020,0.01583
833.08177,0.01558
831.15334,0.01576
829.22491,0.01635
827.29648,0.01694
825.36805,0.01663
823.43962,0.01574
821.51119,0.01635
819.58276,0.01884
817.65433,0.02074
815.72590,0.02061
813.79747,0.01990
811.86904,0.02082
809.94061,0.02318
808.01218,0.02492
806.08375,0.02562
804.15532,0.02624
802.22689,0.02707
800.29846,0.02806
798.37003,0.02905
796.44160,0.03005
794.51317,0.03106
792.58474,0.03189
790.65631,0.03316
788.72788,0.03497
786.79945,0.03590
784.87102,0.03545
782.94259,0.03446
781.01416,0.03338
779.08573,0.03257
777.15730,0.03174
775.22887,0.02986
773.30044,0.02772
771.37201,0.02645
769.44358,0.02540
767.51515,0.02450
765.58672,0.02364
763.65829,0.02231
761.72986,0.02117
759.80143,0.01981
757.87300,0.01759
755.94457,0.01613
754.01614,0.01599
752.08771,0.01542
750.15928,0.01432
748.23085,0.01449
746.30242,0.01597
744.37399,0.01682
742.44556,0.01645
740.51713,0.01624
738.58870,0.01668
736.66027,0.01608
734.73184,0.01401
732.80341,0.01337
730.87498,0.01548
728.94655,0.01747
727.01812,0.01777
725.08969,0.01865
723.16126,0.02246
721.23283,0.02425
719.30440,0.02450
717.37597,0.02466
715.44754,0.02494
713.51911,0.02513
711.59068,0.02544
709.66225,0.02585
707.73382,0.02511
705.80539,0.02312
703.87696,0.02205
701.94853,0.02320
700.02010,0.02438
698.09167,0.02304
696.16324,0.02061
694.23481,0.02017
692.30638,0.02131
690.37795,0.02107
688.44952,0.01814
686.52109,0.01402
684.59266,0.01173
682.66423,0.01317
680.73580,0.01592
678.80737,0.01563
676.87894,0.01184
674.95051,0.00701
673.02208,0.00306
671.09365,0.00233
669.16522,0.00441
667.23679,0.00432
665.30836,0.00363
663.37993,0.00629
661.45150,0.01074
659.52307,0.01289
657.59464,0.01156
655.66621,0.00860
653.73778,0.00551
651.80935,0.00334
649.88092,0.00351
647.95249,0.00571
646.02406,0.00822
644.09563,0.01033
642.16720,0.01176
640.23877,0.01163
638.31034,0.01085
636.38191,0.01276
634.45348,0.01709
632.52505,0.01781
630.59662,0.01358
628.66819,0.01113
626.73976,0.01395
624.81133,0.01591
622.88290,0.01421
620.95447,0.01000
619.02604,0.00651
617.09761,0.00423
615.16918,0.00171
613.24075,0.00160
611.31232,0.00284
609.38389,0.00097
607.45546,0.00000
605.52703,0.00473
603.59860,0.01017
601.67017,0.00713
599.74174,0.00000
